1000
0.9337478581521449 0.3607158679574298
1.0009768429056967 0.006808815355436607
-0.6286961993103316 0.7789365115160181
0.9667753978318573 0.25951171485513735
0.6591737115128613 -0.753319997113019
0.1333313529057442 -0.9920805160531698
-0.6438880600655312 0.7664262300476457
-0.3669171756867936 0.9313285060525243
0.4517971492224831 -0.8932414768439928
-0.275771581324018 0.9622634955842659
0.9990230925231127 -0.0628797312777032
-0.6467387197211281 -0.7640222695795432
-0.8650761147555266 0.5036311305702647
-0.23413584704825527 0.9732324517436706
-0.4230221360232939 -0.9072228350489696
-0.8884190360194941 -0.46120778011455166
-0.926219371744604 0.3796296555921719
0.9625713142570531 -0.27469522196326873
0.42189176781211224 -0.9077490491608189
-0.5330060416741343 0.8472930777121167
-0.44194504712204763 -0.8981567654503813
-0.5395542161068344 0.8431383325892255
-0.27785199668550514 -0.9616648417915038
-0.6348154426657115 0.7739575917019851
0.820091379071311 0.5739783358045103
-0.9813047987723775 0.19759021207110353
-0.719897180042426 0.6955207043409727
-0.8237143040592468 -0.5687668637396086
-0.7102092668929713 -0.7054103750437389
0.1085863273784961 0.9950929652582466
-0.014260869525876931 1.0008984102297125
-0.9829423659312847 0.18927573869201636
-0.5954480591434377 -0.8046381850635187
-0.8326077324170268 0.5556665942085925
0.09816822904458816 -0.9961746828775812
-0.9345869976602292 -0.3585361122738388
-0.35641568787103933 -0.935397700146528
0.8639214156974877 -0.5056093229947887
-0.9302980920348907 0.3695219343371138
-0.9029171227385263 0.4321361700501139
-0.49871860139604696 -0.8679174826108591
-0.9391143249216557 -0.34650437908768617
-0.6931299046636448 0.722199373622663
0.7742944216028994 -0.6344045623059715
-0.9715460914484487 -0.24103774018033455
-0.5978239205426121 -0.8028745605803317
0.9768657077061729 0.218482010947625
-0.5324078044517704 0.8476691157278561
0.7243988494671781 0.6908308815409372
-0.6023083974802427 -0.7995158499521957
-0.43293978234919944 0.9025320741444195
1.000523057492328 -0.030896786664693324
0.9916082513017086 0.1367994004020762
-0.2590459127409856 -0.9669003129031398
-0.1930875319057244 0.9822006948798987
-0.49383248680219843 -0.870706882354077
0.5015944673857288 -0.866258616285014
-0.8527512017917701 -0.5242293275301294
-0.6108740655811988 0.7929904640033808
0.011953105101455202 1.0009286304619494
-0.9496310188173867 -0.31654688136175396
-0.10571487973533328 0.9954021118133837
-0.995894287580254 0.10097310515686023
0.3264341419287255 -0.946277840268521
0.5415494641436263 -0.8418581696971
0.42716716001325306 0.9052785302912093
0.6495495661270555 0.7616340073448362
0.38725775110220184 -0.9230560298331111
-0.9124448755667022 0.41163739996757504
0.5778673767023714 0.8173556722401328
0.7635377763759655 -0.6473106395285388
0.2921827942787322 0.957408071162695
0.8746292869568372 -0.48685173348502586
0.9422236065166413 -0.3379580969924727
-0.974889916593705 0.2271357535130013
-0.8006418039056369 -0.6008108702734394
0.9338402023727903 -0.36047673493908866
-0.3329553460339919 -0.9440030389502911
-0.2362308464549385 0.9727260596813387
0.06565577663739207 0.9988444918975831
0.9097718856747583 -0.41751181544453875
0.7721967715453567 -0.6369561570586535
0.27934787221730056 -0.9612313802033653
0.9352315759062272 -0.356851368818945
-0.13879544363595323 -0.9913308352038178
-0.5163062640038942 0.8575714790910091
-0.3064906747227296 0.9529241660845872
0.5428532056502574 0.8410180718125142
0.4379638920782233 -0.900104787919548
1.0009509543804627 -0.009908931569087984
-0.4992038070802458 -0.8676384955709312
-0.26645866235358434 -0.96488381749138
0.8941346128321565 0.45002699267431695
-0.7040043825845371 0.7116029997841246
-0.5564297404741052 0.8320979172645007
-0.7942490742327125 -0.6092367422279119
0.7425008234885729 -0.6713371188298701
0.5265976219408257 0.8512907520737361
0.9973137682805876 -0.08582684660392884
0.5516463775376864 0.8352767650004088
0.47642527292970444 -0.8803521791384722
0.16848418534955334 -0.986718845105888
-0.9827866072723722 -0.19008283606380685
0.9221954478953341 -0.3893026533188849
-0.4057385639118644 -0.9150831753205486
-0.35060294862955693 0.9375919007821368
0.6674705785269243 -0.7459785699341054
-0.6887875983284744 0.7263419610547721
-0.9904381195113642 -0.1450287261848241
0.1601612199617935 -0.9881039336124262
-0.6909498439679678 0.7242853809933215
0.7411310282319316 0.6728490164902374
-0.1398330398711515 0.9911850084421137
0.4295948554255522 0.9041290063878599
0.4737048630004507 0.8818189739224963
0.9959669739143843 0.10025361276195599
-0.46640284635289536 0.8857027632981155
-0.5920399699267798 -0.8071491027121926
0.4835668315379917 -0.8764497244202359
-0.037485962580210204 1.0002978569453376
-0.9944918955195292 -0.11395994799039585
-0.7543140103918498 0.6580359972878113
0.6887845057210361 -0.7263448937513282
0.6480459613700436 0.7629137775345103
0.9953411705757218 -0.1062871307212304
0.7869720866559575 -0.6186080623661221
-0.007167245630790311 -1.000974340625207
-0.9991040350781565 0.061580249191976265
0.9551150385988154 -0.2995934963285807
-0.4396752123990554 -0.8992700971353632
-0.9719146611106306 -0.2395472636416621
-0.9548444177361088 0.3004548849963855
0.09957000869431118 -0.9960355482454503
-0.5072125051489204 0.8629811554260941
0.8957010007469213 -0.44690123882236416
-0.9509671434820152 0.3125099870686637
0.2430183926865593 0.9710525530660229
0.34138683426024313 -0.9409867317841253
0.9980053971442582 -0.07737071326368541
-0.2975857976617941 -0.9557424825914111
-0.4375544867197529 -0.9003038771167287
-0.9378586747267206 -0.3498887055048212
0.8996532717689951 0.4388906362584449
0.6157177255187868 0.7892355050819572
0.9474999544165068 -0.3228696894735049
-0.8324282882796764 0.5559353783235673
0.49490678065730065 0.8700967063835069
0.9867242094238837 0.16845276648607385
-0.6435964652307362 0.7666711093699187
-0.9046466700612714 -0.42850367833549935
0.46976048910250706 -0.883926514410657
0.6948660346253412 -0.7205291069235538
-0.41393813489521114 -0.9114034345335078
0.36069084847874583 0.9337575230345844
-0.7940187801060642 0.6095368543729557
-0.4793789488285945 0.8787473035065266
0.9994155965296126 0.05629800541190191
-0.3822497748992293 0.9251411295523989
0.9193825195374341 -0.39589996560873747
-0.20412377243593427 -0.9799665736781652
-0.6149905923147994 -0.7898022356035036
0.5745926360848345 -0.8196610900592275
1.0004451580549005 -0.033323951213880314
-0.5320499490777402 -0.847893773822154
0.6736518475946919 -0.7404013696855632
0.9417356255319447 -0.33931550451453985
0.7021212465917729 0.7134611097210659
-0.8065576184951231 -0.5928455178606611
-0.6507775384575698 -0.7605850349823524
0.25508753636258236 0.9679521417882541
-0.19898201025564907 -0.9810235265245277
-0.9481669871058211 -0.3209055383795512
-0.7540789563948709 0.6583053452026821
-0.809611835226904 -0.5886677129421354
-0.7994918242929299 0.6023402882829297
-0.22955910578749741 -0.9743221320231028
-0.3571865763329677 0.935103603718611
-0.8247061391949174 0.5673277570983226
0.2752874642687824 -0.9624021051600333
0.994116444642801 -0.1171899931340418
0.656485390882511 0.7556639011874503
0.783812761213846 0.6226062602948402
-0.5811389616281188 -0.8150328258897257
0.3321925452347216 0.9442717367847443
0.4365715737004213 0.9007809173360287
0.9191849693496109 0.39635841371384406
0.24599615774197733 -0.9703024736525122
-0.16467871746148258 0.987361088971629
-0.35531315912330474 -0.9358170542118888
-0.10327444923445146 0.9956582687525478
0.3172576373069628 0.9493938021550402
-0.9639201937958565 0.26992380404951033
-0.9976385563873916 -0.08196530247172366
0.9822986746013885 -0.19258845727705337
-0.878581523160239 0.47968271509554583
-0.6649534817210037 0.7482231399436365
-0.9976295826630105 -0.08207445275862374
0.8642855614357524 -0.5049866020932497
0.7920197055632203 -0.6121321638335546
0.7415857863689581 0.6723477682386803
0.5055164579394777 -0.8639757581971408
-0.721584755338878 0.6937697318725656
0.29847245924598814 -0.9554659549516413
0.0873771379189153 0.9971791392568834
0.4289224688799494 -0.9044481829767412
0.35959839832166396 -0.9341787794231327
0.22882021747832315 0.9744959251188139
-0.9599961334806774 0.2835637912395544
-0.40337980791652917 0.9161253901978833
-0.1511974842224354 0.9895151948124932
0.403335438598378 0.9161449252005134
-0.5416011439922109 0.8418249229063774
-0.9730078244015404 -0.23506759379672293
-0.9884809682813359 0.1578175381432388
0.4232819998828536 -0.9071016197621808
-0.7584450070211287 -0.6532703661767614
-0.9658556950418367 -0.26291400943131693
0.6244012249275738 -0.7823836081545583
-0.22365236487453 -0.9756949419188511
0.7344983118222718 0.6800832522053699
-0.8581059870982223 0.5154174181245581
-0.23885776290869945 -0.9720843425846605
0.9777596084145889 -0.2144461427793699
0.05989605901157081 -0.9992064161697934
0.9511262916857671 -0.31202528305264154
1.0001593141681555 0.04101641479560493
0.8204556538017155 0.5734575138096976
-1.0009764517719257 -0.006866075886988516
0.713918006972512 -0.7016566676946755
-1.0003815600100374 0.03518144954210765
0.9939813088567117 -0.11833071301863483
0.5360725822635634 0.8453562483032081
0.07186118675452369 0.9984172323423868
-0.756773491213209 0.6552059851657118
0.7842189622316926 0.6220945420723824
0.9649657873845409 -0.2661616598560602
-0.012895946772636295 -1.000916926900948
-0.1684174335767285 -0.9867302407788201
0.9068197371810419 0.42388555561484537
0.09606655614541824 -0.9963795545826697
-0.8466425293886073 0.5340387883201567
-0.28981259318650326 -0.9581282068859649
-0.8925063762152424 -0.4532475796020716
-0.946475143066345 0.32586163253372097
0.9601092213540533 0.283180654478574
-0.6797289935613667 0.7348261667306435
0.9837038383697878 0.18527751719122948
0.9999374632314458 0.04610932255261378
-0.09001221534442254 0.9969447332168365
-0.17276755734459143 0.9859778755779378
0.26369768840576363 0.965642029496157
0.6573225552408417 0.7549357975163521
0.9982137666574141 -0.07463428203994128
0.2806818600251531 0.9608426996406958
-0.9966519469470869 -0.09319815795701646
0.7855231178342095 0.6204469609467217
-1.0008526629667673 -0.01717402201962511
0.4799677418472632 0.878425845923285
0.4490640787835392 0.8946186076459014
-0.8132021793397042 -0.5836978803432092
0.45972598552591804 -0.889186717305327
0.9979907786272365 -0.0775590470222674
0.9072291103774922 0.4230086775512581
0.3639461739760293 -0.9324935294403977
-0.5722198116646281 -0.8213193575817493
-0.9859697366416255 -0.17281399951058232
-0.9792864568573865 -0.20736208770097317
0.4768187657049781 0.8801391166580322
-0.8659290416797373 -0.5021632152752846
0.4522837538336589 0.8929951881270886
-0.22752816558074376 -0.9747984067834035
-0.7241137242397627 -0.6911297377248506
-0.510164262210499 -0.8612394705093451
0.4543186385612023 0.8919616441618415
-0.8495647257594932 0.5293777259624712
-0.8974140715487052 -0.44345121962440853
0.6497258140779063 -0.7614836613616879
0.32636703957693536 0.9463009856688237
-0.04308060354037086 -1.0000725281691312
0.9999067578522309 0.04677045650236808
-0.895352122600936 0.4475997950781461
-0.8909137814232537 0.45637006263570673
1.0004237792253308 -0.03395971084250558
0.8542679689098294 -0.5217540007462088
0.24959569807432944 0.9693827868818324
-0.7073905605730325 -0.7082369623312319
0.055405174394581556 -0.9994654904749368
-0.971991961577528 0.23923341453206212
-0.6013132596560576 0.8002645586065938
0.599269378549167 -0.8017962409074362
0.45144844781089377 -0.8934177628462145
0.19008787080897094 -0.982785633478284
0.6871860986304968 -0.7278573114622102
-0.7399152136345383 0.674185787919143
-0.4640387114597671 -0.8869436702895844
-0.32856487210802365 0.9455401233245674
0.5248071536747546 0.8523957129478085
-0.8540510785693285 -0.522108949544601
-0.9084399178901914 0.42040208798680145
0.1613351792545736 -0.9879129313532112
0.8764676248433285 0.4835343861624468
0.458706322860793 0.8897131612871251
-0.6777304031873399 0.7366698721921005
-0.9988397843934493 -0.0657273543728007
-0.4821485401830332 -0.8772307479787573
0.6704577540617505 0.743294961652824
0.5202321549961033 0.8551955945326838
-0.9981373549596185 -0.07564932672678938
-0.9862356996066329 0.1712896518223303
0.5369897152121675 -0.8447739613389815
-0.759782651819828 -0.6517141413178251
-0.6514852155932231 -0.7599789561977698
0.7846559475535778 -0.6215432760225124
0.9703015850632372 0.24599966264970677
0.9641059294180477 0.269259645808581
-0.9779476778444969 -0.21358684275618695
-0.5485630253857111 -0.8373049666517425
-0.5587350383505496 -0.8305517183892944
0.9992320553076718 0.059466794478987395
-0.868885334571531 -0.4970304571819704
-0.20397282237820744 0.9799980039423898
0.8860097131306913 -0.46581948031192305
-0.8918185514424551 0.45459946249757144
0.5091433519849863 0.8618434005835935
0.4364166097029229 -0.9008560055721484
-0.9960503038074874 0.09942229269641689
0.8073110490588363 0.5918191193832125
0.4578826171024007 0.890137353982775
-0.8845896850634907 -0.4685105005005484
0.5847938830732992 0.8124143735311756
-0.7114560482383162 0.704152889240056
0.9924120905431864 0.130840523324017
0.605912904965598 0.7967876452331263
0.1256415453196452 0.993083683326683
-0.5755345453361699 -0.8189999921396143
0.9527031913032875 -0.307176869702996
-0.8364504006716518 -0.5498651900386432
0.07200809367662545 0.9984066478369714
-0.8865989864255892 0.4646969305570222
0.3066584201787564 0.9528701975261212
-0.7678263803456875 -0.6422177587432782
0.8426712604354375 0.5402833949291345
-0.7759346396826204 -0.632397371073443
0.8773023735809482 0.4820182001846345
0.8286980394752981 0.5614806847700082
-0.9639879809425255 -0.26968161338577235
0.795096768315188 -0.6081300264045052
-0.29358224786201154 0.9569798659012051
0.32303304480311784 -0.9474442738046532
0.3366144344117083 -0.9427044725393455
-0.22677374049976795 0.9749741897197811
0.22944707773254036 -0.9743485200481384
0.05785266803260589 -0.9993268078068901
-0.2907240617073001 -0.95785203447318
-0.842685179788695 -0.5402616845238009
0.9075130732685669 0.42239912623801756
-0.8219305853525264 -0.57134150283526
0.09233032234666237 0.9967327182225741
-0.7578248565306468 0.6539896687443194
0.8926016597507771 -0.45305990443886973
-0.11331117935882137 0.9945660242700396
-0.08614639769988332 -0.9972862167719624
-0.9405955805618895 -0.3424630692898756
0.5688903730795001 -0.8236290083632724
-0.4978895516286458 0.8683933408191394
0.09293780593445837 0.9966762584852159
0.9298813783449948 0.3705693217297035
-0.1153534807692558 0.994331219702176
0.4536811644475256 0.8922860533626744
0.0958110884278581 0.9964041526079009
-0.020528018747395717 1.0007894885770467
0.9439497643771122 0.3331063528850723
0.9966225186463189 0.09351232713962254
0.17131867659689362 -0.9862306581368726
-0.012346011982897408 1.000923861234269
-0.9654396112418963 0.26443781319073145
-0.8304619569925867 0.5588684442586135
0.9899976944080751 0.14800528729304105
0.4227585475296976 0.9073456951408214
-0.5152696816445155 -0.8581947070321277
-0.31532769846228326 0.9500365480245901
-0.07334795930917119 0.9983091088761937
0.9996194268243903 0.05255474779006586
0.38773513732433484 0.9228556026183508
0.5169119535578792 -0.8572065283634842
-0.19525006877306253 0.9817730952944852
0.9952179958916378 -0.10743435508919881
0.6795419331581303 -0.7349991571965993
-0.22946708852075176 -0.974343807537057
-0.9847529534258086 0.17961798551132682
-0.7578205220566054 -0.6539946913774255
0.9609468886962752 -0.2803249491303771
-0.15546373405682454 0.9888538958780053
1.0009979243975589 -0.002038467997977313
-0.8366358597270409 0.5495829675479353
1.0009660256502466 -0.008247150656426295
0.8587219765878131 -0.5143904809822197
-0.9755479638757606 -0.22429259947189006
0.5383153439381384 0.8439298492651884
0.808174411900323 -0.5906395854914968
-0.8452519194058989 0.5362370676675043
-0.9282237015763757 0.37470222821842325
0.339517667770627 0.9416627598411196
0.5876580886830324 0.8103449702474899
-0.9497941052199566 -0.3160572063557832
0.10050630125458904 0.9959415060173573
0.7229617832487426 -0.692334644490508
0.42397034902395164 0.9067800963566132
0.5476710782637344 0.8378886501400042
0.9628737690850797 0.2736331573619916
1.0002198993627063 0.03951142769956157
-0.5921315119789894 -0.8070819490742411
-0.5881011958785572 -0.8100234462077075
-0.2194612121401806 -0.9766461879134954
-0.7371391352268852 0.677219975574377
0.8896821034600519 -0.45876655804766053
1.0008831702634766 -0.015293118822928524
0.9994676337931133 -0.055366497089804206
0.6614932129287099 -0.7512840536370066
-0.8905895519255748 -0.4570024617012517
-0.895219492620273 -0.44786500201813145
-0.010922424956183169 -1.0009404081328102
0.8317743598458923 0.5569132915481152
0.7066826867391134 -0.7089432842359029
-0.09250129147192043 0.996716866053759
-0.9947423161305111 0.11175296192632367
0.611250895661623 0.7927000331480147
0.949154154268957 -0.3179738848301556
0.25011819086706544 0.969248105800257
0.7764081317130809 0.6318159645100805
0.9179201805832701 0.3992787773949135
-0.8032909900076821 -0.5972642508743328
0.7462600967462101 -0.6671558048944319
-0.30827746189050564 0.9523476290149243
0.9302933325887205 0.369533916360829
-0.5406031057710355 0.842466190437759
0.0758128405966708 0.9981249486916274
0.9761697385475366 0.22157084994203072
0.8692682837393751 0.4963604042274134
-0.4696836854178217 0.88396732725386
0.960903557352791 0.2804734452078336
-0.47972499293992393 0.8785584392337199
-0.05823315750402392 -0.9993047079680509
0.8798303389324909 -0.4773882850405299
0.06254045804391188 0.9990443889575967
-0.08099595393109629 -0.9977177233299966
-0.8326815703924104 -0.5555559398735913
-0.9846205705830844 0.18034226344548693
0.32401565178850494 -0.9471086829905374
-0.996374419556915 0.09611980052320566
0.17235176475894518 -0.9860506423021472
-0.1867879630380514 -0.9834181495498726
-0.32943887482489054 0.9452359640608847
0.00824637504368167 -1.000966032040368
0.03180116425815065 -1.000494720601676
0.9736932018709904 -0.2322122921600378
0.47574122784072415 0.8807220243258369
-0.7349722154881309 -0.6795710724129365
0.6768417443728928 0.7374864426375983
-0.38355897051457616 -0.9245991110409951
0.8716950999319304 -0.49208602170216326
-0.9353265697320106 -0.3566023106393875
0.13726278313938758 0.9915442140241802
0.32864755284642705 -0.9455113886189076
-0.9178662634085555 -0.3994027071721175
0.7682183082464648 -0.6417488845918936
-0.8685009699212136 0.49770178344658494
0.45190965576482595 0.8931845626893226
0.8301272998871824 -0.559365413644798
0.9322952181713657 0.3644538738644516
-0.41374876662022303 0.9114894174483016
-0.7932330553401049 -0.6105590224669537
0.9869171944056473 0.16731841317226787
0.12612623655761035 -0.9930222416702527
0.42984160131044935 -0.9040117243613982
0.9285556922722231 -0.37387875888963307
0.8239170646778113 0.5684731044936948
-0.9908110607507018 0.1424585620244323
-0.5677583462698862 -0.8244097647656072
0.9408534045269359 0.3417541092511895
0.8525124030246773 -0.5246175775639718
0.9575563676489796 0.291696422286754
0.7085945712091174 -0.7070323427205908
-0.7202224670108167 -0.695183859142927
-0.4360831526840356 0.901017471498279
-0.7141627618113786 0.7014075488914729
-0.3521858779797884 0.9369984564296814
0.9350016036989991 -0.35745349498962775
0.8354954000632931 0.5513151879579209
-0.8138776464160732 0.5827556749309555
-0.0314825104210074 -1.0005047983581044
-0.13704663665250244 -0.9915741118959475
-0.06815012434785722 0.9986774056477756
-0.9895472637492835 -0.15098745910275477
-0.9070221845064145 -0.4234521895246402
-0.3390623423979331 0.9418268035937535
0.23203319585508694 -0.973735896442806
-0.7422263156926336 -0.6716406005397075
0.42322423856053754 0.907128570763182
-0.1639670012207446 -0.9874795301729936
0.9966111744965602 0.09363315047880602
0.27292953404072084 0.9630734496643104
0.0727282695105896 0.9983544454821619
1.000523497697341 0.03088252832070733
0.5583409735152742 0.8308166809194527
-0.8733381736003191 0.4891640159828389
0.9978587267503394 -0.07923989808292031
-0.2274560800510741 -0.9748152294911069
1.0007637694168963 0.021745754125472236
-0.9954171844182862 -0.10557286092917852
-0.441938011996348 -0.8981602271046718
0.9128317891473398 0.41077868094883724
-0.07193063187243302 0.9984122315949623
0.744630838491712 0.6689737770399748
0.6280419283849403 -0.7794641339988169
-0.7355657648208414 -0.678928571812625
0.8393618062052424 0.5454106327198556
-0.5684728660252938 0.8239172292123695
0.9588529859622494 -0.287405551984088
-0.821823238237018 0.5714959012045682
-0.21964658448668167 0.9766045145929518
-0.47857377907465387 0.8791860656210403
0.29393226106204484 0.9568724188244501
-1.0008428304913175 -0.01773777477949181
0.04310679255561511 -1.0000713996688273
-0.6453620511738055 0.7651854826803358
0.7591376122999565 -0.6524653903399942
-0.07141140141525319 0.9984495038548067
-0.9993153660308193 0.058049971702746256
0.8883297384389559 0.46137975227027056
-0.8487814417375401 -0.5306327017457018
0.8269332554861181 -0.5640765825409975
-0.5013324821925675 0.8664102621152631
0.7592088763025935 -0.6523824661526039
-0.7839146489441792 -0.6224779700284374
0.9990508910625261 -0.06243650428373346
0.014963853855054667 1.0008881471362345
0.980546660057407 -0.201318770735031
-0.4427054901665581 0.8977821834812649
-0.763313350659256 -0.6475752687567213
-0.5736707174263523 -0.8203065938827592
0.1564765465170061 0.9886941338908163
0.9939816187313577 -0.11832811003387883
0.9739929656271645 -0.23095173285515966
-0.604762177484089 0.7976613997710453
0.9908931123575021 -0.1418867149611365
-0.33834323775160463 -0.9420853748295646
0.8702515172515797 0.49463450821927446
0.18671788600754763 -0.9834314572174678
0.09450693802226749 -0.9965286943513746
0.9826266749585343 0.190907877417185
0.9551462542093605 -0.29949396165837394
0.09361668622404418 0.9966127212013846
0.43203195144439577 0.9029669943752913
-0.339304555756957 0.9417395703922471
-0.8807766845313557 -0.4756400235324531
0.4785600765629696 -0.8791935242709904
0.9549283213089282 0.30018810962813347
0.6547972160614506 0.7571272058499641
0.7090157004642856 0.706610031414173
-0.33208758171961833 0.9443086561435386
0.3730745817201994 -0.928879086035582
0.7150370120343743 0.7005162891903042
0.45190187157049966 0.8931885010853419
0.2851743801557222 -0.9595189278502012
-0.43855061667427 -0.8998190688214034
-0.7318203303282989 -0.6829641309162433
0.9973326112259036 0.08560760822100302
-0.07175955337937955 -0.998424542215781
0.6239037377193063 0.7827803817546011
0.7702468789869463 -0.6393127133186611
0.9477605770914768 0.3221038474020934
0.8818506201632226 0.47364594764205453
0.8675702586431303 0.4993223871587293
-0.9870192102442163 0.1667155619877262
-0.047183209168846246 0.9998873660430603
0.6120589279530914 0.7920763023300927
0.3436420431598926 -0.9401654887161592
0.38187397422527863 0.9252963135176705
-0.21722961715240333 -0.9771449705298698
0.17768020505428198 0.9851044334139748
0.44691146024377726 -0.8956959007960094
0.9395710378472503 -0.3452640508924163
0.5436698685914536 0.8404903770928919
-0.7641977312170053 0.6465313817617686
0.7877343623361003 0.6176370895557822
0.863715052518449 0.505961765406293
-0.3790979967002553 0.9264371046638046
-0.5407666670454212 -0.8423612121961616
0.7507819898036162 0.6620629907996086
-0.5996410286624149 0.8015183321326349
-0.8325142378594561 0.5558066604146527
-1.000853183889962 -0.017143637225693568
-0.14644660505800527 0.9902294642490621
-0.37969850255072624 -0.9261911504439763
-0.24874320346313236 0.9696018867199562
0.21770438571051912 -0.9770393034276592
-0.8433866631513605 0.539165963705438
0.5125242991382235 -0.8598371024751564
-0.7755873375977842 -0.6328232626555228
0.7965439074644264 0.6062332913007198
-0.8690864271505655 0.4966787514507388
0.6838005520432101 0.7310388532939963
-0.8085436464426544 0.5901340286724835
-0.8716716859707558 0.4921274955505941
0.34306321536094253 -0.9403768554500964
0.8159527031957329 0.5798466919346666
-0.11354151602940477 -0.9945397549307642
0.979339278763452 -0.20711247444584732
0.6250736930552594 0.7818464543951449
0.9186348075531872 -0.3976318527881273
0.38421453705649966 0.924326884556789
-0.459463982559142 -0.8893221287761215
0.5234944550850835 0.8532025290018609
-0.00045331551815523837 1.0009998973551602
-0.5071057257076281 -0.8630439055775435
-0.7798501074093054 -0.6275625944666355
-0.8871854500150733 0.46357629068099654
-0.9014310040201957 0.4352276932723169
0.7340811755446907 -0.6805334875749502
-0.7179167814262923 -0.6975646887181955
-0.5324722814631194 0.8476286152988587
-0.9642070875349967 -0.2688971780202967
-0.8847992252788718 0.46811465576919126
0.034554102379440774 1.0004034256282568
-0.9651960022663648 0.26532560601839295
-0.039157467672252366 1.0002338190270796
-0.24926249611539764 0.9694685183286362
0.997703513111766 0.08117080709491674
0.004223584209278821 1.0009910895389764
0.3198755996940379 -0.9485149449114545
0.9619439901626203 -0.27688401866127355
-0.9736831067973881 -0.232254617903253
0.9875100460974993 -0.16378311529737977
0.9820974271376645 0.19361209572126398
0.7461119588674658 0.6673214703836172
-0.9089266677103107 -0.41934867678941157
0.7809700486650194 -0.6261683344661858
0.8998717814681539 0.43844244424705375
0.9266463184292497 -0.3785863184816872
-0.7399231821081537 -0.6741770424591332
-0.8931425867066272 -0.45199261034998695
0.866735729277003 0.5007695833361505
0.3729850031318381 0.9289150593239097
-0.7419169674552774 0.671982301405301
-0.1807208845632794 0.9845511474182871
-0.3302673368241534 0.9449468166130204
-0.08759894532666136 0.9971596786762171
-0.5592428329938947 -0.830209885357289
0.4069671439458608 0.9145374479749581
-0.9944582553413576 0.11425313292607497
-0.8438367415522272 0.5384612832939055
0.8280522242959152 0.5624326749385987
0.182095372266103 -0.9842978590849771
0.4771140722368006 0.879979069111088
-0.9952766955475786 0.1068891916888356
-0.24944740206751156 0.9694209578927873
0.8100740722362835 0.5880314596095387
0.694818240480604 0.7205751957259128
0.6910492721089203 -0.7241905160368584
0.9716175437301887 -0.2407495560031519
0.07272966791464648 -0.9983543436100357
0.47967159056508485 -0.8785875967738002
-0.9655477095882161 0.2640428383973892
-0.8705294823178685 -0.49414514104196544
-0.9647015761808532 0.2671177061038402
-0.21889526775634635 0.9767731884904896
-0.0681524727969155 -0.9986772453859483
-0.7918481640787952 0.6123540520361088
-0.7407108350087159 -0.6733115615379636
-0.2738897849240069 -0.9628008027179252
-0.2539366506424273 -0.9682547069136849
0.2913560697677298 -0.9576599817312519
-0.18716848161441504 0.9833457985318056
-0.1938771638293792 0.9820451340674095
-0.9625770873112006 -0.27467499155089675
-0.6337656416048327 -0.7748174698089961
0.35149134733090465 0.9372592132123885
-0.9543783097184253 0.3019321810258083
-0.9414942561206118 0.33998465508298453
-0.962064088117212 0.27646643621820954
0.9704483034807724 -0.24542023199257804
-0.9933881093101299 0.12321146164722424
0.9665904048970144 0.26019990230787127
0.2627770950408221 -0.9658929538628527
0.8380062084969925 0.547491182139489
-0.986585956615826 0.1692605985113946
0.8087972359981522 0.5897864283295685
-0.603117999077742 0.7989053005134342
0.864877664126501 -0.5039718504987032
-0.08712330378410937 0.9972013487444458
0.00591617312660825 1.0009825167781583
0.7586720419423143 0.6530066866235591
-0.40575111898566835 -0.9150776084255794
-0.04542719602722393 -0.9999686844402199
-0.9902330623997755 -0.14642227334105437
-0.8610435918388358 -0.5104947922881059
0.7156258793613826 -0.6999147096527175
0.29843618145883605 0.9554772868029195
-0.7455546871444603 0.6679440159750861
-0.3388415974836479 0.9419062436435643
0.7569234151695747 -0.6550327805293621
-0.9814299011886356 0.19696788837997167
0.35959079000059974 0.9341817080989889
0.9960482611632968 -0.09944275455543662
-0.1721477363195454 0.98608628267513
-0.9931283294215439 0.1252881530727205
0.7067492170478595 0.7088769598472203
-0.8598047342337266 0.5125785978650207
0.8639610632164508 -0.5055415722231948
-0.11797871614562461 0.9940231498997547
-0.9797586917904109 0.20511924790507288
-1.0009140958055625 0.013113840693458334
0.9103326648763497 -0.41628768809457195
0.9675371903348692 -0.2566569409131713
0.24513393731473887 -0.9705206606644567
0.5342052929658897 -0.8465374799542121
-0.6887883204840991 0.7263412762363806
0.9875057228929847 -0.16380917939359732
0.9399792930214684 0.34415102599129405
0.993712778211029 -0.12056498007347875
0.9448876088743468 0.33043669075288745
0.5026034605758748 -0.8656735882635874
1.0001059173729765 0.04229839282475443
-0.5748811449391867 0.819458766011695
0.40846778222378277 -0.9138681911989192
1.0002498277196998 0.03874638236933757
0.627182261062584 0.7801560173506481
-0.3072238098789452 0.9526880552644006
-0.1169943452886891 0.9941394887894107
0.969031509739188 -0.2509560382469211
0.4238582747383935 0.9068324889061886
0.7357440270969658 -0.6787353877551539
0.3255296541416609 0.9465893746891577
-0.9954037487846079 0.10569946502016589
0.8763877071700787 0.48367921882294285
-0.18087199081713326 0.9845233988777752
0.9959632738411764 0.10029036424086753
0.00966123212132957 -1.0009533758342084
-0.6481900695742027 -0.7627913434913839
-0.035980740310010174 1.0003531308126865
-0.3725446253155062 0.9290917619635475
-0.9764370572860678 0.22038982090496945
0.12571071325691244 0.9930749299888897
0.9910310621073978 0.14091995578442124
0.5622824445666466 -0.8281542444087068
0.4014761441063057 0.9169612345751225
0.9466358311673819 -0.325394534603825
-0.8093413720229815 0.589039509313219
0.8131905795785128 -0.5837140406781067
-0.8617584855504624 0.5092870630418305
0.056886709111206864 -0.9993822603621184
-0.999850312684951 0.04796198727957124
0.04595493643796496 -0.9999445703722695
-0.017274814144096394 1.0008509283586078
-0.8049266173362157 0.5950580985951518
-0.8181748111464187 0.5767070126203792
-0.6728954971407547 -0.7410888272857016
0.41246162461590175 0.9120725893366224
-0.3224246459660797 0.9476514906196518
-0.43023788135319707 0.9038231936881861
0.06736072253075792 -0.9987309613004567
0.24255056239756262 0.9711695138752174
0.7971132357810221 -0.605484507929566
-0.9358102572699175 0.3553310602641019
-0.6475870332568777 -0.763303369806236
0.9793681919491241 0.20697571016499405
0.9070646758949577 0.4233611622994905
0.3814777710097174 -0.9254597291214013
0.22764548117599925 0.9747710166496273
0.8317239695296074 0.5569885443255658
0.6313406123910835 -0.7767947162189324
0.987402656307116 -0.16442929884193763
0.8047947032697399 -0.5952364955116339
0.5111895010767571 -0.8606313345381378
0.8619001295657329 0.5090473127859265
-0.8057180701664546 0.5939860195385446
-0.42140723589391793 0.9079740863792578
-0.8193214145721289 0.5750768814893585
-0.7247906320084994 -0.6904198286207603
0.18911175233417765 0.9829739290180064
0.8099776410390763 0.5881642806366035
-0.6871373049055102 0.7279033755981573
0.3049846724355319 0.9534072317637367
-0.30920760227269894 0.9520460381183089
-0.6555250909284303 -0.7564970952774857
-0.9791976160507275 -0.2077812039636212
0.9150321450344475 -0.405853635629469
0.4537443760599807 -0.8922539107193304
-0.5909579845459147 -0.8079416194883331
0.0984271766403084 0.9961491308527141
-0.9296441306975083 0.37116410152340207
0.4281294541466712 0.904823833954474
-0.5073872566577342 -0.8628784223639728
0.9286947782513386 -0.37353314290528083
0.9296025742893049 -0.3712681697569793
0.3317639640106272 -0.944422401356488
0.6620387229753385 -0.7508033892312841
0.08537073605820426 0.9973529151834272
-0.9945784081763334 0.11320242925587247
0.7160511354428893 -0.6994796433284881
-0.9205030506895729 0.39328759664040946
0.1439641201880684 -0.9905934242152404
-0.9959414215636095 -0.10050713812390016
0.7807066508316802 -0.626496708169469
-0.8764315646891447 0.4835997440203392
0.34843564180410996 -0.9383994903667404
-0.5403236760285582 -0.8426454326245325
-0.8531450841556039 -0.5235880684098212
0.8369432341853674 0.5491147628240723
-0.4055662715414314 -0.9151595485968455
0.23992899404761997 0.9718204967046626
-0.999021243965895 -0.06290909397563882
0.4449176823079701 0.8966879367816343
0.6398538986256865 0.7697973684116552
-0.6636429050779497 -0.7493858115414914
-0.9216865388954444 0.39050598461347097
0.8819389309295014 0.47348149077965895
-0.09155748421852097 0.9968040063540953
0.9840101565806435 0.18364370870285077
0.8950355575745503 -0.4482324739208593
-0.7288356854353099 -0.6861483393815379
0.9943814922516441 -0.11491931024590099
-0.8740155062484879 -0.48795275881708
-0.8615056279829183 0.5097146779853976
-0.2882039505598579 -0.9586133124892909
-0.13677286578215614 -0.9916119115791905
-0.9852804499545921 0.17670154197764287
-0.4358485505313161 -0.9011309788259145
0.6991028355083407 -0.7164190291890619
0.9052449796046353 0.4272382554273476
-0.40061718342812264 0.9173368369045898
0.440370142291804 0.8989299960385659
-0.9905572121246848 0.14421306982299537
-0.9755594736439294 -0.22424253250349122
-0.574674242784325 0.8196038766869412
0.9535367528686006 -0.3045794821205217
-0.9571030733860245 0.2931803317329219
-0.7049228726138577 0.7106931431115873
0.7888776620440737 0.6161761390445724
-0.8002168486302731 0.6013767497735796
-0.07229836654620006 -0.998385670066809
0.090093192147737 -0.9969374186620898
0.9140525912031439 0.4080549724177104
-0.6104184530641469 -0.7933412331139571
0.9771570768423437 -0.21717515322183165
0.9962552784038231 0.09734690674346524
-0.5492707139337906 -0.836840894563993
0.24657586144687935 -0.9701553198079829
0.15623681876817685 -0.988732044823672
-0.8584254376420469 0.5148851988638441
0.9567244018679479 -0.29441368662210227
1.0006647231571104 -0.025905826157523473
-0.7878058225808879 0.6175459382974277
1.000038686998284 -0.04385914393542271
0.16300892647272075 -0.9876381371181507
0.14209017693288242 0.9908639571702981
0.647548070799145 -0.7633364238684706
-0.4675388921501587 0.8851036009004835
0.7753663098176008 -0.6330940574668477
0.9904744128677994 0.14478065290013084
0.972147190267053 -0.23860184503870505
-0.818516376009988 0.5762221292205603
-1.0006811748152638 -0.02526235084752774
0.0011800255209482658 -1.000999304465178
0.548030889483037 -0.837653355614619
0.4755836915567213 0.8808071027899816
0.46478812504145633 0.886551182290367
0.945543916165359 0.3285539569122194
-0.3101551266664068 -0.9517377776481004
0.16691365962149354 -0.9869857294975243
-0.46969137105140263 -0.8839632435570235
0.9999641146800061 0.045527676771735096
0.9479074421908361 -0.3216713867275528
0.434615118709902 -0.9017265098624847
-0.8114213009712552 0.5861710265188103
0.7233279869934323 0.6919520382454473
-0.13564246290900578 -0.9917671713945663
0.12894750013211495 -0.9926598320722352
0.9911169346884742 -0.14031472400900347
0.7170992051041228 0.6984051331705939
0.912230745196517 0.412111717278467
-0.9260600452079045 -0.38001814781604
0.7398074770886268 0.6743040092152507
0.9508927006265876 -0.31273642559681913
-0.9031884234390629 -0.43156884939214507
-0.5756240423710661 0.8189370927271478
-0.6198381347683533 -0.7860036174769737
-0.4306211826526828 -0.903640634904609
0.894356844097225 0.44958518149117405
0.006001037786228189 -1.0009820115993535
0.6280261054506598 0.7794768828339148
-0.08516440734270515 -0.9973705548701374
0.977234096034361 -0.216828322753061
-0.4287583491069629 0.9045259963489561
-0.29352723438608125 0.9569967412032595
0.9479932818212493 0.321418321851411
0.9848876769595484 0.1788777900501465
-0.9154795189034548 0.40484348885501287
-0.9500526744321742 -0.31527910778272805
-0.01273891177835934 -1.0009189378399748
-0.860163230805416 -0.5119767732723709
-0.25412306379643723 -0.9682057986020904
0.0881729633969815 0.9971090855697758
0.9513809748815372 0.31124787651236424
0.8581060536286437 0.5154173073596533
0.5754371853695165 0.81906840110824
-0.5306938447956419 0.8487432138733242
-0.5846997650645557 0.8124821134852468
0.6320015720627011 0.7762570533723185
0.9991898974764271 0.06017099617795161
0.2468957925804427 -0.970073949555432
0.2981516409629238 -0.9555661144008383
-0.25016077884849114 -0.9692371148103627
-0.9979063817125716 0.07863748048687208
0.14014313350640087 -0.9911412120031167
-0.5273121887563762 -0.8508483152648068
-0.45225912241828015 -0.8930076630071252
0.997011897787306 0.0892651985409466
-0.2170328611810666 -0.9771886906670378
-0.6709679298830992 0.7428344614168008
0.8321447786593319 0.5563596564723322
0.9992204092747824 0.05966216295723971
-0.9650527897365496 0.2658460325483584
-0.8375634165304567 -0.548168334811332
-0.3842578770858186 0.9243088682348016
-0.03344929084698876 -1.000440975241335
0.11895835896598575 0.9939063883646788
0.8715891713417051 0.492273619443374
0.5728310542815727 0.8208931618978574
-0.7958128739502521 -0.6071926133073756
-0.15720554960519006 -0.9885784820505301
-0.8421104129524776 -0.5411571420548819
0.8712420808449222 -0.4928876510575307
0.9366239329448816 -0.3531807019570321
0.23245702012564604 -0.9736348051473431
-0.9784121289685657 -0.21144906215729292
0.9436235555262547 -0.33402931825812754
0.8605102090879245 0.5113933711493104
-0.898969838657486 -0.44028880201991694
-0.4489855505382127 0.8946580214852478
0.9370006148653337 -0.3521801353597141
-0.9444148963868713 0.3317853274070074
0.7660245473250267 -0.6443658843355132
0.26782990192730227 0.9645040920771729
-0.7534443842608455 -0.6590315317386533
-0.18503649497291944 -0.9837492035717929
0.18412492371691222 0.9839202266780784
-0.7466945044279173 -0.6666695711198667
-0.8171907578820518 0.5781005667115003
0.869815914327293 -0.49540011625248465
1.0003328388980766 0.03654054490719298
-0.4265599935292364 -0.9055647806315889
0.9518643009374653 0.3097666098869122
0.9835904527898983 -0.1858785118849485
0.8151881177050371 0.5809211071673319
0.04403341551180223 -1.0000310286777931
0.9683772183837284 -0.2534690571162341
-0.5621360438945251 0.8282536255004336
0.9979127778592691 -0.07855627145681597
-0.5651844973542894 0.8261764242281301
0.5983121979041547 0.8025107562139586
-0.8806273526789269 0.4759164482487496
-0.4480803922142765 0.8951117037069173
-0.20960147702555587 -0.9788095937559589
0.7432006584934593 -0.6705622873491235
-0.9173360352598904 -0.40061901903637215
0.9549911902776982 -0.29998804391506223
0.029633540710207656 -1.000561269120975
0.9111288473859054 0.4145421853819362
-0.9480614815354497 -0.3212171029518951
-0.6607712147329701 -0.7519191457732107
-0.9612215474087692 0.2793817044781052
-0.980154777588596 -0.20321813888098136
0.4098465546545981 -0.9132506784217329
0.6036998775290363 -0.7984656898523735
-0.9995652496018469 0.0535752908381998
0.17727972275161702 -0.9851765831063535
-0.9983361041880427 -0.07297960725189884
-0.9383733702586289 0.3485059798474944
0.8435023170995538 -0.5389850100398746
-0.8677583269092556 -0.4989954770132185
-0.9341299559296792 -0.3597252082281912
0.5458627768045137 0.8390678333122213
0.06438254288583577 0.9989273688169493
-0.7351829434127639 -0.6793430942571984
0.9804006767202165 0.20202849572904732
-0.06757001306022378 -0.9987168233964226
0.49821722590355105 -0.8682053880349798
-0.9535230823031718 0.30462227678726767
-0.9701106125611832 0.24675169583240109
-0.13721274468464892 -0.9915511397281056
-0.9548374482748919 -0.3004770330189865
0.5113767010293123 0.8605201157697462
0.952982118014094 -0.3063104352537985
0.4425647008646624 -0.8978515943899481
0.1382248563938094 -0.9914105552569585
0.9433653824515971 -0.3347577559847597
-0.40180983447317425 0.9168150614604017
-0.7033058004069385 0.7122934445254678
