1000
0.7292600494812636 -0.6856972948981095
-0.7599174292639915 -0.651556981929291
0.7198590810129712 0.695560136496594
-0.7560015346234386 -0.6560965475042569
0.9369949794603096 -0.3521951283964245
1.000933307279 0.011554842254334795
-0.9795214069182963 0.20624939609317963
-1.0001634123820458 -0.04091636020349012
0.3151438387002666 -0.9500975533750523
-0.9920991723468072 -0.1331924631080154
0.9350203630929833 0.3574044216311062
-0.9301270261448593 -0.36995231481222046
0.7260450406435861 -0.6891005724543069
-0.5815878558970353 -0.8147125664141245
-0.9763826035955943 -0.22063093934416514
0.9898572809481733 0.14894147627135032
0.995117697186396 0.10835944235019122
-0.48355660831429187 0.8764553648392932
-0.9897570480979718 -0.14960610194904866
0.6771602510812006 0.7371940004880977
-0.11467452908874617 0.994409750745775
0.9191099436148973 0.3965323587656123
0.33023157458643676 0.94495931507455
0.9975612426683689 0.08290094767817625
0.8499927022370289 0.5286902743041465
-0.004454037410114269 1.0009900906356413
0.9351614184947341 0.35703518224247427
-1.0000149361163138 -0.0443973821782847
0.4321626189242872 0.9029044638302003
-0.5725549093870717 0.8210857907288144
0.3430924372196425 -0.9403661943746626
0.9941862318326864 0.1165964683612839
-0.9600184219578691 -0.2834883233953787
0.7243061077584391 -0.6909281165677226
-0.9015900365702268 0.43489815584490243
-0.8524506724776139 0.5247178775232116
-0.6187118661565458 -0.786890479467813
0.4281299704293664 -0.9048235896682567
-0.8793895583111888 -0.4781997540079376
0.5910234846153225 0.8078937062715378
0.0014347234976849483 1.0009989718119021
-0.18886185956875925 0.9830219722876138
0.9463963021273566 0.326090538531349
-0.29984081631853926 0.9550374258998607
0.773009439403468 -0.6359696585475885
-0.6834414264435583 -0.7313746075854659
-0.9780249518796195 0.21323272145913283
-0.9967399230747518 -0.09225251080018228
0.8977475479278154 0.44277572222243033
0.9631024475533603 -0.27282718984134785
-0.4999236901985923 0.8672239064844914
-0.5813666578428089 -0.8148704247600856
0.650304644472622 0.7609894016195866
-0.9678329000721453 -0.25553958115708936
0.70228329610582 0.7133015996131966
-0.9624724525232694 -0.2750414116707572
0.9215415490303552 0.3908480183021701
-0.24108652904990413 -0.97153398577233
-0.9831064151348822 -0.18842180479084833
-0.46382831794524254 0.8870537139723202
0.14312982780345387 -0.9907143142162395
0.8736487911577767 -0.4886090356394932
-0.7162902389782209 0.6992347914288328
0.2098072764100614 0.9787655014176746
-0.19579295611151307 0.981664972552813
-0.9989993669219959 0.06325555224208618
-0.03220982596832945 -1.0004816475633573
-0.8496104044991418 -0.5293044120039097
0.3601471233988074 -0.933967370686773
0.9868369448769111 -0.16779107314158362
-0.7496951778122646 0.6632934044335411
-0.4767922295328229 -0.8801534922143524
-0.4700428613516789 0.8837763905492874
-0.9844404404112255 -0.18132296954041016
-0.4680521846557621 -0.8848322736196778
-0.18631691794674807 -0.9835075017948895
-0.8602302302400511 -0.5118641919309738
0.4605877732897088 -0.8887406275714124
-0.8394191296956521 -0.5453224043636884
0.5235205062181187 0.8531865444140131
-0.2737564227631909 0.9628387305233942
0.10250420169191217 0.9957378614050506
0.4674814098628912 0.8851339624218492
-0.32485205410908535 -0.9468221284597799
-0.7281878843063222 0.686835791983413
0.37590297717064586 0.9277380835959279
0.3740815868743508 0.9284739987536363
0.7938419551542004 -0.6097671278750246
0.998941821750329 0.0641579048764367
-0.14650649592028545 0.9902206050437242
-0.9923556562294749 -0.13126786182980377
1.0000344321098613 -0.043956052992815534
0.5150803209716422 -0.8583083728752448
0.9940075268991817 -0.11811027249046738
0.4239288013533663 -0.9067995210536329
0.887078806179487 0.4637803269083072
0.6934719271986955 -0.7218709622829603
0.9836433185056844 -0.1855985505307746
-0.6391716271460021 -0.7703639601198462
0.448631554069072 -0.8948355875207296
0.4606597191873105 -0.8887033380821006
0.8590484150433426 -0.5138451329063272
-0.46243151775898667 0.8877826825204015
-0.14200899563570096 -0.9908755951977724
0.1239189403296849 -0.993300103809301
-0.7744262902621065 -0.6342435817183107
-0.4940052335934063 0.8706088841622994
-0.9961081875411394 -0.09884067337643004
-0.07971068085846923 0.9978212301595307
0.9644427443852278 -0.26805072803984326
-0.8908776268577656 -0.4564406357504509
-0.804096783830902 -0.5961789682912335
0.9320382459746643 0.36511054222039524
-0.436720856645313 -0.9007085507371316
-0.7463956808633194 -0.667004113621934
0.21032220535881907 -0.9786549800276924
-1.000648434733729 -0.02652753409079045
-0.09026522832273946 0.996921856795127
0.49081030629649597 -0.8724140320015147
-0.9725120967065456 -0.23711014689261678
0.6570776975501857 -0.755148925300266
0.7831898812089912 0.6233896133012213
0.9981713732811288 0.07519913272149754
-0.9959978278915229 -0.09994661992968217
0.6659829922110808 0.747306934321886
0.20251463063966277 -0.9803003745673471
-0.6800400181320266 0.7345383405507113
-0.10824135139179034 0.9951305491486426
-0.9615509945410619 0.278245727545087
-0.4913770147278393 -0.8720949658134467
-0.5574393891953099 0.8314218708775707
-0.609024043981551 0.7944121813343235
0.5918405989704634 0.8072953024824827
0.6678451378313309 0.745643260463776
-0.2726213540502879 -0.9631607328560418
-0.488338199743874 0.8738002075251026
-0.042911985442156825 1.0000797775704757
0.9775579148168073 -0.2153636997709124
0.45219645080245324 -0.8930393999604186
0.9993001500970058 0.05831131979386036
-0.9783129968550475 0.2119072442945166
-0.4834838806804578 -0.8764954860820248
-0.3481150197546521 0.9385184777196548
-0.9487950073905456 0.3190439373358703
-0.7578818159885389 -0.653923659912925
-0.45334608097198276 0.8924563467572767
-0.04263703664482461 1.0000915373635295
-0.9917893707659508 -0.13548005032357863
0.2991476240642968 -0.9552547822527172
-0.491897551494645 0.8718014675564462
-0.6657889650042607 0.7474798017863462
0.9873456258936281 0.16477140233887627
-1.000187430060866 -0.04032498912883128
0.7916541016527034 0.6126049161869754
0.5654633442372548 -0.825985596922864
0.37897925331733273 -0.9264856855640226
-0.9394500371160427 -0.34559315352400427
-0.3833407930164142 0.9246895892187533
0.9345573796821602 0.3586133071730808
-0.43285408657183616 -0.9025731769435991
-0.99868458262633 -0.06804487066982488
-0.9986422716328427 0.0686630417910221
0.9966250673022976 -0.09348516045175696
-0.8708947355829992 -0.4935011241464582
-0.997771343804106 -0.08033271739053977
0.6526581245579118 -0.7589719180895624
0.5955369036051787 -0.8045724308254392
0.8910984558054149 -0.45600936619899046
0.4609986894428604 0.8885275506881963
0.9347114802022731 0.3582114581892596
-0.20386144982750543 0.9800211779723066
0.9450247113394165 0.330044383315112
0.08075155204929209 0.9977375340447159
0.6508345796281279 -0.7605362252781114
-0.812184057778241 -0.5851137122738373
-0.9671144966446912 -0.258245136216901
-0.20568260889129905 -0.9796405791920161
-0.8221991743823176 0.5709549173490279
0.6530729335915094 0.7586150165994474
-0.046312116875945795 0.9999280913298059
0.33479954559667285 0.9433505521640729
-0.8890233274271643 -0.4600418712360138
-0.9788656124119495 -0.20933970678631167
0.9986959542139647 0.06787776540707893
0.27817037867160893 -0.9615727951796961
0.9934704016523868 -0.12254615881636349
-0.5557137662002821 0.8325762487937656
0.5120413746234117 0.86012477622364
-0.9975801885087977 0.08267265264131526
-0.9444172616198558 0.33177859478039373
0.772308112686219 -0.6368211515638048
-0.8562036565790425 0.5185714015067519
-0.3197068983154128 -0.9485718207756006
1.0000529189687701 0.043533426950361526
0.9128825234329225 0.4106659206833941
0.6214882313012329 0.7846995465489102
1.000624791846226 -0.027404852539223996
0.36371916112948605 -0.932582099242347
-0.981204521300187 -0.1980875750269836
1.0006493711388071 -0.026492188273336097
0.35382640647403923 0.936380197399362
0.912697988300209 -0.4110758836915048
-0.09609126970234913 -0.9963771715003261
0.5696897071274445 0.8230763254966373
-0.5464593668592851 -0.8386794145391606
0.9813196286906865 0.19751654701916352
0.11365785829720126 -0.9945264658355218
-0.6506350057722148 -0.760706966751186
-0.6948219736992022 0.7205715959325244
-0.06930734279176654 0.9985977629832468
0.45629575214572143 -0.8909518430160916
0.6077464243344782 -0.7953900198699103
0.9956340523288729 0.10350765113356228
0.7129265120797351 -0.7026640650935717
0.9510198342948509 -0.3123496034538771
0.6382652611699331 -0.7711150733734085
-0.20346207818532833 0.980104169331254
0.7253636479076252 -0.6898177862987752
0.05786359545976336 -0.9993261751402636
0.9872699149754934 -0.1652244382174803
0.9207223865550299 0.39277383682777306
-0.2894203177178817 -0.9582467739012119
-0.8750163124340758 -0.48615579084720556
0.3334395330587449 -0.9438321237347065
0.27017849410041705 0.9638488373835551
0.6294014673898589 -0.7783667470077922
0.6762125295104886 -0.7380634220262012
-0.715790552408168 -0.699746300514129
-0.343331884746422 0.9402787974406683
-0.9820049614451983 -0.1940805392021943
-0.2650395820992302 -0.9652745826554563
0.994464850371704 -0.11419571522252683
-0.19046406812055425 -0.9827127956605475
0.20950999742371318 -0.9788291786514722
-0.3489569503110293 0.9382057593244809
-0.04538882479023426 -0.9999704268547952
0.8590153120486986 0.5139004705834359
0.25662019168366174 -0.9675469379933155
-0.19288187373915477 -0.9822411021652845
0.9917845490126806 -0.13551534355826156
0.8677173656928753 0.4990667022302899
-0.25990019521604857 0.9666710342855318
-0.9622751217689635 0.2757310102700213
0.46108042033981206 -0.8884851411133797
0.7512691038213566 0.6615101916398989
0.019409648624644702 1.0008118032578692
-0.8174486990120949 0.577735773934273
0.9684816392101084 -0.25306978190392715
0.716036041454006 -0.6994950945781371
-0.999296126941108 0.05838022508093691
0.8183328690725844 -0.5764827104045986
0.9077064138294711 -0.4219834905453541
0.8443263352156162 -0.5376932579653263
-0.7363899011235778 -0.6780345961108528
-1.0008218996802654 0.018881872798661874
0.17423933509087672 0.985718851451614
-0.1898587460004609 -0.9828299225029387
-0.4968814550847364 0.8689705516258162
0.980536145449587 -0.20136997657760802
-0.8347153781859077 -0.5524954637098453
-0.8582109897624209 -0.5152425613737726
-0.5741503356865324 -0.8199709702367775
-0.9714453061738493 0.24144361062740158
0.829637768843736 -0.560091218024339
0.056630832248325866 0.9993967924897807
-0.9789003776894176 0.20917707943155608
-0.5772885062972551 0.8177646241413749
-0.41882098621399927 -0.9091699409388396
-0.8655450311317922 0.5028248194779819
0.6083266353760385 -0.7949463533422041
-0.9993450262784949 0.057537105005677235
0.8900751318694107 -0.4580035585316463
0.8352828949320079 -0.5516370957740281
0.9995178411010903 0.054452597005244775
0.9950186081914012 0.10926559089140014
-0.5176308614042606 -0.8567726018739648
-0.9154894883007191 0.4048209441356604
0.23947535902663067 -0.9719323805795681
-0.938447579123338 0.34830610278538965
0.1498642211465421 -0.9897179978257142
-0.9552159313753059 0.29927165660450855
0.1613281460876395 -0.9879140799077242
0.9563714889421696 -0.2955580740540469
0.3756754690277294 -0.9278302333782811
0.04124778081203335 1.0001497990691608
0.21604529839896977 0.9774075040839926
0.8149566329098856 -0.5812458055557751
-0.8068218360487828 -0.5924858858022453
-0.19424698262866988 -0.9819720514045485
0.6416109034933257 -0.7683335529042566
-0.8648843533307613 0.5039603708265472
0.3546491726024581 -0.9360688886894981
-0.281437143802287 0.9606217435017859
0.9891246158524428 0.15373189101405554
0.9156467385238257 -0.40446514093390123
-0.6685472803663215 -0.7450137810234083
-0.7170772383998452 -0.6984276871436668
-0.9648319154006637 -0.26664653574401886
0.9711364407673266 -0.24268294833747345
-0.9569764509171595 -0.2935933793361108
-0.8771153980892299 -0.4823583506427268
0.4057041291297423 0.9150984425771237
-0.9845433191720184 0.180763526945413
0.994701441168419 -0.11211620283201845
-0.45410547602141654 0.8920701859424306
-0.9838549740460248 -0.18447327731922492
0.9316115972226682 -0.3661978043629275
-0.89598724605327 0.44632707167488406
-0.965620922722178 0.26377496773039216
-0.9292007973287951 0.37227258594144597
-0.10756811417959078 0.9952035474272821
0.30064502556179057 -0.9547845665934018
0.6324492254217087 0.775892374794005
0.9248927008851422 0.3828504823679693
-0.6750701796307808 0.7391084173335233
-0.2658295783241552 -0.9650573222809109
-0.8799324913805207 -0.4771999692087899
-0.8090436247515647 -0.589448397443618
-0.7134597398234236 0.7021226386117263
0.9637423177059681 0.2705582101188742
0.09893161110706067 0.9960991598850796
-0.41036378706135146 -0.9130183800278424
-0.1611013917199405 0.987951082587543
-0.8492579935417717 0.5298696636017239
-1.0008166220805776 0.019159565945560016
-0.7427886032758998 -0.6710186963441763
0.7670728021038389 -0.6431176535227165
0.9949693658053054 0.10971308540456062
0.7744867627196313 0.6341697362473753
0.8680799240196448 0.49843579878861777
-0.32862102924479275 -0.945520607463472
-0.9876304946038104 0.1630552241684788
-0.19752624483962494 0.9813176766977942
-0.9568723967350865 0.29393233297215077
0.8081776759821866 -0.5906351192098483
-0.9502037030168341 -0.3148236375704599
0.9401143595698058 0.3437818944194909
0.18229434166610345 -0.9842610288924997
0.7239767212855364 -0.6912732506300564
-0.5825071152141346 -0.8140555636594513
-0.9337200407166354 -0.36078786781726
0.3143997494796454 -0.9503440416644576
-0.8110227619785538 0.5867223189488177
0.38411496491131847 -0.9243682673757124
-0.7788889596660649 -0.6287551101266019
-0.8660147279804582 -0.5020154289670118
-0.8145033580502995 0.5818808123016135
0.8110630875825305 0.5866665730728933
0.23265100692505888 0.9735884700307189
1.0009477232233945 -0.010230120913393077
-0.6039958683110114 0.7982418123997436
-0.8806195633601528 0.4759308611840314
0.9799601827646081 -0.20415445181517847
-0.14843237892207367 0.9899337497466858
-0.7734793422407423 0.635398069816732
0.24564935262828919 0.9703903315436023
-0.9935438398233334 -0.12194932697274949
0.8648949959840643 -0.503942105724185
-0.2451552106824182 0.9705152871929731
0.9809901410255962 -0.19914653702884402
-0.12395396143557506 0.9932957341317983
0.06853300484953433 -0.998651203997819
-0.6181939596661726 0.7872974204404956
-0.4109466327315758 0.9127561914589127
0.14319600974329405 -0.990704750565777
0.7313381205031653 -0.6834804704590305
-0.1278613238800063 0.9928003232552113
-0.04607932805435477 0.9999388458931171
0.29830105938672896 0.9555194806851168
-0.681828996367293 -0.7328780387709608
0.9760413632591551 0.22213567297309517
-0.08419007728118752 0.997453272533299
-0.7189155244463186 -0.6965353319897526
-0.18082528523669777 -0.9845319782612786
-0.9335948337008534 0.3611117368448108
-0.42774276044510257 0.9050067021225885
-0.4151809971046078 0.9108379326989098
0.5477294730540053 0.8378504785150998
0.9781588384911332 -0.21261770077224793
0.9122041266677478 0.4121706337068807
-0.2164596807921142 -0.9773158172215244
0.12740905453307055 -0.9928584656550948
0.8030600824479204 -0.5975746848543195
0.9429578966453394 -0.33590386296408903
0.8272591937864796 0.5635984619352183
0.09064531529801995 -0.9968873691719253
-0.26221476546184713 -0.9660457632916716
-0.3967595822924841 -0.919011879063102
-0.9894395989656289 -0.15169139724696065
0.3871008202241234 0.9231218527268277
-0.4297361269762062 -0.9040618679999118
0.9574555338424672 0.2920272259814761
-0.8853456377102652 0.4670804018446972
-0.7933738689813101 -0.6103760349306212
0.16752044372201758 0.9868829215946431
0.9161872784638148 -0.4032392227711343
0.6070149175162595 -0.7959484216409557
0.26150641546378683 -0.9662377526630189
-0.9754941351568173 -0.22452659591828572
0.9367921082338782 -0.35273438441797234
0.19210142783741743 0.9823940357223396
0.6363145352320356 -0.7727255737015816
-0.8613927649044283 -0.5099053878616153
-0.37861832224614345 -0.9266332424748831
-0.9354321917836897 -0.35632515287972916
0.7319378421108663 0.6828381911449363
-0.12549738494496768 -0.9931019113726318
-0.5237752271288759 0.8530301937482017
0.9117580039973466 -0.41315655888146635
-0.8346114966035114 -0.5526523769398325
-0.9963876674430242 0.09598237425407531
0.9926839481679581 -0.12876171422311256
-0.3689277700163383 -0.9305338792922974
0.6671995183817411 -0.7462210146271496
-0.35181029157435023 -0.9371395406994472
0.24070839832934535 0.9716277409449162
-1.000982833056629 0.0058624163895688135
-0.18274268347252268 -0.9841778861756961
0.1800652873781735 0.9846712610213704
-0.648240716792884 0.7627483025820825
0.6144491763171909 0.790223518836997
-0.7735239149958986 -0.6353438068710655
0.6392442546684306 0.7703036952224769
-0.9783559438856465 0.21170887337007305
-0.9465153239655792 0.3257449024901765
0.3549467220881058 0.9359561017905216
0.17675781451447872 0.985270356302302
-0.7787747376023967 -0.6288965797906029
-0.8153855899893524 -0.5806439008873819
-0.616424194727651 -0.7886838480369476
0.9146764657520452 -0.4066545991370903
-0.8928573861725352 0.4525557291175843
-0.4034878695542171 0.9160778018938124
-0.5831937705356689 0.8135637811557183
-0.9325079634602129 -0.3639091893361393
-0.5059835574458527 0.8637022864358063
1.0001365584455093 -0.041567589066151885
0.9295118968359355 -0.3714951327278209
-0.6107323229608733 0.7930996341512304
0.9831373290094563 -0.1882604374481059
0.19366449514988213 -0.9820870955869145
0.08187702010306336 0.9976458056740591
0.0704531271712226 0.9985175796508521
0.9790725546674804 0.20836970196478527
-0.9369013296222538 0.3524441779233314
-0.9049316944600074 -0.4279014236500501
0.9910345906352384 0.14089513889572505
0.7986331692322082 -0.6034783020143468
0.7561843415971462 -0.6558858448871193
0.7208905378219134 0.6944910600424115
-0.7695733118392208 -0.6401233613178114
-0.018657293658457492 -1.0008261114665935
-0.9639179765195367 0.269931722001105
-0.9956846899115536 -0.10301940727714001
0.8903102772903062 -0.45754629290516396
-0.5998944810464464 0.8013286539304674
-0.7023642995587007 -0.7132218383542498
0.5423540932372932 0.8413400249297269
-0.48061353324250683 0.8780726801718373
-0.08682388320891371 0.9972274631720311
0.6448652614302819 0.7656042023137374
-0.1947463908299211 0.9818731299199096
0.9921352313885556 0.1329235969930739
0.9318188629069559 0.3656700790750969
-0.4193726031800038 -0.9089156284837592
0.9957088538543994 0.10278559410714139
0.7098381843350839 -0.7057837856311743
-0.34044622375936107 0.941327450321083
-0.5518677432640268 -0.8351305250945329
0.15294381770113943 0.9892467784263947
0.74300584785852 -0.6707781377236752
-0.7518279202600715 0.6608750096027355
0.775757954493233 -0.632614097250824
0.0402047043258517 -1.0001922723906993
-0.7997358242949749 0.6020162882673833
0.5868885435165635 0.8109024833412504
0.4062014304377591 -0.9148778049063812
-0.11179854196259668 -0.9947371944463711
0.06456158133911177 -0.99891581337718
0.7620832895862517 0.6490223876981419
-0.3363809225883983 0.942787820730931
0.2993032922721292 0.9552060192623706
-0.06921677333619268 -0.9986040447990014
0.9912650240846455 -0.13926468334243008
-0.3572327657901904 -0.9350859591748188
0.737062476357575 0.6773034075993115
-0.8674594607440403 0.49951484859377177
0.8858518532703669 -0.46611961346574593
-0.7086225662393755 -0.7070042847227462
0.7860258044508626 -0.6198099989007716
1.0006598593283085 0.026093024528593373
-0.9629148840320881 -0.27348843871262685
-0.8712494423297658 0.4928746384630397
-0.050952374279346214 -0.9997023834898552
-0.9046747807396802 -0.428444326714232
0.6841028449868424 0.7307559766987255
-0.5669321917420114 0.8249781148409933
0.18569564936939753 0.9836249924667825
-0.8592698757991918 -0.5134747126626992
0.32981655930318393 -0.9451042467418128
-0.9749448994442607 0.226899632101113
0.2523629292384572 0.9686660683363413
0.8556780177649063 -0.5194382830653905
0.9845671208777678 0.18063384092263293
0.8597416550003986 -0.5126843928355685
0.8355292319935672 -0.5512639136423132
-0.6117919395292722 -0.7922825397085381
-0.8912165642249321 0.4557784940638461
-0.9100249958489166 -0.41695983850987317
-0.9217410700847808 0.3903772530757437
-0.9739337305751868 0.23120140234847056
0.11702042322226579 0.9941364194862201
0.4113102233347664 -0.9125924063788305
-0.5141020954793127 -0.8588946590960848
-0.9886341684721006 -0.15685496781893188
-0.05065125732539559 0.9997176852148593
0.6272867833004849 -0.7800719784074612
0.2119152454853104 -0.9783112637248437
-0.5771887323067869 -0.8178350489543013
0.2322739442276131 -0.9736784966470954
-0.8121691744609473 -0.5851343709400633
-0.38430124569501195 -0.9242908376464964
-0.7321744763398228 0.6825844535268191
0.9985133511228418 -0.07051303162843352
-0.5940206880709497 0.8056925109145024
-0.9881830635513854 -0.15967226719189104
0.983308361714394 0.18736506019681118
-0.5874122870451851 0.8105231674840301
-0.2597989126436227 0.966698259535617
0.8705821547318418 -0.494052337169316
-0.8005870597998543 0.6008838154593817
-0.7726245544517371 0.6364371908195299
0.2268595087333137 -0.9749542365143502
0.9570915610681997 -0.2932179116835065
-0.9229768436886435 -0.3874464427692545
0.5927002703111895 -0.8066643599248964
-0.9113844502604779 -0.413979931667474
0.9516302559188131 0.3104848724493581
0.9869268303039405 0.16726156649456886
0.811776659264724 0.5856787988932195
-0.7365186715907495 0.6778947163079218
0.9615380278747628 0.278290533347277
0.01667237434105005 1.0008611451814042
0.9982286960959893 0.07443433542728103
0.245996878355684 0.9703022909584718
-0.17168224840478646 -0.9861674328341395
-0.0982900552200746 -0.9961626699715437
0.9095724348383195 -0.41794615177351624
-0.6519832372709253 0.7595517482816588
-0.7381980225057486 0.6760655882150801
-0.8878326325665595 0.46233561029833337
-0.865491533258998 0.5029168975655808
0.5669152589913788 -0.8249897509198147
0.01938571137052699 1.0008122672083204
-0.24345880600033656 -0.9709422278286646
-0.36746163277270477 0.9311138214203556
-0.40351284746704996 0.9160667999272942
-1.0008621112702423 0.01661427770543267
-0.014940116493933061 -1.0008885017419011
0.6701777233343609 -0.7435474558805057
-0.03939304020507895 -1.000224568976088
0.8832571939947701 0.47101775896083287
-0.9552604448716213 0.29912954127546854
-0.10701178235756646 0.9952635221069126
0.9949815255216228 0.10960275484979567
-0.02524636455507092 -1.0006815782639114
-0.9979836010200079 0.07765134960280826
-0.20674350445913597 -0.9794172366075427
-0.6308132953106727 0.7772229966099111
0.35295655948595905 -0.9367084216103935
0.6388874109615479 0.770599686033449
-0.7107792973406246 -0.7048360025367377
-0.804069827461362 0.5962153239948261
0.19385082801662656 0.9820503329653059
-0.34510110951012063 -0.9396308978609014
-0.6224837830156258 0.7839100330283796
-0.5217048659864748 0.8542979765901557
0.3092591912352616 -0.9520292813965923
1.0005613569533942 -0.029630574945184736
-0.2028192747878712 -0.9802373905205423
0.8255194372377025 -0.566143673233877
0.9180361273840748 -0.399012116128885
-0.8633110854720907 -0.5066507373931282
-0.8086733681609594 0.5899562556895295
0.13207831645897822 -0.9922481132868745
-0.8583139127449374 -0.5150710894512289
0.39586158557358836 -0.9193990456092309
-0.8935545575414835 -0.4511776287637096
0.47236866327675536 -0.8825354644172275
-0.8980643050942909 0.44213290300034036
1.0009977225370155 0.0021352928858122803
0.9904314468565201 0.14507428813439058
-0.9643481098225098 -0.2683909891962703
0.8672833477084186 -0.49982056258989405
-0.9986985170680667 -0.06784004721434593
-0.9870490034705491 0.16653907874068474
-0.6769562174752026 -0.7373813664730525
0.8705304495332126 0.4941434371065783
-1.0000460738135737 -0.04369039082059788
0.9680725823127924 -0.2546300755492995
0.12204991849471601 0.993531487873149
-0.14881095155977683 0.9898769118915107
0.7229996991178934 -0.6922950491484361
-0.8435333967184775 -0.5389363678771248
0.5364690759675236 0.8451046861369019
-0.8829481473225319 -0.47159682901786826
0.2809684939142076 0.9607589215966625
-0.9326280114942569 -0.3636014193815369
-0.2720428323868404 0.9633242950050338
0.8676605267177163 0.49916551400906595
0.13258871727980384 -0.9921800401389338
-0.9538170325346806 -0.30370062305951195
0.8784036284146627 -0.4800084015805923
-0.930848251379467 0.3681338518851379
-0.7105236952147588 -0.7050936664999655
-0.39088134811819547 0.9215274123395908
-0.30590571200666805 0.9531121105943904
0.46057711143076996 -0.888746152974002
0.9343075664971662 0.35926365135669297
0.9833704196912464 0.18703908061221325
-0.748620529309952 -0.6645060594875621
0.4978899674857892 0.8683931023891196
-0.5557580828752826 0.8325466673519212
0.34738455885207153 -0.9387890968003153
0.9818043496507414 0.19509284714434014
-0.9970673965345698 0.08864314281305177
0.9507516446186636 -0.31316498887153177
0.9622364800507958 -0.275865830539874
-0.8645979948496035 0.5044514915252457
0.27900134198111803 0.9613320192174685
0.674284459855545 -0.7398252950510115
0.6060248146491533 -0.7967025317077006
-0.5980531226134125 0.8027038448471183
0.7000962830157518 -0.7154482472600854
0.9752852110879485 -0.2254323779609655
0.5668862822569293 0.8250096623609429
0.883790828720135 0.4700157136417643
-0.21372158611542785 0.9779182397461997
1.0009476817033933 0.010234182556638088
0.4683393658914024 -0.884680302909723
0.2350279078159603 0.9730174112253349
-0.5451531465063916 0.8395290625429122
-0.9762455642773324 0.22123652101050784
0.956432789689073 -0.2953596431599574
0.5507472186241154 -0.8358699068502232
0.3003109172684551 -0.9548897072276876
0.9869889966286832 -0.1668943394303869
-0.8237723577540966 -0.5686827785332139
-0.5865900876267863 -0.8111184063365836
-0.9631933326216947 0.272506154046314
-0.5639475554407738 0.8270212540874481
0.9074055923567651 0.4226299693108242
-0.7972078276721378 -0.6053599586182348
0.9301416615777118 0.36991551656757166
0.20698275407790903 0.9793667032906131
-0.17841735917173915 -0.9849711904143099
-0.5451647486059567 0.8395215285371804
-0.7695040512844062 0.6402066190355157
0.4402855895666246 -0.8989714120148481
0.12442534620752506 0.9932367961473928
0.9714935141396146 -0.24124956369838765
0.9772194178709384 0.21689446589524672
-0.28702324118501843 -0.9589674963311565
-0.8873009384829088 -0.46335520345340814
1.0003301741247743 -0.03661342288694845
-0.9051322495738635 0.4274770295365088
-0.969827838137744 0.2478607761891137
-0.5836268881032874 0.8132531312468909
0.985999644780958 0.17264327525804338
0.5761790506496934 0.8185467009232998
-0.5984444502272265 0.8024121384875934
-0.30396033803472305 0.953734298901857
0.99063169969219 0.14370050648819058
0.36543209818155553 -0.9319122177644341
-1.000996090165215 -0.00279776231169126
0.9979284256303825 0.07835724164916792
0.44859314871974787 0.8948548412573417
-0.7702959799253536 0.6392535516607156
0.3241034582770931 0.9470786389380919
0.9459397944235582 -0.32741243917407364
-0.9449105644828446 -0.330371041601276
0.02031827301109181 -1.0007937688564246
-0.898579222856563 -0.44108545685671297
0.640757464507914 -0.7690454288775074
-0.019817489985993565 1.000803810489676
0.06323590530247387 0.9990006107508527
0.3133257761081656 0.9506986683624921
0.373288957489249 -0.9287929555162386
-0.5586894375533615 -0.8305823934844204
-0.9904648031696087 -0.14484637959641328
-0.3517560787713947 0.9371598908656795
-0.9515455759289142 0.3107442950886
-0.005989151401505494 1.0009820827894422
-0.7598618617210227 0.6516217853186475
0.4148651184857309 0.9109818513361396
-0.9208308567320569 0.39251946867653087
-0.30414889068054013 -0.9536741856094233
0.04455634705997959 1.0000078659373988
0.10949920075645733 -0.9949929271274731
-0.12625133177062747 -0.9930063450079979
-0.7059709738398068 0.7096520161992601
-0.7908081872799567 -0.6136965137028146
0.23735051206372648 -0.9724534613147751
0.21117268452750756 0.9784718173301905
0.7176303084073857 0.6978593987725037
-0.5681092397280717 0.8241679997036966
-0.949817534221809 0.3159867903644115
0.9967110120560012 0.09256434759831544
-0.9948351878695205 -0.11092316699687146
0.8506710768932518 0.527598065706533
-0.9537549874222155 -0.3038954161668937
-1.000953011649719 0.009698890109572101
1.0007756352939177 0.021192635561810995
-0.558782542224263 0.8305197592504284
0.41731269304687985 -0.9098632403949292
-0.9828957148429759 -0.18951784544816716
0.3868547746694857 -0.9232249906254821
0.08839064004077787 0.9970898127817682
0.9081836590971182 0.42095539116273284
0.898505508527532 -0.4412355959639716
0.12429649296063124 -0.9932529294382613
0.6465886846296394 -0.7641492477971256
-0.9316395403941812 -0.3661267086325702
0.9505971745404075 0.313633562865638
0.9051331856428784 -0.427475047515027
-0.5552175942971592 0.832907211508506
0.5408088245280489 -0.8423341470655159
-0.4564576777347557 -0.8908688952011928
0.8568498105674273 -0.5175030455278153
0.936136287227866 -0.3544712283602526
-0.8214118845616968 -0.5720869828101331
-0.7301118400753899 -0.6847902605774474
-0.8188446198284131 0.5757555805878581
0.904658932820751 0.42847778853473806
-0.4986518036171206 -0.8679558622127006
0.8348333733942533 0.5523171540584008
-0.27732998431215217 0.9618155123522502
0.015004198930952502 1.0008875431408069
-0.9704247861036702 -0.24551320639763133
-0.11093561966995494 0.9948337993295379
0.971606171586986 -0.24079544707921738
-0.8105211945604975 0.5874150093147299
0.7593536028747321 -0.6522140030704368
0.9294983248326548 -0.37152908921548594
0.98440123713074 0.18153568336684822
-0.030396750288650513 1.0005383738627367
-0.9061724545172436 0.4252675424649687
0.9924741725361947 -0.13036877252085996
-0.19101838379823433 0.9826051989741915
-0.41758686511931975 -0.9097374401880022
0.03646384775735516 1.0003356375770727
1.0004178928941285 -0.03413267609303371
-0.725512601425559 0.6896611234314415
-0.15826228032020676 0.9884098596371085
-0.5887127095853006 0.809579116314603
0.9729756048971904 -0.23520091895004688
0.906034758983789 0.42556082469276607
-0.8575801948895633 0.5162917870092247
0.4563446063652639 0.8909268209237684
-1.000562844989282 0.029580284429899927
-0.869238051010315 0.4964133465931278
0.2875703734190688 -0.9588035671249963
0.9969933814387211 -0.08947176854955363
-0.9788810377763412 0.209267565288827
-0.8383839954376213 0.5469124940921084
-0.9296087261281377 0.3712527660589493
-0.25254246312412354 0.9686192772803981
0.7657127795352356 0.6447363331288408
0.691215530056602 0.7240318301073307
-0.793071973649929 0.6107682413248141
-0.14723312288875753 0.9901128256539373
-0.8160636418260752 -0.579690548904813
-0.4984625023117455 -0.8680645907932849
0.15222265931343196 0.9893580049666283
1.0009430014734104 0.010682125322255195
0.4008626960889225 -0.917229578068828
-0.9988062843078825 0.0662344806508016
0.7781890636685025 -0.6296211409941215
0.9775998745701103 -0.21517315176504828
0.13930142915279298 -0.9912598609022709
0.9396249675958477 0.34511725582836666
-0.9714044680538035 0.2416078629620875
0.7298728761326639 -0.6850449508505504
-0.4272228655197098 0.9052522428456767
-0.9050802919525213 -0.42758702636906426
0.9378907710376649 -0.3498026609423868
-0.2695262206775643 0.9640314395118392
-0.04957396712615126 0.9997716848277787
0.44470761030187117 -0.8967921394278604
0.9522591507538751 0.3085506600309072
0.9796686011570487 -0.20554909853120604
0.8154683688792415 0.580527638754116
-0.28668711321842905 0.9590680367494705
-0.9864752610097031 0.16990455972644836
-0.5652731651986146 0.8261157598704553
-0.3890663531230314 -0.9222951658051476
0.496123736398644 -0.8694033805903039
-0.9442438318634662 -0.3322718555457238
0.6875306547751874 -0.7275318541097717
-0.913524157186512 -0.4092366237724487
0.0705983231490571 0.9985073243439635
-0.6722994592545207 -0.7416295821271418
0.737127687164068 -0.6772324363290287
0.417857292022956 0.9096132604042456
0.9767281732367853 -0.21909604196683305
-0.8516593308771969 0.5260013157110971
0.998268528615554 0.07389820549740418
0.4736289431677404 -0.8818597531318738
-0.2887438108558007 0.958450839476115
0.3853797300172063 0.9238416875698267
-0.32141865492269645 0.9479931688929434
-0.3252652974563706 -0.9466802449986049
0.005793256539402996 1.0009832357131005
0.8482715118871722 0.5314474970499448
-0.32332478007296483 0.9473447559314238
-0.3276833918273523 -0.9458459677561256
-0.20983366106591264 0.978759845255043
0.9661472505171875 0.2618405818777503
-0.9889536710138106 -0.15482776426825903
0.8266840581528363 -0.564441731267239
0.9886192546299882 0.15694893875030363
0.33478871211376704 -0.9433543969480426
0.2251632615358616 -0.9753473769147756
0.23585428328511499 0.9728174325412065
0.32064187460654137 0.9482561828160168
0.8418929147032195 -0.5414954479702646
-0.6963971558345131 0.7190493733712594
-0.5961949423072624 0.8040849400201697
0.8256961965585271 -0.5658858462523888
0.8452083519710585 0.5363057353398034
0.6420544237805945 0.767962965841302
0.4780393845089838 0.8794767460588551
-0.9285510917186874 0.3738901845034631
0.20108778465558808 0.9805940561018651
0.34818402078296234 -0.9384928809913315
0.8567675946003296 -0.5176391492562801
-0.13304509623054364 0.9921189456758728
0.33161990272545433 0.9444729959699009
-0.945027576612785 -0.3300361789885571
0.9982969050921819 0.07351387136704872
-0.8332638698053947 -0.5546821822241437
-0.20329005548896337 -0.9801398641720956
-0.30912949075294666 0.9520714038068909
0.4277323331948815 -0.9050116303891695
-0.7380542361709528 0.676222555428397
0.8791225795178663 0.478690390734818
-0.018887731019538702 1.0008217891397717
0.9071351722753195 0.4232100887514693
-0.4169395401076515 -0.9100342959992332
-0.9105492281623003 0.4158137841546852
-0.32654966368980415 -0.9462379812415458
0.30571503894907937 -0.953173286952778
0.718183469436025 -0.6972901148222553
-0.034374890773896646 -1.000409599556243
0.4972627555790553 0.8687524111701359
0.9812765026377027 -0.19773068899672233
-0.5100625023251532 0.8612997409275143
0.712905117655813 -0.7026857713232504
-0.2080837072324025 0.9791333774233313
-0.8310721520582124 -0.5579606420468486
0.31115588606981553 0.9514110649788071
0.6986756873030148 0.7168356045647147
0.8213032523667739 -0.572242927131266
0.9948063118278031 0.11118184180685202
-0.7326363894549796 0.6820886458858345
-0.003630042812306514 -1.0009934179549738
-0.756747033108226 -0.6552365434573209
0.9555445028470158 0.2982208964490073
-0.1682198670559123 -0.9867639415420951
-1.0009334667275922 0.011541021821497821
0.9920645436366522 0.1334501452191075
-0.03335626934507093 1.0004440810437027
0.19152368408738873 -0.9825068337846786
-0.7099152324463069 -0.7057062864540077
-0.8745263645750344 0.4870365876021778
0.49237678790169365 -0.8715308937356211
-0.3673027270660167 -0.9311765174712404
0.7844170632364905 -0.6218447321505904
0.9858984477368196 0.17322023770370978
-0.5758762171056788 -0.8187597831916594
0.9930685437474567 -0.1257611522661341
0.23352459438858877 0.9733793011029386
-0.9765221032746979 0.22001268557962791
-0.43518935974171946 0.9014495111583302
0.8879988820328742 0.4620162177979962
-0.9628672065120922 0.27365624901251556
0.6178343977537885 0.7875796194367992
0.9860854202103835 0.17215267656505234
-0.5349120144400076 0.8460910924999347
0.00821477558540767 1.0009662918710507
0.8910347551914627 -0.4561338236097935
-0.0706012266016285 -0.9985071190544139
0.9903484967402418 0.1456394692531637
0.35381920148843904 0.936382919888057
0.3231094120857182 0.9474182327893113
-0.8287584594477789 0.561391499662886
0.27785719682036814 0.9616633393111786
-0.856794890833467 -0.5175939673543998
-0.37716213162070195 0.9272269012875588
0.9207108564474256 0.3928008640772679
-1.000997633875874 0.00217645925800489
0.21798778980780764 0.9769761120389316
0.1751960805756007 0.9855492546549602
-1.0009084575789464 0.013537338990164108
0.7606333915275949 0.6507210183275383
-0.810616936034403 0.587282881594719
0.20012337925515195 0.9807913300368731
0.8756228085609873 -0.48506257032239525
0.10628843353218861 -0.9953410314546837
0.05866975114882138 0.9992791703523773
0.08048887185362827 0.9977587591736442
0.3536114807727892 -0.9364613823675141
-0.42051957787170385 -0.908385537438044
0.4589600727487992 -0.8895822905287724
-0.2999308935581308 0.9550091408407676
-0.9545542664252763 -0.30137543438260306
-1.0008307522545241 0.01840666568511048
-0.21890219264539815 0.976771636594264
0.9551122846532322 -0.29960227586666144
-0.9385637475992084 0.3479929477626371
-0.7315947176276201 -0.683205802916927
-0.48978909661932063 -0.872987766714305
0.9235998748908852 -0.3859588982023101
-0.6629402099890287 -0.7500075186154487
-0.9877923726582596 -0.1620716771004914
0.9953903578623102 -0.10582549539096012
0.055202937876227265 -0.9994766808934731
0.4360087096539065 -0.9010534973606925
-0.24609690370417334 -0.9702769264427651
-0.45687657309627244 -0.8906541399195349
-0.9251157925092764 -0.38231109119398216
0.656068609206941 0.7560257799925013
0.8205753529552924 -0.5732862200701297
0.7138843203463778 0.7016909413435449
-0.9712956037445426 -0.24204514072074337
-0.891656490662443 -0.4549172481446892
-0.7888375881267778 0.6162274414194228
0.8431599515437431 0.5395204315989829
-0.33729049660886057 -0.9424627954977046
0.003454503315878952 1.0009940391465078
0.26400853669040003 0.9655570892260041
-0.8396371374894183 0.54498667630372
0.9993889180758526 -0.05676962592070572
-0.7434427345466008 -0.6702938911029044
-0.9451273061367901 -0.32975047413857395
-0.5742309557122224 0.8199145135328608
0.9968315320411648 -0.09125731054805623
0.989920589050899 -0.14852012447180768
-0.725041271477238 -0.6901566160333973
-0.8019516033556717 -0.5990614541724975
0.6758858759432914 -0.7383625685937565
-0.7172832103555745 -0.6982161528796084
-0.6700222025314344 -0.7436876011571831
0.9988999642618296 0.06480633763541561
-0.5005298894359327 0.8668741718272918
0.13356087148774282 0.9920496427132236
0.24701780970706766 0.9700428865197265
0.8623123898520629 -0.5083486424764245
0.47247519124322956 -0.8824784380706838
0.9904721324302115 0.14479625298725596
0.7677844521730778 0.6422678841428139
0.9906931279525936 -0.14327639801274358
0.9593160023293462 0.28585627100842437
0.060909586436344976 -0.9991451457521843
0.20366196875286469 0.9800626523257109
-0.6801792829127679 -0.7344093838563562
-0.005188479698802801 -1.0009865531956037
-0.7854178035919731 0.6205802718430233
-0.450820415540502 -0.8937348336793689
0.7347465591270846 -0.6798150438545101
0.941748198389179 0.33928060780235547
0.13034477620061785 0.9924773243340176
0.7443499636022091 0.6692862852960533
0.7103955339393339 -0.7052227912929707
0.9478610268287085 0.32180813199673214
0.8348628551409599 -0.552272589493526
0.5879985630403838 -0.8100979507827704
0.463060801792855 -0.8874546150891087
0.6477330288286721 0.7631794830604623
0.9810144917346575 -0.19902654849690685
-0.37777437142474574 0.9269776287994432
0.23585768368394955 -0.9728166081267539
-0.06938697205645361 -0.9985922331506674
-0.218324006526107 -0.9769010329477539
-0.1032619298129462 0.9956595672474132
0.01298344633412473 -1.0009157957197443
0.5690936612306745 -0.8234885577511483
-0.08362785563976613 -0.9975005672986329
-0.7850035065321537 0.6211042543182449
0.8759749520842058 0.48442634457786604
-0.721540328731638 0.6938159366963546
-0.35451046164186756 -0.9361214304706789
0.30051236598649234 -0.9548263286531223
-0.489109633094312 0.873368631686728
0.778489902011579 0.6292491338619404
-0.9886029159815966 0.15705182110591487
0.11870196110333703 -0.993937042488216
-0.18399587586080443 -0.9839443671601639
-0.12383559998133742 0.9933104973658852
-0.9957982975189217 -0.10191540932762469
