1000
0.9995558723567518 -0.05374995848494197
-0.9583744251130488 0.2889973378583844
-0.7104581103642762 0.7051597502818931
0.9501031884941664 -0.31512684940071134
0.47041420148829166 -0.8835787905094445
-0.7414899380354452 0.6724534718418752
0.09713976538826691 0.9962754970289657
0.5867855749716205 0.81097699659437
0.95085539034851 0.3128498468038344
0.9907364185383245 0.14297674280054737
-0.9872609390708409 -0.16527806322970245
0.8521505862680157 -0.5252050821565583
0.7672767484253467 -0.6428743200080614
0.9428870894473913 -0.33610256850168096
0.39292473608838674 0.9206579993514811
0.9936406825049353 -0.12115772394332232
-0.7517311162981883 0.6609851199452826
-0.98600066307516 -0.17263745947894593
0.9061746780036598 -0.4252628045632059
0.00012100778255139527 -1.0009999926858724
-0.9564961731781857 -0.29515431674885995
0.5051898576530812 0.8641667707823876
0.5586938838332939 -0.8305794026866244
-0.9585723836623592 0.28834005146677555
-0.7833636583932666 -0.6231712274397123
0.14843647643606647 -0.9899331353496785
0.9847341234414745 -0.17972118998590833
-0.9317260938982872 -0.36590638959854227
-1.000239300582206 0.03901719583490836
0.8949203756096206 0.4484623967722775
-0.6756430995375953 0.7385847290915452
0.9977051959858578 -0.08115011954902442
0.22376852874496075 -0.9756683071327651
-0.5691943718083231 0.8234189499287277
-0.6803981017991193 0.7342066623697686
-0.981830985059032 0.19495875660767562
0.6454741378168308 0.7650909340788316
0.3007608135015327 0.9547480992711619
0.8130851691471226 0.5838608633167623
0.9434838548745057 0.3344237066823205
0.7494935123836227 -0.6635212693613223
-0.3658111708768959 -0.9317634824684183
-0.6919678444664091 0.7233128660714611
-0.3728567090728813 0.9289665626379352
0.37619556372451324 0.927619479007419
-0.78524784905208 -0.6207953089055054
1.000899098286364 -0.014212496246037766
0.4077844307406453 0.914173319478056
-0.6075441478083482 -0.795544535814198
0.5802767770983283 -0.8156468978426737
0.2249948655217009 -0.9753862365693252
0.9894409114557 0.15168283600234256
-0.15745175089185842 0.9885392992395842
0.9505476729254956 0.313783558358186
-0.5469912616297115 0.8383326068457176
0.4082795914423957 -0.9139522827870339
-0.1435205871142173 0.990657782018791
-0.967547008345287 0.256619926432234
-0.4783866185817653 0.8792879182394722
0.9422983380111247 0.33774967384362037
-0.9750797641321054 0.2263193619204459
-0.5748770247742235 0.8194616564469241
-0.8053381442220002 -0.5945010289823431
-0.40537344311773904 0.9152449790164757
-0.18140747777983965 -0.9844248711839604
-0.3969095028361341 -0.918947140241686
0.8773525289767632 0.4819269030652655
-0.6774725174419751 -0.7369070417025697
0.9610504552764755 0.27996968123866395
-0.448595560960396 0.8948536319905215
0.48061089146637054 -0.8780741261442
-0.570644345967709 -0.8224147557133722
-0.1834533578305371 -0.9840456623047027
0.0955369778433888 -0.9964304721678034
0.49810541586653323 0.8682695403412629
-0.10742147653352249 0.9952193860548326
0.9801995218616446 -0.20300221019043893
-0.8300744442335876 -0.5594438461814563
-0.48908434224087316 -0.873382794755434
-0.929356807508044 0.37188294440382247
-0.3525482277280054 0.9368621815004822
-0.9538821199884756 -0.30349613039755785
0.5700002416022399 -0.8228613033636885
0.5082466251392576 0.8623725227733982
0.9595377521302797 0.28511103492634216
-0.56215561673307 -0.828240341069826
-0.005617904515541378 -1.000984235214948
-0.6597928830152507 0.7527777570587642
-0.5756698517800926 -0.8189048917618494
-0.9684800027759998 0.25307604434833314
-0.8683090233493304 -0.4980365849715582
-0.8776931971920808 0.48130619318968154
0.8816398735286411 -0.47403811387313743
-0.9980420314575672 -0.07689670632772634
0.8357881988697798 0.5508712069349869
-0.8912041503085033 0.4558027670746399
0.8786253092484092 -0.4796025082796557
0.48827856939460657 -0.8738335302962209
0.9407103176801803 0.3421477724756572
0.9683882815912478 0.25342678642312105
-1.00099653115798 -0.002635262736630474
-0.258035692084545 0.9671703994697366
-0.919707059581343 0.39514544734343066
-0.14016264396620584 -0.9911384531115734
-0.898274838027212 0.44170500944316443
0.6563761397723537 -0.755758799576653
-0.8222346919981488 0.5709037670875096
0.024519096723017303 1.0006996621843576
-0.8715756919345881 -0.49229748448346156
-0.3262561774350565 0.9463392133296944
0.23481568097097963 -0.9730686491559242
0.9540820500975928 0.30286703630731143
-0.33846312871752254 -0.9420423082318256
-0.9117380273210041 -0.4132006407749196
0.9071906182647052 -0.42309122199887594
0.10746721924080468 0.9952144476386227
0.29750493403233125 0.955767657030943
0.5922234556689884 -0.8070144847247054
-0.536905821857577 -0.8448272832096747
-0.8607331366755057 -0.5110180695716593
-0.6259148779193534 0.7811731982084388
0.342976129097169 -0.9404086212224567
-0.3914625392191337 0.9212806740554739
-0.7663617572844282 0.6439647948233839
-0.2974651476366126 0.9557800405645267
1.0009980623372983 -0.001969567712575292
-0.7810404683030043 0.6260804955219608
-0.9783212553930472 -0.21186911347851575
-0.24776627637415796 -0.9698519847335905
-0.7750640139217622 0.6334641065786494
-0.7061291389342909 -0.7094946364476034
0.5720991060484795 0.8214034409828892
-0.41563765872028136 -0.9106296374781149
0.8446346751222834 -0.5372087728072529
0.053614353561806626 -0.9995631551293543
0.5880150175823877 -0.8100860072224333
0.03991519756040047 -1.0002038677208334
-0.9898782842363548 -0.14880182256037874
-0.8507956039919349 0.5273972319115819
-0.7235923136265888 0.69167562025889
-0.8431529364601439 0.5395313945811091
-0.5140259444104326 0.8589402356817166
0.20370649364858548 -0.9800533987724336
0.8874130779014127 -0.46314039898236176
-0.9981885164660638 0.07497123178445723
-0.6889190663590881 0.7262172677697236
-0.45856363335955974 -0.8897867127351808
-0.8284541337282081 0.5618405007728122
-0.3848331762265079 0.9240694922328178
0.4498202852592356 -0.8942386208218139
-0.592992137993183 -0.8064498275021664
0.8329721554495249 -0.5551201565839351
-1.000466343233142 -0.032681738902710734
0.8878388479434672 0.462323674585692
-1.0009380317180419 0.011138072562708556
-0.8048318050165294 0.5951863285004414
0.6527773559718901 -0.7588693718489027
-0.08804036391985033 -0.9971208022706478
0.5096828673343313 0.8615244481416964
-0.9834922849239589 -0.18639722501971556
0.5417895371231877 -0.8417036874481674
-0.16069123084168277 -0.9880178785480479
0.05557776269664628 0.9994559081288356
-0.9984191345042467 0.0718347538159013
0.8521507369335131 -0.5252048377001785
0.5738864774008797 -0.8201556626984962
-0.9022740771038822 -0.4334772079202523
0.7017867449917184 0.7137901404151845
-0.3030043331235693 -0.9540384552565694
-0.7173419623179866 -0.6981557914232183
-0.9899203838474211 0.14852149219346783
-0.9002386265148945 -0.43768871967481215
0.988611860915753 0.1569955045747865
-0.7662095151599612 -0.6441459298003344
-0.0932167463746838 -0.9966502085462672
0.15299030995316013 0.9892395893111214
-0.31527808010995484 -0.950053015469232
-0.03462312506653747 1.0004010391890978
0.3524810135876139 -0.93688747193046
0.8034817716010503 0.5970075734066007
0.8641873050183488 0.5051547305975894
0.5364433961230943 -0.8451209870521029
0.9889880773272699 -0.15460783584446808
0.5125864006276295 -0.8598000825143083
-0.4050533713849737 -0.915386675853252
-0.1295678547663182 0.9925790502580911
-0.8658441093955325 0.5023096437707097
-0.39368761623459314 -0.9203320383554642
-0.406681729607226 0.914664403376274
0.9266432967571355 -0.3785937143892739
-0.4093451228043203 0.9134755445201124
-0.9751374064278596 -0.226070870713472
-0.3868576255931756 -0.923223796010702
0.6357644300743139 0.7731782391223145
-0.7994975307848854 0.6023327139288313
-0.2461409946587945 -0.9702657423347375
0.4674834743153631 0.8851328720830772
0.09627786202241531 0.996359158779801
-0.1476738362752212 -0.9900471898246868
-0.49471102705260883 0.870208020942437
0.961472870042381 0.2785155654042817
0.745099668740843 -0.6684515566907494
-0.15149857232407646 0.9894691418047187
-0.25724896235962763 -0.9673799519138769
-0.987332737181548 -0.1648486156738726
0.6625337958858157 0.7503665566302461
-0.9416172790448666 -0.33964378369718773
-0.07559482592157322 -0.9981414841062799
0.9727354470029352 0.23619218899870462
0.823114016654112 -0.5696352478450876
0.27170178359112485 -0.9634205420237839
-0.8570336534355721 -0.5171985275296862
-0.5182044358723542 0.8564258068520676
0.9242725676759781 0.3843451842311212
-0.6827189558248716 0.7320490607584965
0.30547931194447686 -0.9532488604629585
-0.9752458374929857 -0.22560265169675006
0.9408091709226799 0.34187586037592593
0.4071818690726134 -0.9144418655652928
0.15144867507911164 0.9894767803323035
0.15561643046813023 0.9888298774654605
-0.14720633011115059 -0.9901168094599783
0.7596119796476898 -0.6519130619766086
-0.8547749119638695 0.5209230748173469
0.43063101938612797 -0.9036359472389665
0.567892619328292 0.824317276849425
0.019794959097815944 -1.000804256382993
-0.1376225257114147 -0.9914943471431448
0.6875946190263678 -0.7274714014213783
-0.53413235441812 0.8465835032433339
-0.48664578859411406 -0.8747438919155782
-0.9862455492818135 -0.1712329305998523
0.7974534858464286 -0.6050363112337803
0.9406799374537205 0.34223128914823775
-0.2769521353052539 0.9619243809935687
0.712733904557279 0.7028594321018502
-0.7588891874393633 0.6527543191642803
0.4296496493235064 -0.9041029691557195
0.7839168604743315 -0.6224751849383777
0.8794859896875977 0.47802237807787495
0.7356308835909073 0.6788580139522999
0.4890894015651371 0.8733799615726571
-0.9205387360032213 0.3932040634550863
0.9181805414443277 -0.3986796876102433
0.5806203024738322 0.8154023941313856
-0.49821971845756496 -0.8682039576850965
-0.04291856224904524 -1.0000794953474823
-0.980712963552123 -0.20050706501470797
0.19415962061505715 -0.9819893287213548
-0.6037444771453377 -0.798431967243611
0.14457299974751603 -0.9905047439280666
0.6458731306394605 -0.7647541429230589
1.0004757130807291 0.03239363418337718
0.9431169669104121 0.3354569819301792
1.0002084242235953 0.03980085567110448
0.41942485132938806 -0.9088915194275501
0.020257462499472183 1.0007950015927751
-0.8287627259519753 0.56138520115216
0.9197917427316488 0.39494828775762086
1.000996079049464 0.002801736532788972
-0.9992656755465593 -0.0588991483340685
-0.0036040285694743423 1.0009935119560318
0.9258669436114865 -0.3804883739715636
0.1551272224053731 0.9889067422506501
-0.9049419026955178 -0.427879834469698
0.4553102409544849 -0.8914558791560965
0.8653236768378839 -0.5032056580601667
-0.9506081727651298 -0.313600226199123
-0.3490180453026342 -0.9381830333432429
-0.9532016223634989 0.3056266793386886
-0.8473660576784291 0.5328900114418708
0.36866108325153996 -0.9306395680905692
-0.5078654433642704 -0.8625970620378979
-0.7930106345087939 0.6108478808639349
-0.9917668365986537 0.1356449107895291
0.6614201220544678 0.7513484026345254
-0.9555349309817175 0.29825156441126077
-0.06634285137036468 -0.9987990919459477
0.020557757956136926 -1.0007888781295569
0.9630608894114817 0.27297385091976434
-0.7428872144124355 0.670909521964424
1.0000532827290924 0.04352506981919853
0.867743235258853 -0.4990217206319769
0.7618616563845485 0.6492825398322306
-0.8219511228406715 0.5713119565184674
-0.6450044336799824 0.7654869564748737
0.4630321045477893 0.8874695883003795
-0.9216597313903631 0.39056925062457737
0.564888335557342 -0.8263789496056007
0.7148173477680072 0.7007404364883704
-0.759202176338775 0.6523902631419843
0.21292125539906545 -0.9780928069458878
0.9378152548726044 -0.35000506814649424
-0.38741135376816455 -0.9229915725354799
0.17912742777191873 0.9848423044426026
0.9686163498739031 -0.2525536908400992
-0.9663893213095999 0.26094574083278493
-0.633714794279545 -0.7748590578364777
-0.9371867693242386 0.3516844599973055
-0.7265071035984642 -0.6886134099921163
0.9790849353864041 -0.20831151984324103
0.23210938160529024 0.9737177388600917
-0.9395737292744321 -0.3452567265924536
0.9619947936616373 0.27670745737674646
0.3228447397117134 -0.9475084559203026
-0.3885636949199829 0.922507048748209
0.7452712355830914 -0.668260267719436
0.43897580532988856 0.8996117175398372
0.7958059557141987 0.6072016805393501
-0.7657540465162935 -0.6446873197480483
0.10855931431179541 -0.9950959126014701
0.6203446495420611 -0.785603917877538
0.10151808626139107 0.9958388816278589
0.988367619085193 0.15852586395874604
0.22166739392848137 -0.9761478199888353
-0.9600036384453675 0.2835383821842399
-0.8543908176827153 -0.5215528071628615
0.7266745584776717 -0.6884366972069988
-0.47145345195768995 -0.8830247123592737
0.9555383781859484 0.2982405200735931
-0.9896033359818717 -0.15061951206118976
-0.6622963763489111 0.7505761186416081
-0.9888381789105115 0.15556367162336898
0.641653650783565 0.7682978539838068
-0.4122186823420801 -0.9121824148316822
0.32959983411849875 0.9451798502661057
-0.04735278455544509 0.9998793496191656
0.2721196201222859 0.963302606839877
0.3371511293180601 0.9425126609226832
0.7128880175391462 -0.7027031197092454
-0.06938520168367708 -0.998592356163072
0.8952073255300786 -0.44788932150396676
0.10155223659451032 0.9958353996733861
0.9837343819356238 0.18511527705118336
-0.7178776778902121 -0.6976049308791882
-0.5570374478679186 -0.8316912177441792
0.5422248567352964 0.8414233207716478
-0.2794509040704169 0.9612014316542743
0.11051582563586726 -0.9948805216125314
0.9669854850860123 0.25872779447320565
0.3410696953643238 0.9411017282441294
0.7586769549554492 0.6530009785747088
-0.9756920468817195 0.22366499424755848
-0.5117922003973271 0.8602730634004893
-0.8401716653349747 0.5441622669464093
-0.5030033413231167 -0.8654412970374016
0.5616659265077539 -0.8285724995437552
-0.4251353922352798 -0.9062344609806862
0.5410540541574049 -0.8421766504005178
0.5988632842490621 -0.8020995990389391
-0.9489357849939661 -0.3186249769837344
0.041739147663360406 -1.0001294134022538
0.5268718698033853 -0.8511210447462126
-0.9415790949062296 -0.3397496255120313
0.027366346411322892 -1.0006258457006272
-0.9195701041817045 0.39546406094011766
-0.15412374220056044 -0.9890636339943428
0.9428153410470355 0.33630378036287695
-0.03961146327423873 -1.000215942673018
0.5949964876558222 0.8049721608088288
0.02710875839268956 1.0006328573549874
0.649207843704152 -0.7619253084607477
0.46293867981806786 0.8875183258549112
0.9783404817382622 0.21178031493069696
-0.9888552877656281 -0.15545488045718234
0.4459211580481939 0.8961893331238425
0.050654916915593116 0.9997174997929538
-0.3721063508878515 -0.9292673800521177
-0.4487149015417494 -0.8947937958738751
-0.21573077813394245 0.977476972294347
-0.9307835332812268 -0.3682974533885829
-0.951244303039601 -0.31166532680858766
0.2278757843558752 0.9747172035540332
0.9941822970048141 -0.11663001467131676
-0.7394844375253684 0.6746582591636965
0.12181274880649871 -0.9935605941401887
0.8951254246796169 0.4480529813449916
0.4086279777182669 -0.9137965724524686
-0.9612576089421085 -0.2792576037476873
0.9925340565076517 -0.1299120728510858
0.9688962861196073 -0.25147760684329723
0.8458763177269044 -0.5352515811361728
-0.5152952401063147 -0.8581793609285738
0.11636917326571852 0.9942128622752037
0.9743914268674326 0.22926479722637017
-0.9714232332580794 -0.24153240338807322
0.9789706051848546 -0.20884816059520284
0.3721886437505595 -0.9292344233093817
-0.998149623534571 -0.07548727732402384
0.5932082683861724 0.806290859627144
0.07000517253064635 -0.9985490853327914
-0.3135706942238118 0.9506179146870717
0.9861055922022229 -0.1720370920107148
0.9547180021334812 0.3008563384777759
0.5119964442125235 0.8601515221830002
-0.9690205227795069 0.2509984590234193
0.9611224486564396 -0.2797224315078248
-0.9975249735443897 0.08333622954792673
-0.3049416925362808 0.9534209795012424
-0.39406037705560343 -0.9201724942828902
0.433076879622206 -0.9024662965101209
0.2684767320898921 -0.9643242423201505
0.8241520276791036 0.568132409982411
0.9272412773075857 -0.37712678724402077
0.872121350495872 0.4913301843050722
0.6016534311748312 -0.8000088429233472
0.4266591042698764 -0.9055180885789234
-0.5325248644509832 -0.8475955808883514
-0.8878661907466864 -0.4622711621212907
0.0337988358858832 -1.0004292272283728
-0.8163062871884589 -0.5793488115950471
0.9613603360224542 0.27890375458712247
-0.6744361349045758 -0.7396870283673879
-0.036709093247757583 1.0003266678805116
0.7016566986293911 0.7139179765690901
-0.986234633666244 0.17129578908195542
-0.7819297775323447 -0.6249694576603068
-0.9247373376727301 0.38322559454445504
0.9498846603546024 0.3157849458460957
-0.0022893998258152635 1.000997381938853
-0.6630865650204737 0.7498781282910905
0.9169217420105493 -0.40156633204034864
0.48893717540020787 0.8734651902117602
-0.4921853951929334 0.8716389945148025
0.997592095488379 -0.08252884961699797
0.9232299971487307 0.3868428264356918
-0.45917636692732605 -0.8894706650898734
-0.5554920632810094 0.8327241846084494
-0.7966858175373085 -0.6060467870840588
0.3142049733744066 -0.9504084567736066
-0.7954835836799092 -0.6076239528653959
-0.27877334345322696 0.9613981604829027
0.41364658716360975 -0.9115357924557314
0.9311568146637629 -0.36735267319734427
0.9914881893545506 -0.1376668818940667
0.6987435576421337 -0.7167694473494348
-0.855589912635866 0.519583392147739
0.8360912094578267 0.5504112003469303
-0.9782728270143264 0.21209261167093438
0.13958787179201565 0.9912195650049367
0.5595127546253157 -0.830027997968497
0.121656824099731 -0.9935796984389159
-0.7921953976758461 0.6119047735564807
-0.7774259126511841 -0.6305632009073108
-0.23783162721771234 0.9723359075417174
-0.06202304195981932 -0.9990766448406502
-0.5764064872158469 0.8183865599430917
-0.8049940717093118 -0.5949668432046138
0.3284855143376132 0.9455676955513834
-0.510231838219901 -0.8611994375675943
-0.4682753767326853 -0.8847141750564764
0.699558673907793 -0.7159739253355321
-0.16320692664427225 -0.9876054369510788
0.26220266572112616 0.9660490474550116
0.22568332934181942 0.9752271708977308
0.2531154722552741 0.9684696989090519
-0.7436325167841344 -0.6700833380866098
-0.28884926194769456 0.9584190648522557
0.06473317984968334 -0.9989047078808612
0.6938338228479966 -0.7215231294089851
-0.36644832728058135 -0.9315130828030619
0.7836835863340695 -0.6227688467726779
0.7753669825663145 0.6330932335335835
0.017981598357274333 1.0008384795362926
-0.6660760387218475 0.7472240029874655
-0.8765442853433862 -0.4833954031968572
-0.9929195336604661 0.12693226412335956
0.588064448317182 0.8100501247610596
-0.3678886613976622 -0.9309451824973565
-0.8627473481373477 0.5076100996650619
0.9720401699533077 0.23903746149326618
0.5130402072872523 -0.8595293745455435
-0.5732975769280108 0.8205674184906877
0.5273160696010941 0.8508459101038531
-0.0553711125282479 -0.9994673781056509
-1.0009546231574116 -0.00953112689057816
-0.306922971758783 -0.9527850174130349
-0.7702903700013827 0.6392603115188155
0.7364789034793396 -0.6779379210000496
-0.3781488528463303 -0.9268249268826365
-0.8810073154532005 -0.47521269987022097
0.9999721926543417 0.045349905381028205
-0.9876000996105576 0.1632392209281111
0.633377714573587 0.7751346145551363
0.5256034729755792 0.8519049179315785
0.9242227124636099 0.3844650540249499
0.9300453754442578 -0.3701575335107334
-0.4593632566440345 -0.8893741611073411
-0.09741197809057639 -0.9962489179539825
0.8761365428913327 0.4841340291803748
0.41480365797854796 -0.9110098382166989
-0.5532130849632855 -0.8342399430771729
0.9102168988956405 -0.4165407506652901
0.9913842196295651 -0.13841361591071247
0.6895186675762212 0.7256479911526749
-1.0009991444494661 -0.0013087442214121286
-0.4543505518663512 -0.8919453884732754
0.4139586628818256 0.9113941109229811
0.028276956534514112 1.0006005265485047
-0.8782201129863836 0.48034407787146033
-0.888050255297479 -0.46191746456058824
0.9839237537926883 0.18410607464857132
-0.6911008140430245 0.724141329319815
-0.07971958462402516 0.9978205188446332
-0.44188533489158793 -0.8981861448540326
0.9840061541465163 -0.18366515347714268
-0.05429759293272943 0.9995262734924538
-0.270796925700492 -0.9636752694923546
-0.623513758252467 0.7830910504340374
-0.028119119918739444 1.0006049745503944
0.8391489864556839 -0.5457380127225868
0.9950007481265153 0.109428109860652
-0.8429971603535267 0.539774756390006
-0.7367985254613403 0.6775905348202516
0.9626410618328386 0.27445069880279965
0.9657658299937194 -0.2632439203790702
-0.29718053444124026 0.9558685735754778
-0.13734745816469943 0.9915324884922814
-0.5549976704191225 0.833053771271307
0.9927412315626468 -0.1283193171563782
-0.8641616714196505 -0.5051985804109073
0.9518297455411187 -0.30987277309103695
0.9932095170393744 0.12464291099943267
-0.7995824259199981 -0.6022200130848283
-0.9220712680513901 0.3895966845779126
-0.9836332705644094 0.18565179514015842
0.062295535043154916 0.9990596910663982
-0.997397178241083 0.08485204085185798
0.16491051703329776 -0.9873223999139341
-0.024483214598314654 1.0007005407228142
0.9484896253142305 0.31995066912146103
-0.972669970832006 0.23646168366495385
0.2857027728425714 0.9593617282287563
0.1432344813058002 0.9906991891412138
-0.2684274527374546 0.964337960788064
0.930250110767259 -0.36964270778347885
0.5872220319693652 -0.8106610174232939
-0.7808902029945797 0.6262679066239019
-0.8581587512704806 -0.5153295621424114
-0.9521072017145125 0.3090192169483327
-0.9975772216868057 0.08270844437923883
1.000893777230753 -0.014582410663398956
-0.8546452133227622 0.5211358357899505
-0.897960200935585 0.4423442975056011
-0.9876876595522889 -0.16270859586426864
0.16559357049033685 0.9872080679432588
0.21834848948430494 -0.9768955610196632
0.7039517266700228 -0.7116550895752054
0.3774667853130403 -0.9271029209237985
-0.1406554405395275 0.9910686389179265
-0.8986000492877988 -0.44104302672184437
0.8840366807974722 -0.4695531354432512
0.6687170783255337 0.7448613757980488
0.2061044238873167 0.9795519212650636
0.6666068872119478 0.7467504656319924
-1.0006479002091304 -0.026547689297908336
-0.9417326456733793 -0.33932377469463804
0.7827082903800668 0.623994176391345
-0.8438967947145458 -0.5383671608396224
0.9884393062692763 0.1580782648624144
-0.7845791378053477 0.6216402307771088
0.9928866492347624 0.12718923606723043
-0.39842899695960676 -0.9182893522097278
-0.8411249613290298 -0.5426875707340625
0.9987190558616026 0.06753700806897742
-0.6413489643578285 -0.768552214177502
-0.840010216765091 0.54441145811809
-0.8923146509323495 -0.4536249152454914
-0.7775778204623502 0.6303758665471108
-0.7670887225450468 -0.6430986640821206
0.915022517675199 0.4058753406494906
0.09826385132892657 0.9961652551268824
-0.5138705547014246 0.8590332083283219
0.6600451828378042 0.7525565471196232
0.7409061399040993 0.6730966437684912
-1.0006033205278329 -0.028177915974656815
0.9837809186154319 -0.18486780186981455
0.8027698159228606 0.5979645663776212
0.47235235510887214 -0.8825441930142093
0.883271571005994 0.4709907980551248
0.609237217955312 -0.7942487093209983
-0.3856234724870713 0.9237399728641242
0.3044468785777109 0.9535790990391351
0.5056483184336825 -0.8638985924662623
-0.25435391921738176 0.9681451770156982
0.3243615972475031 0.9469902608955642
-0.6812125134955773 0.7334510968408445
0.571258240750224 0.8219884563514009
0.842122548226901 0.5411382575348288
-0.552701588639167 0.8345789081421487
-0.9795717317622278 0.20601024812457772
0.7735562394231982 -0.6353044502043407
-0.04047136554953933 -1.00018151781092
0.9157213078330988 -0.40429628539035467
0.9084135207939276 -0.42045912433764665
0.7325506761974121 -0.682180699523751
-0.6299426603039066 -0.77792881726366
0.5326439705831444 -0.8475207375642334
0.3114674765931915 0.9513091038272837
0.4936117080021208 0.8708320628704648
0.07499421713596799 -0.998186789832526
-0.9980801238667795 0.07640069595281182
0.581771941047204 0.8145811246341083
0.5331124569207717 0.8472261258223205
-0.6214500888139602 0.7847297541912891
0.007563582145252163 -1.00097142428
0.36563331382705905 -0.9318332897143369
-0.49851526142370517 -0.8680342931749038
-0.34708197550708497 0.9389010077095984
-0.3217170616835441 -0.9478919412157204
-0.12547083607518844 0.9931052659686148
-1.0008878374551637 -0.014984553190731201
0.6682787725748031 -0.7452546424718967
0.24958412590155712 0.969385766399505
0.6136364658348031 -0.7908547830023996
0.6918178279262954 0.7234563518024724
0.8231018141574541 -0.5696528798581711
-0.8995626949833995 0.4390762551017799
0.8326770383441621 -0.5555627325643746
-0.9629338026701623 0.27342182004218507
0.45392418473193424 0.8921624485010837
0.9162873372144235 0.4030118058574729
-0.935816381323785 -0.3553149313581635
-0.9982187810063324 0.07456718612252812
0.7549571375457432 -0.6572980453863664
0.7366368788917852 0.6777662640295468
0.6733081483924361 -0.7407139375685793
-0.9294648478159048 0.3716128316871699
0.8502007876367169 -0.5283555816889853
-0.225649572233921 0.975234982222566
-0.9148411355191984 0.40628400997571085
0.03582952101382673 1.000358558429886
0.08282608595188036 0.9975674611202451
-0.917457501245744 -0.4003407716032877
-0.7017607475613505 0.713815699730774
0.42974973096955016 -0.9040554013618851
0.3116116659480723 0.9512618827878404
0.40026506891973174 -0.9174905310697666
0.8074838812246841 -0.5915832837076451
-0.4369567197133808 -0.900594151156514
-0.39928195956373363 -0.9179187963904786
0.049630371593233025 -0.9997688864010109
-0.6424953965156596 0.7675940759647545
0.33695191307131767 0.9425838998612162
-0.7358977008058861 0.6785687687689513
0.7432693813101532 -0.6704861123146564
-0.812829542490682 0.5842166848476588
0.148813811344359 0.9898764819679098
0.9680029840387664 -0.25489453287986347
-0.8554262933349804 -0.5198527259437774
-0.8380256978120603 -0.5474613500573438
0.7983962756833883 -0.6037916751454054
-0.06440843937677389 -0.9989256994076429
-0.978848679633633 -0.20941886825091321
-0.6679395064422919 -0.7455587272198129
-0.7927979426313068 0.6111239008250022
-0.3899331192045293 -0.9219290442042849
0.6693753743158931 -0.7442698490866454
0.785751791972775 0.6201573360136706
-0.8113091122297442 -0.5863262951744398
0.37981089769431503 -0.9261450653070709
-0.5424148976640663 0.841300825384167
-0.9873569685844664 0.1647034200849906
-0.7677292110061956 -0.6423339151623587
0.7300693171983789 -0.6848355949317272
0.8993815437544046 -0.4394471967756126
0.1291180921685758 0.9926376570908173
0.9742734547715567 -0.22976560954045203
0.9950386002051523 0.10908338141885338
0.4278188931162553 -0.9049707148260556
1.0009742570514126 0.0071789080208883955
-0.9777396195389244 -0.21453726106175428
-0.8805118483650456 -0.47613011340259825
-0.370022907479147 0.9300989452422138
-0.9572550617351588 0.2926836975002492
0.8431596839490709 0.539520849794429
-0.6959686819032923 -0.7194641018214835
0.8321653048979623 -0.5563289542384807
0.6544605085475458 0.7574182746354141
-0.10743830764644753 -0.995217569202869
0.9994251286323375 -0.05612853336971915
0.9557371589724678 -0.29760289474270196
0.9849702323974423 -0.17842264792040397
-0.9374820575547339 -0.35089655421924926
0.3981798085147258 0.9183974303596326
-0.24711719441494182 0.9700175731524083
-0.8601192226613511 -0.512050703357034
-0.9957353097966999 0.10252898528743006
0.35978308991967933 -0.9341076641414778
-0.016712491075495876 1.0008604761114566
-0.617446728454301 -0.7878835811978065
0.6600027689075167 0.7525937450141418
-0.9995734545360699 0.05342198973107702
0.9843097744902692 0.18203095298029728
-1.0009764714059317 -0.0068632129305515495
0.9543848348515289 -0.30191155493856126
0.9995693779898466 0.0534982110447753
-0.9979106928881898 -0.07858275268411621
0.3148710775263207 -0.9501879837892151
-0.9852494239572159 0.1768744543227606
-0.31595795422603107 0.9498271269874857
-0.9657682197470845 0.2632351529080932
0.9480663863399259 0.32120262622269197
-0.9970276105429585 0.08908952696584876
-0.11309784260088553 -0.9945903066082161
-0.12124948852463499 0.9936294890614481
-0.8511199690342843 0.526873607529433
-0.9913383982926592 -0.13874141440300036
0.311251321415482 0.9513798478615765
-0.6486275534481877 -0.7624193707585205
-0.13820837149342113 -0.9914128534819067
-0.02643775993494991 1.0006508106475613
-0.7459832978740081 0.6674652944483472
-0.7993907465441963 -0.6024744262950192
-0.8510548366608757 0.5269788088681843
-0.7209547516684012 -0.6944243990865772
-0.34536824806686495 -0.9395327419665715
-0.6711592507101114 -0.7426616054342933
-0.010208292938566156 -1.000947946076758
-0.08676687966782325 -0.9972324245594452
0.7291201889487444 -0.6858460104625143
0.7320224676637618 0.6827474692999286
0.4539854514906704 -0.892131273880034
0.9879327895387325 -0.16121353340901123
0.9972969426124103 -0.08602213817348907
-0.9511911283512227 -0.3118275763076894
0.4508698584916744 -0.8937098918014152
0.9385442619942502 -0.3480454974247883
-0.3296597908347506 -0.9451589402353388
0.7714387354017304 0.6378740295087887
0.6549414770281015 -0.7570024185352705
0.6289193976297651 -0.7787563105908122
0.40240145749901435 -0.9165555449631347
-0.9566746079989088 -0.2945754477381545
-0.08853719985434029 0.9970768095999187
-0.04691907178216295 0.9998997953310623
0.5267702501257475 -0.851183942272443
-0.8697635408552348 -0.49549206148934843
0.2870035148870318 0.9589734002789073
-0.06990335218760682 -0.9985562184238478
1.0004484833297023 -0.033223970312087764
-0.1587187009197912 -0.9883366703600215
0.76726722709879 0.6428856836328942
-0.9732943191977543 -0.23387853304093512
0.9912112002721205 0.13964725724160162
0.9931140473808596 0.1254013113759487
-0.24526511001202742 0.9704875196574081
-1.0003326586501031 0.0365454790366221
-0.8048035835660293 -0.5952244886421234
0.502587590795682 -0.8656828019420232
-0.07047518657007798 -0.9985160229450064
-0.5069087373475887 0.8631596213914743
0.19335502905164453 -0.9821480706799957
0.5820304694658274 0.8143964222744281
-0.20300533607435547 0.9801988744766738
-0.4582201107007141 -0.8899636678816868
-0.7574314602173855 0.6544452483385903
0.8675349104913616 -0.4993837993755357
-0.9922222177027274 0.13227271335041627
-0.9744742230549989 -0.2289126221975457
0.7537895435899571 0.6586367162362301
-0.4539386992520146 0.8921550634959088
0.2662815223431579 0.9649327183066239
0.3581497801705456 -0.934735114866126
0.31200870397499936 -0.9511317304368735
-0.30149445170882305 0.9545166816713033
0.20943256196238716 -0.978845749845128
1.000074543039351 -0.04303380490537057
0.9903633498445571 -0.1455384323286034
0.9278385614244214 -0.37565490005304075
-0.695482566719727 -0.7199340243306608
0.2386931160324815 -0.9721247843557452
-0.602156445994087 -0.7996302986679346
0.07294429204968626 -0.9983386851451616
-0.889552160703436 0.4590184673712468
1.0002197233755228 -0.03951588251061333
-0.9971389267248622 0.08783484963264791
-0.8031609656261847 -0.597439087518062
0.5160143137609301 0.8577471818629522
-0.15431272634492973 0.9890341664917319
0.8786384653645792 0.47957840566666177
0.523683385972661 -0.853086578991962
-0.9559178516888183 -0.29702198710303324
0.40737003631561075 -0.9143580554204234
-0.7006348189324231 0.7149208700964959
0.6007948399101453 -0.8006538330248241
-0.35993038284007456 0.9340509191198291
-0.31718005756392703 -0.9494197233488169
0.9039877211468307 0.4298920794987503
-0.5034385024750512 0.8651882305173123
0.3760344086047978 -0.9276848190766301
0.9594212476789615 -0.2855028362418574
-0.3568543757501946 -0.9352304285618271
-0.8949034104959853 0.4484962495747918
0.9921617082650871 -0.1327258251151758
0.8246200328643978 -0.5674529067673542
-1.0004405171753616 -0.03346298841847562
-0.9192912758085797 -0.3961117900570921
0.8064318427110635 0.593016595941158
-0.9890353783894303 0.15430495874752823
0.89868668082601 0.44086647605134277
-0.4850294819639494 -0.8756411374677316
0.9416921429179993 0.33943616184270414
-0.8163461605009505 -0.5792926257388024
0.1604834677016798 -0.9880516467242205
-0.8740140357900599 0.4879553926763921
0.423945969537742 0.9067914947289172
0.7675955705903117 0.6424936108710605
-0.018680393642554655 -1.0008256805724758
0.9981469180619263 0.07552304259944893
-0.3508757142457847 0.9374898576264761
0.43736269516048487 0.9003970640122927
-0.8905554766021548 0.45706886034153427
0.66670592512083 -0.7466620449766938
0.933608128297869 -0.3610773639764057
0.7418576175191947 -0.6720478222037062
-0.769821690031847 -0.6398246365657632
0.3754356101901038 -0.9279273153653709
-0.9122652779582778 0.41203526867454704
0.9857943781576216 0.17381151858501226
-0.9146525859431799 -0.40670830705488914
-0.7876108232622899 -0.6177946188500656
0.8189313459962402 0.5756322181261108
0.03494766451297793 -1.000389754418291
1.0007422480739594 0.022714597066162048
0.9871646228060702 -0.165852366519592
-0.6681216520996224 0.7453955044106928
-0.10971652004538683 0.9949689870690093
0.12328818149007835 0.9933785906213549
0.2562102686934075 0.9676555679662324
-0.9867931579043651 -0.16804839634203822
-0.9184124697916038 0.3981451184320691
0.9338379681091106 -0.36048252290207883
-0.8941521218491683 0.44999220325760103
-0.3645115457309791 -0.9322726709653203
0.0554820649397712 0.9994612250958108
-0.930281101990841 0.3695647051311941
0.9939575647000708 0.11852999441282602
0.6312819503926747 0.776842390133559
-0.9729365715886039 -0.2353623327242772
-0.7959538334321828 0.6070078212384195
0.4121778583121755 0.9122008622650979
-0.7664114589086102 -0.6439056418867407
-0.923404146373957 -0.38642694323686044
0.9507614389159026 -0.31313525236000245
-0.47726885732691904 -0.8798951288794915
-0.9983105687688864 0.07332808659949093
0.7844409925771431 -0.6218145456360655
-0.9646483965442105 0.267309691265924
-0.6421353637498536 0.7678952888394636
-0.7069544521335321 0.7086722815297473
0.08686547921940999 -0.9972238407298445
0.7731388511287153 -0.6358123283449058
0.9989681872953707 -0.06374606475541013
0.11911438120699741 -0.9938877020014254
0.8030551336227926 0.5975813353528361
0.6811152616061105 0.7335414101516285
0.8677043765197799 -0.4990892855676426
-0.7542916536303612 0.6580616242143095
0.06173011822619367 -0.9990947865461915
-0.9495874166931552 0.31667765639214307
-0.766285545968718 0.6440554805600397
0.676633551759596 -0.7376774611123712
0.23382343288969626 -0.9733075578827474
0.5938919971129435 0.8057873762756522
-0.3711829735960342 0.9296365957256663
-0.8038639848380215 -0.5964928280208718
0.6420623683290083 0.7679563237422719
0.9845557289120259 0.18069592321496705
-0.51939343844035 -0.8557052390310056
0.9643231117240706 -0.26848079297187294
-0.6179807454464051 -0.7874647917573873
0.4188933966794259 -0.9091365806183211
0.8787091489564122 0.4794488831359375
-0.8858877084153144 0.46605146505365996
0.26769149547294996 0.9645425150046294
-0.8397134864748395 -0.5448690307149687
-0.6700846246485608 0.7436313574679307
0.6650363276273576 -0.7481495057379359
0.7217417460727364 -0.6936064099875935
0.949401450557931 0.3172347485356805
0.5574580625053094 -0.8314093507700202
0.43812512998507785 0.9000263165461101
0.8963503418502855 0.4455974244369869
-0.1324555345950343 0.9921978287393818
-0.9531564883856796 0.30576740939524577
0.7860768177394359 0.6197452997906813
-0.6511038956871712 -0.7603056734110231
-0.9995241348591274 -0.05433694722850057
0.5205444809632644 -0.8550055224024495
-0.9587829125844827 0.28763922982794987
0.5988142434065375 -0.8021362115585209
-1.0005993199132521 -0.028319621980837362
0.9218203171203074 0.39019008565597335
-0.4597248633048863 -0.8891872975134674
0.2936463277141236 0.9569602051391738
0.5895353567391742 -0.808980261288503
0.29723897568814034 -0.9558504021717337
-0.7997937007973784 0.6019393957574414
0.21779805501306176 0.9770184272737784
0.8740040717374807 0.487973239621093
0.9368062562117934 -0.3526968079277779
0.9965909508320625 0.09384815778503876
-0.9810331408258675 -0.19893460383084058
-0.8911331606210501 -0.4559415423511415
0.21411645039916288 0.9778318596100573
-0.8770262588991637 0.4825204049585231
0.15779849133669513 0.9884840090420598
0.788632105329209 0.6164903912016954
0.9989312682277569 -0.06432201300398695
-0.5259262831663268 0.8517056678658729
0.42522699294755345 -0.9061914833349414
0.3303271096282441 -0.9449259233636518
0.2439933047706678 0.9708080486002822
0.2855437592058253 -0.9594090689474463
-0.9080604285402283 0.4212211510825838
0.5659099970458602 0.8256796444405994
-1.0006626465811275 -0.02598591420854135
-0.2817374578513016 0.9605337083327613
-0.6744097398707971 0.7397110941221604
-0.2439641235411932 -0.9708153822559557
0.8097252660440751 -0.5885116766299983
-0.3274881779147071 0.9459135760343569
-0.8493356668746591 -0.5297451509684425
-0.9816112113804574 -0.19606231073868066
0.3709931819655952 0.9297123527925413
0.2515083507189114 0.9688883060077942
-0.3308676011239338 0.9447368048967361
-0.10140335498275468 -0.9958505709182686
-0.09665689848709279 -0.9963224598366012
0.6687155670207957 -0.7448627326051798
-0.849777950151149 0.5290353820274323
0.8968672426638747 -0.444556125856453
-0.5965026988175154 0.8038566602967351
-0.6355398469480575 -0.7733628533497323
0.8109943159112812 -0.5867616377709034
-0.5141834781589785 0.8588459412422785
0.9966206688392056 -0.09353203965751164
-0.009253733094696936 -1.0009572260710307
-0.9193648523534567 0.3959409908775635
0.5782399214446644 0.8170921571326385
0.26749890956672073 -0.9645959430666373
-0.6520274518387504 -0.7595137931918459
-0.6246841543171947 -0.7821577253629931
0.5738506652813307 0.8201807203026502
-0.8595314252519797 -0.5130367715907902
0.02338460477743132 1.0007268159989535
-0.9498069822334875 -0.3160185065791488
0.9919596232407131 0.13422781328823974
0.220931222269938 -0.9763147008144
0.3190684634892782 0.9487867598183436
0.5478405999429425 0.8377778208177612
-0.9285539979999191 -0.3738829667133368
-0.4787240859810459 0.8791042313068526
0.8541494792051711 0.5219479544681969
0.8927338435950417 0.4527993865941335
0.9896159202053466 -0.15053680771201775
-0.030905724902557503 -1.00052278143391
-0.7545551868025127 0.6577594317601423
-0.9920918415688659 0.13324705584926222
-0.18862483344558237 0.9830674810040388
-0.009877796952042729 -1.0009512621138825
-0.46684644600482983 -0.8854690259137581
-0.327646008815783 0.9458589180776845
1.0001997854931193 -0.04001735997686734
0.7733806067671476 0.6355182429139848
0.5231064209094665 0.853440491424732
-0.44203685372825335 -0.898111585464761
0.8949293055845505 0.44844457629227086
0.8719328193484694 0.49166468100020094
0.43139776842906374 -0.9032701508377347
-0.8271295846220477 -0.5637886574266627
0.7702277153743123 0.6393358010226451
0.9566942309553828 -0.29451171191769054
-1.0009020687376275 -0.014001742632164428
-0.1335617773941271 0.9920495207495045
-0.18009510710910476 -0.9846658074673661
0.992837969175337 0.1275686754802789
-0.9062179440340463 -0.4251705985962647
-1.0009320181953292 0.011665974088147804
-0.9925991485795911 0.12941379462433977
-0.879092242904037 -0.4787461002096514
0.6376284943280762 0.7716416935475368
0.2078099052632925 0.979191525328146
0.13078578043573455 -0.9924193063598752
0.9386043087051427 0.34788353177484754
0.9819623530407485 -0.19429600410372952
0.9962818626724377 -0.09707445652661777
-0.8391693259111874 0.5457067366725129
-0.9667115250561406 -0.25974954730207145
-0.5821983879613565 -0.8142763886145772
0.9561812067007737 -0.2961730912021757
0.9152620340896696 -0.4053349342877328
-0.9731749418935164 -0.23437476927039502
-0.9532419842395018 -0.3055007683838739
0.8726483765550176 -0.4903935265640159
-0.4651173928125923 0.886378480618306
-0.6135841949782453 -0.7908953380017476
-0.9760436335645113 0.22212569724862088
-0.5822657917827567 0.8142281914301418
