1000
-0.3568095022999253 0.9352475496190726
0.3912767358316538 0.9213596018910999
-0.8133575545117553 -0.5834813523315523
0.05523254967814064 0.9994750449391179
-0.9647321701285954 -0.26700719076266627
0.9293582102858793 -0.37187943876238627
0.9337578332546881 -0.36069004537900695
-0.7835534461243546 0.6229325782672214
-0.976341216318041 -0.22081401522233185
0.23369908335446854 -0.973337422705652
0.2568694465252544 -0.9674807943529471
-0.9486254932588691 0.31954760762579215
0.5326133494739864 -0.8475399813354537
0.33721175822614974 0.9424909708395242
0.13604331754463211 -0.9917122645966673
0.3193177429483457 -0.9487028929218959
-0.13089961387624954 0.9924042982006118
0.3521725832053853 -0.9370034533759446
-0.2548203509454852 -0.9680225145852857
0.519474007262832 0.8556563304144341
-0.02058645967646925 1.0007882881398988
1.0000145065001391 -0.04440705787691201
0.9941612436061602 0.11680933914483427
-0.48750302645840876 0.8742664349006497
0.6137999890799882 0.7907278756977058
0.6723374415900863 -0.7415951487409401
-0.32918845804412317 0.9453232035079497
-0.9582791637796998 -0.28931305581615085
-0.18809798573754705 -0.9831684228866779
-0.8627681074050768 -0.5075748150220435
-0.8709936511790406 -0.4933265243282625
0.2986287669079593 -0.9554171128753304
-0.7689161857672264 0.640912551964135
-0.8335165676237741 0.5543023827268672
-0.6588285186979109 0.7536219098130816
-0.9907892188373761 0.1426103917518699
0.33798782995516646 0.9422129413260026
0.15782502682774255 -0.9884797726341304
0.9142424657242133 -0.40762938297736895
0.5372284747248731 -0.8446221438873044
0.9795288917553875 0.20621384584082214
-0.13920869449728426 -0.9912728884501794
-0.4542990207439133 -0.8919716361808381
0.5241027971582424 0.8528289734823192
-0.7860159072010181 0.6198225501116916
-0.624980720346677 0.7819207755232935
0.6327931546318953 -0.7756119025975647
0.9570995777528825 -0.2931917431737363
-0.8639820184968462 -0.5055057583392254
0.3116884850383525 -0.9512367151737241
0.028214245429239997 -1.0006022967967136
0.720474532273503 0.6949226204012048
0.9504312533163024 0.31413600990590457
-0.2967232743860154 -0.9560106162787323
0.8437632418114095 0.5385764493253498
-0.2160579699753929 0.977404703083688
0.7859504750792367 0.6199055175772532
0.16598764687547543 -0.9871418849814562
0.86721922343388 -0.49993181385738805
-0.99695079835565 0.08994501463689944
0.19050212601416006 0.9827054187212387
0.24505716105153594 0.9705400495689818
-0.9764473063613208 -0.2203444074618664
0.8664733466179051 -0.5012234427885109
0.8892499484699071 0.4596036652881127
-0.2367489966984154 -0.9726000784301293
0.8694408894952232 -0.49605800031221664
-0.459767912792875 0.8891650388797815
-0.8631630245203107 0.5069029424859848
-0.9188460103211993 -0.3971435626027628
1.000864121210279 0.01649275216500627
0.7608463556752212 -0.6504720002088752
1.0006674027034685 0.025802115546874685
0.809005275247042 -0.5895010302132286
-1.0009937522993164 0.0035366449828554683
-0.9943738860787281 -0.11498510636029692
0.9760521192439465 -0.2220884069901011
0.9625881038750701 -0.274636381927445
0.23369733812760052 0.9733378417343456
0.6286797861537016 -0.7789497586377032
-0.9847820835334857 0.17945820669851448
-0.8857584683807704 -0.46629704662559424
-0.05887830465146532 -0.999266903905743
-0.40421168540718566 -0.9157586545483927
-0.887899002203503 0.46220813697513335
-0.1216218282745266 0.9935839828052592
-0.07450861987001804 -0.9982231541920199
0.8245993967317058 0.5674828939357616
-0.9252882622694258 0.3818934821470853
-0.5842553735289284 0.8128017338210913
-0.8882065587045186 -0.4616168422775285
-0.9939481512949482 -0.11860890580961789
-0.9248582912492448 -0.38293359882299044
0.6210636586000197 0.7850356246479253
-0.2909622083267901 -0.9577797206694229
-0.1314547763952568 -0.9923309134370818
0.7894339752135058 0.61546323917729
0.7463003470060192 -0.6671107794502315
-0.067333822284057 0.9987327752590375
-0.9633351990433359 -0.2720042174013788
-0.5818027005504022 -0.8145591553915892
-0.591678515968508 -0.8074141030111526
0.46635994120664614 -0.8857253554221723
-0.9457276687038645 0.32802465859741936
0.9545391844801646 -0.30142319965779374
-1.000878350081597 -0.015605394514093944
-0.9635333292133099 -0.2713015361090224
0.8988729256056479 0.4404866213781565
-0.02823783202078869 1.0006016314411874
0.47297804760296025 -0.8822090265269859
-0.9929628614408131 -0.12659287420416843
-0.8351260562806779 -0.5518745057719935
0.05409731211829142 0.9995371332879915
-0.8491439123941928 0.5300524653691212
0.9708255956591023 0.24392347737179626
0.5672021522428208 0.8247925305742724
0.9998628225934632 0.04770048212998131
-0.9955087027478585 -0.10470636443538595
-0.6869824159775864 0.7280495588471971
0.9069295292570326 -0.42365059773546565
-0.9316821545714075 0.3660182548086639
0.9916638994382999 -0.13639541983081904
-0.491224718739088 0.872180758615841
0.19108227266909636 -0.9825927768265006
-0.6239851873547245 -0.7827154565753058
-0.8009927202859811 0.6003429536930236
0.03191181313837373 1.0004911974536415
0.9313064834293902 -0.3669730697508784
-0.986404578210163 0.1703144388653833
-0.9811424979485664 -0.19839455314914073
-0.17125323842672177 -0.9862420232013845
0.5930437639764833 -0.8064118637573514
-0.21065520634083498 0.978583355694087
0.31094944277475367 -0.9514785567936201
0.5288412369914745 0.8498987857723572
-0.2723238333853557 0.9632448960520398
-0.9912629722235051 -0.1392792873998952
-0.9998381101537217 0.048215697487791524
-0.16614105909135368 -0.9871160764996199
0.6287552577410987 -0.7788888405048081
0.24422315366649902 -0.9707502517193543
0.7369486142299749 -0.6774272949804426
0.9911965696531146 -0.13975106549825733
0.6006905255797921 -0.8007320978196597
-0.2729298583710586 0.9630733577508797
0.21116501857518807 0.9784734717559492
-0.9776928544098762 -0.21475027924514675
0.6828714418171103 -0.7319068205383941
0.8819620193842381 -0.47343848213223727
-0.9435855773623473 0.3341365861347208
0.8328425772340871 0.5553145428908589
-0.8620468704571881 0.5087987746987683
0.9722290058029283 -0.23826825276450408
0.9817123683758727 0.1955551732320956
0.6146310574271963 0.7900820610834842
0.9247403581591846 -0.383218305919254
-0.5845850340033452 0.8125646669769169
-0.4548116587030085 -0.8917103538188945
-0.42296299174914676 0.9072504106422941
-0.8775925904921283 0.4814896105974826
0.3558671873834734 0.935606511811336
0.5810206504301418 0.8151171718064434
0.9077425047738199 0.42190584853371227
-0.3406170632528708 -0.9412656459368896
-0.34763302998266493 -0.938697116467858
-0.9224677349638859 -0.38865701839873945
0.97941002152639 -0.2067776819042043
0.7811925572259666 -0.6258907161276279
0.46479348164528145 -0.8865483739876
-0.1594705090243838 -0.9882156428389017
0.23836150145692758 -0.9722061482130213
-0.9710356970465008 0.24308573603034855
-0.9232658881803288 -0.38675715859255744
-0.19997078489137918 0.980822453449107
0.3217599660716371 -0.9478773782687183
-0.18244708140916208 0.9842327278064261
-0.3001507173766682 -0.9549400750090403
-0.9685538148278621 0.25279340929382516
0.9077657346811844 -0.4218558651230648
-0.9224325341636506 -0.38874055604789376
-0.2215365792602724 -0.9761775166687958
-0.8122751168946418 -0.5849872942840689
0.978618089742027 0.21049378715217681
0.9185866019545678 0.39774320196523844
-0.9944545435580929 -0.11428543562792788
-0.655677217272423 0.7563652469210175
-0.9913712339608025 -0.13850659361573964
0.9527468946738197 0.3070412915055457
0.032232792558687405 1.0004809079057275
0.13868653588041546 -0.9913460771927683
-0.7052485863225108 0.7103699258063365
0.25109939290520544 -0.9689943729881187
0.7259097343407119 -0.6892431048544461
0.9845796806235578 -0.1805653690584459
-0.7737002571414696 0.635129051531438
-0.8149134388839099 -0.5813063625373458
0.26512541929127564 0.9652510098651155
-0.08062973576854071 -0.997747385719399
0.2938253293704194 0.9569052595844401
-0.7470114542170618 -0.6663144057188847
-0.4425503706274206 0.8978586578396027
0.1254824605539277 0.9931037972404154
0.7951784849362914 -0.6080231715111064
-0.36617793013869476 -0.9316194091362315
-0.8531276284912801 0.5236165099620566
0.8494353891487586 -0.5295852336137188
0.32649189669597184 0.9462579148371055
-0.8273046190727281 -0.5635317801694313
0.6446058027936271 0.7658226681189213
-0.9995685136396212 -0.05351435826279285
0.9589833976965116 -0.28697010809917856
-0.5589119554188293 0.8304326740259566
0.7387653277260365 0.6754456236810198
0.9949163473205677 0.11019283930591689
-0.8659526848195538 0.5021224428899853
0.20349082765180782 0.9800982007235716
-0.03551164236073257 1.0003698932179255
0.481984181242593 0.8773210638255001
0.9905180143628338 0.14448205155903943
-0.9884758557456348 -0.15784955688228886
-0.14250218807160103 0.9908047872284459
-0.15540622567340034 -0.9888629354071008
-1.0009981761044786 -0.0019108729699886444
-0.8933266829346667 -0.4516286500621341
0.6766208420583375 0.7376891188653024
-0.40991777561028175 -0.9132187127072674
0.9908462426726191 -0.14221365399128622
0.9779432038919738 0.2136073265632559
0.618893803993259 -0.7867473923558651
-0.7589846883890132 0.6526432737652572
-0.6833948095455425 -0.731418166499993
0.47688045976556437 -0.8801056908654687
-0.8353526953383441 -0.5515313902136157
-0.8772523382206127 -0.48210925637916113
0.9738541976586195 0.23153617795646228
0.9925042521195642 -0.13013957708777346
0.8169350345512667 -0.5784618823420612
1.000392040133432 -0.03488217363740237
0.5059469458275032 -0.8637237336138341
0.7275452748006326 -0.6875164529778701
1.0006482029844108 0.026536274494910812
0.5443887081560279 0.8400249606007021
0.8380530928823269 0.5474194128000632
0.22351840788850638 -0.9757256383507544
-0.2864072037713542 0.9591516635172324
0.9935916570577638 0.12155911740880306
-0.9948686389786593 0.11062274258374725
0.278535220683468 -0.9614671761629784
0.7313912467018474 0.6834236199078264
-0.9382147892523146 0.3489326714829595
-0.040910943568482044 1.0001636339601319
1.0007483367309604 0.022444743932961638
0.9423421536115792 -0.3376274063619403
-0.566344340779974 0.8253817829747011
-0.9915934053818796 -0.1369069698852748
0.30361904316100535 -0.9538430041836002
-0.550734227437831 -0.8358784664820931
-0.05978207678844917 0.9992132421534755
0.1827190010212418 0.9841822832513291
-0.722512244959529 0.6928037643399042
0.9827093201788468 -0.19048199923779907
-0.8410811194119144 -0.5427555163872596
-0.9971474988386183 0.08773748092968948
0.984410244998564 -0.18148683021604417
0.9887214128205084 -0.15630408769516485
-0.9452499160212219 0.3293988407111857
-0.9991153591068458 0.061396247416258196
-0.9129267223662478 -0.41056765531349376
-0.17435575868993103 0.9856982648922836
0.5456343716963218 -0.839216379978108
-0.9578414778471132 -0.2907588404772214
-0.9505194913071678 -0.3138689163411419
-0.53542591101803 -0.8457659805232842
-0.8545748521707281 -0.5212512081879312
-0.8314781927336325 0.5573553758675089
0.6271296957750414 -0.7801982726699054
-0.9792355888326607 -0.2076021713844832
-0.6969938632506639 0.7184709838197468
0.9351276388602778 0.35712364671021435
-0.879623206419829 0.47776983446812415
-0.8253350794499268 0.5664123997842763
0.9434641378982366 -0.3344793274627554
0.9931127304635887 -0.1254117402445059
0.6451146517128932 0.765394072452454
0.7249165050047042 0.6902876652322311
0.9894953496790039 -0.15132730409158054
0.982814348785697 -0.1899393477427632
-0.7541953728099348 -0.658171968129974
-0.7740854917379809 0.6346594767911122
0.9015105328685535 0.43506293697240705
-0.8508895950030158 -0.5272455757193265
0.15139731524236802 0.9894846400714885
0.9351148858036128 -0.3571570387777571
0.9774136551000024 -0.21601746879373745
-0.18514434438470176 -0.983728911714177
-0.7605444825872468 0.6508249303815098
0.6108390275719928 0.7930174540291672
-0.23663500073879598 0.9726278200963356
0.48253779950082093 -0.8770166885828944
-0.8037019425764081 -0.5967111424289879
-0.7061320363677471 0.7094917527463858
0.9819981514781738 0.19411499296409232
0.9868076920547285 0.16796302837714056
-0.9208281871057074 0.39252573142612757
0.7738537690050511 0.6349420006557112
0.05827062561883923 -0.9993025238585106
0.6351948580177259 0.7736462320388053
0.0389672040404355 1.000241249403998
0.25917495160180176 0.9668657323859418
-0.9646899825540292 0.26715957321403777
-0.8589329443152594 -0.5140381281285655
-0.7063840470227479 -0.709240846336253
-0.7605697724542289 -0.6507953758509063
1.0009416653127454 -0.010806601729867757
0.9798622332306887 -0.20462405500861228
0.21094145584976787 -0.9785216922500903
-0.8465029348310461 0.5342600315599378
0.35337468760807267 0.9365507621895873
-0.6493810015255638 -0.7617777332382824
-0.3034319607160094 0.9539025344426117
-1.000253208446849 -0.038659009193001324
0.9306819108166818 0.36855417631416104
0.9905245487064689 -0.1444372473077708
-0.7876907372535795 -0.6176927249408984
-0.8558179374999696 0.5192077212959165
0.8708124790636456 0.4936462562473536
-0.9322498502835 -0.3645699063916161
-0.5855060952862048 -0.8119012331452032
0.7815395524622757 -0.625457374996143
-0.44136490845610515 0.8984419945569853
-0.6920166776943325 0.7232661458916062
-0.2882702708172782 0.9585933710197109
0.6807446144893348 -0.7338853928535211
-0.20569148783653599 0.9796387149513804
-0.842399348122027 -0.5407072574726403
-1.0009105233738016 0.013383728911722511
0.9484935116672545 -0.31993914784708627
0.7792146891076024 0.6283513891756289
0.8551588661180598 -0.5202925270457709
0.4612041013903642 0.8884209457575314
0.8494779810866065 -0.5295169115798125
0.7671563721131673 0.6430179629887206
-0.1688613251601641 -0.9866543735600392
-0.9146501867468587 -0.40671370260164164
-0.9652696569227187 0.2650575209728952
-0.04420451438701232 -1.0000234801782448
0.8775160621012017 -0.4816290696733328
0.4649022774079758 0.8864913267826581
0.4861121702607488 0.875040546445926
-0.27940631489885087 -0.961214393980159
0.9337256147198795 -0.3607734419493529
-0.9819169778451795 -0.1945251876220386
1.000248322080295 0.03878523141035239
0.9100359268481284 0.41693598051219793
0.1425435030740846 0.9907988442319503
-0.12045812085459108 -0.9937257373743426
-0.883755443862535 -0.4700822432759334
-0.2023474862825528 -0.9803348891042959
0.7005622154644531 0.7149920155243255
0.6296012120705925 -0.7782051874404596
0.7694690168310444 0.6402487267750447
-0.011535887785763239 -1.0009335259111836
0.7654464761482064 -0.6450524724022794
-0.7062705046347346 0.7093539132781304
-0.9866386126138246 0.168953390316582
-0.11322675915072447 0.9945756386581283
-0.6789122038839807 -0.7355808721122351
0.3388820183222483 -0.9418917016609921
-0.6298803079348811 -0.7779793041436638
0.2626031378634576 0.9659402631551632
0.9456225549470126 -0.32832755530945634
-0.8343702922563142 -0.5530164693751107
-0.9684706829728995 -0.25311170700306523
-0.755488978328142 0.6566866860419055
-0.24419558203690406 -0.970757187824874
-0.6378271761372997 -0.7714774743184133
0.6461704667035266 -0.7645029286799015
-0.10300202947179474 -0.9956864877684599
0.8617889297789912 -0.5092355452149633
0.6848291553834763 0.7300753577109382
0.29316763037942817 0.9571069639793198
0.1646989722767961 -0.9873577105238845
-0.9829949987162376 -0.18900220236511545
0.7005580610984249 -0.7149960860242632
-0.9448177403853802 -0.33063641277552025
-0.48943438491811597 -0.8731866827087008
0.49393897398389053 0.870646478187181
0.8217545553911759 0.5715946559353495
-0.7846085042319751 -0.6216031652806013
-0.9984817918239189 0.07095851884091305
-0.14708726393395802 0.9901345043924195
-0.8277567282040228 -0.5628674789974737
0.8491766319480647 -0.53000004505032
-0.7169039052475932 -0.6986056045013881
0.7930109093723344 0.6108475240323589
-0.7759306167957087 0.6324023070158987
-0.22510674325549673 0.9753604226853291
-1.0006009326152527 -0.02826258391383601
-0.9959100057530973 0.10081795693657744
-0.36680268994458337 0.9313736020788961
-0.799069160375568 -0.6029008848365415
0.3317898620825419 -0.9444133032837095
0.23369748929266668 -0.9733378054397681
0.9314713792601748 -0.36655432014797956
1.0001621250268384 -0.04094781632515618
-0.04597386969113966 0.99994370006797
-0.5966652038206616 0.803736047810255
0.9677003030379175 -0.25604125351263707
0.0525287502322451 0.9996207933006588
0.7356946718438541 -0.6787888845735204
-0.9632944007276388 0.27214866805990284
0.5246624080034622 -0.8524848137228067
-0.12877083847683565 -0.9926827646121256
0.9975226916189605 0.08336353942380602
0.8603259827425592 -0.5117032376466362
0.37771797029672793 -0.9270006121437678
-0.17562668984414287 0.9854726103826474
0.6159089613501447 -0.7890862762262348
-0.9714291657616957 0.2415085421005557
0.8681422619648057 -0.4983272147802392
0.6770050201711723 0.7373365599663635
0.912598015113924 -0.41129777875661583
-0.9077508274249301 0.42188794164962196
0.9910347567696868 0.14089397032679532
0.45658167288552937 -0.890805352467671
0.08946744952507127 0.996993769025403
0.6142709652608234 -0.7903620570583688
-0.9093408165356235 -0.4184498528884023
0.013514576717727891 -1.0009087651809931
-0.009268248936202966 1.0009570917685016
-0.020173777226251053 1.0007966919971436
-0.3035373858784845 0.953868992773146
0.9614862499009543 -0.27846937219629686
-0.998912776033515 -0.06460855885265199
0.8556652881461441 -0.5194592521668818
0.023024645957613093 1.0007351626072338
-0.7421153840757141 0.671763170111428
0.8932503793626778 0.45177954775358325
-0.8530964959881808 0.5236672307226105
-0.9845832328074563 0.1805459987770939
-0.8200120097158641 0.5740917208266897
-0.6504407939121558 0.760873033833454
-0.964684167963367 -0.2671805683069528
0.4369177872422476 0.9006130396520684
0.8324682201341495 0.5558755818226605
-0.7401253229889302 -0.6739551218519909
0.8163268280806206 0.579319868255727
0.7838061257491763 0.6226146137363517
-0.9973429153030586 0.08548748033949878
-0.6469611279599696 -0.763833947208923
-0.9169989413571412 0.4013900117714468
-0.07023862599500028 -0.998532691211627
-0.42485013721661413 0.9063682258922275
-0.17973349315154258 -0.984731877944217
0.7443135722708812 0.6693267558773963
-0.7284659812942386 -0.6865408320682915
0.07861214726966582 -0.9979083777089219
-0.5619427364992309 -0.8283847903575704
0.2546276454183659 -0.96807322150171
-0.9572717461892252 -0.29262912354690823
0.3670092699326047 -0.9312922182556539
-0.5262508524155121 -0.8515051616590159
-0.6598990304263934 0.7526847079902087
-0.2793852443392399 0.9612205185312594
-0.6945334869507984 -0.7208496622070132
0.166982923700489 0.9869740134331991
0.113670490607084 0.9945250220910206
-0.6383054031291057 -0.7710818454199204
0.7892954214225402 0.615640916217737
-0.9683866763620692 -0.25343292020656094
0.4714652563634448 0.8830184097979787
-1.0009959547777 0.0028457896409987554
0.23088644555339144 0.974008444141898
0.725958267151554 0.6891919865714581
-0.27540325432041707 0.9623689768013741
0.8746030610692648 0.4868988453141699
0.45019760523645996 -0.894048721401332
-0.5432006329950759 0.8407937156721315
-0.578322328175805 -0.8170338332855723
-0.7735739468394869 -0.6352828887756845
0.752064537133214 0.6606057311184975
-0.29572970433072 -0.9563184312646416
-0.9877489938839363 -0.1623358404089236
-0.6167784457993543 -0.7884068421806936
-0.6130276417291274 -0.7913268038402493
-0.1825819279623132 0.9842077217648543
0.7297012808237445 -0.6852277291267383
-0.9770840790619822 -0.21750333892517162
-0.9510731004748024 -0.3121873757108803
0.6102206006010967 0.7934934269431831
-0.23615568680168172 -0.9727443094622688
-0.950344278643197 0.31439903315713547
0.5598449717190066 0.8298039573543529
-0.44122872526558937 -0.898508882538455
-0.13455075517441437 0.9919158705666499
-0.9708285441940371 -0.2439117417798628
-0.66690505121974 -0.7464841945129154
0.6829591613674251 0.7318249680793238
-0.678568080245267 -0.7358983356906392
-0.8978820903551958 -0.44250282690552833
0.9346166095702934 0.3584589141245198
0.5574752232003348 0.8313978443066453
0.5723712858920013 -0.8212138035166828
-0.726846059977191 -0.688255624819466
0.9349987439374636 0.3574609752621469
-0.5692063028033857 0.8234107024133828
0.5160263892252479 0.8577399172378262
-0.9608457606851609 -0.28067138110850287
-0.13770387476040744 0.9914830522383982
0.922226699161478 0.3892286157950421
-0.37979095226622306 0.926153244650536
0.47614602168042386 0.8805032458985631
0.5680974846975222 0.8241761024686098
0.954823019974192 -0.30052287854232285
0.9784572964529507 0.21123995601680695
0.787762592964665 0.6176010825165282
0.8853814398357437 0.46701253301639073
0.7892388814194925 -0.6157133976581217
-0.9952532079390404 0.10710766586500348
-0.5133380168985004 0.8593515464620489
0.12957413283222718 -0.9925782307207711
-0.47241995096448586 -0.8825080112558259
1.0009891626155274 0.004657931543634401
-0.8536599783431195 -0.5227481624790515
0.5633510222437302 0.8274277163214586
-0.5521970489261785 0.8349128212916722
-0.25069955256844323 -0.9690978971920134
0.29408049938072695 -0.9568268703814616
1.0008538085607532 -0.01710712978366186
0.8798492267920299 0.4773534729249041
0.7275807493683881 -0.6874789110573029
-0.6641706870145988 0.7489180853141123
-0.9389771867149926 0.34687583200447647
-0.15896655061967488 0.9882968358666754
0.981125911227574 -0.1984765636488665
-0.17895706936775027 0.9848732747533087
-0.9751750826970604 0.22590829574582083
0.9393781622582599 0.3457884733074462
0.9966567040358999 -0.09314727210335583
-0.784109776125497 -0.6222321584299729
-0.15967694133680285 -0.9881823082839133
-0.9519525484039258 0.30949530785986296
-0.24137860255930618 -0.9714614610093992
-0.689313787754298 -0.7258426151803314
0.656401198813543 0.7557370350830662
0.9002293227079357 0.43770785523772754
-0.11589476310299793 -0.9942682756104109
-0.029228802759133397 -1.000573174280256
0.7645202852149121 0.6461499311265996
0.23317360504904489 0.9734634404580544
0.46189751911785093 0.888060629592808
0.4251448210088471 -0.9062300376666816
-0.9847782723623393 0.17947911935109961
0.8308485238578466 -0.5582935880011853
0.05872720554576333 -0.999275795428262
0.9687183179118045 0.25216229008740365
0.9755879761368804 -0.22411849726683825
0.9861454267611667 0.17180860653074537
-0.15485024514597912 -0.9889501512099739
0.48784014047396523 0.8740783702519711
-0.8462187532216937 -0.534710035155431
0.2768858844959346 -0.961943453102574
0.6099258795683626 0.7937199893115703
-0.963042557595542 -0.27303851790514305
0.6496231122169033 0.7615712783933128
0.3981106724568494 0.9184274018538183
-0.8664986117593075 -0.5011797639761534
0.9900797162858196 0.14745560484224052
-0.8405702635593564 0.5435463476280142
-0.9365074834994845 -0.353489368085467
-0.4522298241728849 -0.89302250034843
0.6904818965462188 0.7247315023799757
0.46966515549223725 -0.8839771726218119
0.22169371082665348 -0.9761418434735334
0.8770492179135309 0.48247867243771914
0.9790488107441064 0.20848123699880253
0.6376111158312526 0.7716560535422663
0.19135533266360988 0.9825396361782048
0.9629189726392223 0.2734740428841915
-0.3245713282677263 0.9469183982089079
-0.4865534879931866 -0.8747952350817099
-0.475874873769837 0.8806498194597793
0.8976372270002936 -0.4429993326216456
-0.9793308852974293 0.20715215929976086
-0.07209323418127651 0.9984005035982723
-0.24390103449610345 -0.9708312342378208
0.9865807475956526 -0.16929095803852987
0.4202904173801465 -0.9084915877752651
-0.37671979288782015 0.9274067056294978
-0.6052582350830851 -0.7972850612322477
0.9993598317873511 0.0572793733376804
-0.9985837026566259 0.06950963090524456
-0.9561198033237438 0.2963712565215553
-0.2958365933136226 -0.9562853706172599
-0.4740171990908454 -0.881651118621232
0.2412832156967535 -0.9714851567692807
0.30637594344667907 0.9529610596856292
0.511978022745405 0.8601624871067707
-0.9898908873018221 0.14871795868963325
-0.7861814012697612 -0.6196126243851998
0.36956835236775315 -0.9302796530765274
-0.8405782561662941 0.5435339872173882
0.9676837691853448 0.2561037345593469
0.701069159738081 0.7144949497821107
0.9998103954369156 -0.04878701852212789
-0.21102827306343663 -0.9785029728967938
-0.42817031248339926 0.9048045001589394
-0.4130629892203639 -0.9118003986269898
-0.8087565689158204 0.5898421926545353
1.0008074105349893 0.019634841946126427
-0.6978826727867564 0.7176076748642067
0.39573457859256733 -0.9194537200458559
-0.6033003556283564 -0.798767601307601
0.6141628549316198 0.7904460687625957
-0.9086968293610295 0.41984648659862817
0.13852132629700617 0.9913691755148121
0.823532899581858 0.5690294924749484
0.7887329176668483 0.6163614074459405
0.6737336734978463 -0.7403269123806708
-0.019357049636524314 -1.000812821974903
0.7537405540740897 -0.6586927790283451
0.8905812476687106 0.45701864436896095
-0.06416945501210002 0.9989410798657997
-0.9679065721364053 -0.255260391786806
0.9418974031153176 -0.3388661712307987
0.798825683229361 -0.603223447665245
-0.40840509599823127 0.9138962072153902
-0.45639374861362586 0.890901647897456
0.8944957768712433 -0.4493086969551236
0.004844518725918447 1.000988276973469
0.7537444741982557 0.6586882932128026
0.33621156609343117 -0.9428482289451481
0.07450517989200246 0.9982234109503044
0.9955716162685881 0.10410646896495464
-0.21106506110571457 0.9784950383013912
-0.8739360212018484 0.48809510430435826
0.6984468786146738 0.7170585455549771
0.1699476312593834 -0.9864678416599929
0.8614819566934642 -0.5097546844234003
1.0003076556953976 0.037223567228003504
-0.5543007561003609 -0.8335176493551701
0.7484889937437181 0.664654215547089
-1.0009977652299356 0.0021151843122118
0.24179457132762525 0.9713580108675123
-0.5081569050763225 -0.862425393772269
-0.9426157143805217 0.3368629023844843
-0.5055873896543658 0.8639342517937835
-0.1558859033012157 -0.9887874317324042
0.1504032614026225 0.9896362255695041
-0.9984402135340082 0.0715411769414219
0.8683410040361541 -0.497980823636296
-0.9949972698202723 0.10945973255130986
-0.5457680230654693 0.8391294685560801
-0.8446430365930291 0.5371956261315861
0.5286754003645785 0.8500019535561978
1.0002807287045652 -0.03794026597513425
-0.3881342047245991 -0.922687834060254
-0.9889015022656308 -0.1551606226359599
0.6071790761355644 -0.7958232024156889
0.7600788272347339 0.6513686946649121
-0.5057357271526431 0.8638474253485897
0.8509907357419216 -0.5270823158496432
-0.6565041776930928 0.7556475796768729
0.9687121862510975 -0.2521858445841459
-0.899494035497629 0.4392168941470606
0.20398428235765853 -0.9799956186386912
0.18874392772246287 -0.9830446224601901
0.29943148256252883 0.9551658427992523
0.4056477523123193 -0.9151234348676485
0.6951452160058533 -0.720259764712826
-0.13680562460430334 0.9916073926089027
0.033466510405597935 1.0004403993648359
0.8273741755115288 0.5634296528375287
0.4484389068381274 0.8949321464970543
0.852893842400494 0.5239972267057539
0.5041984627101731 -0.864745575415508
0.9936910408301254 0.12074400761090363
0.8317232412045329 -0.5569896318965251
-1.0004337823839387 0.03366373516064689
-0.7383286269248145 0.6759229532005241
0.33881550049265335 0.9419156313735921
-0.921612396588499 0.39068093177733043
0.29232426848338255 -0.9573648844905767
0.9328494068576131 -0.36303303448226226
0.35926864360948213 -0.9343056468410126
-1.000879626758978 -0.015523296647585458
-0.8885886091488976 0.4608809864713748
0.7952316473066443 0.6079536389577423
0.725449537370006 0.6897274597474312
-0.7713392299140633 -0.6379943513821887
-0.9855495269518435 0.1751945487879047
-0.9407772159082689 -0.3419637846730066
-0.0027847160045029393 1.000996126544341
0.06621594552100821 -0.9988075132670754
0.8292529248374177 -0.560660848150277
0.8610283136083596 -0.5105205609617933
0.8208657978363709 -0.5728702662404971
-0.6241836089030398 -0.7825572326525244
-0.29381908942495044 0.9569071755867927
0.4784739403097892 -0.8792404042378992
-0.9921775498067718 -0.13260735145319366
-0.9961806762458628 0.09810739153771879
0.8918212754003145 -0.4545941186854009
0.32503501169339793 0.9467593364596267
-0.09648495479587436 0.9963391257488777
-0.8844588642635379 0.4687574185286591
0.4328974422471273 0.9025523832420449
-0.8798651128937587 -0.47732419078908334
0.966291168073677 -0.2613089713400763
0.9712736614784986 -0.24213317517050628
-0.6779568109644467 -0.7364615145864158
-0.8905956804714925 -0.4569905184197144
-0.5651732547916288 0.8261841151149281
-0.9598277516138451 0.28413322092270504
0.20104613522235004 -0.9806025961173856
-0.7201200186552124 -0.6952899817572641
-0.9943808563432686 -0.11492481254293084
0.9906885040263514 0.14330836678306613
0.6515336445521308 0.7599374382254224
-0.7964394043544643 0.6063705757962751
0.8061913461339332 -0.5933435037301384
-0.8002114330743133 -0.6013839558694211
0.4475640391310879 -0.8953699966363995
0.984538775055284 0.1807882750972551
1.0000305172974582 -0.04404502779858565
-0.8664188770990747 -0.5013175933541314
-0.9660845130165254 -0.26207196284536594
0.9985399899137007 0.07013478839453517
-0.21887773793497806 0.9767771167653689
-0.8128366601621275 -0.5842067817960334
-0.008601749530933575 1.0009630412283
-0.8079374622823989 -0.5909636681223959
-0.08486789520440179 0.9973958293293465
-0.8934429300431512 -0.45139863840723854
0.3647734897940294 -0.9321702103926541
-0.27290746958839124 0.963079702331464
-0.8560158776511844 0.5188813132201551
0.9965929239773067 -0.09382720223028197
0.5969692175115836 -0.8035102695943641
-0.9965083462613319 -0.09472125332524653
-0.798475201641083 0.6036872968385469
0.936167240596949 0.35438947167360113
-0.3957810144619873 -0.9194337325720872
0.6999096835256087 -0.7156307951081216
0.2564491892977497 0.9675922763791198
0.15270093988911362 -0.9892842983475384
0.6891924062990018 -0.7259578686809529
-0.9831783037192472 -0.18804633231133172
0.7362925831650736 -0.6781402745568967
0.7640860104779343 -0.6466634121333246
0.802044011330354 0.598937729558854
0.5722987423742937 0.8212643602865047
0.7747475527809063 -0.6338511098515145
-0.9802326985506297 0.20284195003043734
0.15176261301489405 0.9894286782233934
-0.526249141167709 -0.8515062192493068
-0.8050957142981786 0.5948292955283101
0.6625874925128337 0.7503191419426507
0.8772988348999882 -0.48202464074269413
-0.7871828975806695 -0.618339781800024
-0.7191713733870528 -0.6962711653519627
0.27075570338625693 -0.9636868521899701
-0.7354532413276371 0.6790504619103593
-0.9999067786851779 0.04677001111215218
0.7213549140702947 0.6940087088406296
0.5896378135649636 0.8089055870831461
-0.9635041396949363 0.27140518195259417
-0.18265454565324954 0.9841942475711819
-0.8864040586212077 0.4650686453200758
0.9802612047607031 -0.2027041451009205
-0.6423639422376327 0.7677040873363429
0.7874713215526864 -0.617972424734361
-0.7268920162980206 0.6882070884858701
0.9941886596356143 -0.11657576528567448
-0.8576005310790016 -0.5162580063234028
-0.7986866179470092 0.6034075623592798
-0.9878643167846364 -0.1616325821844829
0.7886968068708871 -0.6164076141902098
-0.9481433776622116 0.32097528782648194
-0.8277543002865794 -0.562871049492755
0.14556458313344245 0.9903595065112402
-0.6728703171318081 -0.7411116895063388
-0.2653282185463951 -0.9651952840969522
0.3740087841188505 0.9285033276202832
-0.8267254571804942 -0.5643810932780289
-0.2619309792556007 -0.9661227469148017
0.8577221263156474 -0.5160559601715348
-0.9708624573736709 0.24377671927884537
0.70216289304485 -0.7134201228104563
0.9254821960215689 -0.3814232620686556
-0.7931961234011767 0.6106070011237549
1.0005057655786376 0.03145175740565324
-0.5043184938755323 0.8646755788936766
-0.1717632286755698 0.9861533315235232
-0.40762917849421726 0.9142425568962154
0.963323027989895 -0.2720473189435617
0.4585342948162371 -0.8898018321386937
0.4205305399829372 -0.9083804626595947
-0.6301839433119992 -0.7777333717873619
-0.29205873562619195 -0.9574459227258896
-0.616236706066028 0.7888303506438452
0.10364880394765977 -0.9956193677506577
-0.03142342656224745 -1.000506655781503
-0.23662222390703644 0.9726309285403628
0.9984949234069137 0.07077349737452328
-0.57233539723289 0.821238816103008
0.5567448392430621 -0.831887122136301
-0.05434695690132898 0.9995235906548505
-0.454511756538509 0.8918632536259575
-0.9312014909876279 0.3672394085367454
0.1395963137893772 -0.9912183761293057
0.3660230665613265 0.93168026422429
0.46888983179747745 0.8843886733992771
-0.7285482221794713 0.6864535584867572
0.22524006354290796 -0.9753296436462837
0.9980333288608504 0.07700957396927798
0.0714688718723012 -0.9984453917732811
0.851167193144332 -0.5267973133139531
-0.8590410171973846 0.5138575004536596
-0.04111858884922708 1.0001551187946038
0.0012603089272548579 -1.0009992066037854
0.9945204637231223 -0.11371036556069034
-0.9027913627514388 0.43239883827480396
-0.5355158423208374 -0.845709041351341
-0.8647941479130549 -0.5041151472980488
-0.6351173722633722 0.7737098444825871
-0.6060508910383922 -0.7966826956019385
0.24223585634917685 -0.9712480578610085
-0.43333730349470134 0.9023412776770999
0.3577175939663574 -0.9349005952329479
0.9765449751081848 0.2199111447629584
-0.7540277640741585 0.6583639806408954
0.5792922103110927 -0.8163464552951086
-0.6866826441387373 -0.7283323048160313
0.842346102079544 0.5407902036015432
0.8462713852236465 -0.5346267319837743
-1.0001587795706666 0.041029448542661565
0.4673248937555248 0.88521660833741
0.7271179834074208 -0.6879683409907215
-0.980511866521835 0.20148816245593032
0.7007365192930421 -0.7148211878008877
-0.7158278167274799 0.6997081797429335
0.9995176742513726 -0.0544556595692948
-0.5110533956245885 0.8607121625843206
-0.6686150661988715 0.7449529470052983
-0.09829681959623908 -0.9961620025162897
-0.20374670391995658 -0.980045040108746
0.34393357670174146 0.9400588783779169
-0.8329767520363884 -0.555113259224556
-0.5213679663421849 0.8545036241422351
-0.3395331080673203 -0.9416571926800885
0.0013651538050153745 -1.000999069108003
0.043066735991095506 -1.0000731254518709
-0.8653982309725905 0.5030774312464344
0.15164276173133007 -0.9894470540733825
-0.5004907656230719 0.8668967605926505
0.9904911354894841 -0.14466620378219758
-0.3474331987569359 0.9387710969142177
0.2372644991956634 -0.9724744507808064
0.8357204221552501 -0.5509740247894183
-0.7365124697588268 -0.6779014544089379
0.454473902398664 -0.8918825438579508
0.09402855917817725 -0.9965739461067985
-0.9249538529113497 -0.3827027175033504
-0.6366623140999174 -0.7724390576640582
0.31893761352973926 -0.948830753441284
-0.3685666703607169 0.930676963021657
-0.4624837783761117 -0.8877554588618172
-0.9324090738689226 -0.3641624897856699
0.5073780613029379 0.862883829323781
-0.6123119337899494 -0.7918807332789531
0.08727875636201314 -0.9971877549829321
-0.9699591110323803 0.2473465644096852
0.5779587130967331 -0.8172910900992181
0.7077385291077666 -0.7078892388053197
-0.9997639583897057 0.04972954358273363
0.3608875980541059 -0.9336814989977782
-0.30478404853223673 0.9534713859158539
0.7232838982982965 -0.6919981231639428
0.524262407781649 -0.8527308648025987
-0.3617558301161366 -0.9333454448257541
-0.6419224953089768 0.768073245215778
-0.7724555083777639 0.6366423545263465
-0.6619338931699732 0.7508958123953299
0.5731277186837943 -0.8206860654819903
0.1778706129084758 -0.9850700711439583
0.7704139266598753 0.6391113999988673
0.6427455622636292 0.7673846116455627
-0.3545058989686794 -0.9361231583485201
0.2446095906366163 0.9706529493946778
0.15431393119525105 -0.9890339785058284
0.7049702282591206 -0.7106461688268525
-0.5872812214605239 -0.8106181387804218
-0.9187657693401783 0.3973291596255558
-0.7197693907980331 0.6956529480065675
-0.9793200129211641 -0.20720355279794528
-0.8617343317268855 -0.5093279312223293
0.9980637261398718 -0.07661461064180287
-0.445331796895723 0.8964823426446427
-0.9608572397497473 0.2806320808825971
-0.01931482353466381 -1.0008136377926835
-0.9801268390579976 0.20335284448017452
0.90511167971754 0.4275205810705413
0.9945533427708373 0.11342243333377025
-0.5248900146485126 0.8523446911445417
0.1119571351491083 -0.9947193573512101
0.9469104623875576 0.3245944796526611
0.08278632973812172 0.9975707612036807
0.23244940826635271 -0.9736366224606706
0.8427858530187549 -0.5401046250046835
-0.02614607806943183 -1.0006584745064557
-0.9992788902438744 0.058674521838450545
-0.9950092834874817 -0.10935047221538724
-0.6871709939646168 0.7278715718131054
0.9988519749847832 0.065541834495215
0.8484261766047808 0.5312005486177449
0.014871098793586108 1.0008895295788998
-0.7967247273653134 0.6059956343115576
-0.9707338727939324 0.24428824820382458
-0.5726438203062642 -0.8210237847133584
0.9235210259717346 0.3861475295636561
0.8389107236738913 0.5461042004095445
0.9764508042578234 -0.22032890610233144
0.6219305617002157 -0.7843490144210383
0.46159230979588295 0.8882193082439166
0.831765556840732 -0.5569264389965941
-0.8123489371730479 -0.5848847786306456
-0.9663320710552885 -0.26115766971313903
-0.39024951479364645 -0.9217951595681784
0.7048698278117003 0.7107457533047271
0.7778544494817891 0.6300344874857111
0.9591101324743003 -0.28654625069110556
-0.5230460771991146 0.8534774754652977
0.28492771584091997 0.9595922033581119
0.2992582917164416 0.9552201185271157
-0.9412721892280801 0.3405989808936274
0.5535419927732478 -0.8340217396666718
0.7424210524693666 -0.6714253352758427
-1.00057710334427 -0.02909399015586988
-0.6364701029943071 0.7725974423944311
0.4755008895198131 -0.8808518059616308
0.888995292334346 -0.46009604454653874
-0.5628581852451141 0.8277630477996567
0.9700918486655579 -0.2468254548312235
0.39660530848436204 0.919078467423769
0.9306095664945587 0.36873680959297994
0.9440569940383586 -0.332802331733506
0.8188773614476714 -0.5757090123565027
0.14632250283222786 0.9902478099773373
0.9375882505185835 0.35061271010832157
-0.8945200322709747 0.4492604054064128
0.994570335109552 0.11327333543280863
0.9729547166559951 0.23528731231592656
-0.3527325059268663 -0.936792815548109
0.33930245646445173 0.9417403267553051
0.6402101106448707 0.7695011463461783
-0.1650793628187191 0.9872941830940591
-0.9278808419155552 0.3755504536092062
0.06133447185984746 -0.9991191533354136
-0.6517511938535577 -0.7597508679234675
0.6606120536596962 0.7520589834311658
-0.06413736272623309 -0.9989431408756575
0.9199148308260091 0.3946615056302743
0.8539103835803815 0.5223390247852497
-0.22350064390903066 -0.9757297075380296
-0.5094082149512252 0.8616868749959038
0.34509629243370404 0.9396326670292554
-0.9803707129782915 0.20217384878968966
-0.9671894055006273 0.25796444306792227
0.8025821721401304 -0.5982163964342921
-0.21993764254351433 0.9765390076143406
0.9454470755734085 0.3288325216423849
0.8904412640239883 -0.45729132434735953
0.8785988538117807 -0.4796509711035987
0.6232602140115489 -0.7832928607042696
-0.6337518051628294 -0.7748287871864695
0.8282452251435821 -0.5621484208168311
-0.9592979564450745 -0.28591682489896214
-0.9655428467861723 0.2640606199721084
-0.4965747164257556 -0.869145874411586
-0.6205553144524835 -0.785437522470616
0.7407284731726467 0.6732921572625955
-0.25556049420811894 -0.9678273781000939
0.5272771855195624 -0.850870007480913
-0.7456639534694517 0.6678220335510857
-0.33746525876328054 0.9424002329837531
0.29209673938087277 -0.957434329258703
0.5967401464277506 0.8036804076505702
0.3113404384416538 -0.9513506879121698
-0.20966429136193265 0.978796140637926
-0.9886864718204642 -0.1565249514908159
-0.5492707793758085 0.8368408516103237
-0.14470300905756214 -0.9904857591958034
-0.345955617224007 -0.9393166190966474
0.9741231290746281 0.23040210372706105
-1.000404091400358 -0.03453482169381865
-0.9883561926143375 -0.15859708862677976
-0.03518001200801046 1.0003816105642467
-0.2780977943519905 -0.9615937899012025
-0.22339096771882616 -0.9757548234785449
