1000
-0.9709016976259881 -0.24362038820052476
0.39715260607721453 0.918842101498444
-0.9304668604545793 -0.369096764542577
0.4510537570637368 -0.8936170926289893
0.6680227375171246 0.7454841528564687
0.0953660088156017 0.9964468497429165
0.3585185652230552 -0.934593729055787
0.24990057940747507 -0.9693042352181322
-0.6396144510945884 -0.7699963337256668
-0.8262513901016204 0.5650748980048043
-0.8670147314267982 0.5002863734791473
0.580943505960763 -0.815172155364753
0.7490661033256906 0.6640037446042499
0.19655197233752544 0.98151328170852
-0.5172697967373008 0.8569906401958842
0.7771587627283932 -0.6308924294318905
-0.7454864870059403 0.6680201326992636
0.09193658502023838 -0.9967691128515253
-0.841503638209116 -0.5421002000376142
0.9675876143733964 0.25646677857219524
0.09363331794967507 0.9966111587624007
-0.9943335290209621 -0.11533357301635813
-0.46859818224985356 -0.8845432400918188
-0.46967929908433215 0.8839696578569033
-1.000999698666778 0.0007767039461393909
0.2723390434178684 0.9632405958171824
-0.7262210047748893 -0.6889151270103961
0.24400547060621322 0.9708049908783125
-0.7887113418477344 0.616389016158421
0.9765935549216297 -0.21969530829203845
0.3194195110175353 0.9486686333917226
-0.7116674262414803 0.7039392547846918
-0.8809696797485466 0.475282466922296
0.9647049851850117 -0.26710539410350037
0.3430457264919004 0.9403832354607584
0.6409535683740575 -0.7688819956199797
0.19838812017109064 0.981143798724214
0.6142443907971263 0.7903827100678931
0.01608842361928522 1.0008707022515178
-0.8184400822048535 -0.5763304883836293
0.9802975212104205 -0.2025284422215937
0.9219056327677934 -0.3899884668435908
-0.505163138696893 -0.8641823900669948
-0.5693185264565793 -0.8233331132860557
-0.9140934122019618 -0.40796352014484605
0.7337745298173953 0.6808641122803143
0.7807986427646886 -0.6263820555035243
-0.8038436091808158 0.5965202863098287
-0.8801304280592156 0.4768348032645079
-0.9698486552065458 -0.24777930905153223
-0.7830395951167348 -0.6235783771743693
-0.9963668875506049 0.09619784505237321
0.7159583212753406 -0.6995746437633342
0.13836656576980932 -0.9913907874683268
-0.9916706009939453 0.13634668725094573
0.9440638692267949 0.3327828283138016
-0.2215379553161527 0.9761772043816319
0.4553169076502973 -0.8914524741161307
0.9285162475807682 0.373976707802143
-0.6675133326006266 -0.7459403131621223
-0.5754924990878537 0.8190295376197471
-0.7352958938552779 0.6792208392559579
0.9543016484011222 -0.30217439312241723
-0.3463754696210459 0.9391618785091311
-0.9801206495413172 -0.2033826746375081
-0.7155769077728154 0.699964777015455
-0.9847142263951258 -0.17983017637495907
0.7631483312487857 -0.6477697310867448
-0.8503382544852023 0.5281343133702442
-0.9612915046541914 0.27914090183934115
-0.9756346070433928 0.2239154160375845
0.6989309416611578 -0.7165867280299344
-0.9600382918094101 -0.2834210264953362
0.9592182286835549 0.28618418852407496
0.28091477911085355 0.960774628556094
0.6362030841752896 -0.7728173365588076
-0.9357014492019473 0.35561748826706435
-0.9091204916553164 -0.41892831326182284
0.79410522303451 -0.609424232164517
0.903523663162827 0.43086655719007294
-0.7784370532332903 -0.6293145113164573
0.3392918666946962 -0.9417441421080508
0.8085676403161486 -0.5901011532216959
0.8963886089909028 -0.44552043911739275
0.7697052630162546 -0.6399646928425649
0.6392430696577639 0.770304678613936
0.5593127507068556 -0.8301627833724726
0.8587402425024852 -0.514359986689063
0.4295713367544932 0.9041401808563525
-0.25629526248783724 0.9676330598043302
-0.4857892340474777 0.8752198695662508
0.29812769066834244 -0.9555735869396773
0.8545814998923812 0.5212403093024253
-0.4975305907612903 -0.8685990509186167
-0.4255668000612643 -0.9060319523535667
-0.6336953820844753 0.774874933602069
0.895732209188383 0.44683868389218384
-0.9153905293821444 -0.40504466262065164
-0.24507236370538002 0.9705362108380388
0.9707127783829118 -0.2443720562669307
0.32106959750084246 0.9481114457492046
-0.38075570984521007 0.9257570358470251
-0.888174462324203 0.461678594343633
-0.9626535953474681 0.27440673345345057
0.7506491546201859 -0.662213595955263
-0.9145005837868256 0.4070499751302719
0.08544259142564178 0.9973467619491583
0.71007620116801 -0.7055443207444928
-0.9889118342625226 -0.15509475831095337
0.9805549322662063 -0.2012784757703009
-0.7737785726435865 0.6350336373119567
0.6734278460602936 -0.740605114855814
0.9658768431625874 -0.26283630617225373
-0.938750661006655 0.34748841197882874
-0.053534804826389046 -0.9995674187728412
0.054961653784971164 -0.9994899782455154
0.8698553679482657 -0.49533083777571063
0.33483692590894265 -0.9433372848816319
-0.951089682897976 0.31213685313501127
-0.6418323653152092 0.7681485629966927
-0.988276905918086 0.1590904058357215
-0.5684406046697421 0.8239394874398835
0.5959015840590556 0.8043023698310905
0.9835151596964936 -0.18627648978650163
0.6848182335832631 -0.7300856024822701
-0.36501447595881775 -0.9320758726308227
-0.874885933501106 0.4863903816502732
-0.8555848919723222 0.5195916595064912
0.9756423676186573 0.22388159930521456
0.2979692686878508 -0.9556229983197493
0.23853560296128454 0.9721634461961097
-0.8799045812965314 -0.477251430394269
1.0004398597852946 -0.03348263658644744
0.12220626835034801 -0.9935122686589646
0.4387634531225037 0.8997153061963638
-0.5415318778083446 0.8418694823530356
0.9928779980251436 0.1272567524243131
-0.573510324740822 0.8204187390690664
0.9503060817863161 -0.31451446853831616
-0.24350482233979928 0.9709306883074934
-0.430633906755488 0.9036345712468651
-0.2424942337993153 -0.9711835802638361
0.602881582167784 -0.7990837239506693
-0.17026587111132763 0.9864129627771022
0.5008682490517459 0.8666787161871684
0.9735533656525828 -0.23279786130144853
0.9391536129501047 -0.3463978800205987
-0.369944519098787 0.9301301268041839
-0.252093027094415 -0.9687363447762113
0.9862940107622028 -0.17095357362339003
-0.4414020866938571 0.8984237295743633
-0.1820190619272841 0.984311973459183
-0.7635576812457072 0.6472871599303348
-0.3876300023411098 0.9228997677348452
-0.39764035882497606 -0.9186311256611895
-0.42200470765718967 0.9076965499081562
0.9949295752714804 0.110073340324129
-0.49486604689989633 -0.8701198742849571
-0.9326839919015997 0.36345779844501436
-0.4037509511553479 -0.9159618820896162
0.8256014697979883 0.5660240393016903
-0.1967486464780384 -0.9814738764272128
0.8575622385088564 -0.5163216120633334
-0.8807059475612753 0.4757709889539254
0.8157015602373476 0.5801999350451159
0.4948941297610839 -0.8701039020301079
-0.15717147358976505 -0.9885839002783839
-0.07801632468824435 -0.9979551358062839
-0.9272368237299818 0.37713773706582926
-0.9122120462728602 -0.41215310581709935
0.6013519526204847 0.8002354835169023
-0.36594657835896405 -0.9317103100145273
0.9385475281434701 0.34803668975523566
0.4974825713407503 0.8686265545170694
0.9732082465371815 -0.23423643796818747
-0.08394870663114413 -0.9974736160194706
0.9939926172986862 -0.11823568308978265
0.07123985607054907 -0.998461758359852
-0.1690200730078303 -0.9866271914560371
-0.6209404675788592 -0.7851330687997721
0.9260680341837154 0.3799986790281105
-0.7242179788981612 0.6910204910425324
-0.7416520923414477 0.6722746268643142
-0.9974935139245767 0.08371194465785756
-0.8537042455734792 -0.5226758661826819
0.11631756774937066 0.9942189011645628
-0.1699883864365558 0.9864608195345096
0.5623681411583252 0.8280960534926669
0.18580594508496295 0.9836041636609129
-0.35954219706403956 -0.9342004113306541
-0.6340705058490733 0.7745680045110954
-0.31109860052656174 0.951429798119869
-0.9594369236642893 -0.2854501524077449
0.033966772917100596 -1.0004235394759553
-0.6108241597928641 0.7930289060389549
1.0008025274787018 0.019882177754021013
0.32780691373969156 -0.9458031652011207
0.7244510253750733 0.6907761662311497
0.9591231230451884 -0.286502765850601
-0.8698347894263648 0.49536697417529907
0.9714887484163323 0.2412687540906783
-0.7865932371918242 0.6190897182186816
-0.7683912198154349 0.6415418406546434
-0.9827012058307532 -0.19052385692816456
-0.9425805267584111 -0.3369613487862315
0.8688347875700185 -0.49711881065612545
-0.999595980162339 0.05299883435786862
0.9634605946259077 0.2715597219822783
-0.6392842569024771 0.7702704972129257
-0.5266999886427993 -0.8512274208245849
0.927433896593291 -0.3766528473937038
-0.713808629742899 -0.7017679389260847
0.06777378858963884 0.998703015705974
-0.4432030610090468 -0.8975366548014689
0.6898129753918806 -0.725368223029518
-0.9387343997335121 -0.3475323391527223
-0.5942487067137714 -0.8055243475954095
0.18586738446597706 -0.9835925555796855
0.573393973613149 -0.8205000615625347
0.6646847565956354 -0.7484618723418054
-0.16194795832218134 0.9878126638160077
-0.34451624185355256 0.9398454974617394
-0.9942859594417416 0.11574295165156043
0.3521165311383847 0.9370245186221495
0.9460501171550603 -0.3270935276505741
-0.7071738069106271 0.7084533907177881
-0.1649951449906637 -0.9873082609446301
-0.9481060448486323 0.3210855457996875
-0.32722600069844704 -0.9460043046767281
0.9462983157839457 0.32637478080340065
0.5935613349950305 -0.8060309805453616
0.43650862010907404 -0.9008114256438314
-0.893633221914517 -0.45102180068227243
-0.2592588769755462 -0.9668432317130728
0.9944949415256401 0.11393336333100076
0.6557229325886593 -0.7563256148494037
-0.6611661858682104 -0.7515718692610063
0.7879557435005936 0.6173546357519532
0.9777393270511856 0.21453859405126763
0.662658933487001 -0.7502560482061243
-0.22183587175446642 0.9761095461078823
-0.5121393881981587 0.8600664201420817
0.19490001989371028 0.9818426463774281
0.4784419545731499 0.8792578098056474
-0.7880626323969884 0.6172181846150753
-0.3824343704601571 -0.9250648368037472
-0.9408379634619405 -0.3417966157070435
0.3194228517315015 -0.9486675085569839
0.6778169533712244 0.736590237325035
0.6190439706053384 -0.786629240784486
0.8907556986369652 0.4566785361124079
0.967319570390031 0.2574759187583295
-0.9882455782949521 -0.15928489250545905
-0.8569770116382414 -0.5172923752807396
0.805990463755841 -0.5936163511348422
-0.9960005611265849 0.09991937867865294
-0.419024653743905 -0.909076091179831
-0.039487829671149485 1.0002208312707062
0.16836541998999321 -0.9867391171690687
-0.8932085520748598 0.451862238409377
-0.5736420416905286 0.8203266471382737
0.3992688913644375 -0.9179244807655
0.6839699518821514 -0.7308803629338577
0.9805108347259109 0.20149318347055178
-0.24951554481420454 0.9694034211287222
-0.7099293792514126 -0.7056920549897837
0.4411486841049079 0.8985481837455953
-0.9388856729783607 -0.3471234550933873
0.900878157796426 -0.43637087987779144
0.0074643811024053775 -1.0009721689511442
0.9909597915741749 0.14142026546173572
0.4297976367183469 0.9040326274373751
0.5886975580074347 -0.8095901340777834
-0.7829826749729599 -0.6236498462215703
0.951478940731665 0.3109482679548945
-0.8784248504757655 0.47996956368777083
-0.8098142504148215 0.5883892247696935
-0.0016358433077694407 -1.0009986633440988
0.9961115956466849 0.09880632074019977
0.5736098132297941 0.8203491830717459
0.253202078020952 -0.9684470598261279
-0.1597420423152064 0.9881717866428725
0.43308157047817364 0.9024640454401265
0.18846028969466158 -0.9830990383517849
0.9974758038437898 0.08392270697603552
-1.0006361841806837 -0.026985679689811765
1.000966940285268 -0.008135382962640608
0.27225647875932674 -0.9632639356757692
-0.5174074885148368 -0.8569075159133389
0.4123361782342835 -0.912129308880679
-0.9704220915806192 -0.24552385662557558
-0.8491472107511435 0.5300471813655395
-0.9150349858089923 -0.40584723079693075
-0.7174870612625004 0.6980066739801997
0.35839558424892026 0.9346408963826027
0.9081322154016962 -0.4210663597933314
-0.9992469468299852 0.05921603879822451
0.9499560565948559 -0.31557010400028507
0.9986376531635514 0.06873018029944758
-0.6892394050980869 0.7259132471997154
0.5767221685927809 -0.8181641279435563
-0.9872944086794581 -0.1650780136489389
0.9301507829810024 0.3698925802443573
-0.6559815174994618 -0.7561013481664369
-0.20367240472515766 -0.9800604836200018
-0.3497159595516868 0.9379231032631848
0.5383705737073881 0.8438946174529008
-0.18888876626773574 -0.9830168024900962
0.04583428588379788 0.9999501078741491
0.7558419089116302 -0.6562804345192862
0.9585250937942784 -0.2884972176064608
0.795663747078273 0.6073880156747926
0.1790012120266723 0.9848652527594738
0.5382742455704073 -0.843956063166566
0.9642499158061684 0.2687435578163638
0.6072190092161862 0.795792733597457
-0.0013718157463240962 -1.000999060000337
-0.45577090610280524 0.8912204447555206
0.45670069027683935 0.8907443401451723
0.1634503270658096 0.9875651829535507
-0.7664563528228674 -0.6438522029297316
0.3598198518984446 0.9340935039811493
-0.48699528710878676 0.8745493641492345
-0.9516678532130238 -0.3103696137847817
0.9998447370199126 0.04807808080177316
0.2234751398011557 0.9757355491580975
0.8751752338829868 -0.4858696430091711
-0.8009215179868632 0.6004379418604547
-0.922983797042411 -0.387429878038818
-0.9823076099250153 -0.19254287699991382
0.7923185042817291 0.6117453618727025
-0.999080558205381 -0.0619599726922494
-0.618941988611995 -0.7867094856000079
-0.8843678984068337 -0.46892901410286003
0.6300204347525326 0.7778658314865294
-0.9892648497349517 -0.15282688598176547
0.03124555668307829 1.0005122264058368
-0.5507362283042427 -0.8358771481702423
-0.7871918386907198 0.6183283990718231
0.8940346974059988 0.45022545444939477
-0.6667838905617193 0.7465924211290771
-0.6636872628024502 0.7493465267776928
0.4890212659300806 0.8734181137737764
-0.8896592241328728 0.45881092501737
0.31906800068980096 0.9487869154535244
-0.2707407545405022 0.9636910520653595
1.0009972056406964 -0.0023652271597695176
0.261990083507692 0.966106720887311
0.5398693448909035 -0.8429365874412301
-0.955138695492347 0.2995180668560376
0.6067303949266546 -0.7961653269718204
0.17742811374156864 -0.9851498690321737
-0.8096830818315305 -0.5885697129446903
-0.9563968596274586 0.2954759666956607
0.9241841542221176 0.3845577317968645
0.8896189274547911 0.458889054036144
-0.5308853267732674 0.8486234558488477
0.9287084994034691 -0.37349902695423004
0.7694997923237867 -0.6402117381098609
-0.5186170953859447 0.8561759797923824
0.581725401504535 0.8146143610595061
0.001808784056565618 1.000998365783
0.9412214202257263 -0.3407392523738155
-1.000772448744887 -0.02134258262634459
-0.17190148930284277 -0.9861292399961907
0.7231401408775658 0.6921483487313788
0.682177229803024 -0.7325539073257833
0.7086108983997188 0.7070159790762466
-0.3804183140231785 -0.925895731902768
-0.3154706445070542 -0.9499890907027848
-0.9325532497249561 0.36379312311727896
0.9964262392975306 0.09558111549558512
0.024353116306415366 -1.0007037152555027
-0.9415890848679407 0.33972193814582236
-0.457569559433284 -0.8902983198232098
-0.47687659783157377 -0.8801077834223394
-0.42617160792988307 0.9057476252215393
0.1432400151125402 -0.9906983890521672
-0.5816440098927472 0.8146724775981363
-0.039573547690618764 -1.0002174435207467
-0.8394093568648577 -0.5453374474650771
-0.9660255590554099 -0.26228919011595325
-0.8066515099944369 -0.5927177586538932
0.8876746936224434 -0.4626387773439458
0.2660610506012978 -0.9649935322855452
-0.9878978268159462 0.1614276425285669
-0.5151493176576294 -0.8582669634308889
0.54674636601963 -0.8384923441775296
0.9646260922307858 -0.26739016845718827
-0.01628501309416165 -1.000867522876291
-0.9551502737627443 0.29948114219588956
0.9880650118905135 0.16040116046275793
-0.22948419551523863 0.9743397785211911
1.0003521610568515 -0.036007691801709346
0.2097113585928276 -0.9787860573573525
0.4996624035931295 -0.8673744764722654
-0.6643399108545655 -0.7487679766427969
-0.7658886077366305 -0.6445274552253347
0.26813422019186883 0.9644195352449568
-0.037647510125112915 1.000291789920011
-1.0007449191958842 -0.022596608232720822
-0.5535342075205666 -0.8340269067030023
-0.28027089966583757 0.9609626542173749
-0.5086152112445543 0.862155187243374
-0.9009920670380283 0.436135638459575
0.7982696120190876 -0.6039591265366352
0.9604315513370966 -0.28208551043295027
0.9634030053393496 -0.2717639588008482
-0.996322924583209 0.09665210784023791
-0.9524801011229581 0.3078679212987276
-0.6279484720975687 0.77953942580881
0.3035929691890197 -0.9538513034320365
-0.8265644942579943 -0.5646168053042934
-0.738172588075259 0.676093359096415
-0.9698771020823892 -0.24766793667381914
0.6123011992846604 0.7918890334854792
0.9798033799574217 -0.204905677383552
0.7541320727135049 -0.6582444962966518
0.6425887655015797 -0.7675159141354372
0.20329302630268917 0.9801392479932095
0.8626564702452866 0.5077645264725992
0.9625485143146565 -0.27477510365869673
-0.2566397994077572 -0.9675417372702566
-1.0009196659402027 -0.012681574592818087
0.3015195085732926 0.9545087668270628
-0.29598548486554577 -0.9562392968022742
0.2129735264607324 -0.9780814265831244
-0.1968934132177416 0.981444845027711
0.4966002509142952 0.8691312851300769
-0.9640594946861658 -0.26942585381780765
0.05124501622489176 -0.9996874253045852
0.7225412523629254 0.6927735117870886
0.8208488078603644 0.5728946104077246
-0.015839913276252733 -1.000874666053348
-0.9474805545240147 -0.32292661519123117
0.8598911314426145 -0.5124336465010276
0.14406679103323616 -0.9905784975060714
0.301384733605321 -0.9545513303901733
0.984260518992987 -0.1822970947427736
0.491734253145309 -0.8718935854125922
0.2271096592678037 -0.9748959958207142
0.810339398319569 0.5876657719580738
0.21260658127429521 -0.9781612554169463
0.8920377027255291 -0.4541692822243273
0.3498946087563581 0.9378564723683657
-0.9939765537183267 0.11837064947966781
-0.9517262637883698 -0.3101904557129865
-0.7262601013628964 0.6888739109360693
-0.3172816207800463 0.9493857872936516
0.6288317387089303 -0.7788270953121134
0.8097938648955866 0.5884172808283834
-0.09105802553588363 0.9968497559740417
-0.24949398843909276 -0.969408969286314
-1.0008925470142105 0.014666605994798408
0.8302401680595414 0.5591978749427294
-0.043089116641318995 -1.0000721614099009
-0.9760473634442902 0.22210930712928184
0.7645490285082542 0.6461159207194052
0.5317178568566636 0.8481020697414648
0.9989134147161001 0.06459868342482407
0.9743005541106174 -0.229650670061604
-0.703571799636058 -0.7120307035211886
-0.6795474149961712 0.7349940889367896
0.21968258839069946 0.9765964163143148
-0.17572914720140484 -0.9854543453777385
0.6309487883765837 -0.7771130075131422
-0.8892032136561894 -0.45969407742922386
-0.9244811221064352 -0.3838432686251337
0.49560843478051164 -0.8696972343145696
0.8832181366425483 0.4710909923843427
-0.7688371127990345 -0.6410074055600642
0.39381764850821466 -0.9202764039805977
0.9844358488186143 -0.18134789648841879
0.5194643673082463 0.8556621828134298
0.4322461316866296 -0.9028644868649696
-0.7835529678520827 -0.6229331798597608
-0.9991924157870515 0.060129162921462455
-0.8377489023443115 -0.5478848205790166
0.44942387068996126 0.8944379153714656
-0.9821010289107617 -0.19359382483029564
-0.5004067079918969 0.8669452846614442
0.8519046056967094 -0.5256039790495634
0.9850435165433649 0.1780176129372641
0.48486089053492004 -0.8757345013356983
-0.900494541186512 -0.437161962312932
0.9957103680076008 0.1027709250817962
0.7394864786912981 -0.6746560218605807
0.9777064524645851 0.21468836207190195
0.3561462774949325 -0.9355003094742954
0.9972495372320376 0.08656997453209017
0.897992790462767 0.44227813452271514
0.534903254655242 0.8460966305093226
0.9834145333865407 0.1868070007364079
-0.9163337838585179 0.4029061882864681
-0.9716387640280946 0.24066389890874104
-0.11630305832381446 -0.9942205985718298
-0.9607966162891207 0.28083956652753916
-0.8844112780764245 0.4688471938822128
0.3443217554352566 -0.9399167669182115
0.5610975617822219 -0.8289574935797647
-0.6023807030356199 0.7994613740577542
-0.9524040342805151 0.30810315721556525
-0.5493888306193129 -0.8367633553106542
0.9718956405526041 0.2396244225341887
0.9985043399898138 0.07064051968598806
-0.8211979299126916 -0.572394059985872
0.855761687089792 0.5193004283738202
-0.1879577479738912 -0.9831952425518459
-0.694028433222273 -0.7213359369108383
0.44418694047079804 0.8970501445934846
-0.5804751760975096 0.815505714225575
0.9925780502467166 -0.12957551531221626
0.602555627622938 -0.7993295413156749
-0.05849134336506989 0.9992896290622402
-0.9302676188384299 0.36959864358609024
-0.10628227238833347 -0.9953416893589719
0.3158525967758901 0.9498621674274257
-0.36202928958030695 0.9332394084510031
-0.7118321955492872 0.7037726375609393
-0.5407491036089234 0.8423724870543587
-0.5457257211453628 0.839156980117769
-0.33171302946578757 -0.944440292492135
-0.9946680539226105 -0.11241202118015191
-0.9719418045275419 0.23943710784200822
0.5920695167082047 -0.8071274294588884
0.7604783212579835 0.6509022375876727
0.8820885921632325 -0.47320261577413786
0.05863281380648481 -0.9992813383352729
0.6576405100797469 -0.7546588364963669
-0.0792369020221456 -0.9978589646628089
0.8410295047913791 0.5428354926406045
0.9735786824107084 0.23269196194847191
0.7899296995661228 -0.6148268615987553
0.7164886475134787 0.6990314856888108
0.5445258997435314 0.8399360359625592
-0.5870374686679742 -0.8107946783125166
0.9991232485456021 -0.06126772572638111
0.3490501690924481 0.9381710821894551
0.8707125083959496 -0.49382256704491884
-0.22357882778986526 0.9757117954417225
-0.6818043439427987 0.732900973243132
-0.8467723187525398 0.5338329703141677
0.8767752796158406 -0.48297630278779163
0.44685928637637146 0.8957219312818013
0.9906958943925538 0.1432572679962098
-0.9796908911428749 -0.20544283343957206
0.1333487172791338 -0.9920781822013877
-0.7368496972852191 -0.6775348873753151
-0.9108628202486557 0.4151263936305003
0.8216585271970832 -0.5717326863878958
0.4507772169582225 0.8937566227286932
-0.7103517366156717 -0.705266907126018
-0.9972179934516047 -0.08693258040778165
0.9058645345330949 -0.42592305065016073
0.9279866497268596 -0.3752889259340312
-0.8094716760897237 0.5888604296507733
0.9034483153094032 0.43102452547923664
-0.12184294496225183 0.9935568915582669
-0.4099393356942864 0.9132090346960695
0.35976078179884563 -0.9341162560835152
-0.8814754119801863 0.4743438605846617
-0.8388500563281583 -0.5461973846497671
-0.8788824424488487 -0.47913114316974453
-0.4576074510806378 0.8902788443602834
0.175239199412954 -0.9855415886653932
0.6226828143362201 -0.7837519459180464
0.8737772635576998 -0.48837925190329073
-0.6764383956115869 0.7378564202759385
-0.355882726542345 -0.9356006011909069
-0.39948071658128886 0.9178323142490136
-0.6038829354362628 0.7983272513755761
-0.667863796979905 -0.7456265477325659
-0.9596688817989716 0.2846693473254743
-0.3580357899386027 -0.9347787829872054
-0.9715856211114711 0.2408783528037275
-0.9969535473763856 0.08991453927836558
-0.6694095839692158 0.7442390804641754
-0.7444696252668328 -0.6691531790666928
-0.46812080741807693 0.8847959706408296
0.19433572106782843 -0.9819544936080526
-0.5745604159811611 0.8196836758088788
0.933203214337946 0.36212257696714484
-0.6073204302401556 -0.7957153354139358
0.4467459802818584 0.8957784486702064
-0.23174651241219238 -0.9738041661364905
0.8832425647465496 0.4710451908468412
-0.941224906142217 -0.3407296230995698
0.995798473135411 -0.1019136933938913
-0.37488789496148195 -0.9281487306522316
-0.5343502953471273 -0.8464459592097051
0.826448560966958 -0.5647864871574428
-0.41014183929340764 -0.9131181038951207
0.14869010465520702 0.9898950715998254
-0.9935682659136736 -0.12175015798468392
-0.2677520967452702 -0.9645256941567247
1.000900317213325 -0.014126393816719316
1.0002811870518489 0.03792817989495732
-0.9991756170584952 0.0604076673591617
-0.9510975480021546 -0.31211288692440914
-0.7632020142434371 -0.647706480942379
-0.5784867657767776 -0.8169174143211317
-0.9644482292385459 -0.2680309928322342
0.881496969323039 -0.4743037982920834
-0.5538750751380717 0.8338005763615155
0.37804055987493096 0.9268691035359031
-0.10013210623562185 0.995979197222923
0.5028198498855043 -0.8655479181195682
0.9958354892045509 0.1015513586355838
0.007724237215265767 -1.0009701974381866
-0.9567413111960958 0.29435873258793493
-0.4027718793440717 -0.9163928269086596
-0.11899392285990301 -0.9939021311590047
-0.7234265700086022 0.6918489703725726
-0.12229566517852412 0.9935012683829559
0.6602441258015208 0.7523820135706234
-0.0811185560612365 0.9977077627554773
-0.22059331998062728 -0.976391103595237
-0.6962515677330082 0.7191903464517084
0.1534149709404254 0.9891738202618124
-0.2915297818406944 0.9576071147918217
-0.08591467731025984 -0.9973062058478699
-0.9805914918045339 0.2011002889121711
0.9819013816815166 0.1946038968056105
0.8917776489172966 -0.45467969483092036
-0.6461767479097952 -0.7644976196566742
0.9121532180967736 -0.41228328454559
0.9930095378375017 0.12622621662614858
-0.9535274147529346 0.30460871509952775
-0.6580441817686208 -0.7543068704714723
-0.9075923438983554 -0.4222287736489419
0.9588407072677495 -0.2874465134355988
0.7645377138631781 0.6461293091021836
0.9823704669165656 0.1922219179233445
0.13423059726307618 0.9919592465209435
-0.38415263939453803 0.924352611099363
0.25523640306322876 -0.9679128982255298
-0.8529379513567548 0.5239254251659697
0.9931706894065397 0.12495191756727292
-0.9936653628729952 0.12095514303442668
-0.924755099244087 0.3831827324163482
-0.03582971455949105 -1.0003585514977045
0.06535748290050827 -0.9988640545283977
-0.3557372924040221 0.9356559083301165
-0.8695921901983286 0.4957927215541531
0.8944603355240277 0.4493792476007808
-0.8671181074529511 -0.5001071762404657
0.5443612299423309 -0.8400427675634573
-0.5614475878576113 -0.828720463177343
-0.8946133617422222 -0.4490745294405819
-0.3154877662189264 0.9499834047846267
-1.000340030039821 -0.03634314653314784
0.6048700620714361 0.7975795935263746
0.22569033485324475 -0.9752255496826517
-0.9647637787624055 0.266892958296176
-0.999630253702728 -0.05234840859300133
0.9901909382549309 -0.14670687031567278
-0.9644748434413887 -0.2679352092740123
0.45342566588627153 0.8924159150954174
-0.9986209195101458 -0.06897288682309057
-0.9790605731330506 0.20842599198848155
0.774237382450892 -0.6344741725362754
0.9390579015285947 0.3466572624029563
0.6063996262320004 0.7964172859159262
-0.11197816300317096 -0.9947169904100539
0.3779863091696435 0.9268912288290955
-0.5299547453075556 -0.849204903380806
0.9787205480100869 0.21001687766185664
0.945284132740109 0.32930063527084164
-0.9548156827666074 0.3005461893668547
0.5861148566076603 -0.8114618751757731
0.9679615846982232 0.25505170171654284
0.9289196472821798 -0.37297357666884473
-0.7084452981691357 0.7071819140094324
-0.9775603292141342 0.21535274028150614
0.021926421007576354 -1.0007598273620892
-0.08779233786768403 -0.9971426705400418
0.041825248749326326 1.0001258163686493
-0.030269333304591414 1.0005422367203174
0.309452390623929 -0.951966500428001
0.37300509334992127 0.9289069922952549
-0.2395766873231943 0.9719074085998339
0.9882610647425283 0.1591887807414966
0.4022709202582578 -0.9166128445066513
0.7647034837706871 0.645933109469529
-0.00023092248006434125 1.0009999733640398
0.988550251150865 -0.1573829754120874
0.25216502149091224 -0.9687176069095099
0.6110810841412021 0.7928309457916064
-0.7515274646616781 0.6612166587883205
0.9850143186399001 -0.17817910111562912
0.006564735443768943 -1.0009784734191607
-0.5854000259007008 -0.8119777150115998
0.6182537825986907 -0.7872504431897204
1.0002492445307525 0.038761434643970395
0.8043040040369978 0.5958993783266208
0.3041190878036898 -0.9536836899273531
-0.7137537761255842 0.7018237293412566
-1.0009076474581233 -0.013597104833211027
0.7059969978941627 0.7096261261850706
0.7792016183018 -0.6283675978564267
-0.7397929288807945 0.6743199703241598
-0.46256423774396366 0.8877135382319828
-0.2786002052082606 0.9614483478887023
-0.503880587426269 -0.8649308374748574
-0.16239197010418588 -0.9877397673707793
0.927683915701296 -0.37603663724311587
-0.3358428138470627 -0.9429796415550482
-0.4113444536559812 0.912576977819659
0.2678966177401586 -0.9644855635017993
-0.8888115420811682 0.46045091232757446
0.6556938536609307 0.7563508248632231
-0.8692034660100754 -0.49647390130405833
-0.04814580401497159 -0.9998414782132975
-0.9163278495620807 0.4029196844495598
0.806834772204967 0.5924682694971597
0.8005674311338654 0.6009099668067784
-0.22963463846924714 0.9743043327498335
0.2084349243309104 -0.9790586715407651
0.9099755586967772 -0.41706771941075493
0.9181892292989638 -0.3986596784218021
-0.1519827417304038 0.9893948889175187
-0.9911965413292098 -0.13975126638786595
-0.3734565464684443 -0.9287255826668407
-0.9444841727137773 0.33158806898495563
-0.8480446844405769 0.531809376743286
-0.9086862492626703 -0.4198693849293378
0.4247935053544944 -0.906394769296823
0.7159359422636978 0.6995975461470625
-0.5811890184869792 -0.8149971317680459
0.9382356486895737 0.3488765792197221
-0.9932614121085246 -0.12422868918321461
-0.8805145704888219 -0.4761250793193798
0.9985428703271702 -0.07009376661855447
0.8394116398374613 0.5453339333888771
-0.8670558036250813 0.5002151870945788
-0.9217741479542199 -0.39029914189410136
0.41371413537253326 -0.911505136679414
0.05911534195473511 0.9992529091003812
0.9353272557195863 -0.35660051136820825
0.9953632553230451 0.10608011101384789
0.30441744803077503 0.9535884947577915
0.23368165600705865 0.9733416068605095
-0.7781992464781022 0.6296085551999067
0.8719024161722781 0.49171859500423964
-0.07317006424013126 0.9983221632815206
0.9569124195686379 0.29380201033229003
-1.0006848043809216 0.025118166356579333
0.11104617542086401 0.9948214648490444
-0.8913980950302965 0.45542335927832933
0.9677539450240202 0.2558384292682505
-0.5303563172638731 0.8489541664532321
-0.6226271914384778 -0.7837961345154957
-0.8908052084784599 -0.4565819538129465
-0.8427606166069854 0.5401440021848004
-0.35823929072710775 0.934700813404663
-0.9811891053421181 -0.1981639209289465
-0.826378694490431 -0.5648887087668606
-0.038080208778685856 1.0002754109240972
-0.848231756978901 0.5315109466911164
0.8323575870970057 -0.556041227969699
-0.027174458334269444 1.0006310752791154
-0.3113806231115129 -0.951337536077856
-0.8486114114917285 -0.5309045792663841
-0.8347625697905054 0.5524241595701183
-0.9600577551702862 0.2833550894855973
-0.7370802493398887 -0.6772840659819537
0.7868151493431024 -0.6188076605571327
0.947086922853816 -0.32407925043003
0.8289897175764096 0.5610499515663331
-0.9730091082193252 0.2350622796669715
-0.8088170164210046 -0.5897593017052164
-0.4879286910419485 0.87402894257461
0.994856096473156 0.11073548351903505
0.4988432597988154 -0.8678458400852604
0.9955629900425869 0.10418892867029596
0.6246374988734972 -0.7821949852824818
-0.6906192264868821 0.7246006375974703
0.18440989092749507 -0.983866856911091
-0.062060302498830426 0.9990743309953237
0.895035988588314 0.4482316132667791
0.9844609645223686 0.18121150441317901
0.8442684055065389 -0.5377842127316926
-0.37907797903361296 0.9264452956390851
-0.826463089817353 -0.5647652265938067
0.039715387458548856 1.0002118215653208
-0.3502261665982393 0.9377327083075978
-0.9160671604758962 -0.4035120289379595
0.9368137287106413 -0.3526769594108254
0.6969537203613806 0.7185099245483185
-0.8303597463609883 -0.5590202962534682
-0.837250344844649 -0.5486463889041068
0.408537283469441 -0.9138371233515356
-0.4440712283365456 0.8971074317848846
0.11308423129691414 -0.9945918542960153
0.6773105521045767 0.7370559110459622
0.9887783296549738 0.15594362700899303
-0.8548692631175154 -0.5207682238548318
0.7495974971308329 -0.6634037927953012
-0.5688804895831426 0.8236358349244185
-0.9416954205125608 0.3394270687285727
0.5698208606493302 -0.8229855325392158
-0.11779812980376918 -0.9940445667145585
0.023715647244120966 1.0007190255390332
1.000992479330381 0.0038802479323604643
-0.3466365463680447 -0.9390655486823242
0.8314722478987342 -0.5573642444346658
0.6031615517880508 -0.7988724193791087
0.9915347172316942 -0.1373313675904534
0.9041874299735665 0.4294718750719268
0.37051092726508617 0.9299046471424723
-0.9223180899677028 -0.3890120061364796
0.4422611626110748 -0.8980011492453117
-0.700259622421056 0.7152883762558429
0.8677832151079213 0.4989521936788724
0.996256681648942 0.0973325447619595
0.03620208237886051 -1.0003451450531633
0.10164197910018107 0.9958262439224015
-0.5294343353236007 0.8495294489189043
0.9989315446502374 0.064317719974287
-0.2459653954189581 0.970310272158548
0.8843996976417585 0.468869038017191
-0.9671052744371734 0.2582796704268445
-0.8234332239807565 0.5691737218500669
-0.8451637400994477 -0.5363760363971465
-0.0507277192707426 -0.9997138082959486
-0.9929042979178184 -0.12705138793544976
0.9752888512050689 -0.22541662918936797
-0.12775917837886683 -0.9928134730854316
0.26850170247467614 0.9643172899871704
0.4023806009966061 0.9165647014486267
0.8916369288417922 0.4549555880803935
0.7326502916664377 0.6820737131139741
-0.3719645507064946 0.9293241485174673
0.43126345658446524 -0.9033342853090538
0.5930236139541086 -0.8064266819077902
0.9845093987313814 -0.18094817990124673
-0.9848319763878426 -0.1791842021050287
0.364224518845445 0.9323848453679436
-0.8392190058126575 -0.5456303329936989
-0.6249446233528928 0.7819496260900128
0.9352913904300391 0.3566945682056909
0.7834863233440792 0.6230169990720773
-0.9996708760913364 -0.05156684491783454
-0.45667242199248 0.8907588332379995
-0.7458564758162736 -0.6676070082637902
-0.6139475725877239 0.790613292396252
-0.9922966911788981 0.13171285691006182
-0.8580368096626658 0.5155325724567887
0.8913084597275084 0.4555987594563626
-0.9479210919167999 0.32163116064719505
-0.8848454489319506 -0.46802727645342934
-0.7617428216974995 0.6494219534265311
1.000930395204699 -0.01180440406648016
0.20338936736878133 0.9801192607235748
-0.775925074241479 0.6324091074323291
0.3974461944759678 -0.9187151476363994
0.3600783295175704 0.933993895382532
0.315550688104081 0.9499625062269779
0.9928614540596328 -0.12738576467797272
-0.5347064983218089 0.8462209880713367
0.6563918880217121 -0.7557451219421084
-0.9951694643847004 -0.10788297899237187
0.2813093582438775 0.9606591721127832
-0.9005840281022569 0.4369775833233479
0.08106667843004225 -0.9977119793048093
-0.00922532235743284 -1.0009574883217576
-0.9127700574829282 0.41091583342895416
0.13038322621645734 0.9924722738300492
-0.42232424240033817 -0.907547923958278
0.5359458012153443 0.8454366316641612
0.9048562963178217 -0.42806084031828284
-0.36782750940859354 0.9309693460701437
0.8568501037613375 0.517502560075006
-0.2195698055608464 -0.9766217796496104
-0.8081474485410707 0.5906764777918261
0.6583842683904575 0.754010049757934
0.37869744221550933 0.9266009104568325
-0.4915378452321918 0.8720043272280785
0.35483614576328715 -0.9359980286623767
0.5627567477834241 0.8278320136502475
-0.9693279334081596 -0.24980864179340687
0.9976232500762203 -0.08215139017301645
-0.9265114623050985 -0.37891623113462425
0.9943782373869862 -0.1149474706600825
-1.0006707956541148 -0.025670191369776288
-0.9222456506825897 -0.38918370957305864
-0.666286353863462 0.7470364747824122
0.4112433378533007 0.9126225490701377
1.00069903338348 -0.02454474659410772
-0.20123881164337656 -0.9805630732841012
-0.361887540838068 -0.9332943843108538
-1.0009436026092138 -0.010625648012623966
0.6328309606472327 0.7755810565287813
0.43587929445778684 0.9011161083140075
0.6836427523202316 0.7311864243816474
0.04218881031127158 -1.0001105460320472
-0.904827524496608 -0.4281216543382738
1.0009373632096514 -0.011197987806322572
-0.5023038029469525 -0.8658474978568853
0.6600044147521454 0.7525923016532112
-0.8422884148315675 0.5408800479223885
1.0008540305616143 -0.017094136672301103
-0.09269389790112875 -0.9966989722538572
-0.15975156056609072 -0.9881702479313463
0.8289229518264718 0.5611485898897802
-0.00926224692001364 1.000957147325495
-0.6871841838021738 -0.7278591192889873
0.7056423568110098 0.7099787773407058
-0.971896473621548 -0.2396210436543494
0.7353530705691368 0.679158936924592
0.7239152743092201 0.6913375988775721
-0.26013618693370855 0.966607554412643
0.8444661068665615 0.537473715035101
0.021741061438441792 1.0007638713740268
0.9848464181480368 -0.17910480915090596
-0.4476182244928714 -0.8953429092263195
0.9321997493858784 0.364697994572092
-0.2693897267796567 0.964069590385249
-0.9737756629599383 0.23186625072858844
-0.10724660005325158 0.9952382462390691
-0.20974198709839034 -0.9787794944971102
-0.8495767096250677 -0.5293584933319229
0.5086603929846204 0.8621285313737921
-0.3589235894625781 0.9344382574184871
0.9030871590250038 0.43178071194085016
-0.9836467867823404 0.18558016826368331
-0.9059534802306745 -0.42573382724177433
-0.9533186435610993 -0.30526146798904313
0.7693840713998992 0.6403508028230424
-0.636005776971152 0.7729797226702142
-0.20061425739215522 0.9806910419347136
-0.782695372712557 -0.6240103793482538
-0.9715199906323465 -0.2411429198664671
0.7399775202014404 -0.6741174004552374
0.5893984097911968 0.8090800421068415
-0.963937330130507 0.26986260130086565
0.959024424723055 0.28683297018406595
0.9817259789996808 -0.1954868337180745
0.28320994756450935 -0.9601005809812365
-0.9194839395368091 0.39566435893806484
0.19086438084095578 0.9826351246145227
-0.9789856570591972 -0.20877759284073588
-0.9981414124864935 0.07559577157135025
0.9705973809125005 -0.24482999033164723
-0.010266468002403505 1.000947351080343
0.29185155804567586 -0.9575090955527845
1.0008702986632523 0.01611351152704504
-0.8866736696516125 0.46455441397810776
0.9987635216516985 -0.06687621264618174
-0.8707922930363312 -0.4936818635402037
0.8744667077162197 -0.4871436924521918
-0.6842230851994965 -0.7306433943313814
-0.6071499628092771 -0.7958454137963563
-0.8217252708381836 0.5716367546492386
-0.28633816798226486 -0.9591722752230489
-0.8722597532633756 0.4910844355474069
-0.5130153254125999 0.859544225675331
0.8308415892562426 -0.5583039078872376
-0.9217712606941679 -0.39030596070042844
-0.8382396887855147 -0.5471336437697498
-0.18831008147099468 -0.9831278214028872
0.8744227973877885 -0.4872225070832777
-0.38052143234764385 0.9258533574622374
0.9848211126680388 -0.17924390099327236
-0.39727650748298676 -0.9187885374786303
-0.9988546837100041 0.06550054068927859
-0.7762235364682104 -0.6320427370303252
0.9604314433130129 -0.28208587822803716
0.6615260074586692 -0.7512551773237857
-0.8729130891713675 0.4899221762211833
-0.3375928722795183 0.9423545259540408
0.7772220888248017 0.6308144137880903
0.24811999381929842 0.9697615524793254
0.6473550880156883 0.7635000916962621
0.4471484085782348 -0.8955776352198351
-0.5921741868032123 0.8070506381163168
-0.9664275198229635 -0.26080423487519416
-0.9479117566476003 0.32165867252300323
0.961027746896565 0.28004762040572984
1.000779007739271 -0.02103277605072049
-0.16576770466738874 0.9871788430113894
0.9002754431977944 -0.43761298698166495
-0.0035624519926029915 -1.0009936607870205
-0.04873523696954286 0.9998129208394552
-0.8155612009520457 -0.5803972152773106
0.05773387818248693 -0.999333677662276
0.29057631477170387 0.9578968656873743
0.23602847457407333 -0.9727751843001733
0.9895687653623252 -0.15084647367202003
-0.46669802757150786 0.8855472607720404
-0.38474114364439116 0.9241078142658496
-0.6258601709377457 -0.7812170290218817
-1.0008182868673432 -0.019072406033756914
0.994782112939828 -0.11139814978253054
0.9899566580098768 -0.14827951733774955
-0.6624031115883845 -0.7504819236717338
-0.9672896445904491 0.2575883216841999
-0.22979442818415693 0.9742666579409953
0.7030371473620136 0.7125586077152407
0.7316195405962574 0.6831792208620817
