1000
0.679606795454619 0.7349391835872569
0.1886383330590286 0.9830648906866275
0.982200710725607 0.19308745130150912
-0.9682144342073196 0.25409015996807144
0.9469937282397434 -0.32435147398245473
-0.8009833828491182 -0.6003554117350679
-0.9340727691859839 -0.35987367487109645
-0.33202844653714225 -0.9443294502927101
0.058265678208576324 0.999302812336128
0.2962283825251294 -0.9561640786949411
0.5528927219748768 -0.834452298209557
0.07974920611358709 0.997818151831411
0.1373796959031413 0.9915280223743353
-0.5730368723584671 0.8207495007111646
0.9523372540903574 0.3083095108355208
0.7318988197903241 0.6828800169792133
-0.0186291786634577 1.0008266351882953
0.034929879727133954 -1.000390375554587
-0.8922547831484248 -0.453742660490236
0.004519407061181183 -1.0009897976302333
0.9479171612710139 -0.3216427449327944
-0.05504716798305569 -0.9994852721761562
-0.7416272084611645 -0.6723020776928333
0.053626616854222625 0.9995624972780693
-0.42824111671679366 -0.904770990888387
0.9938395889461449 0.11951515152213034
-0.9795843566354666 -0.20595020814526746
0.8967397221677762 -0.4448132986843576
-0.5072680248263227 -0.862948521633128
0.8679016708259195 0.49874611755639486
0.5480512093105085 -0.8376400611081642
0.8405372519051141 -0.5435973952842295
-0.4752701829671349 0.880976306822372
-0.7564822303798934 -0.6555422451066459
-0.9961692264243593 0.09822358334480369
-0.3482005425484291 -0.9384867511952312
1.0000892840874973 -0.0426898565628521
0.6475401020523099 -0.7633431837870068
0.1946351322515009 0.981895190584739
-0.8822897656860573 -0.47282742027683006
0.5169354110816413 0.857192382589728
-0.9971146662030184 -0.08810983170363705
-0.8780065222932842 0.48073438280453024
-0.8460715580683376 -0.5349429115595568
-0.7371029869179957 0.6772593201105239
0.9920689453113228 -0.13341741921083472
-0.9287558088370634 -0.37338137011829087
-0.32281141938334385 0.9475198085083556
0.3907196499411238 -0.921595982602944
0.530908012524909 -0.8486092635818037
0.8459600024549521 0.5351193084223529
0.005758125715115045 -1.000983438418563
0.07831915655454945 -0.997931415337038
-0.08811155161513673 0.9971145142218987
0.9658662689537408 -0.26287516143101103
-0.16027131853334287 -0.9880860815007889
0.8440361658336859 0.5381486325958383
0.8535223361717951 -0.5229728689481331
0.5980504515371861 -0.8027058349209677
-0.1080321726610662 -0.9951532794851905
0.5323739445476136 0.8476903816646821
-0.7493817342387684 -0.6636475091411823
0.023772474083205517 -1.0007176772076944
0.752851025676165 0.6597092792574213
-0.6187445001811632 0.786864819073494
-0.15095357812161342 -0.9895524327958989
-0.9989725289209787 -0.06367799039875774
-0.9484394832683275 -0.32009927612806005
-0.9970509370766988 -0.08882808606784695
-0.04249866201004105 1.0000974271176566
-0.9807391943836731 -0.2003787229215318
-0.9928327512440702 0.1276092788833568
0.37741164921662074 0.9271253674857519
0.1624613631552399 0.9877283561191008
-0.31677356377701715 -0.9495554271826411
-0.15040111444207033 0.989636551858602
0.9951643072635915 0.10793054038860304
0.1456545975486463 -0.9903462718730969
0.9351827425600859 -0.35697932435618174
-0.6574527012665402 0.75482245965348
-0.31089929408652167 -0.9514949442516774
0.5563534254228206 -0.8321489446128584
0.9831273097376358 -0.18831275274935216
0.014636888184970042 -1.0008929820436652
0.8396692698494814 -0.5449371681858732
0.7060181380963602 0.7096050934702689
-0.9799109718917245 -0.20439052611658903
0.31631685785642777 0.9497076631447366
0.9509552827492287 0.31254607694120023
0.6563752398433749 -0.7557595811635814
0.9517738911595233 -0.31004428733176165
0.5816251402761263 0.8146859494300711
0.9216966078537645 -0.3904822186359628
-0.9281894415894171 -0.3747870869199285
0.9496446772422414 -0.316505903555493
-0.7272789024964881 -0.6877982247603608
0.580976088133753 -0.8151489342548401
0.9922268161650176 -0.1322382141554869
0.32526425510552504 0.9466806031342608
-0.9865711316892908 0.16934698732871542
0.6134424858803521 0.7910052569464592
0.7545957756099184 0.6577128670108755
0.5998685210470096 0.8013480875729807
0.8838937470357232 -0.469822140763022
-0.6404839891844415 0.7692732021839732
0.3915723325938522 -0.9212340138895272
-0.9217652987654747 0.3903200404690938
0.741986282774181 -0.6719057643560986
0.6437840014805151 0.7665136394335956
0.22715321179447295 0.9748858488928103
0.78693719568228 -0.6186524468970512
-0.8855715656303585 -0.4666519068288436
-0.8721298763097296 0.49131505050016094
0.9963430534405365 -0.0964443873991031
0.9930928106256557 0.12556938115494362
-0.9170724177304258 -0.401222108860007
-0.09329199842901977 0.9966431673518461
-0.24129907851122606 0.9714812168588918
-0.9806023623953504 0.2010472751982925
-0.5887766977347288 0.8095325813113317
0.3977175578644514 0.9185977052912426
0.9207671177474073 0.39266896347321906
-0.6849660541452081 0.7299469190761366
0.8262999898855418 0.5650038289384893
0.06669919008176921 -0.9987753591486106
0.42276395702950587 -0.9073431746791034
-0.6682814281225221 -0.7452522612018848
-0.9124021679495383 -0.41173205355058573
-0.3907248540979634 0.9215937762323079
-0.4085481931401022 -0.9138322460287542
-0.8638271468651065 -0.5057703632468885
-0.2662712096150118 -0.9649355641337708
0.017101224054579377 1.0008539094872113
0.08632521279839303 -0.9972707544269571
0.9660196693565297 -0.2623108812388482
0.20722598877218193 0.979315265671577
-0.6943687334986259 0.721008364680684
-0.6210212174456208 -0.7850691991680472
-0.951285444768275 -0.3115397287217557
-0.28221053201608265 -0.9603948227782153
0.8845007932349556 -0.4686782977338874
0.4984623101451183 -0.8680647011397202
-0.9750027862344401 -0.226650759617255
0.8247249273176103 0.5673004444392429
-0.6506296209082552 0.7607115724088732
-0.5104291706025408 0.8610824941885663
-1.0008407069900622 0.01785718991421938
-0.7620858926493955 -0.6490193311641603
0.043895974896115575 1.00003707100683
0.8720427139238467 -0.49146973975244107
1.0004952096424224 -0.0317857748460728
1.000992341325237 -0.003915687451789134
0.9969705942702816 0.08972532619256227
-0.9827193135194534 0.19043043568677315
-0.8699361169603744 0.4951890067518722
0.8178779406332696 -0.577127953079282
-0.9812704181755588 0.19776088190934965
0.24020618147799638 0.9717520210319914
0.3263113762291205 -0.9463201814097897
0.5408084624326726 0.8423343795436635
-0.9670158549413057 0.2586142615791624
0.3152081708118974 -0.9500762122342701
0.8519170985093328 -0.5255837300254258
-0.1606049618489502 0.9880319054714263
-0.03190766646832562 1.0004913297078322
-0.42068041975288994 0.9083110614962984
0.036066098464252606 1.0003500570008315
-0.31006333830565563 -0.9517676850149687
-0.7574084273346081 -0.6544719048229004
0.8350531432008641 -0.5519848259058914
0.5477889903173874 -0.8378115671719133
-0.02086709153527651 -1.0007824761109971
-0.2795656781025978 -0.9611680558711024
-0.8194028229644762 0.5749608801630309
0.43802616730906896 -0.9000744840025894
0.3101144106315756 0.9517510453467495
-0.9815277111134906 0.19647990308505386
0.9980568005770861 -0.07670477704700396
0.9977072630620303 -0.08112470174535358
-0.966365824580792 0.2610327433144849
-0.801688526023617 0.5994134693532341
0.25873521353922735 -0.9669835000013239
-0.9721348664324073 -0.23865205104177395
0.8291889018840969 0.5607555305052687
0.9776685815011035 0.21486075664397183
-0.6918438366229636 0.7234314796349535
0.02170239944974315 1.0007647105379585
0.9015666675421821 0.43494659899450233
0.11022814726568449 0.9949124361220812
0.9294796357431092 -0.3715758425124771
-0.1124411753588826 0.9946647586417813
0.6860673531001221 0.7289119199259896
0.562570451797907 -0.8279586262391972
-0.3428306154603177 0.940461678699935
0.37752172152336927 0.9270805519360396
-0.8500629649352419 0.5285772939178393
0.8580090817138729 0.515578719204465
-0.44556578618534043 -0.8963660692937007
0.947101421492263 0.32403687661643515
0.9998546720954944 -0.04787102138884647
-0.68000551611217 -0.7345702812236699
0.9131715244421508 -0.4100228858832133
1.0009474046485713 -0.010261243944528058
1.0009140321437908 -0.013118698779162451
0.08043257269442604 -0.9977632992096652
-0.9833473207020806 0.18716048425893592
-0.9696153234009555 -0.24869082135467024
-1.00035364187287 0.035966528768921896
-0.21260072769036803 0.9781625276944144
0.5242905988093267 0.8527135322018512
-0.19084876992754085 0.9826381567073124
0.2331622109035842 0.9734661696261214
0.7519645965390459 0.6607194908218387
0.5727358777616732 0.8209595692386841
-0.5842232246228496 -0.8128248420239624
-0.013656908750670122 1.0009068332484177
-1.0002675127799145 -0.03828711110913608
-0.04680414476294815 0.9999051815212325
0.5620167876997233 -0.8283345521850964
-0.4732345694550732 -0.8820714496415081
0.8124672174527834 0.5847204636102038
-0.1455634532977604 0.9903596725755904
-0.8961892565406845 -0.4459213119610401
-0.9951630004404687 -0.10794258915888437
-0.023273594945498906 -1.0007294038741505
-0.42518879320480146 0.9062094074401592
-0.1814583763312229 -0.9844154903592468
-0.9250188721319337 0.3825455348056821
-0.45200353695954265 0.8931370569940894
0.9500392383423758 -0.31531959280995936
0.1160166848710517 0.9942540564823114
0.5340938601242814 0.8466077891075326
0.9074675605782577 -0.4224968952526706
0.201390950446781 0.9805318378707252
-0.9999703675311526 0.045390131742610966
-1.000908463672474 -0.01353688844631134
-0.9610298342078519 -0.28004045736719646
-0.11162879294636668 -0.994756257876942
0.8332312189221978 0.5547312284461985
0.8192573446090451 0.575168152199108
-0.7915804125795984 -0.6127001309125962
0.6846685592964551 0.7302259677051457
-0.8904410897389282 -0.45729166371644037
-0.06099700866535239 -0.9991398125056768
-0.9319373879488559 0.3653679035480041
0.4718712478118441 -0.8828015210048594
0.8566221979000537 0.5178797254815846
0.45129648768032066 0.8934945328357674
0.8888131418400409 -0.4604478242889581
-0.6843046738942541 0.7305669806981961
0.7852893513606236 -0.6207428087699536
0.35893371039118416 -0.9344343698434993
-0.9336731706495687 -0.3609091442581935
0.6066976035090605 0.7961903151234401
0.7884696674167605 -0.616698130014761
0.056738185790460985 -0.9993907035155005
0.22688026802151995 -0.9749494058578031
-0.31581390786663227 0.9498750315688934
0.9165255614367324 0.4024697444940209
0.6817721409663747 -0.7329309297622292
0.8869039902365865 -0.4641145463163386
-0.4155960459665163 0.9106486295915661
-0.5952565590147211 -0.804779863658351
-0.973617601623044 -0.23252906444096758
-0.6983099033483466 0.7171919400590212
-0.8881735829055847 0.46168028615986667
0.3744654321612265 0.9283192554915071
-0.9856430117869136 0.1746678370955057
-0.16182675840316102 0.9878325264257727
0.8821850604902121 -0.4730227468609525
0.8823901791901196 -0.4726400021885882
-0.957275314687799 -0.29261744973493203
0.9547851731466935 0.3006430992709437
-0.9530015252673358 0.306250049531639
0.7714200744270915 0.6378965972404153
0.30580684503690037 0.9531438367468874
0.9660313687936245 0.2622677915923271
0.5743401714611089 -0.8198380129306179
0.7384978862064728 0.6757380202923109
-0.8946230763430117 -0.4490551762028423
0.9888593087303518 -0.15542930076832623
-0.8079825989168167 -0.5909019545132902
0.8690492149611226 0.4967438595246612
-0.6364837876705454 0.7725861686780033
-0.2784115235146429 0.9615030023740203
-0.46998136901021065 -0.8838090929512369
-0.943570581003029 -0.33417893210914146
-0.23099955119670415 0.9739816257747993
0.5881368712981442 0.8099975435886395
-0.6737402280338977 -0.7403209473794671
-0.609703115723364 -0.7938911201652417
-0.9093168341069889 0.4185019655983025
-0.8913573761304274 -0.45550304940568714
-0.3086818433020353 0.9522166348135584
0.28427502456935716 -0.959785762764843
-0.9958968674340769 -0.10094765690689657
0.9377175650434667 0.3502667101066725
-0.9975639095000406 -0.0828688509815056
0.18516332807655553 -0.9837253386670559
0.4811100743322376 -0.8778007156388224
-0.5779020286323227 0.8173311723546619
-0.9864014047922071 0.1703328172254555
-0.1800360765513742 0.984676602311636
0.6602487202798232 0.7523779817145474
0.10890597003366186 0.9950580333282211
-0.9773850411732492 -0.21614689748124066
0.7607370353398483 -0.650599848649182
0.8398607024480871 -0.5446420847523682
-0.7948592034705385 -0.6084405037948912
0.22854224263804232 -0.9745611542278781
-0.24449018400028058 0.970683032677253
-0.93589886654501 -0.35509760855258593
0.9322154284712183 0.36465791492880406
0.5033936507500759 -0.8652143274267426
0.9319459008782388 0.365346189026583
0.9324422023411438 -0.3640776555807806
-0.9697052780727792 -0.24833983506033458
0.9433462928630084 -0.33481154660737017
0.8922420937250244 -0.453767612534417
-0.9897222039086551 -0.1498364411289681
-0.9755697194807226 0.22419795367555043
0.49721592283275057 -0.8687792159585634
0.8731502315088339 0.48949941084343485
-0.14474677034001115 0.9904793649925959
0.6016449423696141 -0.8000152269307528
0.6456336576723929 -0.7649563256033428
1.0008546042986304 0.017060511546611624
0.5119042051254067 -0.8602064198638171
0.9256545122443336 0.38100488705750857
0.9599445920995912 -0.28373822459927667
0.10044248914212599 0.9959479436069608
0.41262690182682504 -0.9119978288838169
0.958195459542095 0.28959016093941015
-0.8271541226348378 -0.5637526562316064
0.7327118932480299 0.6820075377097292
-0.9799095164717696 -0.20439750372267904
-0.9991163042078689 -0.06138086563424445
-0.21582836575510367 -0.9774554294368011
0.5860790780889648 0.8114877166207687
-0.8804366146295559 0.4762692175856496
0.7993553432968031 0.6025213980788151
0.9926151496157699 -0.1292910080139481
0.15583265188671308 -0.9887958255403156
-0.48757772011228045 0.8742247805056264
-0.5137633449989878 -0.8590973317008097
0.43592315144584254 0.9010948929127969
0.6676612513239281 -0.7458079199636906
-0.8486747192521296 0.5308033731075181
-0.1905730156391026 0.9826916737767846
0.7099504368415522 0.7056708703273
0.8078351684773205 -0.5911034939595765
0.7587742013404416 0.6528879776655219
0.9322974373454647 -0.3644481970309077
-0.33740810689407696 -0.9424206966117388
0.8322947922828858 -0.5561352162368319
-0.6764912779215078 0.7378079363195583
-0.9985840860291664 0.06950412311003146
0.6565086964827398 -0.7556436537433063
0.5575544280823095 0.8313447297756863
0.613048633431295 0.7913105414740926
0.8581124649567389 0.5154066331411243
-0.936381580221288 -0.35382274689777027
0.8686356546572759 -0.4974666817568044
-0.6655308025546413 0.7477096701601331
0.2788973673581463 -0.9613621890217522
0.03693285179721687 -1.0003184315297429
-0.8933547667929227 -0.4515730955763007
-0.11110683145218285 0.9948146922943268
0.37519204727533456 0.9280258227341215
-0.9381889731421397 0.34900207832403735
0.4940694218959107 0.8705724589874416
0.7443846133491329 -0.6692477474067896
-1.000046605214418 -0.04367822568646737
0.7650021573523899 0.6455793516262653
-0.9833579691088031 0.1871045285133694
-0.03709056872550479 -1.0003125959976804
0.999628731815788 -0.052377462026709544
-0.9768973771779725 0.21834036379652325
0.8827154856642802 0.47203217196338854
-0.7095040694130522 0.7061196608835635
-0.4983072964094131 0.868153695116908
0.10982665718889335 -0.9949568359334556
-0.7847779448635293 0.6213892316863686
-0.3935661466492529 0.9203839895454825
0.9823953152741359 0.1920948841781868
-0.8444422645288592 -0.5375111737232746
0.5822131404498729 -0.8142658405505518
0.010588341825815277 -1.000943997942632
-0.6161207883248762 -0.7889208922280696
0.5985431910750624 -0.8023384874338768
-0.4258412749117437 -0.9059029796736187
0.9128450840292786 0.4107491358038132
0.1367653043381483 0.9916129544985249
0.8554648172777741 -0.5197893288630543
-0.24619446059583447 -0.9702521773085212
0.7909268991789677 -0.6135435112159064
0.754718081979466 -0.6575725182314389
-0.9820766530519625 0.19371744250390918
-0.9166749173190843 -0.40212945174166215
-0.6132429366476991 -0.7911599715934231
0.6023064864219826 0.7995172896279392
-0.8858522839048759 -0.4661187950517712
-0.046059685309544414 0.9999397508796146
0.7778182523422985 0.6300791746464665
0.09912221914296976 0.9960802104610718
-0.6505161142548513 -0.7608086389459371
0.5100820172583739 -0.8612881838674138
-0.3733307906376572 -0.9287761413612333
-0.4665082033247054 0.8856472752912162
-0.3134766931295232 -0.9506489167219299
0.9775002667191621 0.2156252039163485
0.48726198650315083 0.8744007985523591
-0.7207846347853838 -0.6946009719668558
-0.9549370779883658 -0.30016025233705035
-0.6067822082100799 -0.7961258391734936
0.9363963199494579 0.3537837361794807
0.5531824319843667 -0.8342602693068042
-0.27540473691333217 -0.9623685525232515
0.2890488571998604 -0.9583588879701876
0.9697702634794415 -0.2480859449283949
0.9630214869591828 0.27311282587041685
0.40887767869941144 0.9136848712008867
-1.0002168695923705 -0.03958805101086291
0.9833703652619156 0.18703936677781718
-0.6226427022790266 -0.7837838128582851
-0.7093233942901418 -0.7063011555368659
0.8938625089522112 0.4505672148410913
0.9236617610748445 0.385810771140616
0.4243713982817227 0.9065924753274844
0.037186311077616475 1.0003090413809317
-0.9040508422490682 0.42975932174735926
0.6581254067227559 0.7542360035333816
0.8600086901901726 -0.5122363251443456
0.8234469897384836 -0.5691538061812725
-0.201639540560013 0.9804807472269647
-0.8542806329646301 -0.5217332653200781
-0.7147605393536755 -0.7007983814071226
0.8305759516672541 0.5586990142393625
-0.664944595782404 -0.7482310368728201
-0.32869279555989533 0.9454956616225274
-0.94460140978377 0.3312539458399163
0.9410716812257628 -0.3411525916579213
-0.7747029255128393 -0.6339056532338612
-0.9790131190969824 0.20864877817997818
0.18890385452729172 -0.9830139031289089
-0.9967660405311995 0.09196988878842463
-0.9365396465663557 0.35340414599911746
1.0008688015074925 -0.016206238581357266
-0.4004455476912278 0.9174117741419457
0.7174266311632403 -0.6980687852194537
-0.47540466395499315 -0.8809037436007636
-0.72611103659721 -0.6890310316173904
-1.0000732205073544 0.0430645286058993
-0.9900879781625224 -0.14740012041395592
-0.7477402764466361 -0.6654964154520356
0.888680082892634 -0.4607045802571763
-0.9932123062664647 0.12462068319845714
0.8328422695291259 -0.5553150043764123
-0.111717540949941 0.9947462948129528
0.5259339536910138 0.8517009312868798
0.9585473225506801 -0.2884233527835819
0.4192706934625661 -0.908962642578571
-0.7685587796791369 -0.6413410965922236
0.9943279474720614 0.11538168345104613
0.6946773272029796 -0.7207110454753171
0.17271750837056066 -0.985986644079049
-0.8148977894918048 -0.5813283002584428
0.7581805870975011 -0.6535772313571584
0.7833446792252848 -0.6231950846480061
0.18900485299473324 -0.9829944890712456
0.7042427423089522 0.7113671062856131
-0.9891187561410605 -0.1537695881829736
-0.3587152725980544 0.9345182465874615
0.76677776140879 0.6434693967928272
-0.07609869077721328 -0.9981031956977164
0.8522266493470984 -0.5250816490248138
0.9918656099673506 -0.1349207610566119
-0.9993799311148779 -0.05692761443115328
-0.9508663188198256 0.3128166295676009
0.009466891710152655 -1.0009552327458746
-0.364924753535837 -0.9321110042569011
0.9924902256293635 -0.1302465048674056
0.14723227757223314 -0.9901129513549921
0.7435137613113387 0.6702151048287898
0.9477964940608606 -0.32199814571817176
-0.7059946421424104 0.7096284698813949
-0.42949854845301305 0.9041747601413981
0.8367150566337407 -0.5494623863399534
-0.5167228285355473 -0.8573205459279647
0.891787649388182 0.4546600800583892
0.6754172477170284 -0.7387912705807739
-0.6255004507400428 0.7815050774780694
0.9937208615322853 0.12049833756335677
-0.35534176010620633 -0.9358061944252257
-1.000972822331538 -0.007376242514681473
0.832826839822462 0.555338144621213
-0.5602218385615259 0.8295495715138087
0.9603654080410324 0.28231061446247707
-0.6271566512540422 -0.7801766048708559
-0.9435029604276327 0.3343698007659976
0.710002438550151 0.7056185493967964
0.9647860210170964 -0.26681254402669846
0.9168813067560774 0.40165864776109067
0.9172131158893657 -0.4009003617365806
-0.7221329394267385 -0.6931991184319974
-0.9396924937513587 -0.3449333518048853
-0.9928548026773893 0.12743759571038002
-0.1007283307489538 0.9959190747166807
-0.47645725904956404 0.8803348682739862
0.7894579472783606 0.6154324897818096
0.9907987953763739 -0.1425438426615698
-0.4571294655306279 0.8905243689780098
-0.30086050448637086 -0.9547166893064175
-0.609453224670341 0.7940829723265214
0.4301455618588883 0.9038671338272575
0.4986644911589871 0.8679485729334132
0.6964572500381019 0.7189911674487838
0.669940553582102 -0.7437611543137398
-0.9698755671473249 0.24767394746047636
-0.05152478147269464 0.9996730449973087
-0.505724456637001 0.863854023524351
-1.000849753604129 -0.017342742302027328
-0.4219409972745022 -0.9077261673098328
0.9591562312795548 0.2863919063060286
-0.24723873767469073 -0.9699866012440715
-0.23705949036026971 0.9725244459807316
-0.9683873720462 -0.25343026192910495
0.9849440012682534 -0.17856739446405911
0.21349930592477986 -0.9779667920587269
-0.9329312802415806 0.36282258246532234
-0.8505757594093096 -0.5277517195663851
-0.4369385468657636 -0.90060296816235
0.9973107258581579 0.08586219242643596
-0.644278361866149 0.7660981610936497
-0.1737997851905603 0.9857964468731438
-0.7949783031528345 -0.6082848818738141
-0.4174884611173901 0.9097826030617608
-0.3273420500260666 -0.9459641548625043
0.7291583755684439 0.6858054121530306
-0.6900160179042937 -0.7251750788847489
-0.800864001596106 0.6005146550646971
-0.08980049081787729 0.9969638267504335
-0.23030900833308066 0.9741451435390072
-0.8716388988983971 -0.49218556452540324
0.816182536908667 -0.579523137109583
-0.36569760841434024 0.931808059205345
-0.7182360395713839 -0.6972359654097122
0.0477409256279954 -0.9998608923346198
-1.0004145628050003 -0.0342301406319101
-0.9295521040903972 -0.37139451501215687
0.8639409543660896 0.5055759363033514
0.28707087555657074 0.9589532378626102
0.9990037270675354 -0.06318665448631865
0.019036423141120307 1.0008189719394773
0.3902815346933677 0.9217816030261125
0.8308369287662196 -0.558310843346532
0.0362932667904994 1.000341840965214
0.7284983755771167 -0.6865064579313892
0.9728142731383137 -0.23586731434934852
-0.6590391682242387 0.7534377046221563
0.6567808667210951 -0.7554071042220127
-0.4621807458170176 -0.887913260513675
-0.5105667798002049 0.8610009078766695
0.9107730706108712 0.4153232642774121
0.8825399329147364 -0.47236031460194944
0.8217109413668262 -0.5716573526493333
0.6101856200272342 -0.7935203268423435
0.023001116780405142 1.000735703683472
0.8120761802355232 -0.5852634257273234
-0.6113053379703303 0.7926580497093184
0.4797066558941506 0.8785684516819683
0.9937873351855179 -0.11994887421258725
0.5614952777192859 0.828688151899701
0.7953789743478695 -0.607760879923454
0.15679497673478784 0.9886436846866201
-0.9293526014391896 0.37189345543880015
-0.9669257539499451 -0.2589509342488077
-0.9517973527878961 -0.3099722555745162
0.6834666729253902 -0.731351014903444
0.9946336305890237 -0.11271619626875966
-0.8988151866895547 0.44060442596077126
-0.8189830338429003 0.5755586766590169
0.867034944396816 0.500251342021998
0.5221560089424683 -0.8540223078616114
0.2681154331535182 0.9644247583429727
-0.9916586499086085 -0.1364335811354223
0.999577064448108 0.05335440215486357
-0.6488193843115303 0.7622561292253456
0.48085435896258477 -0.8779408211643207
-0.17252558047061883 -0.9860202452704894
0.9929717049382061 -0.12652348869720717
-0.29850522000856583 0.9554557203908708
0.9333350745156855 0.361782584819667
0.45250307464194395 0.8928840727886165
0.9154915844418823 -0.40481620374694993
0.4639656156578591 -0.8869819093348092
0.8802096787701631 0.4766884951405123
-0.41169015104025536 -0.9124210757848876
-0.07272575781910846 -0.9983546284510512
0.6933210700032009 -0.7220158543201226
-0.6765745042021125 -0.737731618045252
-0.3714875346552492 -0.9295149334979859
-0.9689770385306425 -0.2511662771957765
0.7415600852909106 -0.672376114911392
-0.47258885214261154 0.8824175750915939
-0.7244416642592524 -0.6907859835616851
-0.6691221376579096 -0.7444975251108021
-0.7952859479642288 0.6078826045961818
0.9810426607863976 -0.1988876509920742
-0.13419896799043451 0.9919635260382825
0.41421189897882876 0.9112790476820767
0.8038607298640401 0.5964972145638675
-0.22554773690505653 -0.9752585392484433
0.440289796606992 0.8989693515375112
0.5326152823226924 -0.8475387666864086
0.9953276188254616 -0.10641396150522991
0.37065773403021945 0.9298461400702716
-0.38629987955871437 -0.9234573098161727
0.8436927270177049 0.5386869057044438
-0.6122606987302458 0.7919203475036812
0.8459123799655711 -0.5351945865019406
0.3604372378264544 -0.933855447908313
0.592509717091896 0.8068043351096232
0.9223984985260715 0.38882130846553276
0.5275576098383558 0.8506961668549126
-0.2726513154422769 0.9631522518208614
-1.0000358843384518 0.04392300121133187
0.5559328732507753 0.8324299612815107
0.9622307018297108 -0.2758859845231396
0.18026898597329358 0.9846339892041918
-0.7312383005466363 0.6835872642272288
0.11170933164595769 0.9947472167456481
-0.3237369429220887 0.9472039863659043
-0.45207869811394563 -0.8930990150658549
0.9402215340449671 -0.3434886707274764
0.9711551149185674 -0.24260820836794453
-0.9532848501563846 0.30536698325509776
0.9873823312036635 0.16455130515076125
-0.8351249011472103 0.5518762537778396
-0.7521521332946965 0.6605059942046226
0.15767782346192377 -0.9885032645309324
0.11745571204263297 0.9940850847430305
-0.9989289715746642 -0.06435767047356261
-0.8724174386630884 -0.49080425091530777
0.5860492130534914 -0.8115092851467464
0.9734685876847776 -0.2331521151330275
-0.3319888429967988 -0.9443433740571524
0.36990584409963423 0.9301455082410156
-0.7059817571641944 0.7096412886461416
0.9979990794345163 0.07745216231880296
-0.9941813202268988 -0.11663834065992436
-0.9290916051717751 0.3725450163394142
-0.926990876030321 -0.3777418639183881
-0.03553580562291222 1.0003690351658885
-0.8500891602265751 0.5285351640764087
-0.9977309022337373 -0.08083345055020598
0.8969804206236509 0.4443277225402646
0.33854806723446573 0.9420117866416575
-0.9750546639135653 0.2264274770879282
-0.8575995189318123 -0.5162596876843321
0.08812736784533642 0.9971131164700686
-0.9962016524997412 -0.09789416508037989
0.8237367035043626 0.5687344224677859
0.8036025001442221 -0.5968450567458489
0.5432141914909625 -0.8407849559565275
-0.3651226982358294 -0.9320334839655642
-0.957159390204212 -0.2929964193363135
-0.7400796550044474 -0.6740052701934148
0.12287006501504631 -0.9934303936981183
0.11685235329325024 -0.9941561886996577
-0.9648502040772473 -0.2665803512866131
0.7193549623590272 0.6960814881387398
0.130529901893076 -0.9924529937038751
0.8437478048700967 0.538600632915422
0.8428925981844307 0.5399380223006153
-0.1446801874037873 -0.9904890930105212
0.9050874265925911 -0.42757192403618016
0.2341163571854577 0.9732371403199793
0.8617331219379755 -0.5093299780643492
0.9243471791534768 -0.38416570954603757
-0.4344152971631955 -0.9018227927872596
0.903430203134419 0.43106248742439
-0.5817363941971077 -0.814606510940434
0.9962607855197608 -0.09729053004043656
-0.94559412334156 0.3284094302877229
0.7279798700736002 -0.6870562631747301
-0.6566919818956984 -0.7554843750296228
0.9403240204660588 0.34320800767835685
0.49074325372235855 0.8724517516321421
0.6161198082984713 0.7889216575948812
-0.7498286634209401 -0.6631425001554089
0.27236960659589665 0.9632319541018126
0.7620794617285321 -0.6490268823489137
0.9551549426011776 0.2994662512279824
-0.8205293965149527 0.5733519943758872
0.9204844939951891 0.3933310263816225
-0.8383797180280621 0.5469190510479472
0.9852583328791037 0.17682482148241882
0.6969761977787151 -0.7184881207994501
0.8261170822592502 -0.5652712325949933
-0.76636661345567 -0.6439590156061856
-0.17803583768514616 -0.9850402227826781
-0.6546438706321972 0.7572597986448871
-0.9896608688961981 -0.15024102161401298
-0.07849407326092171 -0.9979176721868939
0.2578254285219766 0.9672264721395187
0.9758427135866786 -0.2230067226336185
0.9439679285430257 -0.33305487518153704
-0.9681595950811225 0.25429903352619515
0.39478187764626327 0.9198631795447032
0.9782538003836396 0.21218035261297474
0.8789751822830434 -0.47896098894428824
0.3547384372907987 -0.9360350640379248
0.7174430233738762 -0.6980519380477012
0.6814302090699815 0.7332488460044388
-0.7332596607325857 -0.6814185717621242
0.7465209610905471 -0.6668638951483623
0.37698762381514195 0.9272978655697495
-0.7373956175370703 0.676940694032441
-0.7329685501444384 0.6817316953898797
0.15451794755144066 -0.9890021253184901
-0.6414483708282891 -0.768469249587603
0.5943933841403319 0.8054175965858977
1.0009037259582905 -0.01388277215873807
-0.2319542413971755 0.9737547072532491
0.3489778606496462 0.9381979816522716
-0.286924713583622 0.9589969805661311
0.8514044168664371 0.5264138285990617
1.0009784851115973 0.0065629523609481875
0.008926776608074257 1.0009601953421472
-0.09397775924861602 0.9965787378660098
-0.02750543403708475 -1.000622032087257
0.002079671912251334 1.0009978396403947
-0.5032935957914138 -0.8652725330410928
-0.36331206217399975 -0.9327407707819336
0.1869052443611709 -0.9833958661852769
0.42944765293035486 0.9041989346336399
-0.7567272259167176 -0.6552594185178792
-0.7021420135859929 0.7134406722057605
0.9972100771945633 0.08702334136088546
-0.9526933352911122 0.3072074362574845
-0.7003778761978361 -0.7151725879342752
-1.0009350112232005 -0.011406283689765406
-0.7655138190393338 0.6449725520204826
0.8703922212011866 -0.49438687408998294
-0.7585899589163299 -0.6531020396778141
0.9384273300622655 0.34836065534472715
-0.22837474029497323 -0.9746004196567963
0.7214450291267831 0.6939150307842128
-0.5183651037492918 -0.8563285696594422
0.9718317491713396 -0.23988341189539195
0.1633175529947311 -0.9875871490070196
0.9023553725645586 -0.43330795238937936
-0.9927192821924092 -0.1284890141739275
0.1511594699609467 0.9895210026275973
0.01076259008990163 1.0009421395138467
0.8119004063832461 -0.5855072417269661
0.7675205813403138 0.6425831908936203
-0.3513189555797696 0.9373238455573079
0.9210630244896912 -0.39197436767970234
-0.21155047888848125 -0.9783902058391909
0.88301130410906 0.4714785645346108
-0.7036091623295551 -0.7119937827578987
0.9958231756448013 -0.10167203572616773
-0.4007122598625051 -0.9172953094810222
0.39678356360223715 -0.9190015253823627
0.5017042816067284 -0.8661950206607496
-0.3156054667991939 -0.9499443085394338
0.9168635328448345 0.40169921849474544
0.8302826650438291 -0.5591347745648779
0.5613436516568726 0.8287908691247314
-0.06538061483992405 -0.9988625406947411
1.000343824738196 -0.03623854726885889
0.8504744076486871 0.5279150328742447
-0.5441086798421729 0.8402063701974699
0.7648057840102483 0.6458119794061343
0.3783871920295437 -0.9267276476441162
0.7508582485291759 -0.6619765030691785
0.8327547220619883 -0.5554462826263765
0.9984732036443019 0.0710792628287924
-0.8146091589546279 -0.581732686160262
-0.7202932310223702 -0.6951105389384873
-0.07455400509944876 0.9982197655444573
0.34450395522118443 0.9398500012432622
0.6541053086558214 -0.7577250459027156
-0.9734052390915134 0.23341645295307195
0.7716392710802858 -0.6376314259246364
-0.2856025619249344 0.959391565848853
0.42162432191102933 0.9078733012778076
-0.7135941741851952 0.7019860073882878
-0.32212517335508245 -0.947753329031852
0.9932789382709709 0.124088479671937
0.7683468390836351 -0.6415949928655823
0.3481266962841963 -0.9385141465818461
0.7493299675638185 0.6637059587730146
0.5876410439218998 0.8103573307488369
-0.9938385068354786 -0.11952414957248736
0.6273718230456615 0.7800035869458314
0.684311753492765 -0.7305603493426517
-0.019048336759711966 -1.0008187452614428
-0.3432173258699364 0.9403206193754818
-0.5768669715902072 0.8180620374325794
-0.5813662048294184 0.8148707479608277
-0.9996838849617756 0.05131403460780826
0.6299346329736015 -0.7779353174785253
-0.6405570154763262 0.7692123958465968
0.7368235271350073 -0.6775633474888729
0.5704462581991566 -0.8225521664347989
-0.2843297958867511 -0.9597695385721504
-0.19524855582221393 0.9817733961812878
-0.8898674296564104 -0.4584069781719007
-0.5065521250099893 -0.8633689504770624
-0.6736618517639469 0.7403922673002264
0.25965806875085606 -0.9667361001496612
0.965728887683264 -0.2633794135729775
-0.6036433107340798 0.7985084554380119
0.4110654247338335 -0.9127026989049573
0.9580630560675538 -0.2900278962418948
0.639695543436206 -0.7699289653648946
-0.9466618554566165 0.32531881504677224
-0.9597990283123102 -0.28423023282322557
-0.6651945213254544 0.7480088560963698
-0.6744691793222067 -0.7396568975845687
0.5307280707509484 -0.8487218124432624
-0.9687641080537965 -0.2519863149989143
-0.9179805104499581 -0.3991400536579039
-1.0007436217248138 0.022653996934382085
0.5886717634043707 -0.8096088901255895
0.9992200260816425 0.05966858031997752
-0.8721080434929682 -0.49135380376554244
0.3076921793029062 0.9525368878924471
0.7909776106223686 0.6134781328573404
-0.8013729374074791 0.5998353233937699
-0.8333403489658652 0.5545672752565285
0.8678369776937885 0.498858677530331
-0.1585837881268626 -0.9883583267941514
0.9943063304866314 -0.11556782058258971
-0.7569849133671521 0.6549617095178353
0.5584702367568124 0.830729796418059
-0.8118109896983506 -0.5856312124579637
0.9339144906920295 -0.36028422679246885
0.0524060920977985 0.9996272312772583
-0.13532205416229473 0.9918109404807435
0.9798635999011236 0.20461751046479587
0.5677801160268189 -0.8243947718445163
0.7254357191713203 -0.6897419933209731
0.9892210934964235 -0.15310985657932047
-0.6463781785028773 0.7643273188597295
0.9642118527850195 -0.268880090279812
0.7849566866277001 -0.6211634246464149
1.0008681102791843 0.016248871535423738
-0.3510501885878877 -0.9374245383455717
-0.02094089118220597 1.000780934608816
-0.999766083036588 -0.04968681122469454
-0.8136964817279493 -0.5830086068177356
-0.822639626338006 0.5703201251739815
0.4572160488927207 0.8904799181536489
0.9974784364840865 0.08389141046175176
-0.9917942003236433 -0.13544469057288622
0.4094726912442595 0.9134183680686433
0.9959737400533308 -0.10018637194838587
-0.2245340673036887 -0.9754924154600397
-0.6507228658387838 0.7606318109798985
-0.8775265334276765 0.48160999068790594
-0.0652360264012394 -0.9988719942311812
0.9548319675988444 -0.30049444861980296
-0.4323355723374537 -0.9028216617315107
-0.3096910783127958 -0.9518888779755007
0.42591672894241045 -0.9058675068722783
-0.7183373238772559 -0.6971316153531284
-0.23501698793297188 0.9730200488083035
-0.9988458382418541 0.06563529101731569
-0.872814488264134 0.4900978158247779
0.9058691665554102 0.4259131990021048
-0.9906388777351307 -0.14365101433571847
-0.8393633282983536 0.5454082902816113
-0.7667374042599273 -0.6435174845400462
-0.7078282833002028 0.7077994923424911
-0.2145902792539313 -0.9777279846919181
0.6160781272322017 0.7889542072554421
-0.16304717435716604 0.9876318235730074
-0.4509191849640964 0.8936850052626568
0.5221116908676493 -0.8540494027041553
-0.6249417616291861 0.7819519132093797
-0.5810608767569662 0.8150884967305243
-0.9823336591315236 -0.19240993253278688
0.7132962660779757 -0.7022887132791027
0.5101135731552777 -0.8612694946895282
0.03747992768662642 -1.0002980830835402
-0.08974224956700139 -0.9969690710561959
-1.000729593073959 -0.023265458216598905
-0.10177094029832649 0.9958130726751856
-0.4511125991506649 -0.8935873896198019
-0.8138317941240935 -0.5828197070044553
-0.970466585319188 0.24534793004815691
0.6400153568975091 -0.7696631360116932
0.831772270391558 0.5569164122268915
0.3620629335327008 0.9332263563368188
0.9635854305200441 0.2711164290291188
-0.10532454944453779 -0.9954434887447429
-0.417450749701513 0.9097999074376986
0.9854916865458635 0.17551961642218064
0.7437962171990448 -0.669901625076691
0.7971388056619296 0.6054508440062433
-0.01813654919386375 1.000835683608123
-0.10084300990558974 0.9959074692727137
0.9834771715530561 0.1864769504094289
-0.8054292216658241 -0.5943776315498295
-0.787568909622984 0.617848049762451
0.34319283961962144 0.940329556503368
-0.559760313432612 -0.8298610675925362
-0.6853563619494367 0.7295804665254084
-0.7714893471530023 0.6378128151969308
-0.6697771737009484 -0.7439082857376772
-0.8407315054746823 0.5432969130247972
-0.8306127616181207 -0.5586442877512657
-0.44095641841804895 -0.8986425524400269
0.9580794782410349 0.2899736425494331
-0.5346973600565909 -0.846226762250233
0.8595308249305925 -0.5130377773557567
0.7110005173633349 -0.7046128471075942
0.8372970220519216 -0.5485751515179885
-0.8751266357302206 -0.4859571703715314
-0.9964916128708632 0.09489713103158413
-0.9479156063617662 0.32164732738794066
-0.8190413770891276 0.5754756490208299
-0.5183677341129251 0.8563269774044443
-0.5373097876196969 -0.8445704186911095
-0.08746027761588672 -0.9971718507054599
-0.46345701684193574 0.887247763333317
-0.6976605006272505 0.7178236732405349
0.3951830907909192 0.9196908854353925
-0.5106061353999874 0.8609775690991547
0.9232467286598733 0.38680289298148
-0.9801149296143336 0.20341023756706536
0.7977794171193564 -0.6046064849310664
0.9487632115364621 -0.3191384784619654
0.7124938034084733 -0.703102823280157
-0.5536685737090024 -0.8339377137934457
-0.1280469354057043 -0.992776400975168
0.938337413893319 0.34860277923160354
0.7541630741771541 0.6582089771095988
0.9932852534277005 0.12403791889204172
0.7862240100136085 0.6195585574246564
0.7544308637535113 -0.6579020229609656
0.9628793979808314 -0.27361334935282605
0.9108587758023202 -0.41513526776690357
-0.8203894286331533 -0.5735522516623645
0.7181294063670787 0.697345793499084
0.7523582012673719 0.6602712601542828
0.042653148266783535 -1.0000908503445733
-0.9776319309861308 0.2150274575870003
0.13085112925252887 -0.9924106921901527
-0.20854644479928794 -0.9790349229529953
-0.7069159802877438 0.7087106580359986
-0.20049954610890414 0.980714500764684
0.9999935131561983 0.04487731771757537
0.30544542085529575 -0.9532597205790934
-0.6552028928876674 -0.75677616846174
-0.9988606666038472 -0.06540924026250457
0.5041767326586114 0.8647582449712099
-0.8756523357472508 0.4850092647572664
-0.11234340059038739 0.9946758066545037
0.01610569643618064 1.0008704244517896
0.9382168413734582 -0.3489271536627828
-0.9719193474758299 -0.23952824886045693
0.3684987178200052 -0.9307038707156063
-0.5637291077026781 -0.827170171807919
0.16856261055786798 -0.9867054506396103
0.8848421827070444 0.4680334514778122
0.9990608710336564 -0.06227660852576828
-0.9597184811807715 0.2845020858975783
0.9994087533002934 0.05641935684455501
-0.8640822099832934 0.5053344777376539
0.24973858304025146 -0.969345985776517
0.9955685801352632 0.10413549945842672
-1.0009949647889953 -0.0031749751303015365
-0.7822667472789365 0.6245476251669143
-0.558402303640191 -0.8307754614150131
0.8073259997386562 -0.5917987243531194
0.3385565065733303 0.9420087535988519
-0.08573593695554893 0.9973215876107135
0.977914118712317 -0.21374044171169945
-0.18859224919522866 0.983073732506105
0.09453743295150471 0.9965258018591088
0.13302097560136902 -0.9921221800010621
-0.6500775794766144 -0.7611833817562139
0.7351980402325035 -0.6793267561625159
0.9941911032647732 -0.11655492348748386
0.01814366803050325 1.0008355545794718
-0.9958595257488406 -0.10131537383484399
0.8130693632822829 -0.5838828739496845
-0.9535617380169092 0.3045012508844117
-0.2528735403182517 0.9685328970184304
0.11690923875950708 0.9941495007757498
0.21819701682466147 -0.9769294047416213
0.9037005341433573 -0.43049546407483896
0.11036700851797686 0.9948970416232992
0.9962877664923058 0.09701384611370054
-0.8046198996310556 -0.5954727677381308
