1000
0.14139742156210694 0.9909630513675006
0.9279459809918638 -0.37538947289588126
0.2340616736672388 -0.9732502930490651
-0.9258963076628339 -0.3804169126844004
0.1294325386346178 0.9925967045797593
-0.4712788123658887 -0.8831179315442517
0.7025773407200768 -0.7130119776740816
-0.09252179839450828 -0.9967149626758123
-0.4557031809891103 0.8912550761911016
0.8417120362727821 0.5417765664861547
0.7137105917923452 -0.7018676450467142
0.9973875966009054 0.08496459348852094
0.6014792206070663 -0.8001398297659703
0.8404655774631703 0.5437082058416073
-0.24716369371365807 -0.9700057260190896
-0.3955877633713006 -0.9195168956962628
-0.7870022786000572 0.618569651274873
-0.9087598345767182 0.4197100940650533
-0.993861724491739 -0.11933093727238822
0.9773854349563617 0.21614511684320728
-0.8219888115936079 -0.5712577295887805
0.8331731592684961 -0.5548184267619032
-0.5888811316700118 0.8094566157386364
0.009045288911455538 -1.0009591314077255
0.2157122357373706 -0.977481064447381
0.9956141140861755 0.10369925666271626
0.999418217225561 -0.05625146289369901
-0.7337515763711302 -0.6808888486183934
0.26632640505207744 0.9649203314118927
0.442615663796154 -0.8978264721884123
-0.9716313288681894 -0.24069391509100574
0.43465227747021484 0.9017085990994848
0.7717651695545701 0.6374790373513514
0.546942295007111 0.8383645543153374
0.3800174158098107 0.9260603455937596
-0.8095027123761158 -0.5888177635361482
0.3131185048243255 0.9507669545880204
0.40423050104175784 0.9157503491823137
0.9990473183376665 0.06249364545549664
0.7987841167981392 -0.6032784885531861
-0.5453337689382949 -0.8394117466747498
-0.20353949220049578 0.9800880955887405
-0.9692698840622609 0.25003378141749416
-0.5718283363903619 -0.8215919630212013
0.42058835699570285 0.9083536943061635
-0.6925473295975425 -0.7227580482203659
-0.4215789449405802 -0.907894373362225
0.821245228329943 -0.57232619627735
0.02638372212137563 1.000652236897026
0.7250999676572369 -0.6900949477452171
0.14254009121027958 0.9907993350814105
0.25065091700338915 0.9691104776058095
-0.7825953727332646 0.6241357885720723
-0.5386605981185266 0.8437095234940702
-0.8452897101722443 -0.5361774947505008
0.752047377783841 0.6606252656146665
-0.5900981595267192 -0.8085698251376802
-0.3996778679857459 -0.9177464801579839
0.31616395103815836 0.9497585777785538
0.7814058735619026 -0.6256243767333237
-0.9855183231406139 0.1753699938818284
-0.1082515408004259 0.9951294407836268
0.780659483184231 -0.6265554814336312
0.7778204091204782 0.6300765121440822
-0.6768078792329295 0.7375175215601486
0.33771562450925324 0.9423105416805678
0.6373498016501287 -0.7718719002117784
0.11634932601424544 0.9942151851264548
0.6234722905691483 -0.783124066091995
-0.8341555337015638 -0.553340352400816
0.9882214755268686 -0.1594343604982901
0.7993184605567941 -0.6025703266948321
-0.409215746818946 -0.9135335092679482
-0.07794035160128776 -0.9979610721828119
0.6906677635195433 0.7245543736911069
0.9490174772695529 -0.31838157584403953
-0.6770773020428167 0.7372701859280764
0.8157959670271914 0.5800671859208808
-0.7501446695593733 -0.6627850139612834
-0.12247127616398565 -0.9934796356819624
0.9575319818136427 -0.2917764620459263
-0.21134094115119817 0.9784354892343827
-0.40615397261105235 0.9148988744840932
0.977897589891182 -0.21381605104626167
-0.6878556743776094 0.7272245672600204
1.00011131562221 -0.042170562770876885
0.9972480206824366 0.08658744276719667
0.11241154082741185 -0.9946681082093701
0.5313121613381446 0.8483562855393891
-0.7619186762067282 0.6492156273899966
-0.46539965595170296 -0.8862303088024222
-0.7972035882659809 0.6053655415167305
0.8975934552971795 -0.4430880149673091
1.0007007001879917 0.024476695922103397
-0.9980504121908479 -0.07678785532672965
0.9088007883828806 -0.41962140917099877
-0.9430900946863536 -0.33553252197735545
0.4649345518331881 0.8864744003701813
0.8848189906517211 -0.46807729466624365
-0.7470971853255738 -0.6662182793038669
0.2726208077434855 0.9631608874872823
-0.9072664037175089 -0.4229286851060095
0.36865082416256467 0.9306436320333696
0.4855955159686038 0.8753273644021335
-0.12824706743417966 -0.9927505677130247
-0.3598048035461992 0.9340993005805545
-0.4854808866685525 -0.8753909461946223
0.33226782960205714 -0.9442452485512111
-0.36754937360317497 -0.9310791899532035
-0.9813679645586256 0.19727624828666007
-0.9429493944005617 -0.33592772972711554
-0.4394262003892092 -0.8993918025040603
1.0009623424972145 -0.008682678301607686
-1.0007459269689563 -0.02255193240156256
1.0002321577571442 -0.03919987995501302
0.49337920216188075 -0.8709638126088282
0.46208604021375793 -0.887962550696576
-0.9844944968357905 -0.18102923990351316
0.43338113542603085 0.9023202266694703
-0.7631317441141042 0.6477892721598324
-0.7576137371335923 0.6542342281679185
0.39433153651492564 -0.92005632398771
0.28831490469953697 -0.9585799474890432
-0.7605942491391395 -0.6507667694162544
0.9952455947498361 0.10717838462602922
0.9949112244263311 -0.11023908340737691
-0.9885000471540419 0.1576979923031894
-0.5643748703493157 -0.8267297053561056
-0.6223508285062538 -0.7840155905704806
0.4120267634287879 0.912269119404136
-1.0009970733882818 -0.002420551196465071
-0.4027354323466695 0.9164088451845831
0.09721475933564552 0.9962681820510543
-0.8592710047736477 0.5134728233853141
0.25240368720796613 0.968655448900084
-0.8591565920966008 0.5136642388340414
0.577142283662243 -0.8178678282027794
0.46337396015093285 0.8872911433425005
-0.42107496747075557 0.9081282242995766
-0.627199576813358 0.7801420965728901
0.7757849808728077 -0.6325809540700521
-0.8865288304911808 -0.4648307570588882
-0.5523980919078545 -0.8347798201062131
-0.7127791144529345 0.70281358410299
0.32939990684044856 -0.9452495444979087
-0.8849333896001812 0.46786097932049625
-0.19461976737918496 -0.9818982361453105
-0.12970471414553622 -0.9925611755093108
-0.9719949845869692 -0.23922113187964295
0.19003381731780628 0.9827960868235194
-0.9684083375802888 -0.2533501365797571
-0.999395167952716 -0.05665949410966006
0.9471162880185849 0.32399342118304925
-0.9772511710907259 0.2167513520184011
-0.2903298714984712 -0.9579715892006825
-0.9652040890247205 0.265296186421817
-0.26526332419088 0.965213120942315
0.26756110950054435 0.9645786918042705
-0.04606547930231905 -0.9999394839772292
-0.9713544720467024 -0.24180878734006336
0.8682480462111755 -0.49814288136083645
-0.16350510617180555 -0.9875561149908124
0.8326357255196908 0.555624647210955
-0.28488128134057444 -0.9596059897383677
-0.9980145909950265 0.07725203014180276
-0.8273125156424408 -0.5635201872704971
-0.5774231947901695 0.8176695262257937
0.9412250851304028 -0.34072912866566885
-0.7140422506628242 0.7015302304736185
-0.21616983495029687 -0.9773799683119976
-0.5628608850488206 0.8277612119941706
0.9984542805675858 0.07134458365051018
-0.891187042008595 -0.45583621637159405
-0.9628971094700302 0.27355101274581467
0.03068912553217251 1.0005294486291099
0.8040772323761709 0.5962053374251837
-0.9616164836280018 -0.27801931302504357
-0.8974912938955878 -0.44329491016886663
0.9619352921168804 0.27691423542319366
-0.8956354647336017 0.4470325651576464
-0.23108986863498013 0.9739602007342331
0.936180303450247 -0.35435496247661497
-0.802976402737754 0.5976871227041256
0.9401083202282541 0.34379840930058186
0.3901420968633782 -0.9218406284467214
-0.9923803142684893 0.13108131770917766
-0.3780951779627868 -0.9268468246702303
0.3866905986961483 0.9232937673785166
0.4132123903219098 -0.9117327023225906
0.8387279468398643 0.5463848745982869
-0.7826997653084143 -0.6240048696814418
0.4231882183937404 0.9071453752363685
0.6380376842763864 0.7713033861219761
-0.6530132766492853 0.7586663697039456
-0.44002802526718304 0.8990975124976508
-0.3313966041159536 0.9445513701119774
0.9062556666667303 -0.4250901864715771
-0.7935725414366144 -0.6101177111655036
0.7620559456651487 0.6490544936108184
-0.12808062755399927 0.9927720548269747
0.13919395491635292 -0.9912749582808719
0.7460767032780877 0.6673608864967292
-0.7877435530056092 -0.6176253675960038
0.9979170476264213 0.0785020130733402
0.9493197592001358 0.3174791249707549
-0.184289225423225 -0.9838894660442848
-0.41625918295576975 -0.9103456995037627
0.9952637611507912 0.10700955910562769
0.40771015831910973 -0.9142064464897447
0.41409853544553377 -0.9113305673255254
0.9990160086333136 0.06299217804111189
-0.004752699222574045 1.0009887171442542
0.14779833865694414 0.9900286112483049
-0.7748431098086107 0.6337342938346648
0.8659981738576564 0.5020439850005219
1.0008190381093856 0.019032944013066974
0.9514979548706153 0.31089008005569513
-0.8215011401620915 -0.5719588068317365
0.7776514591176318 0.6302850213452785
-0.9576889113386714 -0.291260963912005
-0.988334289927754 -0.15873352309138192
0.35250104661770376 -0.9368799347480036
0.29908177237328365 0.955275401878461
-0.43870290821187136 -0.8997448295636081
0.728494998508733 -0.6865100415491102
-0.6513046572237596 -0.7601337010543875
-0.30363383991623377 -0.9538382940822426
0.9836151870869106 -0.18574758068944477
0.3871427740895822 -0.9231042587217452
-0.9192173965928992 0.39628320403591744
-0.6481078846231112 -0.7628611734053293
-0.38807505018911986 0.9227127155408189
0.9674482122146356 0.2569921335035481
0.48894508953658367 0.8734607600906078
-0.9725213126381369 -0.2370723443689611
-0.9803472708523252 0.20228748980695188
-0.041057689788982055 1.000157620632464
0.27096261198376265 0.96362869556014
-0.8981559086320541 0.44194678841386476
-0.5913756077430892 -0.8076359889000069
-0.43640208118824036 -0.9008630437167309
-0.8231132974105649 0.5696362871393525
-0.3375373281228187 0.9423744224689614
-0.999639540172532 0.05217077461231365
0.9138172191354984 0.4085818033288616
0.9953844929874874 -0.10588064563480258
-0.28722666386177287 -0.958906587508312
0.5960336830702899 -0.804204481861215
1.000248010582819 0.03879326391414808
-0.1016885245407964 0.9958214920239048
0.9670198950857872 0.2585991541136071
0.9862141954158975 -0.17141342059527903
0.875473131693171 -0.4853326649663626
0.6407059512832014 -0.7690883460242314
0.9422044196930395 -0.33801158487676536
-0.7002476912921296 0.7153000565077864
0.9259711929857187 -0.38023459832135836
-0.5126586220079001 0.8597570222341664
0.5423279176844026 -0.8413568979333917
-0.20046063399805628 0.9807224552426121
-0.8119811255430737 0.5853952953020747
-0.3901385206200698 0.9218421419789743
0.33464529890770195 0.943405280841153
0.26283035221406176 -0.9658784633456904
0.8490417821992546 0.5302160428352894
0.970759638684707 -0.24418583886199693
0.08030602905183737 -0.9977734921804274
-0.8819885948144328 -0.47338897179514244
1.000977468938561 0.006716150486099937
1.0003514415997512 -0.03602767393684505
0.4590601696930675 0.889530640619744
-0.8060388582587964 0.5935506372474516
-0.7093651661338106 -0.7062592024716925
0.35322975551007774 0.9366054344398663
0.953849773458888 -0.3035977761322175
-0.45569707097813783 -0.8912582002438721
1.0006042236414041 -0.02814582794985953
-0.9742514805252664 0.22985876684243825
-0.15656300334594603 -0.9886804468498895
0.25361271633013194 -0.9683396047439411
-0.6879507474659599 -0.7271346292544641
-0.369941237731485 0.930131431909328
0.5536306577769794 0.8339628857265946
-0.8799362499812692 -0.47719303847489375
-0.6168573138771672 0.7883451365463263
-0.9751828641215987 0.22587470315109562
-0.2952764702571092 -0.9564584706679651
-0.7803631593646315 -0.6269245086184229
0.03276899177645374 -1.0004634891778683
0.5955621132507356 0.8045537702728873
0.7215586498397725 -0.6937968829862272
-0.6271284771018634 -0.7801992522477175
-0.5321556738216637 0.8478274227809638
-0.7546795219491298 -0.6576167722546566
-0.7422758108706607 -0.6715858996407705
0.5237064926408947 0.8530723940942951
-0.8635314320167625 -0.5062750891749259
0.7896666430252363 0.6151646876188962
-0.9978670658684039 0.07913481443197061
-0.602791306481611 0.7991518258942993
-0.4456677188059422 -0.8963153933824342
-0.8380271681739638 0.54745909929631
0.2651496436431669 -0.9652443558373712
-0.32475084246149183 -0.9468568478500597
0.028908320310489854 -1.0005824848641047
0.8067738895751771 -0.5925511717140891
0.22407382937977763 -0.9755982364616504
0.14674942856957637 -0.9901846318816016
0.6552246431785855 -0.7567573369128939
-0.8795051184969458 -0.47798718239893573
-0.9001129651688948 -0.43794708577048436
-0.7795718748241666 0.6279081875426804
0.9353501820406747 -0.3565403721270239
0.67813263386698 0.7362996203208532
0.3171447052319042 -0.9494315330466798
-0.9613545887369943 -0.27892356428657
-0.8548600963672998 -0.5207832712740407
0.3265299588174169 0.9462447812245498
-0.7269430631670076 -0.6881531682070263
-0.07916020704194544 0.9978650518086483
0.9962143735373639 0.09776462528725581
0.74931616681138 -0.6637215396196663
0.1366695371471384 0.9916261581947033
-0.6414494926878899 -0.7684683131596571
-0.11879105407339094 -0.9939263984179778
-0.16101269374661129 -0.9879655421382165
0.7246279797973593 -0.6905905377970349
0.9725798196112219 0.23683220744865588
0.9366926679745732 -0.3529983650991546
0.8952543499294409 0.4477953203556445
-0.6862208971587548 -0.7287673704980441
0.8228744977239236 0.5699811935455418
0.24889711686515634 0.9695623885115453
0.9523580603124162 0.3082452350937032
-0.987797708700609 -0.1620391517066996
-0.9087150464151701 0.4198070561801875
-0.9943058612322708 -0.1155718578164779
-0.4427847114564813 0.8977431143152259
-1.0009560484802555 0.009380245774611001
0.6115858282680637 -0.7924416537901491
0.7341664751211532 -0.6804414646449621
0.2590849455202953 -0.9668898546394752
0.7639343536188068 0.6468425645866356
-0.24750861405670038 -0.9699177727868127
-0.9482866151935619 0.3205518607725392
0.818344837947864 0.576465719886347
-0.21702002421461553 0.9771915416589971
-0.7903397187447864 0.6142997061487265
-0.09039533019665083 0.996910068300365
-0.9399881373311801 0.3441268685770678
0.9628937238298219 -0.273562929888424
-0.6195082724545311 -0.7862636328613974
0.9507076679027257 0.31329846822313195
0.3403740580671536 -0.9413535470772382
0.42507291088013954 0.9062637697910497
-0.17263420056308915 -0.9860012336685706
0.51439082161036 0.8587217725451118
0.7152685130091199 0.7002799113909541
-0.8404484127285471 -0.5437347382153045
0.12131097513475636 -0.9936219841125973
0.4638206492553694 -0.8870577237837048
-0.3368892534532623 0.9426062968746303
-0.7086146643326594 0.7070122046278355
-0.8518218400037493 -0.5257381029492033
-0.9467318708038576 -0.32511500242872216
0.7628934207602696 0.6480699256721408
0.9966162366740677 0.09357925409842952
-0.6822988645569181 -0.7324406183605197
-0.836227514304053 -0.5502040933334329
-0.4665476986590502 0.8856264702886563
0.3732408966094915 -0.9288122701052903
-0.7203096865991248 0.6950934867997762
0.9935360856095478 -0.12201248539250946
-0.11954539183504102 -0.9938359519010199
0.9638529921611043 -0.27016367169196936
-0.9985457972779376 -0.07005205734714719
-0.554188356398777 0.8335923857809776
-0.5807593619902126 -0.8153033567088517
-0.20933682332000791 -0.9788662290641597
-0.8316312099781219 0.5571270327226322
-0.9992033513452561 -0.059947165574435544
-0.6873693497262751 0.7276842564305468
-0.5101347591279842 0.8612569462880596
-0.2451469435931013 0.9705173754482507
0.9260014332562494 0.38016094697821323
0.6609539666525589 0.751758507744507
0.638034579726054 0.7713059542579699
0.9775478771556602 -0.21540925669168084
-0.6604450427742246 0.7522056537111064
-0.6221588795837562 -0.7841679211464118
0.45464646016950816 -0.8917945930848291
-0.6507041651430627 -0.7606478090847759
0.9968671212959692 -0.09086771967584303
-0.7244678614834485 0.69075850894332
0.2514076347416467 0.9689144447233774
-0.6137637659224385 0.7907559924785307
-0.0002076691105770939 -1.0009999784583117
-0.24473257241131055 -0.9706219490620139
-1.000116329914217 -0.042051476061093065
-0.26101833129408186 0.9663697174107088
0.838001347782699 -0.5474986220205308
0.5340941982140157 0.8466075758190023
-0.9912514254924571 -0.13936144179496593
0.6740971980185317 0.7399959240587507
-0.1740281925050549 0.9857561504821684
0.5058037034817838 -0.8638076253102376
-0.3619070013659504 -0.9332868382026536
-0.4899016535631163 0.8729246071890312
0.3928340115002732 -0.9206967141293615
0.9957101635669112 0.10277290581449448
0.7367992737753116 0.6775897211175604
-0.26065794947251963 -0.9664669851457842
-0.9784127710915187 -0.21144609091921163
0.06625037010121501 -0.9988052304936393
0.43698860100437925 -0.9005786820662787
-0.11958443012651322 0.9938312553302583
-0.9234661026265825 -0.38627885950394725
-0.3954193941083655 -0.9195893120099717
-0.4397781979174039 -0.8992197376817975
-0.42741800092193843 0.9051601253302609
-0.9912408348135038 0.13943675052950766
0.9901836786916975 -0.14675586002806565
-0.5120852274617618 0.8600986686511238
-0.91359257328712 -0.40908386674937247
0.10224902211397217 0.995764097302537
0.29781677014181424 0.9556705349765148
-0.12953240692430307 0.9925836768536932
-0.7051987566273421 0.7104193927893935
0.42217881221683246 0.9076155852095007
-0.8953684421753385 -0.44756714887992766
-0.7345557203423018 0.6800212450448899
0.9960141029391207 0.09978430110181984
0.7611981444046432 0.6500602933228026
0.3807757644099072 0.9257487873273456
0.7642203833914805 0.6465046060230188
0.37322888304294716 0.9288170976368352
-0.9771174651673965 0.21735330516199142
-0.9935743503722105 -0.1217004941750023
0.9405883183341699 0.34248301478073057
-0.7664165328772766 -0.643899602525405
0.5274524196747131 -0.8507613913309009
0.41601291690374653 -0.9104582653637873
0.8938841244098901 0.4505243302286393
-0.5241525727023515 0.8527983821100424
-0.7367060848057547 -0.6776910391986721
0.5609670687216071 0.8290458056162444
0.7190676705662419 -0.6963782629766948
-0.34792989226462295 0.9385871243889551
-0.5624071243802543 -0.8280695782640087
0.6282504614012847 -0.77929606552906
0.7338257177082559 -0.6808089423839577
-0.9908587689352213 -0.14212635232136797
0.01608025139700659 -1.0008708335819407
0.6323213385688717 0.7759966010173436
0.5908339081151952 -0.8080323588949424
-0.5972163666888572 0.8033265907207108
0.1987595065759531 0.981068630904935
-0.4651642620589966 0.8863538849145465
-0.99532646170521 -0.10642478390575733
-0.5238110946354834 -0.8530081694431634
0.9908107423709416 -0.14246077636438592
-0.24517442973022036 0.9705104321986763
-0.37657200243934197 -0.9274667255372692
0.962246654102653 0.2758303403693098
-0.025809317668211054 -1.0006672169715072
-0.24476636186776626 -0.9706134287645198
0.7938267784835646 -0.6097868855283833
0.20380973301571662 -0.980031934545024
-0.5067184224537016 -0.8632713596233991
-0.2810788751469693 -0.9607266343482491
0.9887444542367244 -0.15615826656351497
0.02574663936956901 1.0006688316127235
-0.9460083860828138 -0.32721420119088623
0.873226348503816 -0.4893636115187686
0.9141003001298765 -0.4079480865287515
0.8932556924215669 0.45176904271592927
-0.9171427172529896 -0.40106138705914174
-0.8965259911916448 0.44524391867586344
0.013189034806967996 -1.0009131077975053
-0.012425297764401853 1.0009228801338623
-0.41385927606810713 -0.9114392462541769
-0.5207254535442024 0.8548953164166854
-0.14559821803351103 -0.9903545622177273
-0.8795393085146427 0.4779242667804014
-0.9549287511967296 -0.30018674210873225
0.46803350811460664 0.8848421527492542
-0.786009045998228 -0.6198312509134688
-0.7572235743205569 -0.6546857708039788
0.1936321589996689 -0.9820934716212745
0.6640646178673693 0.7490121382839299
-0.99601480333857 0.09977730969729465
0.31233034289574546 -0.9510261599486242
0.5061917124837232 -0.8635803090696289
-0.23271763362218323 0.9735725463473646
0.9772638747075459 0.2166940681966029
-0.8748436889716379 -0.48646636046750047
0.6477131477475522 0.7631963562773068
-0.9312186679595671 -0.367195850253798
0.9395673051230607 -0.3452742086281411
-0.25245897423105207 0.9686410410106547
-0.8793291233922834 0.4783108745932486
0.8345304680196384 0.5527747262193915
-0.9562906558638611 0.29581950832807924
0.9545499656063271 -0.30138905613999956
-0.8046467452255882 0.595436491489955
0.591496593313598 0.8075473856674964
0.9143185131886187 0.40745877882376486
0.9152185368746157 0.40543313845945983
-0.15402767430577913 0.9890785992771014
-0.7217261577609202 -0.6936226302562939
0.9539321027263086 0.30333899088010996
0.6775390085784542 0.7368459078087667
-0.8564050357125844 0.518238762353924
-0.7941464711914102 -0.6093704803272231
0.72327976682665 -0.6920024413968399
-0.9929826512188171 -0.1264375512988485
0.7970214959806511 -0.6056052633066898
-0.733115898258369 0.6815732387064686
-0.6576719928998452 -0.7546313999265774
-0.7222014301469188 -0.693127761883583
0.9958123173710167 -0.1017783305628732
-0.9605561004252374 -0.28166110476219675
-0.8183953371378543 0.5763940250826841
0.9271400126409888 0.3773756708640173
0.09237224025619675 -0.9967288343526797
0.941044409298361 0.3412278120673913
0.983456092258799 -0.1865880880416876
-0.818073854075968 0.5768502139007072
-0.843838562913454 -0.5384584289805079
0.9946861842591088 -0.11225148036464538
-0.07062100498158035 0.9985057203919222
-0.717511791436877 0.6979812527203315
0.8904238664723846 -0.4573251994110636
0.7802105710118329 0.6271143953708843
0.9807223046184464 0.20046137090193464
0.027750078620655698 1.0006152772852048
0.930946035343577 0.3678865032562019
-0.9876964301854746 -0.16265534666548728
-0.7923056669365882 0.611761988145854
0.9597245833151209 0.28448150059470945
-0.9951237132264671 0.10830417985640368
-0.9980880542706103 0.07629702433455275
-0.44486525974456387 0.8967139458447169
-0.9910734440966882 -0.14062157873643938
-0.9576684128230615 0.291328356122363
-0.1791640025206261 0.9848356513656423
0.17207804071796395 0.9860984473685509
-0.19170306240840193 -0.9824718499088106
-0.9874302462338846 -0.16426353467063168
0.8787034705258335 0.4794592901236305
0.35130022487913337 -0.9373308658098646
0.9056320922397492 0.42641706521368794
0.8136325791060641 -0.5830977844386089
0.3545613117431116 0.9361021718888404
-0.9960212017258687 0.0997134179163286
0.5158534723965466 0.8578439222938082
0.5198861568390034 -0.8554059760880626
-0.9998927545400484 -0.04706887950986818
0.08310664596278176 -0.9975441270424166
-0.9177998746880873 0.3995552402641355
0.949874713341597 -0.31581486499881345
0.6843005512345208 0.7305708422734449
-0.5688915187059947 0.8236282170642205
-0.9342128484453804 0.3595098799749021
-0.7057389491286518 -0.7098827619281838
0.7218725927578029 0.6934702299487175
-0.5745715012093493 0.8196759054638819
-0.14217726105749917 0.9908514653762126
-0.38483127925206917 -0.9240702822346447
-0.8957466851123491 -0.446809664298164
-0.6563996120739881 0.7557384132549555
-0.7612789673933211 0.6499656404799864
-0.410373706084379 -0.9130139217747841
-0.9436738863782782 -0.3338871009304138
-0.8508994035091478 0.5272297460384577
0.6822586167906196 -0.7324781087615865
0.1418836257057789 0.9908935547053389
-0.9534482763817312 0.3048563338110357
0.13131063441095747 0.9923499973752163
0.7779869350812806 -0.6298708826758348
-0.886307073768149 0.4652534481210653
-0.6408482355746834 -0.7689697906685379
-0.24740940712886314 0.9699430835178652
-0.5873971834404329 -0.8105341133390047
-0.5485202287318478 -0.8373330034532028
0.09712837385372576 0.9962766076710479
0.6446881369818649 -0.7657533584874782
0.9807925233763521 -0.2001175306889622
-0.5085867705853766 -0.8621719647411052
0.9057493667519576 0.42616790661478454
0.5873264443188659 0.8105853735441801
0.14513780998557801 0.9904221403586403
-0.46968966679077734 0.8839641491089831
-0.9029292049132238 0.43211092431778825
-0.34299473634857036 0.9404018347691452
0.28863315980554627 -0.9584841673500226
0.2310729680723867 0.9739642105468854
-0.2154035323353484 0.9775491385385466
0.061891466457837156 0.9990848043983546
-0.012952808875140517 -1.0009161926666208
-0.115208812247605 -0.9943479921941293
0.5000358544974992 0.8671592380969921
0.7621620442966719 -0.6489299024035785
-0.9600267636746593 0.28346007307619137
0.45230841187761095 0.8929826989056134
0.9955433842566974 0.10437609909707171
-0.3904866672404668 -0.9216947231634957
-0.5602895794185554 0.8295038198796786
0.21505535349147326 0.977625794941325
-0.8331445538751836 -0.5548613812008557
-0.2741792127199294 -0.9627184216126125
-0.9673404536953462 -0.25739744879171195
-0.6900988597297109 0.7250962445081017
0.8973012961486234 -0.4436793706383029
-0.894393969770149 -0.44951132003409416
1.0002582698835298 0.038527827989748915
-0.303386290545587 -0.9539170607075799
-0.9989371679180347 -0.06423032423938241
-0.29622971396810605 -0.9561636662007055
-0.1461331606813289 0.9902757693437142
0.2666274292733928 -0.9648371955719068
-0.38903764153766096 0.9223072771407664
-0.9301953983270328 -0.36978036850434975
-0.4298859573359474 0.9039906325207999
0.5408575688671281 0.842302849454482
-0.9998547874183482 0.047868612645550146
0.6343102373917832 -0.7743716954667053
-0.21228961877162023 0.9782300944878972
0.9081665049373752 0.4209923981615732
-0.9991737527372925 0.060438496348568065
-0.8900369014113765 -0.458077847233454
0.9752763890787804 -0.22547054110338952
0.9876867965735207 0.1627138343053133
-0.9502316807899874 -0.3147391822176506
1.0004593783355766 -0.03289425938353551
0.2072304322815837 0.9793143254013943
0.9901550059650631 0.14694918904956847
0.9188005902335998 -0.39724863169857294
-0.6875456831693909 -0.7275176517137818
-0.940280787592942 0.34332643429190934
-0.08355740561883873 0.9975064711400367
0.9803291853638375 -0.20237511784771042
0.9979772294102223 0.07773319483140077
0.4151208699428743 0.9108653376530864
-0.15105299326370925 0.989537262171604
0.8983596456017495 -0.4415324984124035
-0.6036854247358655 0.7984766170411489
0.82781103012917 -0.5627876139330737
-0.32680210715397173 0.9461508245304888
-0.2885184159525875 -0.958518713253012
0.8155639120232299 0.5803934057218133
-0.5671650333550038 0.8248180556579842
-0.7462190385034296 -0.667201728546185
0.5941853091181885 0.8055711132036221
0.653045380133544 -0.7586387358197807
-0.5243898952492664 -0.8526524718550128
-0.929144929386017 -0.37241200329239305
0.2709773582139302 0.9636245489480846
0.20660282836703397 0.9794469211298495
0.7714855675917809 0.637817386873067
0.044471039761885066 1.0000116632432328
-0.5949861570800389 -0.8049797965682911
-0.9937100390805351 -0.12058755421087777
-0.016202520014256306 1.0008688617122563
-0.07006861487396053 -0.9985446355619986
-0.2422517325604132 0.9712440980883631
0.3876510018188977 -0.9228909473977979
-0.7780082868292211 -0.6298445090854254
-0.7503154242084045 0.6625917024797111
-0.42501675510381315 -0.9062901069089441
1.0003933427656957 -0.03484479516480688
0.5433932805048536 -0.8406692231205883
-0.32448827214877013 -0.9469468629431673
0.34690362327474084 -0.9389669196296836
-0.27521480978048063 -0.9624228844315237
-0.6177090113144545 0.787677965504253
-0.7420750594650725 0.6718077151387212
0.24352891849681735 -0.9709246447875193
0.9269130472386397 0.37793280204128804
0.971981075703399 -0.23927763889353135
-1.0009399048596386 -0.010968448366917436
0.34177008923915403 -0.9408475998276558
0.7305914898413268 -0.6842785068752566
0.5331629833079865 0.8471943302632092
-0.013073229430296514 1.0009146270647975
0.6639895828390998 0.7490786566717531
0.9353293649222821 -0.3565949790926398
0.6841658837387611 0.7306969573824432
-0.8904268709621536 -0.4573193495453132
-0.6420418837210227 -0.7679734497676081
0.6359738275753286 -0.7730060094457133
-0.9451052298308324 -0.32981374220370085
0.24168938085636107 -0.9713841892790251
0.7470156174013659 -0.6663097383037833
-0.7899483993358063 0.6148028353763484
-0.7936984047196818 0.6099539673987147
-0.5041749840891857 -0.8647592644306676
-0.14699069101416845 -0.9901488457576353
0.6975434198011221 -0.7179374467822078
0.7413738666373266 -0.6725814373495743
0.9146838192015525 -0.4066380588322515
-0.9694877778644121 -0.24918757708105047
-0.3254053021812883 0.9466321298753304
0.9554775790649401 -0.2984352457472159
0.5128613022658746 -0.8596361350235058
0.4276011041374823 0.9050736410593373
-0.17999024414389891 -0.9846849811046271
-0.8638931160966193 -0.5056576746781098
-0.927600758973351 0.376241720110972
-0.9997403050932477 0.05020281239193629
0.5183222486116927 0.8563545098813449
0.04606664427668852 -0.9999394303081988
-0.3483532130422172 -0.9384300927416829
0.9990607003217715 0.06227934707887845
0.8939261192228242 0.45044099876811955
0.6106956491663221 0.7931278737311687
-0.8982544086990109 0.4417465531872211
0.995830107920275 0.10160411487480876
0.020637413802637245 1.0007872387033814
-0.9408843727394615 -0.3416688413283688
-0.7946274819390612 -0.608743102586951
0.5086636013456863 0.8621266384157472
0.7364949457069213 0.6779204930876178
0.3175849894456603 0.9492843485904525
-0.849330545068682 -0.5297533626257935
-0.9462269246281773 0.3265817005110693
0.6858013388012526 0.7291622067128888
-0.933088046827032 -0.36241922806125315
-0.07189294169499028 -0.9984149462695562
-0.9992856864324076 -0.05855866196654505
0.9996000598378361 -0.05292183266095948
0.7105234527644407 -0.7050939108173446
-0.9734762839275263 0.23311997904652926
0.7944257429763066 0.6090063537407006
-0.23761795884328624 0.9723881455649026
-0.9304382382956903 0.3691689108216079
0.6440267549335804 0.7663096886570872
-0.9965076386499699 -0.09472869740612373
0.3925027255128645 -0.9208379936041805
-0.9161209938382662 0.40338979244495965
-0.07999784494529881 -0.9977982485473244
-0.9488454609196921 0.3188938558393639
0.8475142945995965 -0.5326542222205212
-0.03585566000364412 -1.0003576218761485
-0.5753052665197552 -0.8191610649406095
-0.9624651541691602 -0.2750669500505913
-0.09647584824493659 0.9963400075804544
-0.7326924067308928 0.6820284723667276
-0.8180870250571707 0.5768315347075853
-0.9749687137629861 -0.22679728213395442
0.0563140999953258 -0.9994146897768295
-0.915183311740019 0.40551264581091834
0.07496059949694646 -0.9981893149713927
0.9296265480527427 -0.37120813724316665
0.13609416030028787 -0.9917052886478722
-0.9985535876218841 -0.06994092255228132
0.2812090430871766 0.9606885416647761
0.3635249198092445 -0.9326578325826049
0.0785751999018505 0.99791128762049
-0.5271659630811791 0.8509389210564369
-0.989952455003064 -0.1483075751046003
0.9971352335812531 0.08787676570550328
-0.6524300854036016 0.7591679548428326
0.3151187536793646 -0.9501058736159692
0.9563157475963535 0.2957383825262246
-0.5736692812157462 -0.8203075982760425
0.9913276063414745 -0.13881850346867441
-0.9873327813680092 -0.16484835102636297
0.10519644630846134 0.9954570345746074
0.7652897645563085 -0.6452383871603966
0.6544813786391491 0.757400240965501
-0.67876199896469 0.7357194769485569
0.6918713863342425 0.7234051318396444
-0.9788262602850542 -0.20952363154636153
-0.3491197894298946 0.9381451767335512
0.995790453921382 0.10199201870268029
-0.8292325960331027 0.5606909145654146
0.7620511074613526 -0.6490601741109417
0.07484735630048268 -0.9981978126878602
0.8171077227869175 -0.5782179254934751
0.9972866793238233 -0.08614104273377218
0.9188588873483423 0.39711376851094765
0.14280291609167012 0.9907614885307742
0.9727934848376639 0.23595303739810938
0.9976929400623789 0.08130066020449411
-0.9763179204524033 -0.2209169939219136
0.997405886212237 -0.08474962034830681
0.9037532244406256 -0.4303848386190809
-0.8439557061977601 0.5382748052586523
0.8668587578556375 0.5005565841430729
-0.07679890499044825 0.9980495619919224
-0.30429411925306027 0.9536278566547878
0.1509911062916269 0.9895467072457119
0.5192524698928918 -0.8557907878156504
-0.9450255325560029 0.33004203189479236
0.8359102868289009 0.5506859289773298
0.12222826106510394 0.9935095632136617
0.9089147657854164 -0.419374472920374
0.9866402916759984 0.16894358478942192
0.7937100174513628 -0.6099388561137562
-0.4130469560103814 0.9118076618073343
-0.7134542415933155 0.7021282255774275
-0.582786783287584 -0.8138553711964495
-0.8771316647889364 -0.4823287702642137
-0.9608910920167302 0.2805161479895515
0.9979637020508416 0.07790667101718056
0.6907066637694813 0.7245172907698151
-0.261331429278582 -0.9662850946129788
0.9972992274398244 -0.08599564493583096
0.9977684692754781 0.08036841244960233
0.6129237986030959 0.791407238472047
0.9070725744793275 -0.4233442389208159
0.555512534679594 -0.8327105282232552
-0.44860519489686057 -0.8948488023747642
-0.3200994195821943 0.9484394348524012
0.9452051812885733 0.3295271844100806
1.0006859534455088 0.02507234685571238
-0.6925199739471121 -0.7227842594331252
-0.9000700786937332 -0.4380352194062216
-0.98436224051367 0.18174702047325975
0.9535549171765423 0.30452260988051055
-0.6598820187999681 0.7526996222029598
1.000927428494575 -0.012053335108490621
0.7578331302028348 -0.6539800813227977
0.8597143038226238 -0.5127302563753979
0.9994321003287648 -0.05600425727061837
0.7720315085588363 -0.6371564562902644
0.8927848704760639 -0.45269876855259694
-0.40727593293901077 -0.9143999750922231
0.07505052760029665 -0.998182557605029
-0.5024828495526847 -0.8657436028671618
0.22140543213490432 0.9762072703177109
0.8743980638413459 0.487266893961108
0.10549820420598939 0.9954250995978108
0.7468273217783068 -0.6665207809554339
-1.0008543203150455 -0.017077163309759225
-0.9998444534962991 0.04808397667297222
-0.5934488842833112 0.8061137771697574
-0.8793916328488521 0.4781959389993076
-0.34056449837645414 -0.9412846659993958
-0.13615154549704597 -0.9916974118443417
0.39871297416705853 -0.9181660874977133
-0.9781960604061999 0.21244638713282496
-0.20045896009846192 0.9807227973878465
0.2708903149551315 -0.9636490218246007
-0.6421376887487277 -0.7678933446048625
-0.10716537657475884 -0.9952469955059348
-0.3486907391501902 0.9383047311139884
-0.5118402233481157 -0.8602444918527239
-0.996253965027132 -0.09736034699875468
0.12211597366550317 0.9935233711270843
0.9643022413499087 0.2685557434268396
-0.7668619938929272 0.6433690094514687
0.2504266444234826 -0.9691684558232354
-0.72987844883273 0.6850390134361166
-0.9152611888109901 -0.40533684295446576
-0.6992264282777758 0.716298402900568
-0.9735326894573507 0.23288431153243758
0.9764481607845638 0.22034062108572455
0.7884471182035152 -0.6167269588696218
-0.5742597676529307 0.8198943342011834
-0.689339360133087 0.7258183289028365
-0.902574481227991 -0.4328513669101934
0.3843088097643604 0.9242876926247048
-0.5139954497253784 0.8589584842479909
-0.4363224354639523 0.9009016218826588
0.9851038059025296 0.1776836841028219
-0.8662450059489384 0.5016179718356626
0.9998695494682284 -0.04755926877278666
-0.484547943809587 0.8759076949941137
0.3771827559808136 0.9272185117817257
-0.90358301286712 0.4307420792748001
0.5083227260223796 -0.8623276675424353
-0.3429890870796405 -0.9404038952196417
-0.9624774428897293 -0.27502394791808216
-0.9938303403677473 -0.11959203386734184
-0.8543454571186796 -0.521627108096075
0.8710334558339665 0.49325624052609557
0.8576121767021788 -0.5162386602843213
-0.618593275904136 -0.7869837094922546
0.1401545262183114 -0.9911396010555328
0.8868078672400214 0.46429818716123006
-0.2722238995548565 -0.9632731432522903
-0.6269367405024394 -0.7803533324130659
-0.9884271966974767 0.1581539655802775
0.4444459910170007 0.8969218255059447
-0.8484791845118173 0.5311158757278506
0.04523018289163524 0.9999776150272511
0.4045667413559902 0.9156018522199458
0.8176271650330685 -0.5774831763783143
-0.49596662458609014 -0.8694930173938605
-0.01838694721493811 1.0008311147102267
0.8035705852040317 0.5968880251729382
-0.786902231681231 0.618696919157594
-0.5744223892477908 -0.819780408847918
0.9993092534682667 -0.0581551023788586
0.6896549784438882 -0.7255184427067033
-0.19114694775294236 0.9825801974214288
-0.8596315725540229 0.5128689496043776
-0.9918511188875444 -0.13502724895933538
0.22882096928084855 0.9744957485886601
0.3394751467044038 -0.9416780897791047
0.5362995091344989 -0.8452123026211199
-0.9434236717683268 -0.33459344815337977
-0.7315605321565101 -0.6832424077813699
0.7611757114701344 -0.6500865605963061
-0.26559093705944115 -0.9651230253972226
0.6180871060754408 0.7873813112484236
-0.9392764716702797 0.34606460345812623
0.5265117021875186 -0.8513438949446938
-0.1608646075769509 -0.9879896649404353
0.9021903841085764 -0.43365137013737104
0.7694473472650775 -0.6402747689755823
0.8428348640034142 -0.5400281400263752
-0.3921890532722038 0.9209716317528203
-0.944264755985408 -0.3322123877940403
-0.9479190205087333 0.32163726549913907
-0.8094439341679779 -0.5888985629449831
0.9998874623221421 0.04718116881751635
0.04949457742882624 -0.9997756182289814
-0.9959321186797807 -0.10059927923202622
-0.04874626901122593 -0.9998123830286786
0.8112114213062547 0.5864614479591018
-0.1304283608128234 0.9924663433566299
-0.5121924265715492 -0.860034835435605
0.4186440408362356 0.9092514322629953
0.6484114503123809 0.7626031675149237
0.8442848696207167 0.5377583648159546
0.8809441212417407 0.4753298383750143
0.9378344486530729 -0.3499536353855846
0.9643734140415079 0.2683000527206925
0.8704193244709536 -0.4943391544147892
0.6108471575483502 0.793011191670774
-0.8374718011890668 -0.5483082912132008
0.563831270575433 0.8271005370094333
0.33838524184811847 0.9420702883009263
-0.9158330532941709 0.40404308989744697
-0.9932852264489105 -0.12403813493573987
0.974904720952528 0.227072202315637
0.05529151654076213 0.9994717845935535
-0.8927681317294509 0.4527317781736838
-0.8964365825601444 -0.4454239030944452
-0.3319896951082083 0.9443430744925061
0.9657279196455995 -0.26338296303478426
0.011172087772068158 -1.0009376526311782
-0.341931519585749 -0.9407889433415875
0.980950917918682 0.19933965143567137
-0.5241099974433279 0.8528245485326714
0.9967467727886347 0.09217847327571553
-0.1979494517955874 0.9812323957828881
0.2932098514749098 0.957094030384717
-0.8016817568848634 -0.5994225226649385
0.1026690454637806 -0.995720878109702
-0.47152737989379084 0.8829852377081379
-0.43765534776624027 0.9002548509014607
0.15791323660167705 -0.9884656846375511
-0.6297873606979706 -0.7780545484123104
0.6236974881454844 -0.782944725559227
-0.41717509803865716 0.9099263363462103
-0.3102553382530563 -0.9517051145630571
-0.9943485430627991 -0.11520405769281185
0.26001377622290217 0.9666404896207828
0.25798232260888837 0.9671846365722128
-0.20750188252459031 0.9792568451375517
-0.8432170474312859 -0.539431192017355
-0.8459959740703373 0.535062437344261
-0.9884914696719382 0.1577517492321769
-0.8324668889150024 0.5558775754248205
-0.22393631899862512 -0.9756298094222757
0.0361966478045279 1.0003453417134078
-0.9884738568500282 -0.15786207373536554
0.932467109193036 0.36401386000148783
-0.6182198989039326 -0.7872770519958089
0.4363294254339525 -0.9008982364842751
0.7606210307493094 0.6507354666697197
-0.5209329471912635 0.8547688953925642
-0.40616828899651075 0.9148925188313909
-0.34046808308638615 -0.9413195442566151
0.4281280021182914 0.9048245209996247
-0.9162592129466114 0.4030757431184074
0.411658155948355 0.9124355114972235
0.6265141932447276 -0.7806926191933085
0.8814972016592892 -0.4743033664932629
-0.808465630933726 -0.590240903020904
-0.8219422204684975 -0.5713247642202426
0.6122162441746634 -0.7919547148471742
-0.9869457532112893 -0.1671498735213426
0.8386984396090141 -0.5464301669906274
-0.6642964747317073 0.7488065128316034
-0.2080568468872626 -0.9791390853516829
0.4799312852092671 -0.8784457646761018
0.9863354648488709 -0.17071423719585221
0.6171421140396852 -0.7881222056753815
-0.6622365030009083 -0.7506289456803062
-0.765559133422486 0.6449187648327596
0.8458459835825352 -0.53529951621246
0.5415359636743655 0.8418668541089358
-0.15991999876343382 -0.9881430028065287
-0.44064043413699383 -0.8987975343777717
0.9807886645569 0.20013644215058063
