1000
-0.10986761015955354 0.994952314554737
-0.5492511296783601 0.836853748600701
0.8907069811383829 -0.45677354756087674
-0.19635081226122122 0.9815535433812863
0.23595099716157036 0.9727939796989188
0.8921966769959359 -0.45385690427425446
0.8349689630775347 -0.5521121540930125
-0.8656664195663181 0.5026158075859047
0.5788791859526843 -0.8166393867985782
-0.3889525241617575 0.9223431758018256
-0.49957709088051705 -0.8674236163878405
-0.2524915583684351 -0.9686325479523591
0.9047343084473402 0.42831860935326305
0.9972649339609987 0.08639242728251578
0.12980006956261075 0.9925487101102602
-0.02859158961132316 -1.000591585515038
-0.5946548347696545 0.8052245820173866
0.8551386098677549 -0.5203258189956018
-0.7902698372425833 0.614389603057035
0.8325427895842287 0.555763891874338
-0.12072876798312503 -0.9936928924880548
0.7032304882375944 0.7123677985515029
0.0010160128988165652 -1.0009994843743875
-0.9686838293250356 0.2522947458909624
-0.8629948277969564 0.5071892419952355
-0.6325861966933719 -0.7757807059685196
-0.9089291935836304 -0.4193432019854514
0.6409562855551294 -0.7688797305218623
-0.9152933796743891 0.40526414734619015
0.3726367298436867 0.9290548248469533
-0.14725399853685822 -0.990109721149584
-0.866661152604751 -0.5008986390137276
0.008511754513229247 -1.000963810552163
0.8572772146254818 0.5167947148375026
0.9669053737027378 -0.2590270223447142
0.4285255522848294 0.904636308711397
0.6357704209560527 0.7731733129366037
-0.9889459394656115 -0.1548771410327523
-0.13224808875798447 -0.9922255000854696
-0.857167395700356 -0.5169768425647993
-0.2099424942762021 -0.9787365064699931
0.03205453962226708 1.0004866348380694
-0.9833557801197276 -0.18711603273135635
-0.47210678276631973 -0.882675583476758
-0.8296052000078272 0.5601394577424206
0.4622570448426975 -0.8878735408228451
-0.8524536341786515 -0.524713065947104
0.9988318489928416 0.06584783548106338
-0.9969058820491425 -0.09044148570109359
0.11395444627898169 0.9944925259514275
-0.037274232154991226 -1.0003057690612684
-0.856780027718493 0.5176185700906589
0.7369315554606932 -0.6774458521286283
-0.17110347996003242 -0.9862680158788314
0.9459683915238578 -0.32732980652205407
-0.9663265852022763 -0.26117796754570943
-0.3477775165374533 -0.9386435952964476
0.5129835398487724 0.859563195957239
-0.8864503303048049 -0.46498044249463033
-0.9864623728159209 -0.16997937233200722
0.7772930976328619 0.6307269142602924
0.6816398431367614 -0.7330539708974307
0.8948524561284108 0.44859790654989745
-0.20195740890871136 0.9804153227009865
-0.7520663709631191 0.6606036433947092
-0.052730847012276164 0.9996101528963018
0.36583423594292813 0.9317544267735216
-0.9991039944356743 -0.061580908589269914
-0.07068615849349665 0.998501110163345
0.4425877790885803 0.8978402184138545
-0.9680654785362213 0.25465708171271617
0.9768059414365703 -0.21874906348191703
-0.7354046277592724 0.6791031096013668
-0.9760583640204374 -0.2220609601567712
-0.9194222562355314 0.3958076739260682
0.9571553861322779 0.2930094995012449
-0.965057326590914 0.2658295626772875
-0.6102495146645783 0.7934711903097973
-0.8556496754651606 -0.5194849688647069
-0.8274706206517941 0.5632880009001918
0.5404596461241108 0.8425582299825934
-0.08898037601245695 0.9970373577176944
0.6483724473240238 0.7626363285020299
-0.9848867264440101 0.17888302343822793
-0.6999382919801421 0.7156028140106223
-0.7631759995292751 0.6477371332126112
-0.8259200206205085 0.5655591211696782
0.9892113753580878 -0.1531726309174076
0.2155784677679349 0.9775105749989763
0.905675646762726 -0.42632455108862516
-0.8754957216367931 0.4852919135898215
-0.9958278056264244 -0.1016266773109331
-0.4524331840530279 -0.8929194890737009
-0.9780713373359101 0.2130198560743677
0.6565928388687227 -0.7555705420053852
-0.9229332308656769 -0.3875503210730747
-0.2001299973316493 0.980789979642958
-0.802103723471571 0.5988577600674816
0.48407853786519384 -0.8761672038933528
0.4418646876327622 0.8981963024991817
0.9855731514435051 -0.17506159816966643
-0.9324776329329482 -0.36398690097277686
-0.03063895842324726 1.0005309861402287
0.5759864806383148 0.8186822180320568
0.9542573498405286 0.3023142574794168
-0.1051832196492018 -0.9954584322332238
-0.9391789887930438 0.34632907329543633
-0.7561860588178791 0.6558838650626215
-0.9055703836819093 -0.42654809834085494
0.3860399653135129 -0.9235659939499405
-0.9961446760711619 -0.09847225159952479
-0.9528501785304454 0.30672061762212577
-0.9062173623848817 0.4251718383338528
-0.33953904404549284 -0.9416550523247209
-0.7628893391180142 -0.648074730459443
-0.36712157255029054 0.9312479535377255
-0.9948847843126457 0.1104774454048449
-0.6676118826993995 -0.7458521127398937
0.2990120350551995 -0.9552972327459911
-0.1429031465996508 0.9907470366808667
-0.11717597632072099 -0.9941180968945721
0.8394297053513197 0.5453061248269606
0.7695637491445381 0.6401348576687591
-0.18085002781158727 0.9845274335642192
0.07839282157929171 0.9979256312595831
-0.2942461652830421 -0.9567759373104158
-0.7201578058920814 0.6952508429428209
0.5931947558543275 0.8063008009588758
-0.7550829195987517 0.6571535471487809
0.8372934377550767 0.5485806222354974
-0.5995145851447357 0.8016129129441064
-0.16939689294319538 -0.986562563987298
0.4989194644609577 0.8678020327136777
-0.2988655511250996 -0.955343070499122
-0.6489937372874679 0.7621076885595927
-0.9181900235615581 0.39865784907866214
0.9773989151465956 0.21608415182575977
0.5568803574361072 0.8317964098875599
0.4161200231289401 -0.9104093180274301
0.9162456991479194 -0.40310646086727553
-0.5395498380025812 0.8431411342778791
-0.9821525612165655 0.19333221794553734
0.7153072447873329 -0.7002403484195656
-0.9964222622213543 -0.09562256715691464
0.1443981509170245 -0.9905302489130478
-0.8380818214384009 0.5473754292754583
-0.9904389444659999 -0.14502309224766924
-0.825629718880811 -0.5659828330442479
-0.9000073437243039 0.4381641030964569
0.9751670565880063 0.22594293913615485
-0.9354583442509781 0.3562564893040107
-0.9927406850014259 0.12832354555146813
-0.6008414554066024 0.8006188515547682
0.6467075063832309 0.7640486903251541
0.5016830640489884 -0.8662073096242138
-0.06888659035477719 -0.9986268761000242
-0.8332228266249843 -0.5547438338468228
-0.9720345776209414 0.23906020143319157
0.15685319092484784 0.9886344503893707
0.9881077768494381 -0.16013750756665704
0.8861364955727907 0.46557825466184893
0.7924866275634416 -0.6115275505920588
-0.03644569009855251 1.0003362992880147
0.8547180437706406 0.5210163775284702
-0.4319932221123328 0.9029855237206212
0.9939294414216051 -0.11876559045167995
-0.6128130522006806 -0.791492996211897
-0.8962699966607056 0.4457590078571814
-0.9112043265259113 -0.4143762484994289
0.9357628327327966 0.3554559338031822
-0.039115459920782254 -1.0002354626762568
0.8168125704418937 0.5786347939487448
0.2319117169501903 -0.9737648358516623
-0.7487122532315053 0.6644027106063026
0.7206316606121997 -0.6947596776751679
-0.8715269113910917 -0.49238383677889347
0.9734646160462876 -0.2331686970968739
0.7758556308193747 -0.6324943004690794
1.0002885273904127 0.03773409560489766
-0.08421143594752893 0.9974514695240342
-0.8249639369992275 -0.5669528222442625
-0.9901839097281161 0.14675430118242525
0.29849840061883237 0.9554578508903462
-0.9342281142283629 0.3594702082027338
0.19212884533261235 0.982388673993729
-0.7531645974711134 -0.6593512638314846
1.0009992932772924 -0.0011894781884813235
0.8469075904384711 -0.5336183404435261
0.9070907139744713 0.42330537041394123
-0.16564162549344352 -0.9872000060291175
-0.29872346275540274 -0.955387509233516
0.7209768496411068 -0.6944014561344072
-0.9235035670991323 -0.38618928203042924
0.38651580009735487 0.9233669564561544
-1.00050789861916 0.03138383024222285
0.08876754061661854 0.9970563292677486
-0.3564477138739902 0.9353854966130306
0.9704764957041048 0.2453087264772302
0.7343283825992966 0.6802667318847079
-0.34721813694483517 0.9388506619141075
0.43845762940985045 -0.899864382677909
0.37624834959986103 -0.9275980699760973
-0.9728620449387644 0.2356701964983386
0.2757689453132191 -0.9622642510250677
-0.8744857361272486 -0.4871095331750182
0.8193364475095781 -0.5750554632227958
0.8665805231914934 0.5010381191338216
0.9998635260020095 0.04768573550684771
0.9066127402539427 0.4243281032517609
0.749545241293016 -0.6634628333637043
0.14474717320119415 -0.9904793061191453
0.681411328376534 0.7332663919477882
0.8222334321856227 -0.5709055815073547
0.9740635834629213 0.23065371310987473
-0.7625824089730582 0.6484358638484206
0.9570705307343846 0.29328654793529696
-0.9208081093849253 -0.39257282851842834
0.09090554500125342 -0.9968636726694504
-0.8691338653706845 -0.4965957350459355
-0.7070452318283674 -0.708581710283839
-0.40117146038521934 0.9170945749334636
-0.8786351040518458 -0.47958456389650633
0.6813444210370961 0.7333285620522525
-0.8856577963299849 0.4664882290046718
0.21737625604067526 -0.9771123596136417
0.9834511689960634 0.18661403537857563
0.6809979048526623 -0.7336503619478998
0.8333044649483156 0.554621193876687
0.6323703431701171 -0.775956667011057
0.023759226228608203 -1.000717991828376
-0.9202540176571331 -0.39386995694760074
-0.795776742808953 -0.6072399654208979
0.42020555865314774 -0.9085308406856621
-0.42149547921347236 -0.9079331258427601
-0.6005437820328635 0.8008421603922113
-0.39766330734347516 0.9186211917829072
-0.7407690956784195 -0.6732474633355676
0.5377837890052781 0.8442686754127069
0.7716926122233575 -0.6375668688379994
-1.0009872886500586 0.005044597209297833
0.7947425311915663 -0.6085928927577303
0.9820389597409362 0.1939084359973535
0.09083930582644772 -0.9968697109035709
-0.42513157467504514 -0.9062362518760307
0.16765945164425652 0.9868593153405135
-0.9963701816033848 -0.09616372087038899
-0.4494084048177257 -0.8944456862656263
0.9974939350475529 -0.08370692649565198
0.939619414829901 0.34513237355356036
-0.6470435067045539 0.7637641654538879
0.9606442308061397 -0.2813603771302566
0.918545603678922 -0.3978378739664247
-0.2569628743029552 0.9674559841305255
-0.9953166881207872 -0.10651615064518473
0.8309055291648082 -0.5582087437539383
0.038876186511821356 1.0002447910998078
0.3102212301196175 -0.951716233119448
-0.963259988171935 -0.2722704449384906
-0.7442546653588508 0.6693922565219776
0.9944807392880478 0.11405726274594616
-0.04124175772652563 -1.0001500474526943
0.986435161065519 0.1701372181906228
-0.8502214652572473 -0.5283223069451256
0.03368898735009936 -1.0004329323504524
0.08562181724641864 -0.9973313914699671
0.5368631122773456 0.84485442454655
-0.2956510622696098 0.9563427468114407
0.8790298443480371 0.47886066109617487
0.7055032753415821 -0.7101169822517271
-0.06240580757745794 -0.999052809004912
1.0004835470292153 -0.032150771745639385
0.9278487378387654 -0.375629764117555
-0.4234072115118436 0.9070431815739342
-0.823270830774216 0.5694085872168879
-0.9205003367015363 -0.39329394876143003
1.0007142938856008 -0.023914472878224003
0.9905336824733869 0.1443745957075258
0.9934655677039954 -0.12258534083069662
-0.22888965606952394 -0.9744796177162327
0.9722867559682303 -0.23803248553248996
0.9961066262128542 0.0988564070500502
-0.11580406400173598 -0.9942788435648632
0.9879268410406069 0.16124998217527808
-0.05324738550821203 0.9995827709282208
0.472775046835393 0.8823178311072445
0.3007422529614247 -0.9547539459377408
0.06874254885679998 0.998636801833715
1.000696427075457 -0.02465077764319901
-0.9754774681780246 -0.2245989961620289
0.24378270834187807 0.9708609535425239
0.41432559542950714 -0.9112273596485042
-0.4507436903368495 -0.893773531506454
0.8509700864705311 0.5271156532795597
0.5185482257388234 -0.8562176928697037
0.5918965624524366 -0.8072542718109262
-0.47490394170239364 0.881173788849583
0.10502725196652467 -0.9954748999067531
0.07404496373490128 -0.9982576537875867
0.24585640545148107 -0.9703378936733723
-0.9382746466653684 0.3487716838061512
0.5156962508683346 0.8579384458341658
0.9840072640945887 -0.18365920670928115
0.046725954580307726 0.9999088384290635
-0.8103152852144405 0.5876990203733881
0.9836501067555803 -0.18556257025525238
0.7595708513913771 -0.6519609817439833
-0.34607014976453876 -0.9392744281848355
0.805980619077435 -0.5936297176452292
-0.06925644580298947 -0.9986012941683671
0.9394465728235554 -0.34560257060686955
0.5633080891344638 0.8274569455359467
-0.987571185418355 -0.16341405610101345
0.9980394867831653 -0.07692972651450204
-0.46664066462746717 0.8855774896168238
-0.8940127082343626 -0.4502691167684726
0.6528748060533122 -0.7587855346676359
-0.9979436961121708 0.07816251908670296
0.6410930042308335 -0.7687657380023413
0.21270672034347465 0.9781394844912064
-0.9904159423507376 0.14518009897193354
-0.22831024811087428 0.9746155296359437
-0.16176912248753458 0.9878419666169347
-0.722844991780038 0.6924565819302441
-0.9988947710914927 0.06488633358477196
0.6986176454538704 0.7168921714320017
0.05790167284302023 -0.9993239696324611
-0.5802104189813825 -0.8156941030223576
-0.9938714782520649 0.11924967386561366
-0.6041209939699986 -0.7981471196745002
0.6353072148252527 0.773553968893561
-0.17426934604827785 0.98571354613189
0.8320350407192083 -0.5565237560206979
-0.9880094793358573 -0.16074286529264117
0.8828255670546922 0.4718262584411357
0.39788453606238433 0.9185253921163101
0.9999386657038049 0.04608323806433854
-0.08367844905309424 -0.9974963243862449
-1.0009998841083934 0.00048167933627910677
-0.799738059632899 -0.602013318768452
-0.7729256929054189 -0.6360714372196554
0.9467248903504628 0.3251353287339047
-0.6930109448422127 -0.7223135263366619
-0.9962324634164231 0.09758011495814663
-0.9220770935907663 0.38958289679502756
0.38567965662093195 0.9237165162909885
0.13952457282457123 0.9912284769810243
0.9888750805251049 0.15532892556271446
0.029128741759863856 1.0005760922605973
0.30538814162694633 0.9532780722085451
-0.9946378610906781 0.11267885908616963
0.2339826899614906 -0.9732692848325097
0.40141079598607887 0.9169898433820424
-0.8671369537167187 0.5000744979489448
0.9877703681323426 0.16220573306667194
0.8581134831079887 0.5154049379936861
0.6352208009426463 -0.7736249311195851
1.000864932986869 0.016443415618120617
-0.9272160823808889 -0.3771887280582979
0.7705577446286668 0.638937995577648
0.8394955525906551 0.5452047479438442
-0.7045976085105526 -0.711015618732254
-0.22754095260907387 0.9747954220685258
-0.9739911214733404 -0.2309595100685495
0.342523270502782 0.9405736596163418
0.9380523968403781 0.34936900375107954
-0.9031665389421141 -0.43161464634013835
-0.5537331011477162 -0.8338948690892234
0.3687081860028193 -0.9306209075528609
-0.8497796353153668 -0.5290326751754397
-0.12248121005453594 0.9934784110304444
0.13573339031990833 0.9917547311469017
0.9906135952311682 0.1438252583629843
-0.8401627700938167 0.5441760007095907
6.385048723370104E-05 -1.0009999979635942
-0.28202240140056245 0.9604500846521177
-0.5954452820589816 -0.8046402401531381
0.9803952233317479 0.20205495803937182
-0.530662000205975 -0.8487631245155469
0.48258240105575323 0.876992147166247
0.9819626605630801 0.1942944498946821
-0.941425644761262 0.34017459544451883
0.6231110459833502 -0.7834115293851216
0.9096609863105901 0.4177533841687514
-1.0003178745346781 -0.03694793480593796
0.7241787164049713 -0.6910616374145276
-0.5581907239966333 0.8309176346931834
-0.2879360515147895 -0.9586938146447345
-0.5268010844148409 0.8511648591544106
0.890413731102329 0.4573449326978811
-0.8357801095959542 0.5508834798791618
0.9700951285411659 -0.24681256366056198
0.4955940820904721 0.8697054132273194
0.1670251253858431 -0.9869668725392172
0.9885812379082626 0.15718821856541026
-0.7309485434067137 0.6838970879391163
0.6964086263795626 0.7190382640055609
-0.6192727781761922 -0.7864491249978861
-0.3147646878313355 -0.9502232323482951
0.19828638424319603 0.981164364326263
0.7767270556888248 0.6314238520684575
-0.187089774199472 0.9833607763125345
-0.640847956792458 0.7689700230015029
0.6536665531335611 -0.7581035795420632
-0.5109683520264702 -0.8607626520867138
0.9892647886354301 0.15282728148500768
-0.9746482755620276 0.22817041645219013
-0.8363777872122987 0.5499756331491957
-0.07625838667958605 0.998091007103574
0.49845759203983414 0.8680674103650305
-0.39889311208966566 0.9180878417272617
0.6685770378149928 0.7449870767379323
0.7735539521493776 0.6353072352130726
-1.0004363812087251 -0.033586413234974494
0.9905289548174621 0.1444070277660549
0.21264778986399563 -0.9781522976847512
-0.5548283690350572 -0.8331665385227004
0.7907829437095559 0.613729041139532
-0.2542101667770775 0.9681829326667407
0.8025186767066219 0.5983015740720163
-0.49467437072596765 0.8702288589485343
-0.6001745890337251 -0.8011188817386589
0.9859927016642125 -0.17268292406867372
0.9318439843603686 0.3656060568581888
-0.681030909564819 -0.7336197245285293
0.3772522025585581 -0.927190258611854
-0.9854236073604918 -0.17590143278732903
0.8788797514579499 0.479136079289811
-0.9980910627735942 0.0762576580513547
-0.6601836358074155 0.7524350915607949
-0.9755133390309034 0.22444314507860955
0.808387157005053 0.5903483754439304
-0.8915087264934793 -0.45520675586591924
0.9936936169248365 -0.12072280514814225
-0.9903857503348629 0.14538591931012676
-0.7436674866545031 -0.6700445278434669
1.0000780507032518 -0.042952211835761964
-0.6433321510165974 0.7668929152550295
-0.26482558319687827 -0.9653333157435484
-0.965291231570304 -0.2649789392640206
-0.51161211819061 -0.8603801720870358
0.5647445373545739 -0.8264772274710104
-0.9766746205988658 0.21933464267657654
0.61164590880683 -0.7923952815608301
-0.4874315077172073 -0.8743063109028381
-0.251659378959253 -0.9688490888584471
0.5542614621014563 -0.833543779071715
-0.5993931141158061 0.8017037450022023
0.15646332999338036 -0.9886962255250005
-0.9928905791552196 -0.12715855387984185
0.7408015164085112 0.6732117893255065
0.9723419354598155 0.23780698170209386
-0.9611892988161316 0.27949263289280685
0.556071050380447 -0.832337664009497
-0.8643885165989612 0.5048103528770456
0.1222517234701572 0.9935066764287879
-0.11430325499836641 -0.9944524955455532
-0.0115468404152502 1.0009333996207863
-0.7386480230273507 0.675573902750681
0.8268357036783582 0.5642195664125041
-0.5687944440672283 -0.823695259424414
-0.6483053850411872 -0.7626933379324865
0.917340308603347 -0.40060923380710517
-0.7579949087449583 -0.6537925652045319
-0.7818622506885182 -0.6250539344314895
-1.0009336489985892 0.01152520292095589
0.9998165862476502 0.048659982162913236
-0.4546611457163805 -0.8917871060829867
-0.6467416931678249 0.7640197525708449
0.015648699803457487 1.0008776739414569
0.602331873364603 0.7994981640561083
-0.43921187565795616 0.8994964859748037
0.701429378751005 -0.7141413211857855
-0.9981851465599252 0.07501608618916865
-0.6594761002610573 0.7530552922491601
-0.12964999257268112 0.9925683248149236
-0.9581435840593805 -0.2897617509711122
-0.5904749204029174 0.8082947286572939
-0.9854950811030897 -0.1755005559011552
-0.7519284074131014 0.6607606753773994
0.9835159699091301 0.18627221192035912
-0.7914068414625021 0.6129243112214967
-0.06168248348960044 -0.9990977285684095
-0.2972559775142257 0.9558451149804879
0.6654122267213913 0.7478151967763692
0.2136842588133738 0.977926396788316
-0.05078290437529479 -0.9997110065529986
-0.7796113400312472 -0.6278591868362549
0.9837567119377332 -0.18499657217759408
0.8756747287924398 -0.48496883338446295
-0.05892020715083117 -0.9992644340660299
0.9142882435166844 0.40752669577240724
0.70367708302437 0.7119266555104632
0.7117595252806224 -0.7038461324553137
0.011738055454649983 1.0009311754831816
0.3716280039449813 0.9294587815948961
-0.03281359163093339 1.0004620273674951
0.23056941775740153 -0.9740835403573006
0.006551995804079786 1.0009785568886995
0.8794236669167707 -0.4781370243629548
0.5994185555611665 -0.8016847230981545
0.9388651532914469 -0.3471789508812821
-0.904749306209243 -0.4282869282547548
-0.9942701293290989 -0.11587885883066393
0.5282654823080815 0.8502567730996384
0.6682058148179947 0.7453200581249774
-0.9054053856169495 0.42689821702113395
0.32348945920704725 0.9472885356542283
0.4448208629204817 -0.8967359700105032
0.2817387640891601 0.9605333251946611
0.7268930483273065 0.6882059984433702
-0.8224210983533805 0.5706352048228529
-1.0007109192328179 -0.02405527235782033
0.99583222726744 -0.10158334083682108
0.4028185229111346 -0.9163723247674449
0.9463521695171473 0.32621859427412847
0.0826386392770067 -0.9975830067209669
-0.95022142451644 0.314770145328218
0.031670787459035184 1.000498856182117
0.3817524014991018 0.9253464777853043
0.36208240896695343 -0.9332188002374834
-0.7654975308064507 -0.6449918839250824
-0.23397952531746294 0.9732700456359554
-0.9890986213253257 0.15389904903000565
0.9631638559648018 -0.2726103199862662
-0.10202675174592528 0.9957868958407593
-0.7785243783688972 0.629206478260771
-0.24274808100698939 0.9711201620641104
0.7504454405241928 0.6624444435546654
0.7233771421457841 0.6919006505424014
-0.20497367048524115 -0.9797891581395499
-0.23206030532299643 -0.9737294360824251
-0.06620973060161064 -0.998807925265745
-0.17502697309324564 0.9855793010660362
0.9786657284269454 0.2102721855180953
-0.09934029042267782 0.9960584855814131
0.5951412127196353 0.804865166920896
0.7255639736306512 0.6896070766525672
-0.6461132667845925 0.7645512713251753
-0.912255181354599 0.4120576222953383
1.0001564633033 0.04108587242148829
-0.9710947082523305 0.24284988697613416
-0.34709775213786476 0.9388951754380472
0.9992781526224266 0.058687082833536026
-0.20042669771711238 -0.9807293912401184
0.5138791665227669 0.8590280567093641
-0.5466739514100003 -0.8385395583094316
-0.802538552645752 0.5982749129934011
0.9902244838295676 0.14648027725419668
0.9949784605156898 -0.10963057561569109
-0.9054120646226258 0.4268840512783233
-0.15961692603048036 -0.9881920040784484
-0.8097333260366726 0.588500586835381
-0.4595113456030283 0.8892976572903442
0.8346923829739233 0.5525302035231318
-0.5036199681010397 -0.8650826132398615
0.31028372631567186 -0.9516958596020376
0.7977893568735452 0.6045933691823745
1.0004078364784916 0.03442616319637828
-0.6809931359813128 -0.7336547885390902
0.9922145452457227 -0.13233025429894563
-0.17243670529439037 -0.9860357917779737
0.20463371392458365 -0.9798602161152538
-0.1897783181165892 -0.9828454557929435
-0.6727623050122696 -0.7412097415405291
-0.14653752799693953 0.9902160132458706
0.9556753725921203 0.29780124617085113
-0.08779542363086343 0.9971423988525798
-0.8089944218837126 -0.5895159246034305
-0.5053349953671287 -0.8640819072618661
0.4587148597062584 -0.8897087599235312
-0.43614236795394523 0.9009888095173688
0.0960838285812194 0.9963778890988975
0.6142813352837814 0.7903539973467424
-0.9836480162916095 0.1855736512697364
0.01788171391055073 -1.0008402691277072
0.9606334062829729 -0.2813973324912174
0.02430226296511579 -1.000704951529058
-0.3160826252810918 0.9497856463410115
-0.45028797502090995 -0.894003210034264
0.8575658482665331 0.5163156165437003
-0.9435433432377666 -0.33425582931595715
-0.7304721877813465 0.6844058612241228
-0.9432259390612652 -0.33515045558971623
0.47643430981056456 -0.8803472885375015
-0.40309668278463345 0.9162500009975577
0.45206249194504455 0.8931072182982491
-0.9297150336752034 0.3709864635782761
0.28463035952514754 -0.9596804460009516
0.8580516190048632 -0.5155079234339016
-0.4116359137515578 -0.9124455460518835
1.0006164483704016 -0.027707819304369347
0.9761547870831867 0.22163671098123242
0.9699935373546618 0.24721152378113476
0.5692676214497568 0.8233683107631338
-0.9629200900285881 -0.27347010845673003
-0.5597936279531647 -0.829838595211764
-0.964250064569676 -0.2687430240534176
-0.6756519837680394 0.7385766018703226
-0.7017406730714439 -0.7138354346466956
0.7014897139833881 0.7140820549317174
-0.9986946227527527 0.06789735256058971
0.755563111131907 -0.6566013898071442
0.9664900022003824 0.2605725918946673
0.5715353117872278 -0.8217958307148292
-0.4949888696860011 -0.8700500094172604
-0.757980337362337 0.653809458613194
0.9038379802355747 0.43020681710507186
0.4860236005371735 -0.8750897438096746
-0.07520655819323305 -0.9981708138413624
-0.526244920253251 0.8515088278506862
-0.20621443042575946 -0.9795287686863411
-0.9815169439258041 -0.19653368359278728
0.6393549236007204 0.770211842071723
-0.04869725363223423 -0.9998147715895569
0.256493268071243 0.9675805927333048
-0.6062444758142185 0.7965353950357408
-0.6027362617568189 0.7991933425419756
-0.15837323996219133 -0.9883920866052491
-0.8562888220317972 0.5184307603368045
-0.4851277386555824 0.8755867045512518
0.531778234869349 0.8480642127334695
0.1296861474546923 -0.9925636015683629
-0.1396642208605465 -0.9912088101966288
-0.7649504879970799 0.6456405740913665
0.6604496981354318 -0.7522015662259798
-0.7313049855668614 -0.6835159237977216
-0.9102112595823609 0.41655307336459774
0.9421647619269338 -0.3381221101660821
-0.6469000949349694 0.7638856374962993
-0.6255429559578803 0.781471055287064
0.5374165305324409 -0.8445025001209139
-0.788160556834739 -0.6170931345023651
0.5826206744561293 -0.8139742930193097
0.8152632820316238 0.5808156170171608
-0.5153096795063091 -0.8581706906012958
0.2401396100645936 -0.9717684743178413
-0.7286300190126604 0.6863667353489752
-0.9121847067889757 -0.41221361052288236
-0.8877446553029719 0.462504515633099
-0.5830594006918768 -0.813660085825051
0.5784044493919669 0.8169756991022289
-0.7841399920557685 0.6221940797362021
0.6756955919525032 0.7385367066137988
0.9377330078646408 0.3502253645313736
0.8213436358864915 -0.5721849629173755
0.684502363194231 0.7303817596171971
0.4132915234573233 -0.9116968337327517
-0.5486331846839562 0.8372589973619513
-0.20283084956578243 -0.9802349955313894
0.9750402309353413 -0.22648962019826954
0.5719853230253058 0.8214826779936607
-0.9735108726634347 0.2329754940032918
0.4816595226980289 -0.8774993471190203
0.8936895717458223 -0.450910134453384
0.9349607367130582 0.3575603736503466
0.7631790873710382 -0.6477334950421424
-0.6844461283900704 0.7304344579302399
-0.012460727551813424 1.0009224396869518
-0.08208132301725843 -0.9976290174266867
-0.43001075218682916 -0.9039312767039968
-0.7827365657034291 0.6239587075366458
-0.06561653768101164 0.99884707036801
-0.5875846516284606 0.8103982213521083
-0.9527339192780522 -0.3070815511506378
-0.9640642985961541 0.26940866387758466
-1.0007458122375843 0.02255702305132075
0.18250673080630098 -0.9842216687364672
0.7829227811298943 -0.62372503460085
-0.33012761670516966 0.9449956384494929
-0.8400929976588052 -0.5442837084505128
-1.0005847812291624 -0.02882872825133545
0.7564467197031878 0.6555832214526901
0.7487914266825892 0.6643134797116889
0.5767880974969423 -0.8181176508216027
-0.029205215629659047 -1.0005738630306236
-0.37784937797661494 0.9269470575834874
0.6941895196360316 0.7211809140760006
-0.9795282394437232 0.2062169443384322
0.5866591365445368 -0.811068466597499
-0.9039374098474233 -0.42999785938808044
-0.8384074320947119 -0.5468765654225377
0.7695352056556093 0.6401691708107936
-0.015344902356088265 -1.0008823776906466
0.7958586130043297 0.6071326610443756
0.41711554558178404 -0.9099536370793903
0.92337890276502 -0.3864872597233547
0.9980629306995209 -0.07662497219238251
0.9261670229706952 -0.37975735089870166
-0.4213096152020949 0.9080193875343536
0.7575085828116794 -0.6543559787811531
-0.9183186310480599 0.3983615090216638
0.8520807697465973 -0.5253183433195975
0.8861203315794284 -0.46560901834217505
0.9779733789034187 0.2134691316238255
-0.9940035298338866 -0.11814390664682435
0.9523181102786841 0.3083686378917869
0.9581296375123616 -0.2898078634551357
0.9395405198233526 0.3453470886080614
0.570749166993587 -0.8223420142350301
-0.46335967771331127 0.8872986019764803
-0.7112270073123957 0.7043842304236043
-0.332819914050266 -0.9440507956733968
-0.800869269598469 0.6005076294376407
-0.9860394022116539 -0.1724160586664834
-0.1441155171892501 0.9905714096950684
0.0005703291793965296 -1.0009998375247757
0.48191487149867307 -0.8773591377699428
-0.7668197743875215 0.6434193295264533
-0.8971554937793632 0.4439741208465951
-0.9627037521349989 0.27423071604981575
0.3113321111498848 -0.9513534130736884
-0.46744500560737434 -0.8851531882859157
0.8559573963907111 -0.5189777794511389
0.9536439471578194 -0.3042436885939528
-0.9605812079130486 0.2815754659133293
0.9111423975069175 0.414512402064578
-0.9413808915271666 0.3402984235454478
0.2416280221773399 -0.9713994538286848
0.7918774772218696 -0.6123161447069049
-0.9928592237422814 -0.12740314686017115
-0.9964358733892353 0.0954806274750634
-0.10739226238112237 0.9952225389231617
-0.030117819535577735 -1.0005468089731846
-0.17989141639751924 -0.984703040670889
-0.44205178439093845 -0.8981042366656485
-0.7315325624097544 -0.6832723542879653
0.7907447619084329 0.61377823480014
-0.9102461409033289 0.41647684565963217
-0.8331259245385504 0.5548893528098965
-0.8339191009149614 0.553696607474872
0.6031824656712362 0.7988566286304244
0.750116571199542 -0.6628168145210579
-0.07974268906681525 -0.9978186726757489
0.6575652880182895 0.7547243814753992
-0.436119653360085 -0.900999804635428
0.9611919559678394 0.27948349465168665
0.8815584677311314 0.47418948530259464
0.8791915989838935 0.47856361361489286
-0.9530067363282341 0.30623383306389884
-0.8852985757963893 0.46716959628478055
0.9920745211034032 0.13337595202079428
-0.3128889470701438 0.9508425247123399
-0.1339949468350158 -0.9919911059191414
-0.9138285082617157 -0.4085565535983572
0.08865691018882303 -0.9970661724658855
0.7529502745832595 0.659596000598089
0.5014937358186441 0.866316935615748
0.8755292420298542 0.4852314358639896
-0.7441042839935081 0.6695594182315029
0.14027113937796368 0.9911231040882903
0.8142961935285784 0.5821706873459603
-0.7930583002556422 -0.610785995579165
1.0008647019526509 -0.01645747201825004
-0.9566534941509166 -0.294644009151454
0.8220995306561021 0.5710983818003836
0.987849803665797 -0.16172125833497022
-0.8393174269848239 0.5454789242120861
0.994001354566129 -0.11816220682054306
-0.7744614154334065 0.6342006906373443
0.6880858892036271 0.7270067462402627
0.7656775850017374 -0.6447781291466911
0.9086530485152442 0.41994123091684304
0.241784247043859 -0.9713605807739133
0.9958702460991535 0.10120994483948384
-0.9922947272957571 0.13172765154301913
-0.3510602768231496 -0.9374207604042347
0.5453244217643771 0.8394178191028279
0.26600007398765363 -0.9650103422443527
0.7700399141748158 0.6395619833742797
-0.6435316881956021 -0.7667254830042617
0.9490848231225631 -0.3181807639038116
-0.3680836012847697 -0.9308681230256167
-0.9868887672540271 0.16748600260268506
-1.0009573423776696 -0.00924114388116844
1.0006347047762825 0.027040480714698317
0.6381200421816035 0.7712352505987707
0.5998649102415587 -0.8013507905161676
0.4320686172576118 0.9029494504019011
-0.4092581353227522 0.9135145202306003
0.16104336373788578 0.9879605432384367
0.9743380443601171 -0.22949155825978118
-0.7415072963039444 0.6724343310153151
-0.93139374415332 -0.3667515417173591
0.980395353311999 0.2020543273583631
-0.5993214064106201 0.8017573522070105
0.9638364944369776 -0.2702225231016801
-0.04616400902176451 0.9999349400191186
-0.9975186467099096 -0.08341192640162777
0.5504241485539558 0.8360826853180569
0.714684714176177 0.7008757088977448
0.9273220417202288 -0.37692815089858467
0.07313334055742123 0.9983248541927183
-0.7197367181875054 0.6956867517012807
0.70352519141374 -0.7120767550245273
0.7692071887397061 0.6405632683749188
-0.9430253886832646 -0.33571433734468026
0.8512181229151795 -0.5267150151844527
-0.8269186958874469 -0.5640979262431339
0.06302807451356507 -0.9990137445616615
-0.7461874197091708 -0.6672370902968223
-0.24733830267962756 -0.9699612177956193
-0.3479075083705113 0.9385954216910621
-0.46267926702236006 -0.8876535900156387
0.9949614525646033 0.10978482550213667
0.651663959271468 -0.7598256932919777
-0.445250713619306 0.8965226165699887
0.6884975850239886 0.7266168697574642
-0.2193044711250769 0.976681395821867
0.8216378738462928 -0.5717623669509417
-0.44290112770001444 0.8976856861296473
0.5025959287773664 -0.8656779611243528
-0.4292654589373532 -0.9042854448476452
-0.3371231492299194 -0.9425226693577727
0.369514203029093 0.9303011629358389
0.7577997676516257 -0.6540187399051668
0.9995679114035848 0.053525605949631086
0.8808471688645022 0.4755094795094953
-0.9570934386330474 -0.2932117830605876
0.5073415186340867 0.8629053154721315
-0.497307143155607 0.8687270027841938
0.10795374909341417 -0.9951617898898029
0.6528418184973168 -0.758813916596893
0.658638663365194 0.7537878422477444
0.6881401852149645 0.7269553531629811
-1.0008272490313581 -0.018596171550184767
0.9718877342437908 -0.23965648755347824
0.5051542207509561 -0.8641876030454813
0.7844869244028032 -0.6217565966204384
0.960891647472472 -0.2805142453025131
-0.9911878617303866 -0.13981281328384684
-0.9237874729058632 0.3855096690125933
0.07343388987800309 0.998302791650602
-0.9955787956513833 -0.10403778952544714
0.14607371961288723 -0.9902845391292624
0.14927535309211057 -0.9898069857094491
0.7865306288484721 -0.6191692578634916
-0.5954205564349733 0.8046585368804999
0.22950938173079857 -0.974333846121311
0.28356130440059163 -0.9599968680400135
-0.8645518050769512 -0.5045306495528151
0.9802555801802548 -0.20273134322415967
-0.6518879043757215 0.7596335696430419
-0.8749390749699714 0.4862947820928071
-0.7862598883912046 0.6195130248082362
-0.6058093720502163 -0.7968663656700052
-0.21285791916334781 0.9781065924782685
0.9676712957974818 -0.256150860411638
0.9849905777769364 -0.17831029608706528
-0.48407481108891426 -0.8761692629105589
-1.0001355944121126 -0.04159077770287752
0.9988022423339415 0.06629540488367526
0.4789442316056527 -0.8789843132910115
-0.7594014492170107 -0.6521582928454593
-0.7199400886252422 -0.6954762891646835
0.9460028433618186 -0.32723022530223966
-0.9809593708230369 0.1992980501522071
-0.09483173225873076 -0.9964978387115591
-0.9803821805009906 0.2021182331115206
0.9858245999406415 0.17364002462529834
-0.9928216879324787 -0.12769532478091705
0.5538451393354602 0.8338204612711807
0.31712990033078253 -0.9494364782944607
0.3440138764180488 0.9400294957243774
-0.7351921787979722 -0.6793330996163006
0.9302254522393796 -0.3697047578893755
-0.5932942643315262 0.8062275831992559
0.4511104955961761 -0.8935884515608806
-0.7750070895238307 -0.6335337490519357
0.9287014170639717 -0.37351663676919533
0.5726979893489011 -0.8209860004870521
0.7286889849836384 0.6863041331388837
0.6829810292516495 -0.7318045597578342
-0.6319396603148172 0.7763074556650822
0.282690713703407 -0.9602535917068253
0.33042557431448544 -0.9448914963311621
-0.0634281579113085 0.9989884227477204
-0.33863974000920644 -0.9419788354769427
0.7687861766088048 -0.6410684945114802
0.8856629957365924 0.46647835746461463
-0.18713256172008172 0.9833526347877856
0.7876531344659972 -0.6177406735563798
0.8714959013493966 0.49243872099095004
-0.2820796181755544 -0.9604332819149561
0.9361169157639001 0.3545223829614754
0.17579680737588252 -0.9854422776177441
-0.9812718007487097 0.1977540215909265
-0.9946617383574833 0.11246788985159108
-0.512666571315444 -0.8597522821462393
-0.9220566337541536 0.3896313182355324
0.587582189592992 -0.8104000064616887
-0.8312241432427144 -0.5577341873064763
-0.8884075515858789 -0.4612299017682873
-0.6451334584312645 -0.7653782207591983
0.28811191008860265 0.9586409793374665
0.13130729074033168 0.9923504398136951
-0.9960861052443079 -0.09906296451866282
0.9228618868304574 0.38772017981493834
-0.8931464431339106 0.45198498992471453
-0.9693171689667235 -0.24985040713662335
-0.09518569776223064 0.996464090141495
-0.628311237687747 -0.7792470651823409
0.8572141471075247 -0.5168993190155304
0.8719532511135739 0.49162844493831787
0.9413023963695082 -0.34051548949940774
-0.7503216162761546 0.6625846905481133
-0.793798410430495 0.6098238135707881
0.9824427969033044 0.19185189812147477
-0.8775422267030308 -0.48158139535605643
0.3396809784149614 0.9416038619839314
-0.8240066962664797 -0.5683431749462654
0.48969623252594063 0.8730398615469399
0.9892084502702299 -0.15319152037227848
-0.16995845884537208 -0.986465976233801
-0.480556843946909 -0.8781037067088295
-0.9999570554534706 0.04568246106357089
0.504696245410589 0.864455146244416
0.7569483096869746 -0.6550040125541461
-0.042464218366558254 -1.0000988901896237
-0.1804690585529131 -0.9845973384612744
0.981752073704553 0.19535574160185323
-0.9293024933247255 -0.3720186499363287
-0.2540626670353068 0.9682216488071865
-0.9967641128216054 -0.09199077883656546
0.983950677923888 -0.18396212494185069
-0.05022056799985475 0.9997394133221776
0.9226914243824134 0.38812566955968414
-0.9899870010598293 -0.14807679673927815
-0.6038974895943167 0.7983162418876883
-0.5548595138079088 -0.8331457975269702
-0.4342741802645031 0.9018907563311611
0.9941764222748897 -0.1166800813879566
0.23852105241533392 0.9721670162861326
0.9974089503083989 -0.08471355171811511
-0.08887785088783233 -0.99704650223626
-0.7838159482391953 -0.6226022480572095
0.9560418712347359 -0.2966225555246679
0.6132682779855686 0.7911403283973174
0.9377522322323644 0.3501738867237501
0.5805664519127698 -0.8154407366040879
0.42531954860028004 0.9061480461704113
-0.6994106050286445 -0.716118569493534
0.5603006486274849 0.8294963430586176
0.6179166002499348 -0.7875151269249133
0.46072680563768476 0.8886685605820064
-0.9850501712465606 -0.17798078583690363
-0.41302449674750313 -0.911817835472893
-0.9928932074893594 -0.12713802940698757
-0.43213697458199496 0.9029167376890963
-0.0646119033790132 -0.9989125597076758
0.9635530615559573 0.27123144649199793
0.2574672124763195 0.967321887739378
-0.4287794329205168 0.9045160020167471
0.7443736891544805 0.6692598978681965
-0.6682026071220898 0.745322933925451
-0.9147358889050924 -0.40652091403642493
-0.6657585667982737 -0.7475068767139929
-0.588170798088212 -0.8099729083594559
-0.45469513391161126 0.8917697770148425
1.0009852400545685 0.005435916932589808
-0.989091636482371 -0.15394393343235466
0.9714805781957028 -0.2413016497841302
0.6259068899177801 0.781179598526134
-0.9990249941000056 -0.06284951203855026
-0.4071466806474509 -0.9144575334250151
-0.6572717519315522 -0.7549800289496591
0.1306892164932247 -0.9924320272403481
-0.6580905538607208 0.7542664137553056
-0.3921754634651619 0.9209774187545998
-0.9873613522294874 0.16467713904351733
0.8578825265103895 0.5157892696713948
0.4920927475913753 -0.8716913030241675
0.9038146939361745 -0.43025573677181717
0.9712108815286312 -0.24238486669010342
-0.1530635415781036 -0.9892282609385804
-0.8920023728159404 -0.4542386673222923
-0.14776643480570306 0.9900333735510192
0.9363243698876389 -0.35397411537359064
-0.8144580256979427 -0.5819442622590323
-0.9462309781513292 0.3265699557319671
-0.936463802716519 0.3536050709502293
0.9879900520364191 0.16086223011345455
0.5401925738603519 0.842729483966313
-0.12956621896369525 -0.9925792637887675
0.9998303837115435 -0.048375653041872774
0.9947759729469029 0.11145296607781599
0.9975014038769665 0.08361787645880998
-0.03203982495880731 -1.000487106172093
0.7265335110003195 0.6885855483478786
-0.5433419654968474 -0.8407023899871003
-0.06031868590221058 0.9991809926790194
-0.40832293728154173 0.9139329181563459
0.8119475745997834 -0.5854418298187527
0.3704560915481307 0.9299264939955647
-0.42213288044877834 0.9076369490297415
0.998528928499648 -0.07029209734632176
0.554170909354278 0.8336039846506569
-1.0002384862485094 -0.039038066387701
0.9979025442812344 0.07868616216997243
0.8368182511949996 -0.5493052106679333
-0.11074999674607379 0.9948544809271076
