1000
0.5555927815697418 -0.8326569888421025
-0.5397522002022976 -0.8430116027533541
-0.6917970656608636 -0.7234762055126752
0.3994449891403124 0.9178478635649242
0.9067037508744009 0.42413359705438597
0.8785318769534666 0.4797736353496502
-0.8365087378413142 0.5497764377591418
0.917381107391035 0.40051579719406616
0.12710135555078242 -0.9928979028163739
-0.5642951483507963 0.8267841226993614
-0.9986551841151081 0.06847498258502487
-0.1748120891069449 0.9856174377019035
0.34616612177003875 0.939239062293882
0.921655188834351 -0.39057996990977
0.9754017091524696 0.22492777903683034
0.22885332745124795 0.9744881500123498
0.9714450553922194 -0.2414446196418713
0.4219346513024806 0.907729117099509
-0.9901189196998111 0.1471921358377513
0.8183211572873098 0.5764993352432923
0.5027646474898322 0.8655799843078771
-0.9256230157754014 -0.38108139900400667
-0.9949491188342559 -0.10989654649231671
0.44363133877498223 0.8973250443717243
0.6748716971971337 0.7392896538720533
0.8198516360795508 0.5743207246980416
0.26255515895004333 0.9659533055529742
-0.29410608663805693 -0.9568190057698728
-0.5362599594057225 -0.8452373962019031
0.9896014566801138 -0.15063185896946485
-0.5972097148625491 0.8033315358392155
-0.9531504207440168 0.30578632316619997
0.9941939647201096 0.11653051323198406
0.18709268558269757 0.9833602224014626
0.9439781191359602 -0.33302599086638096
-0.995450107665368 -0.10526197389849416
0.9273800693721634 -0.3767853592315939
0.7328855238730622 0.6818209507614937
0.4611708656251483 -0.8884381985813934
-0.8868686785570419 -0.4641820192494387
-0.17015845512196742 -0.9864314979513303
-0.9310726653588366 -0.3675659013314372
0.9993087956903556 -0.058162968080138974
-0.1395416054997727 0.9912260793252696
0.9379807291329243 0.3495613705420949
0.9284639397416705 0.37410655246784374
0.9862155858873758 -0.17140542043010262
-0.7257068784445109 -0.6894566894144432
0.8550078928586698 0.5205405874179049
0.8184167580939913 0.5763636092528063
-0.7126481435318283 0.7029463873729195
0.32646734956867574 -0.9462663840936145
-0.6098489021980744 -0.7937791358355317
-0.3290641853303994 0.9453664696470044
0.5153481109434053 -0.8581476123296409
-0.90630729525606 0.42498010137610553
-0.9744427547434504 -0.22904654052832937
0.0935479766528608 -0.9966191730365996
0.9498167331619525 -0.31598919824189614
-0.6494245883122186 0.761740575324372
0.7573905508114716 0.6544925924267561
0.49519965914547753 -0.8699300532699183
-0.9530064304461294 0.30623478497441586
0.7318553045543833 0.6829266528666244
0.08413210714734635 -0.9974581638078599
-0.5138749062051987 -0.8590306052595554
-0.9558270132829306 -0.2973141784016234
-0.7095752086907167 -0.7060481734354433
0.8575925332771523 -0.5162712919263248
-0.29616706694756156 0.9561830726674043
0.9410750983054409 0.3411431654736832
0.8941902444892469 -0.44991644408741144
0.793854772349334 0.6097504410971647
0.189903653353404 -0.9828212464344827
-0.3473206782924509 0.9388127323542602
-0.3076105464910242 -0.9525632533787419
0.6953969880587826 0.7200166866113407
0.5397530565000076 -0.8430110544938895
-0.5991937477632988 -0.8018527624454332
-0.9895968756548728 -0.1506619517134778
0.9785856015701144 0.21064477301764997
0.7579849745748942 0.6538040825191419
0.847732301052824 -0.5323071911515792
0.9247087851533611 0.38329448555933476
0.991882459565135 0.13479683381674182
0.6609153789586978 -0.7517924326939457
-0.6837733473474616 -0.73106429912645
-0.945507756361032 -0.32865800258190486
-0.603350955516675 -0.7987293812531973
-0.8083216930693632 0.5904380073415652
0.4744584718095471 -0.8814137272178992
-0.08609420519893268 0.997290723826891
0.8258792524613671 0.5656186527633734
0.9930006653083803 0.12629599636217315
-0.9836977218958071 -0.185309988767469
-1.0009945554076363 -0.003301521508141035
0.8649606144220723 0.5038294706531082
0.6831822576805483 -0.7316167048328714
-0.9981607004434372 0.075340666908826
-0.4467016264785356 0.8958005675938316
-0.837995173425987 -0.547508072374052
-0.9963896719387981 -0.09596156341835123
-0.45689217609399396 -0.8906461359171187
-0.20670013673027612 -0.9794263900241228
0.998555605650801 -0.06991210498448612
-0.013820846808874908 1.0009045829615757
-0.9110618277771082 -0.4146894572658374
-0.9268002320306375 0.37820937310959984
0.7796182708789593 -0.6278505807210039
-0.8537642170276812 -0.5225779001480165
0.810352032260027 -0.587648350471644
-0.9935543341844078 0.12186379701690886
-0.012851907830837905 1.0009174933355434
-0.09403915451126824 -0.996572946361081
0.2365523536151425 0.9726479239679364
-0.2463459388386442 -0.9702137282154417
0.45524286548188725 0.8914902879043833
0.31327686186067627 0.9507147878426667
-0.8013490643339141 0.5998672162163561
-1.0007419194201903 -0.02272907202666288
0.8716653991908306 -0.4921386307266378
-0.0419889803827939 -1.0001189556879788
-0.9092979078201416 0.4185430859946359
-0.9655069316834759 0.26419190917051183
0.7049909244194752 0.7106256373690536
-0.9366093517503915 -0.35321936840115586
-0.9418394742782089 -0.3390271444756997
-0.9723939456956902 -0.23759422209802816
0.5335683860960325 0.8469390635452324
0.47194541329297285 0.8827618743872694
0.85826348541205 0.515155112183078
0.9780722693496022 -0.21301557672930677
-0.9660157510689791 -0.2623253108006091
-0.8788028518322089 -0.4792771094174817
-0.21072161375911017 -0.9785690581122808
-0.11694810311191962 -0.9941449296649477
-0.730783867767766 -0.6840730506388805
0.9496573855451819 0.3164677709964949
-0.9328529152817527 0.36302401910939064
-0.9695582490774973 -0.24891324120218605
-0.47088504778573304 -0.8833279525588602
-0.7553788705425383 -0.6568133387332197
0.7724937864916055 -0.6365959078032639
-0.9951656652227182 0.10791801870783552
0.8306492433553265 -0.5585900415449808
0.35533646496228327 0.9358082050656044
-0.15008318678013233 -0.9896848170230358
-0.6490846453495182 0.7620302639472335
-0.6738174915997576 0.7402506251359809
0.6429734182230238 0.7671937066077904
-0.8309700099097513 -0.558112750822437
-0.46199498950503043 -0.8880099265617738
0.6141455732541286 0.7904594960226349
-0.7960586453362486 0.6068703594553096
-0.9511458228287561 0.3119657412527991
0.6114839262577142 -0.7925202886541456
0.20233125860017281 -0.9803382384632714
0.18012493228238916 0.9846603519845128
-0.7532068321108023 -0.6593030168758593
0.5231003175154209 0.8534442323990864
0.5321561574229827 0.8478271192388255
0.8435369694022521 -0.5389307759366356
-0.45390599746286314 -0.8921717017857287
0.27988810541642595 -0.9610742158888687
-0.23960913183112248 -0.9718994104037392
-0.7374697689897477 0.6768599115224716
-0.9340934727962149 0.35981993285462494
0.4825502427079175 0.8770098421697045
0.5961011213309314 0.8041544958203033
0.9887590020488569 0.15606612658533126
-0.43231622377834716 0.902830926950351
-0.15224732960745702 -0.9893542088794076
0.9223881329990962 -0.388845897628407
-0.4990824698100519 -0.8677082967958175
-0.7108129176434131 0.7048020971246173
-0.9998175235259549 -0.04864072008540464
0.6198358882432974 -0.7860053890690842
-0.643540769793678 0.7667178605023885
-0.6312784542929527 -0.7768452311403479
0.9222144975333175 0.38925752470488045
-0.2002774110638717 0.9807598883608327
0.7412804937497294 -0.672684346172971
0.9591632245351883 0.2863684841236201
-0.6908588130106623 0.7243722112874699
0.5117741412536586 0.8602838068591552
-0.8550997817143857 0.5203896264454257
0.22856586415259106 -0.974555614495232
0.9249897215249907 -0.3826160151811736
0.9870548016428939 0.16650471030486602
-0.27466664185721923 0.9625794698885273
0.26586045432442346 -0.9650488168100158
-0.990047028459371 -0.14767491810991304
0.3555308087423854 0.935734387545411
0.21606101802230274 0.9774040292996372
-0.2804405552852134 -0.960913156820803
0.9993748042879663 -0.05701754602216078
0.6088837528279083 -0.7945197137530338
-0.7086816047309717 -0.7069451061545972
0.5550404147016763 -0.8330252925618713
0.7991740575858644 0.6027618316397827
0.15622609177441374 0.9887337398151701
0.9777022722942268 0.21470739798783267
0.5677962648934175 0.8243836495061533
0.847731749237971 -0.5323080699500337
-0.10268600994662758 0.9957191287512966
0.992595817668722 0.12943934002675225
0.8535025130919495 0.5230052199985452
-0.6376449631327368 -0.7716280846310939
-0.4926168397278801 0.8713952313482763
-0.9761755651675295 0.22154517816882044
0.8632228333638727 -0.5068010851993587
-0.5564258927786393 -0.8321004902326967
0.8786048223375976 -0.47964003811725153
-0.1728614966573602 -0.985961410488959
0.9687982332354492 -0.2518550838872867
0.5885471670518635 -0.8096994702698193
0.5383808838306967 -0.8438880399233525
0.3239638928719075 0.9471263886701072
-0.4308002743689193 -0.9035552687045015
0.8168896233190062 -0.5785260091938237
-0.3824167790318872 0.9250721091433234
0.5167674208162604 -0.8572936677608846
0.07155349982212621 0.9984393304869379
-0.6927800669987237 -0.7225349671602362
0.756827442785516 -0.6551436650435816
0.9303764786367867 -0.3693245293768241
-0.9772617651825652 -0.21670358167842246
-0.9849898258174388 -0.17831444988034978
-0.8601647472524924 -0.5119742255075503
0.27170792941567373 0.9634188087704366
0.04647604485656136 0.9999204854659648
0.9964018294142551 -0.09583524581241272
0.19052411340894185 0.9827011561048133
-0.981842940654081 -0.19489853741818275
0.08798665445732141 -0.9971255430673751
-0.4492103915648014 -0.894545149285489
0.5411053710040885 -0.8421436798257931
0.4391362372199651 0.8995334152549812
0.45055061132108054 0.8938708780568928
-0.7530292013036326 0.6595058923042412
-0.8235855353952404 0.5689533073001117
-0.97992212843873 0.20433703089775315
-0.6213945648255196 -0.7847737220405021
0.14902771727238834 0.9898443006274175
0.7486231803294277 -0.6645030728848837
0.9128118157509306 0.41082306291819715
-0.7828188119982225 -0.6238555181944708
0.05158792766476085 0.9996697883397574
0.47154508941297707 0.8829757803306428
0.5296154642473735 -0.8494165409444527
0.9974607073581961 0.08410194573544028
0.999854988078456 0.047864421177224545
0.09013960589511096 -0.9969332231644575
-0.4451665841297551 0.896564393880465
-0.9804185580164797 -0.2019417022234052
0.19278409580676434 -0.9822602976828333
-0.5447716409931667 -0.8397766721989914
0.6189237820202159 0.7867238092556956
0.9424022740831174 -0.3374595587666305
0.4378743943455684 -0.900148329319397
0.26934395646479264 0.9640823788016727
-0.7574638394350156 0.6544077719192865
0.9998537057619376 0.0478912003829604
-0.9914623181663262 0.13785307996651472
1.000416896657318 0.03416186298405632
0.7156333496933344 -0.6999070715507151
0.2237330569015 0.9756764418850699
-0.3738785526237552 -0.9285557753242214
-0.14316882539741524 -0.9907086793978966
0.6512029864727924 0.7602208037201535
-0.7895479745384553 0.6153169881469411
-0.14848364573124773 -0.9899260613552698
0.6159639584251245 -0.7890433460344567
0.9993238232056274 -0.057904199965875196
-0.3433892233717793 -0.940257858926011
-0.06761332496265648 0.9987138921069908
0.9531808207614164 0.3056915486770816
0.4090409136810825 -0.9136118053828689
0.839800479407557 -0.5447349399357795
0.8726946188154557 0.4903112300269558
0.4050474163718087 -0.9153893108893738
-0.17118607090789437 -0.9862536839612399
0.9529456958882694 0.3064237273580851
0.7671112954369398 0.6430717381545079
0.45512989037420765 0.8915479700430942
-0.5093066725740232 0.8617468962935559
0.6716464913579661 -0.7422209850486131
-0.05603483057531611 -0.9994303866515144
0.9275295301456511 0.3764172826900857
-0.5780854229243682 -0.8172014707539105
0.5424819049794949 0.8412576197395292
0.7132130655957654 -0.7023732078200952
-0.5158119841401685 -0.8578688693602202
-0.6418980444461757 0.7680936795314589
0.5649155111463106 -0.8263603725169198
-1.0006193275672834 -0.02760364647645872
-0.9738202149924529 0.23167906438013117
-0.9993163700875242 0.0580326845415108
0.48416326099331636 -0.8761203893896762
-0.15762109762177903 -0.9885123112963772
0.1275622914705005 -0.9928387894289762
-0.3375892855471981 0.9423558108717388
-0.10099786538019037 -0.9958917768455792
0.18454580374216775 0.9838413725398812
-0.21252384408406283 0.9781792349542762
-0.8634152711395819 -0.5064731676633643
-0.9604726705924481 -0.2819454717583007
-0.41752510518738056 0.9097657866386638
-0.8894662491879559 0.45918492087122037
0.9860207489179251 0.17252270199406824
-0.7541722825578531 -0.6581984261766947
-0.8525325831110692 0.5245847831704308
0.8743314771873852 -0.4873863641910029
0.6665504730155138 0.7468008214529458
-0.5671544557920877 -0.8248253289486089
-0.8657837483905672 0.5024136751948328
0.9406556618439875 0.34229800735740445
0.660973139915665 -0.751741649976923
0.9913973600700824 0.13831946517418023
0.6942027607282434 0.7211681683194879
0.9981076818318851 0.07603982817037658
-0.8539802871863384 -0.522224730453412
-0.5290250483710952 -0.8497843833561313
-0.9159551994281171 0.4037661113077697
-0.5223856384479393 -0.8538818681429762
-0.448441567030544 0.8949308135041446
-0.4401762633682471 0.8990249480226717
-0.33467596994122634 -0.943394400632047
-0.5648875529230591 0.8263794845908253
0.7488040461002949 -0.6642992552636404
1.0001167203935846 -0.042042188206378034
-0.23024231138367626 -0.9741609097313966
-0.781322947413771 0.6257279375612518
0.6670784196125716 0.7463292718949149
0.8196293449327657 -0.574637918105902
0.31403944210979484 -0.9504631654090383
-1.0009875329573479 0.004995884702653893
-0.9994547273975105 0.05559899174236772
-0.8604465787013601 0.5115004254163665
-0.9942650569525154 0.11592237283290664
0.9166912423298477 -0.4020922359804532
-0.3565888702245663 -0.9353316939096886
0.9828379519230348 -0.1898171758817795
0.6456373196037678 0.7649532348678985
-0.04312479760042055 -1.0000706234221275
0.897024282317248 -0.44423916636562594
0.9352845031651199 0.3567126268289011
-0.7091627348183477 -0.7064624657722177
-0.9625093887618973 0.2749121251331028
-0.6336640287673027 0.7749005733940265
0.7860498033262694 -0.6197795629824633
-0.4633688431546525 0.887293815595217
-0.533579669591941 0.8469319548807656
-0.9588350568146552 -0.28746536108414356
-0.0031300468956990536 -1.0009951062849562
0.9681787477215125 -0.2542261049939674
0.36068412135907435 0.9337601215512646
0.24087671397421356 -0.9715860274134169
-0.8038871736758793 -0.5964615762975908
0.8019331465594374 0.599086161123156
0.7439140980535311 0.6697707180201306
0.19385982278007638 0.9820485574103133
0.5193602267480769 -0.8557253968839456
-0.18337591816582594 -0.9840600960494437
0.823576788561626 0.5689659685275728
0.9916031491872778 0.13683637864936848
1.0009998593012663 0.0005307342507727222
0.07272386231440221 0.99835476652845
-0.7846647396776427 -0.6215321764049044
0.38198348338627 -0.9252511110072179
-0.6128262211588384 -0.7914827999774717
-0.2517250272415599 0.9688320342867673
-0.32213807764726504 -0.9477489429852848
0.0812744715313323 0.997695073796249
0.6635063899435631 -0.749506684762758
0.33262772560794973 0.9441185286588133
0.9666237914628525 0.26007584620256424
0.7079695248737965 0.7076582168320883
-0.9498235417861995 -0.3159687317895868
0.5358567600725113 0.8454930707490104
0.5702342060274936 -0.822699185775818
0.7639055892318405 -0.6468765343868601
0.7179144530937496 0.6975670849739847
1.0005189693684717 -0.031028888698293997
0.37943061934506006 0.9263009257813705
0.993423606138111 -0.12292493143195767
0.09933373832862322 0.9960591390222071
-0.03588056831660285 1.0003567287809272
0.8521910591751338 0.5251394087877653
-0.7272558463426047 -0.6878226035545079
0.3444323133252584 0.9398762586305769
-0.9507683404608687 -0.313114296667025
0.5300347545904737 0.8491549675566976
-0.8986178463003884 0.44100676447244136
0.8799442448727882 -0.4771782957294459
0.39725341382575885 -0.9187985226390932
-0.571333790170361 -0.8219359465369366
-0.9977295477433799 0.0808501673454711
-0.8228516384728334 -0.5700141937378169
0.9464291101199354 -0.32599530597477533
-0.8676756171974906 -0.49913928248631523
-0.7425688206619431 0.6712619060997959
0.753257763826295 -0.6592448264760291
-0.419781411599026 0.908726893228064
-0.7757414175876279 -0.6326343754801327
0.630049782942188 0.7778420604560425
-0.42504697761453847 0.9062759330472956
0.9170224001049119 -0.4013364146272138
0.28674186547853503 -0.9590516683588479
0.9688672860828994 -0.25158931209087
1.0007676129694352 -0.021568143903882602
0.14582856299960315 0.9903206703959434
-0.13016531360701897 -0.992500877144996
0.958003965014206 -0.2902230228928433
-0.7052574774807846 0.710361098637475
-0.5643026101684282 0.8267790298242323
0.8915991007366543 -0.45502971723348945
0.5197840373613762 -0.8554680324268741
0.15711720930795287 -0.9885925260385499
-0.9349199902339267 0.35766690070650137
-0.9689666806646751 0.251206233524731
-0.7748683341631576 -0.6337034517116135
0.2525010538026817 -0.968630072746317
0.660928048040493 -0.7517812948679847
0.7380216304755223 0.6762581407644951
0.031540943138352394 1.000502957969612
0.7663799902442872 0.6439430957415153
-0.3756305489207243 0.927848420119103
-0.02047492914493381 1.0007905761329439
0.5990324841345075 -0.8019732432891019
0.6150069263352035 0.7897895166180199
-0.6283235466526177 -0.7792371402351634
0.903750699975524 -0.4303901396335078
-0.7371201115085945 -0.677240681892012
0.41718598961737985 0.9099213427912147
-0.9756414380244413 0.22388565029854077
-0.9895414936688357 0.15102527042733468
0.7665195371510586 0.6437769793691966
0.9018447317851592 -0.4343697500417752
0.6152852791166934 -0.7895726852559507
1.0005479461473037 -0.030080017626530425
-0.9608740373610447 -0.2805745610804475
0.3330956343815352 -0.9439535467150714
0.7020940202706396 0.7134879022802074
-0.2950738556263486 -0.9565209980579625
-0.5432041293788921 0.8407914567987236
0.0741071703860497 -0.9982530377100652
0.5887463321704742 -0.809554665452441
-0.37027541274108255 -0.9299984509231297
0.3288531453308981 -0.9454399022708821
0.9153611502863989 -0.4051110521157878
0.5229154538204231 0.8535575130919889
0.0015023911374773887 1.000998872537262
-0.7006574677555671 -0.714898673154704
0.9225842611982545 0.38838033033261454
0.9590041231518053 -0.2869008396255353
0.688020213922047 -0.7270688999226006
-0.5662134621470859 0.8254715714568314
-0.9980397522428637 0.07692628252426768
0.5553548141252221 -0.8328157241718843
0.9660241003279204 -0.2622945626307034
0.9940777306696965 -0.11751793644625587
0.9601681247872881 -0.2829808688630076
-0.8026566514424298 -0.5981164601440306
-0.9006371031031403 -0.43686818208011385
1.000702921443838 -0.024385713312665303
0.9490619321271313 0.31824903611341304
-0.40198657327619375 0.9167375823569487
0.07057314238446295 0.9985091044021494
-0.22634797171206947 0.9750731232588826
-0.5547172789156781 -0.8332405057799254
0.7211011487300598 -0.6942723768811403
0.22246861742508592 0.9759655292380827
0.7038644644255924 -0.711741396659541
0.5139626411165524 -0.8589781158658805
0.8951541699720608 -0.44799554906453126
0.05939891261878644 0.9992360928127575
0.24119487050425967 0.9715070943860541
-0.1263910458962765 -0.9929885716951858
0.1889067667569869 0.9830133434869648
0.005216883569282708 1.0009864055649431
-0.5224601529815635 -0.8538362773661479
0.6818186250815665 -0.7328876875018998
1.00035291653189 0.035986697349733865
0.9775602796115279 -0.21535296544471197
0.9781585682023243 0.21261894424622393
-0.33582585753669025 -0.9429856803842499
-1.0002317739713926 -0.03920967148601026
-0.747228120702119 -0.6660714193177633
0.18766835429023 -0.9832505218905285
0.896920611777434 -0.4444484403941515
-0.4635522705585321 -0.8871980007078631
0.8217094390126627 -0.5716595121551773
-0.3924087339051083 -0.9208780514025676
0.7313217996953176 0.6834979336401843
0.31986714234563435 0.9485177970115466
0.9707570038057197 -0.24419631357197408
-0.9957256040264076 -0.10262320150066269
0.2322437507400788 0.9736856988998966
-0.9294527201161356 0.37164316362435185
0.8076092905537553 -0.5914120676916054
0.7149328576576867 0.700622586733695
0.7050823221354556 -0.7105349527025914
-0.8903342102312367 0.45749972031895275
0.47066102705602847 0.8834473372027132
-0.4785475937963646 -0.8792003187395405
-0.8900384621931565 0.4580748146502286
-0.014223454945947844 -1.000898942615787
-0.0650039886440813 -0.9988871214808809
-0.4797130729388837 -0.878564947884636
0.5141001306582768 -0.8588958351611345
0.5095313603443318 -0.8616140625742216
-0.1317591574208638 0.9922905443647763
0.8412192351728657 -0.5425414254922651
0.8894675262574695 -0.4591824471094446
-0.6987554762143651 0.7167578283216974
-0.42719791412045804 0.905264017936828
-0.8133325854108008 0.5835161570247928
-0.3896124741022645 -0.9220645964485961
0.09198799940480697 0.9967643693298338
0.6342085492871173 -0.7744549799769707
0.777195886473273 -0.6308466961544803
-0.9493476839050726 0.3173956128620467
-0.39160108416788747 0.9212217924466046
-0.8640900281512034 -0.5053211090481503
-0.7212513838605519 0.6941163024156966
0.7354653440543544 0.6790373536816733
0.40918526728812077 -0.913547161910292
-0.8594762080673923 0.5131292700344587
-0.9914969971924332 -0.13760343221877883
0.9457628094828415 0.32792332670781804
-0.5462826340709137 0.8387945420140407
0.9353568180060001 0.3565229628084148
0.9903627816674639 0.14554229862099582
1.0009779854614054 0.006638721384924014
-0.7354849939252193 -0.6790160702890766
-0.9974432874124883 0.08430829375434039
-0.04439465343438834 1.0000150572598596
-0.30915577665930677 0.9520628685954414
-0.34358853060217615 -0.9401850464874655
-0.5046161937676307 -0.8645018779548539
-0.334723626221081 -0.9433774928677332
0.5603433554110188 0.8294674942676902
-0.2700951285912964 -0.9638722018562684
-0.6537604207840604 -0.7580226330501275
0.9707921087831759 -0.2440567178430341
0.06312025785628336 0.9990079244170971
0.8581966027174319 0.5152665243194615
-0.3883424404980833 -0.9226002107673684
1.0009806357094373 -0.006226309880742722
0.9947555237194479 0.1116353350406895
-0.9845318965173655 0.18082573030384644
-0.8997511451710174 -0.438689955165881
0.6692294720271293 0.7444010436386355
-0.13316967934950635 0.9921022308723781
0.907288472063134 -0.4228813408763075
0.8445578952693316 0.5373294720543781
0.8450596875984042 0.5365399560108153
0.6335145546490887 0.7750227796960338
-0.5225436344004538 0.8537851896979503
-0.9012040343598174 0.43569747354510685
-1.0009785004058447 -0.00656061927460789
0.9317087787957278 -0.36595047686124627
1.0009732990309896 0.00731126712800792
0.951709348177361 -0.3102423513832739
-0.5477369870547919 0.8378455663260018
0.710479853898336 0.7051378426978652
0.7552392907027483 0.6569738303606999
-0.8370247516323522 -0.5489904964157386
0.8303194415648253 0.55908015969043
0.3096858396661587 0.9518905823203979
1.0009757241984056 -0.006971338858321469
0.9490534831241276 0.31827423108062197
0.9452748694730375 -0.3293272250250984
-0.9678816539878398 0.2553548587236271
0.9182111730689089 0.3986091339287376
0.6402848933574967 0.7694389224221627
0.581392001834494 -0.8148523425767884
0.9537780741216497 0.30382295062222797
0.9518259637734832 -0.30988438922714345
0.9953263858105562 -0.1064254937000326
-0.21411090221055684 0.9778330744838719
0.8834163616883572 0.4707191645783138
0.14595744007094705 0.9903016841790869
-0.5920420938552067 0.8071475448166479
-0.8576500669499096 0.5161757090960553
0.5993368318328378 -0.8017458213228034
-0.27533359847434147 0.9623889076413809
0.16475917871641135 -0.9873476657331467
-0.14500038259198922 0.9904422694171412
0.43430402504051535 0.9018763850071735
-0.6079135445918276 0.795262297799789
-0.8394721581718795 0.5452407685181353
0.6097143340622311 -0.7938825044293708
0.44052789180762797 0.8988527001347477
0.8466773536710558 -0.5339835753846536
-0.8273165950074339 0.5635141982464201
-0.8972586078839172 0.4437656933317569
-0.6391705278401446 0.7703648722135186
-0.10965458504883281 0.9949758147702729
-0.15467825016893166 -0.9889770669356683
0.14102961347344184 -0.9910154631102038
-0.8747258918284421 -0.4866781422716008
0.08177391140812038 -0.9976542624642151
0.7456159347225814 -0.6678756455267488
0.8113333708695946 0.5862927266420597
0.24756226607139392 -0.969904080008738
0.4873345083653673 -0.8743603816254976
-0.8793633807750354 0.4782478902743849
0.13443479846152734 -0.9919315928846144
0.36565355045815934 0.9318253489991256
0.11274583331127962 0.9946302715436249
-0.19252733917011067 0.9823106553794869
0.967543681261309 0.2566324703760506
-0.8711543881871009 0.4930426269019322
-0.4066525943876507 0.9146773570378753
-0.9388784993455602 0.34714285743282813
-0.6755762151343917 0.7386459080944603
0.9015145892821164 0.43505453142278283
-0.33081489043393997 0.9447552636885281
0.5259310132707449 0.8517027470191743
-0.9648245955265015 -0.26667302050849256
1.0005996351972652 -0.028308480056329154
-0.48525920329829364 -0.8755138523257673
-0.9189793677191284 -0.39683487964964864
-0.10648518818701558 0.9953200011537876
0.8890742346987801 -0.45994348043512745
0.035503187890361144 1.0003701933032698
-0.7539297042521783 0.6584762721968218
-0.6007636093308129 0.8006772668833645
-0.8257097281972022 -0.565866101441412
-0.6290815565262481 -0.7786253240413602
0.6938441442620648 -0.7215132039493408
0.7549959024359336 -0.6572535182902791
-0.9968209658478375 0.09137265480538659
-0.5373932329830964 0.8445173255439911
0.7447381627849662 -0.66885429571146
-0.7742769412315195 -0.6344258966003533
0.07496824999990996 -0.998188740415334
-0.18692064837072522 -0.9833929383581457
0.7266178965051479 -0.6884965014278824
0.6609975889213884 0.7517201523440165
0.9965518952374913 0.09426197588934813
0.9738246654209269 -0.23166035702687574
0.5275482360375131 0.85070197992817
-0.8248001569000172 -0.5671910623217781
0.06845451652451212 -0.9986565872047284
0.980137525216791 0.2033013321695269
-0.7946736201247981 0.608682871023777
0.7930460055162286 0.6108019590135202
-0.5519177549212789 0.8350974744319701
-0.7275892910969336 -0.6874698709624019
0.4720938567281185 0.8826824969600172
0.6866251071861018 -0.7283865472272769
0.23031670159537582 0.9741433246531163
-0.7805436799127253 0.6266997397065847
-0.9978315086409941 -0.07958190977375208
-0.6064546419268462 0.796375393445441
-0.5324472634065097 -0.847644330890568
0.8529966157140267 -0.5238299090166741
-0.7661959629686155 0.6441620497441587
0.727740493427946 0.6873098094929605
-0.45455870482741423 -0.8918393262609715
-0.8890257917435951 -0.4600371089539123
-0.618720499370853 -0.7868836913154842
-0.43000252273164413 -0.9039351915067926
-0.687155902604654 0.727885819009811
-0.9989025093302915 -0.06476709699876226
-0.7930972095771922 0.6107354715102695
-0.9194532550392049 0.39573565899197255
0.7152049636153791 -0.7003448150874855
0.7180344971072682 0.6974435181173544
0.8092753162750206 -0.58913025933826
0.6775847113475095 0.7368038809263373
0.8993755626590536 -0.43945943759545164
-0.8515543091850366 0.5261713204920951
-0.44653556800924116 0.8958833554111072
-0.29620490074029776 0.9561713532507813
0.9669452555788852 -0.2588781039668756
0.9681412301439715 0.2543689416876947
-0.8267860030797385 0.5642923932780155
0.1111290868922217 -0.9948122064221473
0.7776528055654336 0.6302833600819635
-0.9859261272628619 -0.17306262329126734
-0.49394267341921577 0.8706443793969372
0.3412831254472257 -0.9410243505271121
-0.548848289471883 -0.8371180055068628
0.005856891694732721 -1.0009828653976431
0.8509839291985076 0.5270933050664458
0.5624776250735979 -0.8280216913170603
0.5082279006643967 0.862383557928988
0.8868137412281506 -0.4642869676923215
0.4698291209246274 -0.8838900367869251
-0.9566659897107734 -0.2946034353681341
0.5500670844730392 -0.8363176445462157
0.08540516230351984 -0.9973499677905993
-0.4450595784804495 -0.8966175168949158
-0.6787247023244781 -0.7357538844304858
-0.707115792662879 -0.7085112954404807
-0.2582357195865848 -0.9671170110848007
-0.16779829654427716 -0.9868357166604981
0.1225603516303809 -0.9934686508432148
-0.6975447430092047 0.7179361611593488
0.17029267378184507 -0.9864083359624604
-0.9360446062000162 0.35471325772214457
-0.6732537621689461 -0.7407633709393037
0.2854474272235378 0.959437734452561
-0.15494098469742754 0.988935938906556
0.4601336676553759 0.8889758196317895
1.0009711164101736 0.007604216762491695
0.3872578717779365 -0.9230559792049576
-0.49521680820504954 -0.8699202911021234
-0.5462942198789233 0.838786996398298
0.14712124630730028 -0.9901294556193077
0.6115150214316545 0.7924962956149658
-0.9696267513759318 0.2486462608127396
0.9696609222839145 0.24851296906903728
-0.8416777647884613 -0.5418298074678982
0.6350877706472396 -0.7737341426965203
0.13941130218264777 0.9912444142711415
-0.9533073262984635 -0.30529680906566137
-0.019047543731923224 1.000818760354631
0.6508622752205934 -0.7605125236935106
0.47084709719182316 0.883348182239616
0.9478671799416112 0.32179000790816553
-0.24109705137252146 0.9715313745934692
-0.06875739508855346 -0.9986357797618892
-0.431942981694063 -0.9030095572945185
0.7641334799347512 0.6466073188905359
-0.41723425898882754 0.909899210421706
0.9823754529084042 0.19219643473022016
0.8187357861187854 0.5759103337573086
0.9004557553756685 0.4372418468203087
-0.8433735771711101 -0.5391864328129982
-0.9905993651953297 0.14392323535346915
0.856126804394775 0.5186982695139736
0.6150341285655369 0.7897683335634765
-0.368255532317468 0.9308001197451461
-0.8381534042704862 -0.5472658137594516
0.10229944279468145 0.9957589186162973
0.5890554387795578 -0.8093297783006768
0.3936091532513289 0.9203655982688466
0.21018351816026581 -0.9786847749371466
-0.7390559192917309 0.6751276532329679
-0.9823943169028273 0.19209998989335522
0.2594351265837816 -0.9667959531847747
0.9218565280840972 -0.39010452654222566
-0.9847918099792808 -0.17940482434352764
0.9488413970270475 0.3189059474010493
-0.8249766634027694 -0.5669343038137961
-0.33326685267983214 -0.9438931109531836
0.47162318479835025 -0.882934069770026
-0.9862972468259993 0.1709349025315014
0.4766953583293754 0.8802059618903001
-1.0009496939342617 0.010035447817999567
-0.6866330940177021 -0.7283790182313583
-0.9822151874048995 0.19301379647879546
0.5813264879023418 -0.8148990823796087
0.7464274878194607 -0.6669685190678258
0.9265087664215353 0.3789228229389791
0.03955132864708071 1.000218322368797
0.866874793513567 0.5005288127279094
-0.07292630452680643 -0.9983399992527914
0.8226404137552145 -0.5703189893880876
-0.9582303998027978 0.2894745254660079
0.6987943203974779 0.7167199577102809
0.9942972161004985 -0.11564621072390818
0.6968622993044522 -0.7185985915711998
0.12971499617113746 -0.9925598318329841
0.8176239892821665 0.5774876727258476
-0.6022872972309022 0.79953174520734
0.9395233934269357 -0.34539367858073966
-0.7435968024092459 -0.6701229703918117
0.8862191311867227 -0.46542094013768914
-0.7728770298092362 -0.6361305658379047
-0.6883386796839751 -0.7267674057433519
0.6136129164507865 0.7908730547722309
0.6884588864204383 -0.7266535362252977
-0.47935989130510476 0.8787576996009526
0.6011148067603259 -0.8004136362490935
-0.9832620572590984 -0.1876079069618482
0.5536663070975341 0.8339392186394516
-0.4568171141465042 0.8906846379178547
-0.9948985350631285 -0.11035354515936822
0.9357918682838559 0.35537948625914045
0.679913718005939 0.7346552498058803
0.42706296268864097 0.9053276897895041
0.9858266094194051 0.17362861561574347
0.9808450508585008 0.19985991645746537
-0.9961362225033423 0.09855773037551029
0.6774517467117732 -0.7369261366495067
-0.21066937182291443 0.978580306247647
-0.7481475661199981 -0.6650385096434064
-0.6800327354484677 0.7345450828359511
0.7376100806242119 -0.6767070037775165
0.8934051654589118 -0.451473377212139
0.8159958988187119 0.5797859028219318
-0.8687443425006585 0.4972768518371819
0.9994308469341724 0.05602662042674822
0.1984551463011776 -0.9811302435999912
-0.4402744500499814 0.8989768676852516
-0.3281033850771505 -0.9457003588351414
0.20626328437891078 0.979518482478623
-0.9944040892888615 0.11472361224085478
-0.985323570844369 -0.17646093261258106
0.855665934327435 0.5194581877606296
0.8873804376232975 0.463202934925379
-0.7992142154457377 0.6027085844995524
-0.7477505337534338 -0.6654848903404605
0.024876472062236206 1.000690841937577
-0.7329705800157991 0.6817295129531236
-0.08811264221398865 -0.9971144178488592
0.38434625570922193 0.9242721221168045
0.6605296471047643 0.7521313617285584
0.46310775916274555 0.887430111841637
-0.14734624092049636 0.9900959980156465
0.30528921112235596 0.9533097595075221
-1.0000518858178833 0.0435571540862738
0.9721844346581044 -0.23845004719752472
0.9744700397539208 -0.22893042965493268
-0.31872667628147083 0.9489016312698416
-0.8094381599530072 0.5889064995497078
0.9942572093895463 0.11598966150873855
-0.42350144448199467 -0.9069991877183043
-0.8862309119118846 0.4653985074877544
0.8310231524523644 -0.5580336191378925
-0.9649321940521216 0.2662834220933757
0.5848628886906352 -0.8123646973080783
-0.37872475806261857 -0.9265897461284638
0.6353482978364646 -0.77352022626193
0.9186200521094613 0.39766594003310196
-0.07152258543464363 0.9984415454961518
-0.4676788653692314 -0.8850296485920391
-0.5814980584162143 -0.8147766614589382
-0.13857412873240452 0.9913617961400646
0.14592436595627434 -0.9903065583041745
0.9827001361668246 -0.19052937405477519
0.8404868304330351 0.54367535153677
-0.9003313967246558 0.4374978583625645
-0.3135118405565656 0.9506373261295995
-0.7794155681424764 0.6281021987997978
-1.0008676834584864 -0.01627514081177435
-0.9247217133840683 0.38326329435002376
1.000139985612813 -0.041485047648548386
0.0446140379282693 1.0000052937958552
0.9212626766936652 0.39150489209104833
-0.9375545628066333 0.3507027826528652
-0.6255866448374127 -0.7814360817117859
-0.26769144273868406 0.9645425296400786
-0.5332978381742653 -0.8471094473553314
-0.2788911227670005 0.9613640005959043
0.7315571812174739 0.6832459956773579
0.03151169445201867 -1.000503879609051
-0.7491521449661476 -0.6639066679079372
0.5991267956379077 -0.801902788839553
-0.4507547697694288 0.8937679438926579
0.8918684885246291 -0.45450148424047365
-0.7823922180979297 -0.6243904363936091
-0.4169778717604517 -0.9100167330671036
0.3596700941844641 0.9341511779949424
0.8744195885805568 0.48722826591507357
-0.9094859528832369 -0.41813431036937243
-0.7961995689755139 0.6066854591657903
0.955436287611773 0.2985674133502069
-0.6056068942443175 0.7970202567336367
-1.0009742682194496 -0.0071773506628465015
-0.6876967000043704 -0.7273749025111459
-0.42263670529641884 -0.9074024549978846
-0.9780451896383368 -0.21313987666626302
0.22743101192205967 -0.9748210783605923
0.9391559274133767 0.3463916049853406
-0.9330069455471182 -0.3626279630155911
0.38812410058158037 0.922692084363868
-0.941928248659048 -0.3387804220702529
-0.002713406779492863 -1.0009963223826794
-0.8623233295673663 -0.5083300849682726
-0.7631098668994786 0.6478150438517618
0.9708429355329973 -0.24385445356948565
-0.27762845844933226 0.9617294001220132
-0.9508248525732791 0.31294264606953476
-0.9896348769076687 -0.15041213517513605
-0.19844123625505272 0.9811330571097716
-0.33565737658778716 0.943045664611319
-0.9991547550237068 -0.06075175317237038
-0.8560573887924844 0.5188128247198532
0.9183312455502073 0.39833242831359444
-0.8761973325769526 0.4840240018687432
0.20119705435305776 -0.980571642114768
-0.6647613107112296 -0.748393880106918
0.5544050833927556 0.8334482608466296
0.9361395333016573 -0.35446265556438405
-0.33902435097294437 -0.9418404798305146
0.3884829723508096 0.922541045262204
0.9806886144681264 0.20062612355470186
0.9602485023819394 -0.2827080007237901
0.967134777131957 -0.2581691748871656
0.9722483314334778 -0.23818938268700846
0.8916548140412227 0.45492053437618374
0.141884294904348 0.9908934588842012
0.34048772509180747 0.9413124396616703
-0.9256922306495817 0.38091323699105234
-0.29118726516335314 -0.957711322166908
0.5367191348626517 -0.8449458978374217
-0.824619570430422 0.5674535787737586
-0.9162446486498114 0.4031088486011983
-0.33822294414197623 -0.9421285687505361
0.9993473321902925 -0.05749704030769891
-0.19541634902795554 -0.9817400116795608
-0.9869785496617896 0.16695610952436093
0.32088440429476967 0.9481741396391229
0.45604761264061916 -0.8910788825938991
-0.882611106448562 -0.472227312608711
-0.496379099020234 -0.8692576085694393
-0.9959738290351402 -0.10018548735760795
0.05626186473191249 0.9994176317120326
0.43509291109036097 0.9014960669458938
-0.24305434628749173 -0.971043554507603
0.038974851581976284 -1.0002409514432824
0.936946636336107 0.3523237157195848
0.9966683249599395 0.09302284677189963
0.430220834807452 0.9038313079870487
0.011361850428405254 1.000935516581784
-0.530305898301562 -0.8489856619676055
0.9979579308124683 -0.07798056378673278
-0.3338810094154574 -0.9436760416327816
0.5707275331784905 0.8223570288335809
-0.7011377759900631 -0.7144276164033052
0.9387525260489639 -0.3474833734679825
-0.9703989151320692 0.24561544232906676
-0.6005436912690569 -0.8008422284551031
0.04925833106497693 -0.9997872857866783
0.9594144116282154 0.2855258075202405
-0.8788930109113365 0.4791117566614342
0.104300429147561 0.9955513148399908
0.1360216566586013 0.9917152358010083
0.047444302663823275 0.9998750112612794
-0.9881377120340018 0.15995268693025555
1.0004957972548059 0.03176727365497549
0.7681186190149744 -0.6418682007410311
0.13470680082676037 -0.9918946908876061
-0.9964182989911086 0.09566385647498084
0.692261470130516 -0.7230318505935521
0.29817757830742897 -0.9555580211555534
0.9311725689810332 0.36731273702018963
0.31467246780485614 -0.9502537755808191
0.07284151883179821 -0.9983461890217625
-1.000994572938924 0.0032962018780721388
-0.23889941914135923 -0.9720741059887982
-0.9072060244447512 0.42305818655493416
0.41007652593919885 0.9131474376428144
0.2036719927919184 0.9800605692262946
0.6644244164622712 0.748692991024205
0.19147273345142257 -0.9825167644089542
-0.37989077228626433 -0.9261123048160766
-0.43427997222238873 -0.9018879673920267
0.7517598589080599 0.6609524298575004
-0.38846716612386284 0.9225477011210288
0.9886211806132785 0.15693680652672662
0.057523362459069236 0.9993458174082696
-0.9125264953374189 0.41145643184571523
-0.8058512303105166 0.5938053507733209
-0.027115581141292724 1.0006326724924437
0.7026277752370338 -0.712962277729654
0.12921671219054318 -0.9926248240350765
0.039223911250085265 1.0002312156627813
0.8954853318169179 -0.44733323205496867
0.6071911153512805 -0.7958140168647873
0.6692492785520942 0.744383236752079
0.6231710560829927 -0.7833637947086957
-0.42399461365916774 0.9067687508885676
-0.37689330746805216 0.9273362037501783
-0.8344554648549593 0.5528879426915492
0.9893042721947578 0.15257148166417095
-0.4192743272291891 -0.9089609664482358
0.4574991196437944 -0.8903345188889135
-0.09201322447522312 0.9967620410718259
0.8355995142932178 0.5511573747242601
-0.3539026187664817 -0.9363513958072719
-0.5400309130035137 0.8428330872720834
-0.9687879672938414 0.251894570061895
0.8102019198046428 -0.5878552960932403
-0.9947162091622179 -0.1119851027143638
-0.4917883563822289 0.8718630698262577
0.8079430929641 0.590955970044811
-0.9561022001882205 0.2964280398262688
0.7570169784335219 -0.6549246478514767
0.70343356830627 0.7121672661530493
-0.7322714279754386 -0.6824804435079528
0.321512192860026 -0.9479614495549581
-0.45524119641139615 0.8914911402195316
-0.05847883789796239 -0.9992903609652721
-0.7736132829911633 -0.6352349867408393
-0.1479340227963717 -0.99000834587355
-0.9671436952098453 -0.2581357643098798
0.8231420508082519 -0.5695947368008111
-0.7943523404693043 0.6091020925845999
0.8292377285801963 -0.5606833237212935
0.918105305893717 -0.3988529143554105
0.09245824770091175 -0.9967208598359306
-0.9825468682582063 0.1913181948377913
