1000
-0.9569167562925118 -0.29378788526182875
-0.9941567627896015 0.11684746894862584
-0.1288917319182902 0.9926670748257462
0.9961630518433882 0.0982861848993399
-0.3383648966919453 -0.942077595894653
-1.000425544427195 -0.033907669597755395
-0.7934232111236694 0.610311894075648
0.17885491492416458 0.984891831323354
-0.27029981545272835 0.9638148213044978
-0.08519537903114173 0.9973679097463183
-0.9054323479773854 0.4268410280609855
0.3770093374983533 0.9272890377002484
-0.8946386697297205 -0.44902410917926894
-0.9670705532420713 -0.2584096458185613
0.02717376151053247 -1.000631094202738
-0.5735848253131636 0.8203666547163333
-0.08490811827147292 0.9973924059524404
-0.9998054605876207 -0.048888045360555056
-0.6217777951156255 0.7844701227587646
-0.6538484938976591 0.757946665028459
-0.06765421895329021 -0.9987111227265972
0.6642408035324598 0.7488558973010443
0.9971734275174855 0.08744229784852436
-0.9929465748151718 -0.12672055698590645
-0.5603208898542188 -0.8294826703391557
0.8561507387910989 -0.5186587630296585
0.6799910538497402 0.7345836689474656
-0.863463570141769 -0.5063908204519809
-0.1625853504339885 0.9877079547235899
-0.9905643839637147 -0.14416379997276127
0.9380895682069542 -0.3492691827534893
0.8341740884737046 -0.5533123802329604
-0.8617528283045872 -0.5092966354778369
-0.9993264102157353 0.057859535474560166
-0.8663350411790983 -0.5014624576428529
0.033111309736572794 1.000452218333054
0.277971705608586 -0.9616302464466546
-0.4573894792157218 -0.8903908491796009
-0.8113455992759213 0.5862758041532979
0.6894441305753056 0.7257188097433199
0.9000282579755062 0.43812114174686406
0.16997437676461866 0.9864632335994481
0.23544428294177236 -0.9729167434215708
-0.8472187312079179 0.5331242083140155
0.36967910030180795 0.9302356490696568
-0.9996871898141123 -0.05124960996498433
0.3348924326436715 0.9433175809651827
0.8620679141810704 0.5087631190834282
0.5437612497534221 0.8404312602864059
-0.9111616938626309 -0.4144699840005077
0.3065327096274612 -0.952910645301251
0.3714438461478671 -0.9295323927431898
0.12430110826355792 0.9932523518645456
0.2128302848402926 0.9781126059175395
-0.7490087884092684 -0.6640683962406881
-0.9280760236020457 0.3750678530812994
0.9595844026891354 -0.28495398596218174
0.9354083366440975 0.356387771586965
0.9744770549616429 0.22890056652023172
-0.5268071085764673 0.851161130664049
0.7993635767409859 0.6025104747470021
-0.10358701630086782 0.9956257982062757
0.9648081135243332 -0.2667326453166496
-0.7684996216671083 -0.641411982658191
0.2852492285298194 -0.9594966793184554
-0.8718765056893788 0.49176453595890635
0.4888371969461515 -0.8735211473581104
0.03255595214306689 -1.0004704443310948
0.6174703525040687 0.7878650669870452
0.2867122510064466 -0.9590605221375845
0.527777449260879 -0.8505597945186925
0.35643557180913094 -0.9353901235041441
-0.8765073333289698 0.4834624024891057
0.9282470618133302 0.37464435433477394
-0.9427038259423276 0.33661624523141725
-0.5415447552316096 0.8418611988214779
-0.9949610692296759 0.10978829954662782
0.7870586541777883 0.6184979182534478
-0.7351870794091836 -0.6793386182676461
-0.7612797558082689 0.6499647170397039
-0.9989632655554953 0.06382314682543345
0.8775335100986513 0.4815972784951555
-0.9179259314162032 -0.3992655562826525
0.9788378622537012 0.20946942358875278
-0.10111942346393124 -0.9958794415983905
0.44347213650066686 0.8974037353095505
0.5181298399022758 -0.8564709387964323
-0.9179164745453158 0.3992872972663903
0.5170764892826176 0.8571072886349543
0.644659024984677 -0.7657778669469402
-0.5830806179682682 0.8136448813516513
-0.16707471917557168 -0.9869584784642178
-0.5084902068650755 0.8622289194421124
0.6018850778397951 0.7998345785684586
-0.9885845566240501 -0.15716734522295178
-0.9989838632929193 0.06349992819172152
-0.8762761957714849 -0.4838812134442237
-0.9189830200620067 0.39682642154689435
-0.531219052862808 0.8484145907959982
-0.9142393899521796 -0.4076362813340668
-0.19055959298187247 -0.982694276732384
0.9388219608508779 -0.34729573251641405
-0.26813804605867625 0.9644184715442955
-0.938818494854977 -0.3473051017739811
-0.7089476223613974 -0.706678334709733
0.46968448483505004 -0.8839669024942244
0.9691373445054988 -0.2505470165155236
-0.9422120328949591 0.33799036238914926
0.6104956397696312 -0.7932818375724159
-0.606505336819813 0.79633678579423
-0.9657803391844942 0.26319068457049
0.8017820411833773 0.5992883766900682
-0.31373865331959894 0.9505624952696191
-0.6558938196180836 0.7561774245418867
0.753433690222211 -0.6590437576050178
0.2735324723533954 0.9629023764474979
-0.902743502802967 0.43249874930111587
-0.3588682812589827 -0.9344594997677661
0.11412161363419368 0.9944733567580017
0.9140392632149706 0.40808482611025093
0.15731810463882961 -0.9885605767745578
-0.1556862345685227 0.9888188895676877
-0.8229665133447135 0.5698483288676431
0.9962831163961295 -0.09706158861267625
-0.0018836155796251607 -1.0009982277668368
-0.9628158755380075 0.27383679411645917
-0.11049618740843106 0.994882702919395
0.7203048191775467 0.6950985307635182
1.0007409805979808 0.022770370040730206
-0.7715149535428523 -0.6377818408043384
-0.19836193195592142 0.9811490936400615
-0.5190040796411532 -0.8559414497007605
0.9951591186936276 0.10797837043094607
-0.9989032927389053 -0.06475501336091863
0.630948485803336 -0.7771132531764451
0.6092591804420282 -0.7942318622714076
-0.748658525823499 -0.6644632508361809
0.8425367432641208 -0.5404931417232683
0.33618393637428357 0.9428580810089563
-0.9936295258596656 -0.12124918696591817
0.9059640923044275 0.42571124421961754
0.933623639104486 0.3610372563950935
0.008355969491329182 -1.0009651231555772
-0.5494382160334763 0.836730928531957
0.15940317703113122 0.9882265059956558
0.1920466841743738 0.9824047389429819
-0.5982151154994977 -0.8025831269020814
0.3517986747187968 -0.9371439016853805
0.9513636299200465 -0.3113008892781269
0.9948803007329161 0.11051781401015204
-0.7876235913814491 -0.617778340749648
-0.9996524730983489 -0.05192237502613625
-0.9722830691272987 0.23804754459645383
-0.8489834150850533 -0.5303094953991678
0.9191102244748427 0.3965317077685015
0.8534656743538128 0.5230653331083904
-1.0002397627814084 -0.03900534515924725
0.7897273477998699 -0.6150867549679341
0.8793188457575675 0.4783297685651389
0.10049899924403148 0.9959422428790478
-0.8824542586816754 -0.472520350180365
0.9402218556348713 -0.34348779044751987
-0.40609981386665234 -0.9149229154292018
0.5479605543942931 -0.8376993678091795
-0.5159402993922437 0.8577917040068888
0.09754334687267752 0.9962360641338359
0.8994199600257013 0.43936856454162254
0.3222116201559457 -0.9477239428422607
0.568960104821307 -0.8235808394576256
0.6513600659366798 0.7600862217557716
-0.9160406092848054 0.403572301008286
0.7887925659680275 0.6162850702991067
-0.1840311801790818 -0.9839377646588702
0.23431762363662834 -0.9731887027978097
0.9408088903392167 -0.3418766325133847
0.4461372619386526 0.8960817727807446
-0.12056072902547581 0.9937132939720822
-0.9664499813699997 -0.260720987858529
0.25189043367212305 -0.9687890427871642
-0.5856863838334013 -0.8117711868452548
0.20736808090428988 -0.9792851877885582
1.0002010681983453 0.03998528698020314
0.34767861628440183 -0.9386802329753001
-0.9649508071885436 0.2662159644089325
-0.9339565395138616 0.36017521055632457
1.0009690208914106 -0.007875227977062183
0.15429310081060668 -0.9890372283398882
-0.03656440059470514 -1.000331967203463
-0.9875889064304584 0.1633069254364043
-0.8889148613044681 -0.4602514197175912
0.9468381362189602 0.3248053937381672
0.88636376755324 0.46514543055782664
0.6248596898370613 -0.7820174985361463
-0.09609279593563842 0.9963770243082042
-0.9380036012249459 0.34949999154368055
0.5232793683747933 -0.8533344611776074
-0.9936927375980562 0.12073004284303247
0.580302269592877 -0.8156287610827342
0.13971990186362568 0.9912009629854174
-0.9979039621818886 0.07866817820242061
0.9112921941509886 -0.41418297512026836
-0.47470558455946144 0.8812806635732229
-0.3087184652298143 -0.9522047622366462
0.18685212186308203 -0.9834059612160504
0.03119394509352374 1.0005138368805813
0.3274623847855077 -0.945922505573574
-0.9988557983974123 0.06548353997660634
0.9467101076770003 0.3251783695484722
-1.0009967524143497 0.002549834489732745
0.9790046279299157 0.2086886161049696
0.8573387457891253 -0.5166926310377666
0.8626279078877228 -0.507813048801673
-0.8468127513595282 -0.5337688302391832
0.6063611209733842 -0.7964466027122602
-0.9682318063317651 -0.2540239540034114
0.8850665620528454 0.46760900412198736
0.8723029473414315 0.4910077067210369
0.07321426420522341 -0.9983189227480804
-0.4303629133883614 -0.9037636653350707
0.8796772467214831 0.47767032731844566
0.984685078001725 -0.17998971404148822
0.8986071770107085 0.44102850409564837
0.5668534596017993 -0.8250322147270803
-0.9773381663066976 0.21635874995077503
0.3503832417519485 0.9376740285938369
-0.14033625379066006 0.9911138864288016
-0.898785558886816 -0.44066486033777846
0.9886307990957394 -0.15687620303704367
0.47676763461421195 -0.8801668152028735
-0.9760623640136575 -0.2220433776451582
0.02014716036177159 1.0007972281782944
-0.9666874994204759 -0.2598389471657155
0.9025738841853895 0.4328526118513079
-0.5262611445003096 -0.8514988008149067
0.6934151775975874 -0.7219254750161587
-0.9168103527628428 -0.401820578202351
-0.555609186034141 -0.8326460426822908
0.9034376645994824 0.4310468491742322
-0.8923284791188888 -0.4535977131262578
-0.6039605370864883 0.7982685448157159
0.3084206977900094 -0.9523012512722661
-0.04646276084012741 0.9999211028151737
-0.9110921332649446 -0.4146228704530568
-0.974478699582544 -0.22889356491591023
0.9662891725175401 -0.26131635057027663
-0.7597431899215048 -0.6517601440467929
0.8613189805886362 0.5100300125264714
0.6049840981877964 0.7974930977380924
0.8804345706990031 -0.4762729959992084
0.6551207920315713 -0.7568472420825267
-0.8694094618613213 -0.4961130794748387
0.18378686172777156 0.9839834294622328
-0.13193997036250027 -0.9922665187442045
0.2923543095599277 0.9573557111553354
0.3455260030612228 0.9394747368655189
-0.9534375198614141 -0.30488997313869726
-0.99692720361618 0.09020615660820282
0.6090294103982486 -0.7944080672236162
-0.9840378753520174 -0.18349512220407296
-0.99501138041146 -0.1093313900564739
0.1341539794510261 0.9919696113276121
0.5239031748770686 0.8529516184132179
-0.719860583458925 -0.6955585815602996
0.8430915980409606 -0.539627239224207
0.18600697803942842 -0.983566166620548
0.5253233700435691 0.8520776706885748
0.9397962779537097 -0.3446504837431011
0.8900778944057666 -0.45799818983288254
0.9729422577063034 0.23533882631083453
-0.9958037737315607 0.10186188797574218
-0.6926420727657719 0.7226672533294524
0.8795972477624581 0.47781762392016175
-0.9703861696128944 0.24566579294646382
-0.17831218868751406 0.9849902351624956
0.578113395505064 0.8171816823311725
-0.5950998502500247 -0.8048957499157255
0.5837861684566115 -0.8131388008936413
-0.8469236271695261 0.5335928876418928
-0.6093978534655653 -0.7941254662781955
0.9493913582359153 0.317264950643723
-0.4515213316828039 0.8933809305304135
-0.826740653799121 -0.5643588320880626
-0.7605931525041586 0.6507680511240433
-0.01801384851135097 -1.0008378995930411
-0.3881685525021917 0.9226733847079113
0.9411436473145127 -0.34095400733755304
-0.8742185279649577 0.48758893072216325
0.9106215178538715 0.4156554477226436
0.8890894597705912 0.459914049062255
-0.17905708400696968 0.9848550962791028
0.9996814227729021 0.05136197973935815
-0.6934727159568563 0.7218702045544069
-0.1578556275861566 -0.988474886296754
0.871872924385785 0.4917708853958105
-0.8210888449333099 0.5725505294086131
0.9166952906892298 0.4020830063907057
-0.4056530678187709 0.9151210786388977
-0.25286751126629936 -0.9685344711191172
0.6916307631838108 0.723635189455142
0.29552458692242145 -0.9563818371991033
-0.9592155955594193 -0.28619301395315105
-0.6552997952911003 0.7566922612868735
0.7437585265198339 -0.669943470920529
-0.5988100590402204 0.8021393352730233
-0.9221437207358386 0.3894251639371338
-0.7032874034441069 0.7123116088881649
-0.6192941661994829 -0.7864322829788255
-0.9512198379832539 0.31173998753305965
-0.6433599541822269 -0.7668695908396962
-0.6607887648669594 -0.7519037227102938
0.05286595616993717 0.9996030165411859
-0.9837855698089912 -0.18484304865371193
-0.5856736623253892 -0.8117803651594229
0.31775653089347927 -0.9492269418187315
0.9845048121647031 -0.18097313288038824
-0.8962997645416093 0.44569914974414704
0.2909243796875725 0.9577912117488869
0.9307585657104213 0.3683605466885393
0.0464737655534407 -0.9999205914047794
-0.9815021678730347 0.19660746288107503
0.8357818684032583 0.5508808114722809
0.9161887723871633 -0.40323582845737127
-0.9156062623786811 0.40455676028579945
-0.3667840039489511 -0.931380960964511
0.7172363430000879 0.6982642968674971
-0.9903723331938287 -0.14547728910112337
0.35604941837981136 -0.9355371781342514
-0.5825143723604485 -0.8140503706734079
0.7620367337388201 0.6490770496887643
0.6483707926456712 0.7626377352609979
-0.8494337013393314 -0.5295879407888395
0.9833681041327369 -0.18705125440473988
0.9985878843114807 -0.06944953064147205
-0.8399256159382651 0.5445419723866344
0.5140696746875727 0.858914064133667
0.4334205616714272 0.9023012893265888
-0.9077569477237722 0.42187477272197804
-0.784685074123202 0.6215065039468733
-0.6022337953476922 -0.7995720453724693
-1.0005160711473278 0.031122200692031466
0.6660597690045055 -0.74723850550789
0.8245208830157728 -0.5675969639373439
0.7836638435726345 0.6227936899784434
-0.7049735763886078 -0.710642847423272
-0.3080537627208239 -0.9524200120081173
0.2564198200859423 -0.9676000598734443
-0.02299308894577347 -1.0007358881646704
-0.8851874165483502 0.46738018527153846
0.5867404353334372 0.8110096556421067
0.9932118960475826 -0.12462395255152946
0.5578413004091454 -0.8311522625595347
-0.11418301629614262 -0.9944663085240821
-1.000001866632214 0.044690790237897925
0.0004851247225483649 1.0009998824445503
0.9368521429037633 0.35257490315765067
-0.19914645373065631 -0.980990157935595
0.7784605500317174 0.6292854456002585
0.15840486279402546 0.9883870190584283
0.4440468932711267 -0.8971194773140647
0.9800881219493526 0.20353936526822253
0.4261025208056602 0.9057801288188332
-0.9120838493683281 -0.4124367245062603
-0.7734518213396226 -0.6354315699321372
-0.5081143592634673 0.8624504611340155
-0.5178122189732531 -0.8566630060192839
-0.7920907288412905 0.6120402578945875
-0.18086199873124095 0.9845252345242048
-0.5811556740790773 0.8150209092322068
-0.4454994072173594 -0.8963990618965313
-0.899648639105848 0.43890013232510616
-0.12609484800808 -0.9930262279042881
-0.9712909004200917 0.24206401376728348
0.48069072015198305 0.8780304274680736
-0.6281133812245315 0.7794065565073766
0.09003085852234957 -0.9969430497845545
0.968907375541241 0.25143487749670856
-0.3580605937037291 -0.9347692823560972
0.9455539094884897 0.3285251957628712
1.0007691493574806 -0.021496736829218075
-0.8800112417401089 -0.4770547289473522
-0.8397440539857562 -0.5448219193420609
0.9801796234153526 -0.2030982664656139
0.8633189684327343 0.5066373049275386
1.0009291540181189 -0.01190918286755068
0.9328363947173648 -0.3630664686950709
-0.5996659097721306 0.8014997171909439
0.8596741380721842 -0.5127975978198875
0.03229901951024756 -1.0004787720579966
0.7536129062554578 -0.6588388175610197
-0.9077135777907815 0.42196808018410437
-0.7765171780984123 0.6316819390469215
1.0009991310590234 -0.001318946200674172
-1.0007922415324806 0.02039336383220871
-0.9718646048681042 0.2397502654942507
0.02564818692325778 -1.0006713598917227
0.47128598191642257 0.8831141054524457
-0.9997963209230478 0.04907460309302379
-0.044413073012446035 -1.0000142393714158
0.49492880646810666 0.8700841778403141
-0.5928630246078311 0.8065447501861593
0.30228902029874444 -0.9542653447583777
0.9909920244486492 0.14119421900052392
-0.28291652666769634 -0.9601870853840343
0.31843727404504313 -0.9489987895138551
0.9549470378406941 0.30012856398430987
-0.6717856525458485 -0.7420950323466318
0.4311984051673015 0.9033653388198906
-0.728188063092315 0.6868356024332626
-0.0041724031711865665 1.000991304183896
0.3477218970959135 -0.9386642010218665
-0.4799279394001795 0.8784475926218351
0.3036247792731363 -0.9538411782950761
0.09791399012972526 -0.996199704144142
-0.8956433236258787 0.44701681942001853
0.5185031619065319 0.8562449831052611
0.39644790141623143 0.9191463765160944
0.6651809975627464 0.7480208823832591
0.18117644531229546 -0.9844674172688503
0.13292143325362965 0.9921355212781169
-0.473454048902306 0.8819536629426814
0.9375827645481916 0.35062738002353794
0.9680169618567136 0.2548414439562329
-0.29291958868878615 -0.9571829054900596
0.9978849838778859 0.07890854802257712
-0.04364085706271586 1.0000482366340293
-0.969273674905508 0.2500190855418273
0.5558450581728609 0.8324886013062334
0.47306715013428086 0.8821612502620084
0.12057911336355166 0.9937110633481242
-0.668707868786454 0.7448696437787478
-0.13377186425189136 0.9920212136514892
-0.7805745257690123 -0.6266613197896305
-0.31221161304658296 -0.9510651442876301
0.4823616900292834 -0.8771135616281928
0.5632384625017717 0.8275043409908134
-0.7260755530080759 -0.6890684228173694
-1.0007736776881557 -0.02128487835350481
-0.7338173468831306 -0.680817964960828
0.9873646357466775 0.16465745071763574
-0.11350092932116786 -0.9945443876686607
-0.7736863932166734 -0.6351459398841931
-0.042089708256477634 1.000114721648914
-0.01758341057873822 -1.000845554355126
0.7817424635131143 -0.6252037433832648
-0.2398152589962928 -0.9718485692496238
-0.08813011496949355 -0.9971128736685049
0.9692931555314734 0.24994355090667714
0.8420752369502678 0.5412118765466538
-0.39366984719779463 0.920339639158971
0.8622573069308879 -0.5084420681299814
-0.5673305089185793 0.8247042461696107
-0.958088172504304 -0.2899449149534495
0.8303869410368017 0.5589798995988525
-0.027960493791643073 1.0006094196972801
0.6894885713287765 -0.7256765877489797
0.44972464171933824 0.8942867250666381
-0.7452838317888517 0.6682462196482122
0.7249701251673005 -0.6902313507911013
-0.8637330832481688 0.5059309843275187
-0.99232390270003 0.13150768848315122
-0.9528756283206625 -0.30664154472690514
1.0005215750046021 -0.03094475642674434
-0.371983586708213 -0.9293165290791364
0.526421164524269 -0.8513998811022424
-0.9240869117117323 0.3847913455407657
-0.389078817375823 -0.9222899077130959
0.7893953778927876 -0.615512743459876
0.9480543762562902 -0.32123807318139685
0.4613364283222244 0.888352238643486
-0.5194709076911438 -0.8556582121750127
-0.730091902112394 0.6848115174775512
0.952900017483742 0.3065657460961421
0.8672348805150399 -0.49990465292700015
-0.04368595881103374 -1.0000462674310429
-0.184044586184232 0.983935257166992
0.9858000769498019 -0.1737791940531567
0.9265609222581991 0.37879527101593485
0.6611360942516384 -0.751598340124357
-0.0929787777247728 -0.9966724371090069
-0.6184320940224451 0.7871103766836095
0.5430756319934527 0.840874460270326
0.3166900282141992 -0.9495832907279328
0.9864329439504785 -0.17015007225738102
-0.8616166292082483 0.5095270201587114
-0.47315139678518786 0.8821160670343929
-0.10415153400860867 0.9955669028064631
-0.9870217238419058 0.16670067985509976
0.7524724730735283 -0.6601410283163806
0.17446412048756563 0.9856790911156126
0.9406882906552535 -0.34220832810452945
-0.9206222398049261 -0.39300851336397447
0.9966039236931881 -0.09371029441497948
0.955988825716397 0.2967934721407878
0.6289413857354498 0.7787385526023302
-0.3076140138057854 0.9525621336743835
-0.5988116385186957 -0.8021381561642327
-0.3709208397337355 0.9297412170336542
-0.28833027858358345 0.9585753233063707
0.05929028814806354 0.9992425439958608
-0.18525083040420137 -0.9837088643671733
0.23654010547553353 0.972650902688947
-0.8185606247723154 -0.5761592692757418
-0.7717043214777134 -0.6375526960280397
0.8394012344705396 -0.5453499496372345
-0.4580498529687941 0.8900513087430781
-0.9941546098768714 0.11686578481559744
0.3100845048431833 -0.9517607891987134
-0.7152139898483114 0.700335597214121
-0.0013629959598207035 -1.0009990720485278
0.9848332710791735 -0.17917708607825739
-0.6424117035777955 -0.7676641212836995
-0.9894354087398382 -0.1517187263716295
-0.18305672025999484 -0.9841195238220071
0.9991533094950722 0.06077552241687799
-0.9664335729223793 -0.2607818036759546
-0.9813779583231398 0.19722652691133052
0.7516890090220983 -0.6610330050121369
0.6495143140215404 -0.76166407023118
-0.22811553386471112 0.974661122241786
0.825320286500637 0.5664339543940726
-0.9544800065818249 0.3016105386679311
0.8663485242412943 0.5014391633537726
-0.7883616425017577 -0.6168362186447315
0.9937522510084462 0.12023919334246239
-0.109142644097643 -0.9950321016124933
-0.028885161664977083 -1.0005831536836847
1.0005732953299247 0.029224658639843804
0.9876103209135569 0.16317736983117823
-0.8822252542047662 -0.47294777813553124
-0.9945340368185679 0.11359159127930026
0.23264388479153314 0.9735901719250785
0.8235220750169722 0.5690451581023604
-0.35561755048985594 0.9357014255538969
-0.8651470615513056 0.5035092470741142
-0.2440151239780056 -0.9708025645155653
-0.09766433525115863 0.9962242105168642
0.9486808747758477 -0.31938315208309326
0.3509875348448901 0.9374479987623351
0.6224705705304073 -0.7839205245581654
-0.7943358255605435 0.6091236296771368
0.7681608629042134 -0.6418176444304521
-0.9951200251102982 0.10833806175338226
-0.5551808348606748 0.8329317142499763
-0.6355190621812009 0.7733799335412879
0.16001432754604708 0.9881277321176581
-0.9480841447776509 -0.32115020538874045
-0.7095940589813504 0.706029228473136
0.6164711959656605 -0.7886471102747211
-0.43568060727881885 -0.9012121883558609
0.8007330009352588 -0.6006893217073322
0.9190043824566322 -0.39677694618702863
0.030770993757467877 1.0005269341417942
0.32213155250345177 0.9477511608442988
-0.18556667779784192 -0.9836493318714103
-0.5794147424637708 0.8162594907354169
-0.8633598328008402 -0.5065676648840758
-0.5889484029289503 -0.80940767150271
0.9890304694068084 -0.15433642015074797
0.8697353209867761 0.4955415940443644
-0.26726177165666315 -0.9646616740655459
-0.8008765064088232 -0.6004979779169936
-0.9524481539306273 0.3079667418312244
-1.0007239933346421 -0.02350508805274103
-0.10774515520283294 -0.9951843957429787
0.6468451652170846 -0.763932151591542
-0.7193729327520704 -0.6960629164261555
-0.7339566538594431 -0.6806677825896049
-0.9850309744786617 0.1780869992942165
-0.7429899784350521 -0.6707957155088878
-0.8581136412503556 0.5154046746975196
0.49661963393731146 -0.8691202098605065
0.9854413354966443 -0.1758020884249961
0.8609997300589813 -0.5105687660231099
0.9972601528552302 -0.08644759989243651
0.8122832330482037 -0.5849760245589195
0.4944025772340618 -0.8703833015541587
0.99162074372848 -0.13670881686042172
0.1274312172090311 0.9928556213672886
-0.5459811595409283 0.8389908065207529
0.7763385209652187 -0.6319014961728898
0.4307038625300165 -0.9036012299691301
-0.22407528602454851 0.9755979019006841
-0.8770937699123406 -0.48239767700617936
0.7200300626798379 0.6953831381600137
1.0006708509865445 -0.025668034320236306
0.5889045031772518 0.8094396124094461
-0.7748340638910027 -0.6337453537771724
0.1684894657573722 0.9867179434513165
0.4285022684586275 0.9046473378758213
0.3894650475567352 0.9221268766995299
0.880791603728917 0.47561239554982426
-0.6641855404220913 0.7489049124516506
-0.4518597394412872 0.8932098162649423
-0.4407514010175179 0.8987431237573364
-0.4211435774669216 -0.9080964085152871
0.8455827552898246 0.5357152265490208
0.452067240062429 0.8931048149362639
0.05550641861063609 -0.9994598728778564
-0.930212064190779 -0.3697384421911389
0.36887419291924406 -0.9305551191617703
0.9938783468413497 -0.11919241452334892
-0.8661295869795145 0.5018172362112483
0.1774456650565193 -0.9851467078322139
0.2708389791322153 -0.963663451305807
0.7008879333342912 -0.7146727257328254
-0.9709678799234092 -0.24335647958712767
0.9750871659878585 0.22628746921950102
0.47723848699615146 0.879911601542805
-0.014475380377969136 -1.0008953308727708
-0.1274713195622519 0.9928504734797976
0.983950893351253 0.1839609726905986
-0.08661555319690904 -0.9972455795562062
0.7466149188712877 0.6667586991699623
-0.4096552299536617 -0.9133365166090823
0.30556152454792557 -0.953222510600724
-0.030869703253437988 -1.000523893478334
0.003932323454323001 -1.000992276110186
0.4957280504571677 -0.8696290588463197
0.7227377829166627 -0.6925684783071684
-0.6794277662862467 -0.7351046934956145
-0.8027105825998844 -0.598044079129753
0.9923043266139482 -0.1316553203757402
0.532664028437455 -0.8475081314116002
-0.8692311980808128 0.49642534613272393
-0.8646111420054264 -0.504428957455926
-0.6866239613542248 0.7283876273621293
-0.6116736269573995 -0.7923738852869776
-0.1173090417814069 -0.9941024035361388
0.9726220480853849 -0.23665872385819883
0.7473358335319602 0.6659505626689493
0.37551070118170093 -0.9278969303204032
-0.21297066000484893 0.9780820507386376
0.9310108961420593 0.367722329026617
-0.40594532821925583 0.91499147017716
-0.9393943292566153 -0.34574455044225044
-0.622322455583553 0.7840381121326033
-0.9142505086249344 0.4076113436584522
-0.6983208033708329 0.7171813268480396
-0.9336997939646888 -0.3608402620970915
-0.9715513021051241 0.24101673671726218
-0.03914003821279368 1.000234501208942
-0.06460098212838275 0.9989132660586947
-0.9899111861499869 -0.14858278344117185
0.10081808372179732 0.9959099929183685
-0.3045574492844203 0.9535437903344386
-0.4357208116204531 -0.9011927509255795
-0.24504890690550818 0.9705421336677844
-0.09229950219399971 0.9967355727045863
-0.8134021178155356 -0.5834192272570399
0.20286848834651738 0.980227206537341
0.2515687680027881 -0.968872620608901
0.3063655782495423 -0.9529643920230302
0.3728789370911373 -0.928957640731688
-0.9038129895314897 -0.4302593171032458
0.9442648063502874 -0.3322122446392581
1.0005034379371867 0.0315257145179932
0.9513313040511159 0.31139966270438246
0.6234953547450387 -0.7831057033449306
-0.24118001380762347 -0.9715107827192422
0.9512376552345497 -0.3116856160683006
0.11041315173849232 0.994891921729779
0.1984374321051718 -0.9811338265188421
1.0000253481164056 0.044162236409196996
-0.19341937838849138 0.982135400066513
-0.042235200162509624 1.0001085880379355
-0.21701184612097305 0.9771933578587029
-0.7725546023072151 -0.6365221020938242
0.8486375453294451 0.5308628039872582
-1.0004148796342902 -0.03422087968343928
-0.9973020835097033 0.08596251640805437
0.7412716649106689 -0.6726940751935943
-0.10783991948863714 -0.9951741313783655
0.4994887096547316 0.867474511975684
-0.7351274633908816 -0.6794031296428418
-0.2739770547677819 0.9627759726233158
0.7018853361866381 -0.7136931937787904
0.8157417495314924 0.580143428878842
-0.6710166374163196 -0.7427904632603299
-0.845831460046767 0.5353224646838151
0.7536104389651008 0.6588416397608975
0.3517746479012397 0.9371529208693525
0.9841963950575678 -0.18264297401128726
-0.9420504555462974 0.3384404514903818
0.0424314569234872 1.0001002807035653
0.914845071344315 -0.406275147451841
-0.8200774910021736 0.5739981783521441
0.10116859194747257 0.9958744479116661
0.9875826431956286 -0.1633447974645522
0.5965679540787858 0.8038082334526386
0.8649201249233613 -0.5038989754926646
0.9780328545813952 -0.21319647126387276
0.5618669894220548 0.8284361690545605
1.0009044876619488 -0.013827746677303476
0.9722523538690219 -0.2381729631930256
0.6511005449307362 0.7603085428895946
0.8525747636564697 -0.5245162269902762
0.9117238704927804 0.41323187676371714
0.07699811676472881 -0.9980342128477787
-0.49669936594209013 -0.8690746457426576
1.0004081376049863 0.03441741149073984
1.0009379641874525 -0.011144139638301144
0.9599377865427337 0.2837612481778247
-0.6685789964051955 -0.7449853190270407
0.8587018917150246 -0.5144240091257775
0.008223145620519328 1.0009662231444694
-0.9918371097637774 -0.13513011394739813
0.15342944638486397 0.9891715750980888
-0.10439995392809714 0.9955408829474616
0.554011384812055 -0.8337100128333768
0.7820893647405759 0.6247697380312864
0.8407310146760283 0.5432976725164723
0.06133200960303131 0.9991193044867334
0.9607910783581649 0.2808585119724068
0.9996145417791056 -0.052647581746447465
-0.9893954380009863 -0.15197916720010163
0.6474287820962314 0.7634376019776539
-0.08418494969351369 0.9974537053142369
-0.8996289546205132 -0.4389404788902507
-0.6676938609144083 0.7457787259618035
0.32544418439608125 -0.9466187632002492
-0.32428849441470525 -0.9470152968090029
0.8191160259872915 -0.5753693908879641
-0.15391436931217536 0.9890962374406422
-0.9904919723171068 -0.1446604741294862
0.6369576298302746 -0.7721955567089199
0.9534611073859105 0.3048162015090953
0.9971290008054337 -0.0879474601836661
0.46543507814090795 -0.8862117061041154
0.9653530433251989 0.26475366237840164
0.7196279447676074 -0.69579926782769
0.12455072361307712 0.9932210817574598
0.9582403173645302 0.28944169391627816
0.49517823797198074 -0.869942246726163
-0.8286636381418896 -0.561531454881601
0.713657613152376 -0.7019215135537974
0.9689980536056167 -0.2510851889469513
0.8726012760685125 -0.49047733179383907
-0.29830302736589315 -0.955518866304765
0.5896774324718211 -0.8088767060766683
-0.7769112477141947 0.6311972062479151
-0.7417058716473682 -0.672215292866666
0.688437772645726 -0.7266735396273843
-0.7024820104092461 0.7131059003061073
-0.2909912123014362 -0.9577709091235443
0.400544515537165 0.9173685688277629
-0.5494928351620885 0.8366950604046434
0.32103166029877694 -0.9481242920027999
-0.1471302488643195 -0.990128117906528
-0.9965998966332461 -0.09375311211156281
-0.4522566505380813 -0.8930089148737967
-1.0009660457061977 -0.00824471608352201
0.9999120689902198 0.046656771080926245
-0.8581727809924057 -0.515306198258628
0.6198462151585078 -0.7859972452583233
-0.67696195102806 -0.7373761027184719
0.7837365427841013 -0.6227022013007699
0.9356829713486557 0.3556661034286944
-0.8025726663496722 0.598229149430532
0.9713722210295821 0.24173747788056493
0.5059404892287042 0.8637275156894213
-0.5588352853832285 -0.8304842706581779
0.4721610656631415 -0.8826465476462516
0.41849660365940716 0.9093193018547121
-0.2541053624511344 -0.9682104444662728
0.9478611719402544 0.3218077045815521
0.49736487867126267 0.8686939492504366
-0.28861462725788095 -0.9584897479539333
-0.9259171387613481 0.3803662079470236
0.4056461348155271 -0.9151241518554863
-0.9414271746042547 -0.3401703616081948
0.9530175325953334 -0.3062002327985768
0.8113956899031619 0.5862064776224942
0.8427562507606381 0.5401508139435435
-0.16256470794227815 -0.9877113524363491
0.5632872423130654 -0.8274711370478984
-0.1378193655362566 -0.9914670052418203
-0.004171619766439206 -1.0009913074490329
0.9970003451585328 0.08939413713307276
0.49007196897665645 -0.872829001135585
-0.9287934577704035 0.3732877078111439
0.7350470805639977 -0.6794900951112854
-0.04278558382405401 -1.00008519327947
0.4914578502552226 0.8720494145531635
0.7117061922404132 0.7039000610361189
0.9205761940862914 0.39311635794202054
0.6192581219401321 -0.786460665520648
-0.9618133125324422 0.27733761345221575
0.4467399762015647 -0.8957814430224738
-0.8792773864563204 0.4784059757847332
-0.04735506210510833 0.9998792417552338
-0.6330205135415835 0.7754263533279934
-0.7242659549373694 0.6909702066794633
0.22580727708064996 0.975198479088961
-0.42919736789039614 -0.9043177646137203
0.801240669643881 0.6000119909707016
0.9521494256217953 -0.3088890922128611
0.3588494426589574 -0.9344667342946755
-0.7940775831658452 -0.6094602463766526
0.9753564262226023 0.22512405874600197
0.6050337495873582 -0.7974554293879137
-0.7141938450526659 -0.7013758989934632
0.5368580797645051 -0.844857622437987
-0.8472018330629252 0.5331510611963739
0.9776567347316316 0.21491465523291817
0.9192211005477451 -0.39627461224230887
0.4247288420681737 0.9064250717601695
0.6279276381432385 -0.7795562078874455
0.7550071599243487 0.6572405864392193
-0.8743363658582458 0.487377594209865
0.9360075337422566 0.3548110719491972
0.208993029363141 0.9789396884781091
0.9626994457951846 -0.27424583326943053
0.9220373974095168 -0.3896768376209761
-0.22047504246397584 0.9764178181754509
-0.7379287996217901 0.6763594360166374
-0.3043820444075688 -0.9535997960582148
-0.8649501483742622 0.5038474380478098
0.8877761520268753 -0.46244405487837603
0.0997402716140144 -0.9960185129897751
-0.8015164552876956 -0.5996435373645308
-0.1208223773610462 0.9936815149376711
0.7943001177923003 -0.6091701920441758
0.6840443144842167 -0.7308107660823135
-0.5390392791018532 0.8434676375447693
-0.9483257969320965 -0.320435926314613
-0.6986931678536631 -0.7168185664410578
0.10784716004319238 -0.9951733467444845
0.7032600211989006 -0.7123386431910892
-0.191144128758282 -0.9825807458123924
-0.5157025921056285 0.8579346341624959
-0.9939216661822814 -0.11883064206440005
0.23122341491683251 -0.9739285047652103
-0.9338305523718248 -0.3605017329458109
-0.3122322041709534 -0.9510583844741332
0.06884038703383616 -0.9986300621917165
-0.748251649994497 -0.6649214000771164
0.45756094054448104 0.8903027494555151
-0.679853463656071 0.7347110098228032
-0.27892798241986333 -0.9613533068665153
0.9771577235886431 0.21717224323347822
0.6581621463260736 0.7542039439988736
-0.0637442938794162 0.9989683002967685
0.6554119839188387 -0.7565950907424472
-0.9137099294779606 0.40882167845330836
-0.9929977292521166 -0.1263190789237315
0.937377903158059 -0.3511746953739699
0.45003685733540655 0.8941296477802706
0.38951848129926836 -0.9221043068581295
0.40041517018327794 0.917425033170066
0.8462596716244806 -0.5346452732251789
0.9905947021694035 0.1439553265214968
0.9132325123590435 -0.40988703122981296
-0.3939895910060067 0.9202028049179809
-0.8499784694255457 0.5287131561754508
0.9702700234191814 -0.24612411839180054
-0.9814369152839223 -0.19693293609241438
0.8441618521970862 -0.5379514544038195
0.7539035286043251 -0.658506241092632
0.04277290241472019 1.0000857357342023
0.405958411437192 -0.9149856655617024
-0.994267191244112 -0.11590406556952286
0.9833185848976189 0.18731140006669186
0.9982624271045454 -0.07398058279942357
-0.6192395878601612 -0.7864752588777207
-0.9484708125825574 -0.32000643380873356
-0.011563353687927595 -1.000933208986238
0.4164827442378327 0.9102434420264306
0.006686762199208876 1.0009776656905445
0.9203780868754697 -0.39357995020002023
-0.04149233498135501 1.0001396833131835
-0.609763154018654 -0.7938450075431748
-0.7381967413462137 -0.6760669871143179
-0.15451552225844836 -0.9890025042340382
0.3502194609910772 0.9377352127029887
-0.5142527241180931 0.858804480505965
-0.7423306254093226 -0.6715253104533024
-0.927946510607468 -0.3753881637071477
-0.9324127743556626 -0.36415301484180573
-1.0003919109132204 -0.03488587936967261
-0.24705104021888524 0.9700344238875066
0.29706445819227845 -0.9559046540732649
-0.6615390474507487 -0.7512436946144415
0.998346738446671 -0.07283398817100681
-0.50584876431274 -0.8637812383024268
0.35249463647794016 -0.936882346537859
-0.8590956718607329 -0.5137661205160923
-0.8787422884154907 0.479388141854079
0.8803690089822178 -0.4763941729530994
0.8495411821169803 -0.5294155077888102
-0.8846165618890321 -0.46845975113303817
0.43753725474368127 -0.900312251783437
0.8460993307541257 -0.5348989834514742
-0.04515330799801303 0.9999810892096093
0.39076343140802067 0.921577419794034
0.08895311201312836 -0.9970397905114821
-0.7512842911311899 0.6614929431970574
-0.5181201613298766 0.8564767938616332
-0.6227709940475177 -0.7836818799570822
-0.9840361547799981 -0.18350434895608284
-0.9436678724685063 -0.33390409771484225
-0.6982685904236485 -0.7172321629903186
0.9889972411238903 -0.1545492059162181
-0.26008242202544535 -0.9666220221748406
-0.13271179778561135 -0.9921635846615774
0.5687506012572087 0.823725532911032
0.367816230706825 -0.930973802224651
-0.40841659094978605 0.9138910702249777
-0.6421116404138856 -0.7679151263290683
-0.716817195437164 0.6986945744211833
-0.9980565499352947 0.07670803824408878
-0.12564850556704643 0.9930828027152458
0.342806107147482 -0.9404706124607983
-0.3108942778892727 0.951496583270643
-0.9992255853306541 0.059575411208080124
-0.5888223358383923 -0.8094993865456722
0.08917926191513892 -0.9970195881948715
0.9375922178864304 0.3506021006194977
0.5919072071674555 0.8072464667641618
0.5296448250449238 -0.8493982336355144
0.9816321757198196 -0.195957320841996
0.3570235228741839 -0.935165869840483
0.857383940304792 -0.516617633175087
-0.9404720979437587 -0.3428020317752872
-0.16111224878896896 0.9879493121057179
0.989972082852395 -0.1481765000696487
-0.923523220912329 -0.3861422800415899
0.9251382893712063 -0.3822566487836648
-0.8141849356475802 0.5823262750078736
0.9742503864291131 -0.22986340409626707
-0.895355256681249 -0.44759352579461503
0.9968052170349756 0.09154430234512224
-0.3019532084475264 -0.9543716571169979
0.9414524251902205 0.3401004720717868
-0.9646708779166463 -0.2672285488108015
0.13337661098276024 -0.9920744325113683
-0.9703569164526739 -0.2457813147748592
0.9896431184005288 0.1503579003660164
0.444722389062427 -0.8967848106801359
-0.4101259408393459 -0.913125244777868
-0.5751938722792166 0.8192392869561618
-0.4864421572170649 0.8748571470143045
-1.0005052833753696 -0.03146709293803732
0.5601857894879267 0.8295739154866119
0.7718996238005612 0.6373162251006576
0.8859761275388988 -0.4658833560357967
0.6769301719277508 -0.7374052768551806
0.7841891162075396 0.6221321644326373
0.9896273947779914 0.1504613555200317
0.4381755066662673 0.9000017918636385
0.01147955194267808 1.000934173603437
-0.9079807233372806 0.4213929354508788
-0.9798392823774851 0.2047339266217865
-0.394976898438138 0.919779457098379
0.7296241203642638 -0.6853098882860762
0.9683290599479247 -0.253652974869936
-0.5057935686803205 0.8638135596768703
-0.17376026244209186 -0.9858034140720224
1.0009173874622461 -0.012860150689310137
-0.9487816824498942 0.31908356123051523
0.7538747956640444 0.6585391351032187
-0.16549465069381547 0.9872246555833843
0.49972159252762793 0.8673403772231818
-0.21075744943302774 -0.9785613406979068
-0.41746151789795277 0.9097949665030782
-0.19977306720196342 -0.9808627435175218
-0.4267612240947507 -0.9054699650508293
0.8385986924104456 -0.5465832352784804
-0.9251952741697095 0.38211870492562394
0.9512189919978693 0.31174256889709095
0.5935106913028205 0.8060682721142473
0.2550752346221848 0.9679553836218059
-0.23973708178019967 -0.9718678570770379
-0.8852577512239225 0.4672469517267756
-0.32565210610522555 -0.946547254916114
-0.8655331675051868 -0.5028452405546243
0.964511746253839 0.26780233631985034
0.1879153615280942 0.9832033446351602
0.13355456455883843 -0.9920504918024582
0.9506873046109672 0.3133602541030597
0.6979460201400112 0.7175460633093315
-0.9345398706285722 0.358658932978856
-0.8440363345590679 0.5381483679656506
-0.5374164512187835 -0.8445025505937854
-0.7880344124081881 -0.6172542141293826
-0.9208711620620178 -0.39242490094609056
-0.7779002963600906 0.6299778797091873
0.1704985747566476 -0.9863727672669962
-0.6351236297140115 -0.773704707869158
-0.8403557243072942 -0.5438779795358173
0.25451768943949166 -0.9681021360178803
0.190614792108278 -0.982683571160889
-0.4026123413097355 -0.9164629303060179
-0.6209694813138961 0.7851101217515609
0.2015898268570872 -0.9804909697226842
-0.9362356751138902 -0.35420863999066743
0.9113691325092268 -0.4140136523224559
0.9941777365268751 0.11666888271642673
-0.703733135013209 -0.7118712486710506
0.22983563962615067 0.9742569367254401
0.6704472620663086 -0.7433044253788554
