1000
0.8157919978077298 0.5800727681186844
0.9955788325260275 -0.10403743665677284
-0.47808884528335066 -0.879449859864468
-0.7332194628003421 -0.681461825321696
-0.6661549321252702 0.7471536698733243
0.24494058780012834 -0.9705694763632986
0.8749965802041082 -0.4861913045613996
-0.9993575521759708 0.05731913213624084
-0.47231074802701073 -0.882566460555898
0.9820907806944085 -0.193645806758234
0.940052635544195 0.34395063949121063
0.06175482456468762 0.9990932597325359
-0.5229703698397877 -0.8535238674282258
-0.9608762109010129 0.28056711732580547
-0.9494427638016266 0.3171110819014826
-0.2805130111349062 -0.9608920077636341
-0.9647055887881006 0.26710321405966647
0.9372354791063064 -0.3515546283358704
0.8338918082144217 0.5537377106472722
-0.8910035353583498 -0.4561948048574448
0.8053238308972657 0.5945204179748179
-0.3336644756569487 -0.9437526252596988
0.5493262853873041 -0.8368044169234446
0.49406713975975575 -0.8705737541470073
0.9980650802554006 0.07659696844380247
-0.4190309848060856 -0.9090731729472837
-0.9095062515770753 0.41809015575856107
-0.9372529102409725 -0.35150815388099843
0.03559842721558837 -1.0003668087155713
0.01029661413002953 1.0009470414249984
-0.68595841485679 -0.7290144395601228
0.48363272757080217 0.876413364128153
-0.9443012289057457 0.33210870070972004
-0.718256937013961 -0.6972144379108358
-0.5835202798291159 0.8133296275361855
0.06247165007055051 0.9990486939771568
0.998214272298109 0.07462751892135201
0.30519330934277994 0.9533404659052306
-0.26819804429929306 0.9644017881744281
-0.5816679756195168 -0.8146553664824736
1.0005438274180192 -0.030216707558919215
-0.9700920874490389 -0.24682451634464195
0.25277148958745854 0.9685595356258371
0.14885972645901438 0.9898695781963134
0.47432446563992314 -0.8814858486075664
0.9751429717415024 -0.22604686386488831
-0.6098933285925454 -0.7937450017091796
0.9189868022326582 0.39681766256329015
0.5660671512378465 -0.8255719110346894
0.11057745127793364 -0.9948736740254394
-0.43195146452307165 -0.9030054995936478
1.00074901269029 0.022414584524580426
0.8678642684444065 0.49881119830799225
-0.9988638564055518 -0.06536051075863336
0.17210313195647417 0.9860940685202262
0.28997749244448257 -0.9580783130181008
0.8586213406645282 -0.5145584450336503
-0.9424467377005401 0.3373353622103817
-0.5370297287751975 -0.8447485249538099
-0.3242702319765557 0.947021550258425
0.8696263909855765 0.4957327305125225
0.6491880322187975 0.7619421886363068
0.45946782871972713 0.8893201416652945
0.42994837099059297 -0.9039609495340689
0.9804275162520656 -0.20189820547940862
-0.0228179139442959 -1.000739897677329
-0.6860215997672148 -0.7289549812250626
-0.19501761041139948 0.9818192968308515
-0.764685839280502 0.6459539977458721
-0.996078449527423 -0.0991399131886098
0.8769319718570839 -0.4826917409018373
0.8459029878981503 0.5352094310314249
-0.4857124232870635 -0.8752624988336976
-0.6590708553282342 0.7534099864329579
0.5465681693327116 -0.8386085119245383
-0.7545725281259996 0.6577395379612948
-0.09307997849226372 0.9966629909873647
-1.00096627896958 -0.00821634747274759
0.9309409231765822 0.36789943946020476
-0.15596882562147618 -0.988774355166161
1.0007403427469417 -0.022798385880007026
-0.3599214289322794 -0.9340543694000614
0.9611142403931441 -0.2797506334461275
-0.8175620412916604 0.5775753705266641
0.6271652731738317 0.7801696739330446
0.4711356889402831 0.8831942949355848
-0.0303797850438947 -1.0005388891295963
-0.5050156140250218 -0.8642686096295122
0.7839148181930315 -0.6224777568856468
0.5847040007445468 0.8124790652769591
-0.44424534211149835 0.8970212238360015
-0.9393198743801234 0.34594677855778516
-0.6469896831231525 -0.7638097603017409
0.5315166882796933 -0.8482281592120056
-0.7064381505703078 0.7091869566050993
0.14844113605310866 0.989932436647705
0.595879730574931 -0.8043185604534733
0.02960776978123312 -1.0005620320442814
0.500571844052658 -0.8668499460354839
-0.10719655637086611 -0.9952436376597581
0.9064250437176778 0.4247289019143928
0.2757913772257609 -0.9622578221287256
0.152835355352628 -0.9892635413044574
-0.9910862792199346 -0.1405310895922524
-0.19864958132195928 -0.9810908947903911
0.6687307934469241 -0.7448490624924269
-0.2784275505327445 0.9614983614673174
-0.5351812041130105 0.8459208466305509
1.0007996121511393 -0.02002838780653667
1.0005748760419813 -0.02917048908698402
-0.9099320558328896 -0.4171626226877606
-0.14006892397499815 -0.9911517020802043
0.9036516526316151 -0.4305980616493191
0.6048013073552942 0.797631731202644
0.3121593472211319 0.9510823002992311
-0.10398751040224356 -0.9955840485264633
0.23377776819301452 -0.9733185270499546
-0.8560318376013916 -0.5188549826423419
0.8353830048734726 0.5514854804694025
-0.9989774476344446 0.06360077922298193
0.05726871626534249 0.9993604425517951
0.5849026543012168 0.8123360665336675
-0.9582353760912599 0.2894580522411525
-0.5768287222446973 0.818089008111923
-0.9744625753105336 -0.22896220063399675
-0.952632204595163 0.30739694658236216
-0.5834157812449045 -0.8134045894844691
0.9876233092925418 0.16309873985426204
0.8500521532189788 -0.5285946810248641
0.45385861157559504 -0.8921958084964718
0.8484319787576716 0.5311912813867916
0.550672274385187 0.8359192821220511
0.8330669522801313 0.5549778851618264
0.5106892476553316 -0.8609282736263407
-0.9405088147037087 0.342701283138282
0.8652312189305261 0.5033646171395006
0.9863780294509459 -0.17046812903434194
-0.9400414485049834 -0.3439812132844651
0.7949386124671458 -0.6083367508286911
-0.8203368845804581 0.5736274015393861
0.8311553136159889 -0.5578367544792178
-0.8124027102603256 -0.5848100857215762
-0.726091109844148 0.6890520301147754
-0.19717710881783596 -0.9813878885324799
0.34727296415399184 -0.9388303831724346
-0.7107319047948998 0.7048837914909192
0.4297859532756085 0.9040381819187597
0.800949889859087 0.6004000948823346
-0.5136144278271204 0.8591863706599516
-0.21341242865845061 -0.9779857541365834
-0.9686625658245389 -0.2523763728446482
-0.6239771521604532 -0.7827218622101535
0.5064845884845114 0.8634085716667835
-0.9968430869035626 0.0911310051111933
-0.27145122544055483 -0.9634911687227969
0.12911464332601535 -0.9926381056955228
0.7261988375497531 -0.6889384938740085
0.9011897979091842 0.4357269192331406
-0.08446522568009678 0.9974300104021386
0.9721060230163806 0.23876951232365512
-0.7396923083349598 -0.6744303440608961
0.47409128719110627 -0.8816112813533411
-0.8976038088920187 0.4430670403703488
0.8301288636915464 -0.5593630928709741
-0.9819536813859724 0.19433982508105752
-0.5507987093812595 0.8358359777755076
0.2866612278364769 0.9590757740946664
-0.02823569188349547 -1.0006016918353977
-0.5130276217865801 -0.8595368865173884
0.1821262794342435 0.9842921407485888
0.8925829324519639 0.4530967983725475
0.8010577701412033 0.6002561527351495
-0.9773219258884391 0.21643209830732657
0.8031356390037675 0.5974731335901307
0.9719821158091423 -0.2392734137909664
-0.9905071117393697 0.14455677636739064
0.6200941102363009 0.785801689009543
0.5388327032313506 -0.8435996194453832
0.18398444414257137 0.9839465048027505
-0.9194226188305707 -0.39580683165242975
-0.20536651584170637 0.9797068919687348
-0.9343264717503825 -0.3592144821502631
-0.5320270142743503 0.8479081648871654
-0.33141251088482926 0.9445457890589597
0.12298450066603393 0.9934162333060228
0.472028823389796 -0.8827172763060915
-0.6294206880880905 0.7783512044101395
0.26935378551534017 -0.9640796327215694
-0.5568461641559329 0.8318193009691611
-0.9532664265614904 0.3054244914716017
-0.34317855731577124 -0.9403347690044572
-0.992730990358506 -0.12839852328519938
0.9610394300078415 -0.2800075248456784
0.23536203687293883 0.9729366431577245
0.9917968814390992 -0.13542505664638813
-0.9823900005020808 -0.1921220625371325
-0.8380970131418376 0.5473521686836826
0.3380355327039234 -0.9421958281745758
0.05486673154116649 -0.9994951934701786
0.6799709454489592 -0.7346022824258366
-0.39028431305373157 -0.921780426665796
-0.8546856773104994 0.5210694704166545
0.7914254505108339 -0.6129002824960385
0.9988180677737424 0.06605654765977337
0.7794005083766677 0.6281208860897652
-0.5780850431175012 0.817201739427809
-0.42214767875872716 0.9076300663368411
-0.13326028576586263 0.992090064579623
0.08497323567058791 -0.9973868603604474
-0.5371296106434995 0.8446850190277809
-0.7581280229337668 0.6536382033224021
0.4459648591078268 -0.8961675872519248
0.9781891425688366 0.21247823738078242
0.05429672642470953 -0.9995263205636759
1.0009974704357563 -0.002250373572853207
-0.9880207402880314 -0.16067363430473106
-0.9694016548553873 0.24952240693700556
-0.8258861165069566 0.5656086302038342
0.3151352593321487 0.9501003990766762
-0.9412003042606762 0.340797575196201
0.9993144596181628 0.0580655732604033
0.8522899273909571 -0.5249789325943631
0.7813921755694581 -0.6256414851644904
0.922881422052666 0.3876736782785865
0.482604233567098 0.8769801330378665
-0.9538435324454599 0.30361738358000334
-0.92725838296943 0.3770847268359167
-0.960293159867777 -0.2825562724682645
-0.5087675171672579 0.8620653185666756
0.09819270789046747 0.9961722703012453
0.695637126452303 0.7197846819022912
-0.7888600701081666 0.6161986609762622
0.2652394622723409 0.9652196784429332
0.5094230010334071 0.8616781336543925
-0.8164648309049155 0.5791253576691385
0.10614834518127911 -0.9953559809511751
-0.14350765821404357 0.9906596549945501
0.8230709637086555 -0.5696974536538716
-0.7376728656863742 -0.6766385617373964
-0.12901005812814567 -0.9926517037217901
-1.0000210170294466 0.04426020220685162
-0.3078772195992809 0.9524770956048318
0.6172450175486925 -0.7880416158498955
0.5720958685479562 -0.8214056958594574
-0.9982528017945391 0.07411034819343823
-0.5388426182859004 -0.84359328631681
1.0009127507102904 -0.013216106293467629
0.895426338060957 0.4474513080847397
0.9962472912910666 -0.09742861281580852
0.7689638603429452 0.6408553514534114
-0.46578657993338374 0.8860270097203367
0.45964076646562174 -0.8892307719613035
-0.9959990593181771 0.09993434763536584
0.7618817543293733 0.6492589563648672
-0.9838035730202508 0.18474720488437152
0.9046788398238763 0.4284357557148157
-0.8930293047653873 -0.45221638717570706
0.8336544614820223 0.5540949727719243
-0.24830165206162677 0.969715055871294
-0.98519539850765 -0.17717513019425862
-0.21869547007596 -0.976817941772291
-0.048525192976542744 0.9998231371830667
0.9626464980211933 0.27443163055218833
0.3857424730295136 -0.9236902860272349
-0.7969612315159622 0.6056845676262198
-0.13322404449349498 0.9920949319338322
-0.6131860455848119 0.7912040656493501
0.1421342900784557 0.9908576303303586
0.9791899184026952 -0.20781747688421937
-0.5998091875528696 -0.8013924996698975
-0.9472520357553252 0.32359632376989717
0.8505146396900354 -0.5278502132924919
-0.750938948496195 0.6618849564927646
-0.6313915125367627 0.7767533443098518
0.9165267646479525 -0.4024670044661509
-0.7270431139109357 0.6880474623997171
0.9871202770473899 -0.16611609988765136
0.6937447510351076 -0.7216087724045743
-0.6502213827631993 -0.7610605451588678
-0.8251067947136489 -0.5667448961546707
0.8207931352817922 0.5729743703467769
0.1600389788339122 0.988123739849316
0.3798680660161582 0.9261216185907463
0.3630776573415532 -0.9328320399404009
0.23995991616882745 -0.9718128619401213
0.9328745587928917 0.3629683974631505
-0.21339861852506406 0.977988767630587
-0.8746175719430748 -0.48687277891498565
0.39730348146120914 0.9187768736852286
0.5950217369814084 0.804953497116217
0.36230069158370465 0.933134078725008
-0.9739870453320314 -0.2309766990962059
-0.9496903771394656 -0.3163687525162681
0.133940862521797 -0.9919984099518089
-0.03765551275942549 1.0002914886965824
-0.9319892452822862 0.36523560434075225
-0.1404622275781228 -0.9910960410695785
0.9663687494716252 -0.26102191487430176
0.2629057567374386 0.9658579414563587
-0.5679459323334287 -0.8242805456553687
-0.2565948092702643 0.967553669754581
0.8259778265837195 -0.5654746943869681
-0.03423521363937008 -1.000414389214323
-0.3081172649745233 -0.9523994702983719
0.997579315956906 0.08268318072589766
-1.0008418671393544 0.01779204825225816
0.15951810915116665 -0.9882079603265886
-0.5665861710811911 -0.8252157964675393
0.9583143944817946 0.2891963369909645
0.7170824282412623 -0.6984223586824915
0.9594350883563617 0.28545632105563984
-0.747084299788575 -0.6662327288638817
-0.5013763619998398 -0.8663848703825602
0.9948536652496986 -0.11075732363704306
-0.5326788600496641 0.8474988094718424
-0.5541016255553064 -0.833650039619124
0.9416335861806953 0.3395985709282109
0.3559050308936033 0.9355921167819998
-0.8634338508788405 0.5064414923330591
-0.5875549485256303 0.8104197569550264
0.31045193943593474 -0.9516410002203912
-0.6100049011618733 0.7936592597320925
0.9714004820455839 -0.24162388847464403
0.997526506415676 -0.08331787922250788
0.6084360366344618 0.7948626229258412
-0.32899961615506546 0.9453889424833672
0.8586208504014466 0.5145592631134887
0.7365995500495083 0.6778068330039628
-0.9429804893269883 -0.3358404334630268
-0.07943408100355498 -0.9978432876835523
-0.3471302649014353 0.9388831552378919
0.9879158622582371 -0.1613172312512329
0.9884169361180125 -0.15821807859748716
-0.5135933909729913 0.8591989459658712
0.16800505582375355 -0.9868005377064087
0.8790088181216763 0.4788992562787436
0.005354106929826216 -1.000985680985989
0.9151644690725925 -0.4055551683150885
0.5095924309169996 -0.8615779444438576
-0.6874707224493531 0.7275884865602015
-0.47377191615341097 0.8817829503139224
-0.4343488413444719 -0.9018548020733241
-1.0009886720446544 -0.004762188391841205
0.961803799417783 -0.277370603030525
0.48862952560210476 -0.8736373313394191
-0.42126772314931443 -0.908038823747417
-0.5230496794375181 -0.8534752678550853
0.24369234307278861 -0.9708836397466456
-0.4522816613415847 -0.8929962479283416
0.2882564777298026 -0.9585975187985872
0.19947049703895164 0.9809243196144306
0.9557901030806017 0.2974328140154894
0.18584504742323263 0.9835967763002562
-0.36039780149620176 0.933870668067428
-0.9712407863679243 0.24226500963906447
0.546415791328116 -0.8387078054884601
-0.15461657656891364 -0.9889867108561718
-0.297604485613329 -0.9557366635966342
-0.9074450159342973 0.4225453147959433
0.5217964066316938 -0.8542420675816967
0.345531635843303 -0.9394726651858749
0.8659007672420557 0.5022119684850405
-0.6995917268017857 -0.7159416287592834
0.4356430766683665 0.9012303311312374
-0.3698093990546607 -0.9301838572942613
-0.26084484846327277 -0.9664165587520592
-0.9577969054557051 0.290905634011229
-0.03359265980854186 -1.0004361714807135
-0.9024753925529151 -0.4330579243432245
-0.45277983627681706 -0.8927437593515504
0.9774128803564043 -0.21602097424416317
0.3593283527368451 0.9342826846942125
-0.39857722298603654 -0.9182250254249985
0.6275906085452673 -0.7798275630328676
-0.2763417444048444 -0.9620999118071302
-0.5302166567574179 0.8490413988122054
0.6547648865143015 0.7571551646709634
0.5260939088905437 -0.85160213658038
0.5882897439017769 -0.8098865211991009
0.6019096052570057 -0.7998161208048733
-0.9955751806149339 0.10407237742812306
-0.9247611807715355 0.3831680552160312
-0.6831826992573033 0.7316162924891059
-0.09742994200160761 -0.9962471613016337
-0.04556011938780099 -0.9999626370626901
0.33690825275057407 0.9425995062743007
0.6893234005245844 0.7258334860622121
0.8129846079715942 0.5840008794524828
-0.29532678711853666 0.9564429354698808
-0.33021074441861636 0.944966594261672
-1.0007831570161227 -0.020834409827075275
-0.9989086677437173 -0.06467204578851507
-0.9046231161763717 0.42855340119913954
-0.5296206447245047 -0.8494133108690963
1.0001050602923771 0.04231865283277342
0.9606332190933202 0.28139797151792884
-0.991370826155753 -0.13850951247932325
0.746448810521589 0.6669446553282401
-0.10634505456884519 0.9953349834948781
0.9027727898460962 0.43243761389765367
0.9249116894854715 0.38280460636352165
0.06568307132612226 0.9988426973959251
0.9583079648554347 0.2892176420874685
0.5854823040300919 -0.811918389782874
0.9871226405421906 0.16610205455987923
-0.6552127260401577 -0.7567676549873317
0.9377291065041425 0.35023581029778
0.4382410454115325 0.8999698806719073
0.9681455763738513 0.25435239913895663
0.68973713677914 0.7254403367250224
-0.5807654151890599 -0.8152990448420008
-0.3136241522658643 -0.9506002793580055
0.1461340345767713 -0.9902756403841887
0.261505624331884 -0.9662379667777454
-0.9718260730962743 -0.23990640602175448
-0.605172632005182 0.7973500394882542
-0.3670626184767595 -0.9312711925733476
0.8120666047941603 0.5852767118022765
0.3000211172084737 0.9549808004504484
0.9833541645204664 0.18712452303280688
-0.5212910756671966 -0.8545505335729053
-0.24192479293059782 -0.9713255862816995
-0.9967428770623701 -0.09222058894536025
0.7080276039061616 0.7076001074808422
0.6220698841599243 0.7842385218932174
-0.050969561179569724 -0.9997015073676552
0.4339702132720573 -0.9020370579929657
0.038440005724603175 1.000261648749912
-0.9862390550992954 -0.1712703307547716
0.933894921840457 -0.36033494829201174
0.8445051487504845 0.5374123684229104
-0.39342871949843566 0.9204427427460229
0.6015924540999732 0.8000546976113394
0.04514245225618512 0.9999815793324884
-0.22748943952814496 0.97480744503885
-0.19685730820927613 -0.9814520875746294
-0.8569423796644454 0.5173497443075019
-0.7130262428342815 -0.7025628634005845
-0.438463651935069 0.8998614481861987
-0.9021162668248904 -0.4338055337705169
-0.1894129130640209 -0.9829159416575771
0.8782687481534535 0.4802551467886271
-0.49701620312374845 0.8688934881977496
-0.6770235455302953 -0.7373195499900895
0.8725784531101004 -0.49051793358447593
-0.7698270755990309 -0.6398181567247401
-0.6676612239378522 -0.7458079444802188
0.5157977399154096 -0.8578774338436438
-0.4316143551098715 -0.9031666781182142
0.15836829752721118 0.9883928785348125
-0.4265128621791567 0.9055869800277296
-0.37374724002726994 0.928608636925157
-0.27010473476539515 0.9638695099738945
0.775001389163567 0.6335407222859013
-1.0006909568133655 -0.024871850593616143
0.9394799998735787 -0.34551169276529664
-0.8299965309668058 0.5595594325744746
-0.40401649539326 0.9158447856761253
-0.37679809261350794 -0.9273748958230551
0.637884314573753 0.7714302309481871
0.28923259916723426 0.9583034506767499
0.9922345957658331 -0.1321798281335466
-0.9027757048887343 -0.4324315282939589
0.26668413279529196 -0.9648215240733506
-1.0009919989931269 0.004002243338936305
0.8377056065375845 0.5479510167665514
0.3990476257515699 0.918020692785318
-0.995323415158448 -0.10645327255337718
0.9423240874713854 -0.3376778259987183
0.9353093090015551 0.35664758024558857
-0.6736496718596848 -0.740403349265344
0.9246793231979313 -0.3833655556387605
0.6172183873946333 -0.7880624735780588
-0.59047398290597 -0.8082954135160982
-0.683261940060497 -0.7315422894575309
0.6131139007886256 -0.7912599728659068
-0.5464508235376148 -0.8386849810596722
-0.88763893572132 0.46270738030803243
0.8455334075573684 -0.5357931099822256
-0.5296462565835307 0.8493973409936322
0.13839087310674467 0.991387394634788
0.10800219231712585 0.9951565336441773
0.988142867624221 0.15992083405041777
0.20832942473473515 -0.9790811257447946
-0.9981160054522737 0.07593049229391724
-0.8048359563226087 0.5951807149179751
-0.6443523529633313 0.766035929464551
-0.5961168646153521 -0.804142825449038
-0.936212676188356 -0.3542694242299727
-0.547057166722118 -0.8382896017117049
-0.896871023681022 0.4445484977832629
0.4801732380632501 0.8783135325428235
0.5368539545826025 -0.844860243737993
-0.9167809874599994 -0.40188757262680863
-0.8408893535601187 0.5430525711837166
-0.8340861743577082 -0.5534448967560572
0.9665821190095595 -0.2602306807641823
0.19364863308573324 -0.9820902234031388
-0.3018738188021266 0.9543967715378237
0.06443687560030088 0.9989238654987033
0.3378356472338756 -0.942267517989487
0.5821997576943961 0.8142754092692388
-0.17478373367764233 0.9856224664858766
0.3619450755298126 -0.933272073031074
-0.9460963147382763 -0.3269598801667456
0.6586469109663335 -0.7537806356457472
-0.5936221689183299 0.8059861788943392
0.6356412939170671 -0.77327947436062
-0.18580565518338865 0.9836042184241951
-0.9837728274873346 0.18491085392040923
0.8496869224558821 0.5291815697919307
-0.04777520889093496 -0.9998592548031086
-0.538488476214711 -0.8438193888409763
0.909556031678182 -0.4179818479764857
-0.6944744768359012 -0.7209065133729209
0.9891698505576814 -0.15344056421850924
0.19835807875066017 -0.9811498726465528
0.32970489741662895 0.945143206408156
-0.12569442107136572 0.9930769922375274
0.5291847517887459 -0.8496849407128994
0.6017677860580121 -0.7999228285671304
0.5261786239349209 -0.8515497963794914
0.9514414280328253 0.31106303062700674
0.7578597298223885 0.6539492563750924
0.8676758767291385 -0.49913883133084413
0.48832091983244136 0.8738098644751032
0.4203450091318216 -0.9084663303050746
0.44127934277739583 -0.8984840241417482
-0.9621241486596639 -0.27625734843785965
-0.5857062686382364 0.8117568397481317
-0.7508807995427551 -0.6619509233153412
0.9624849520539753 0.2749976673894832
0.8556706426745462 0.5194504319614424
-0.645169254337757 0.7653480471375509
-0.4928811898142245 0.8712457361314971
0.7354437235751028 -0.6790607700743636
-0.24691013916116916 -0.9700702980606158
0.6128985964883434 -0.7914267561958079
-0.42978506810255 -0.9040386027355726
0.2684491484554782 -0.9643319214324125
0.42961632693726337 0.904118803935044
0.41498227679794 -0.9109284878318373
-0.026863043119288426 -1.0006394839873005
0.9796244143429699 -0.2057595850092856
-0.9907199298249669 -0.14309095236112074
0.0996522504584568 0.9960273234096367
-0.6825360212796222 0.7322196252872379
0.6447369629013887 0.7657122492612308
-0.29664446475486583 0.9560350733787434
0.8991744348785772 0.4398708170142585
0.9862029517295168 -0.17147809772676031
-0.37160108539060976 -0.929469544060762
0.4279256677949011 0.9049202300989231
0.8046697518497699 -0.595405400091425
-0.08479980816983905 -0.997401620479112
0.6767203628319615 -0.7375978243789622
0.6949163503019078 0.7204805799486036
-0.958771031196839 -0.28767883088220075
-0.9158904738106244 -0.40391291138431057
-0.6589809489686241 0.7534886255919273
-0.4074671290366617 0.9143147919369021
-1.0007250096522273 0.023461778631416182
-0.9583249424549585 0.2891613817035403
1.0009910791157224 -0.004226053802475737
0.7599471052362943 -0.6515223689505808
-0.0339248486990831 1.0004249620240113
-0.7536636885995291 -0.658780725648946
-0.7666236152718625 0.6436530373636866
0.11873560899224445 0.9939330234765523
-0.958817946568219 0.2875224258013693
0.8277752424273125 -0.5628402508922083
0.7813541760720474 0.625688941515488
-0.23941520369654531 0.971947200334947
-0.20363937786521205 0.9800673465546484
0.4825628513712624 -0.8770029044857472
-0.3959660949428624 -0.9193540404303991
0.7052133268187774 0.7104049293728136
0.7240773531189181 -0.6911678426404846
0.7711315280942722 0.6382453810087407
-0.3616272187726397 0.9333952831693363
-0.7314896551704095 0.6833182892171666
-0.2663209410253413 0.9649218395141529
0.7399618224684978 -0.6741346314269125
1.0004005257027582 -0.034637958566361864
0.21113859939828133 0.9784791729230276
-0.1603670869888661 0.988070542729974
0.8518628798252152 -0.5256716027862746
0.38566006775976286 -0.9237246949906315
-0.7676601975505768 0.6424163923006708
0.5559116347847834 0.8324441448595272
-0.9889957809009884 0.15455854994158144
0.652464274809428 -0.7591385710773806
-0.5936814931928422 -0.8059424822158943
-0.5258871956870463 -0.8517298030551791
-0.9899635430859074 -0.14823354330514044
-0.9168929594228797 0.40163204673027947
-0.1585389357179348 -0.988365522396155
0.4632438816103549 0.8873590626970411
-0.4753924177395724 0.8809103525079744
-0.25340869053296877 0.9683930170970699
-0.00019965439923769985 -1.0009999800889713
0.9708263758054254 0.24392037233593877
-0.9498103476135366 -0.31600839160733174
-0.7314430262390363 -0.683368201898713
0.9745498386035435 -0.22859048991112318
-0.7110358388050307 0.7045772036724055
0.14867988358567594 0.9898966068317185
-0.5251011886692442 0.8522146100942807
-0.4201919432713576 -0.9085371378264293
-0.9785405954197365 -0.21085374816585004
-0.6519335310310718 0.7595944122473247
0.8300440928553923 0.5594888773835176
0.22506438511470506 0.9753701976956953
-0.7532758462052956 -0.6592241648511498
0.08877897089584524 0.9970553115683576
0.737125796329419 0.6772344943856003
-0.5156752212575507 0.8579510861237813
-0.90579684621261 0.4260669822824685
-0.5069091306045471 -0.8631593904428905
-0.950548274337293 0.31378173648954494
0.9789098131947302 0.20913291857347202
-0.3252777540925332 -0.946675964991463
-0.9155586599496828 0.40466447853887694
-0.39251242784407064 -0.9208338579721932
-0.45261761699299674 0.8928260148470031
0.017096218620411916 1.000853995000711
-0.4937948629208066 0.8707282201427847
0.8422285198592276 -0.5409733083394546
-0.06133887468533544 -0.9991188830426221
-0.6754537011446536 -0.7387579425021358
-0.9911386548297713 0.14016121753977243
-0.4195933449400251 0.9088137459799126
-0.9669486905601549 -0.2588652734995598
0.8767343036199619 -0.48305068145694674
0.27987362975697605 -0.9610784314334887
-0.49447955224893236 0.8703395730447372
0.7883246644824435 0.6168834763297221
0.9955521850344974 0.10429212277558525
-0.6810684686147401 0.733584856072406
-0.2514186759876447 -0.9689115797453448
-0.24966324321008543 -0.9693653929194201
-0.9160152357961356 -0.40362988961343027
0.3436065301525876 -0.9401784683965587
0.94999554405154 0.3154512106209433
-0.569694105819357 0.8230732809383885
0.5971345604647295 0.8033874013815467
0.30558781615255115 -0.9532140822601787
-0.8531414348966571 0.523594014540343
-0.26277377289051623 -0.9658938576680584
-0.2680850634429097 0.9644332007758812
-0.8741017240605349 -0.48779829437422234
0.09715892469468289 -0.9962736287547578
-0.1809467862368087 -0.9845096548793062
-0.9074375606691609 0.42256132511956523
0.31343748839622554 -0.9506618435952219
0.9239881700651422 0.3850283906151204
0.638744568291956 -0.7707180914429885
0.08088692695080535 -0.9977265682783311
0.06501831810806297 0.9988861888675801
0.6759139121215716 0.7383369037238435
-0.9995482884798174 0.05389080623879773
-0.7815979493288236 0.6253843982743553
-0.570253377849539 0.8226858969565425
0.9725314402444644 0.23703079491076257
-0.952058234176912 0.30917004825167005
-0.9792001398136699 -0.20776931002650337
0.9837847165688083 -0.1848475897750077
-0.846091286792914 0.5349117071191385
0.7403459434895175 0.673712760721226
0.4794730681629956 0.8786959524809269
-0.33302735668159156 0.9439776372889731
-0.45723898900542875 -0.8904681392016748
-1.0007596669169574 0.021933742778199167
-0.4110524714599449 -0.912708532723712
-0.256909556079523 0.9674701442396155
0.20116571580033588 0.9805780717446921
-0.02297220929206775 -1.0007363676814396
0.4695088380006449 0.88406020781352
0.7731303632847719 0.6358226493033703
0.6331488624357556 0.7753215578044431
-0.9984457224527443 -0.07146425201327908
1.0003757247600034 0.03534698446682271
0.6839521319590818 -0.730897038705608
-0.09003218806146868 0.9969429297170748
-0.6806341267141591 -0.7339878647171587
-0.45590348977932577 -0.8911526289065371
-0.5940063311419945 0.8057030957885337
-0.46761740905128824 0.8850621214085259
-0.9656328597440342 0.2637312650835286
-0.7593164937372884 0.6522572056623909
-0.18883360138750285 -0.983027400933985
-0.9492863737427877 0.31757893605569687
-0.6417346844128081 -0.7682301704707996
-0.8568466653041089 0.5175082532261959
0.9975322117058305 -0.08324954419859613
0.5301332502188273 0.8490934795488788
-0.5170347556336913 0.8571324643640614
-0.20361605771817395 0.9800721917488064
-0.31180776268445093 -0.9511976235933924
-0.414357909108706 0.9112126662635136
-0.4082356810469189 0.9139718971172791
-0.8581585921131077 0.515329827181048
-0.7946042623691849 0.608773411233378
0.8726742147006648 -0.49034754511119766
1.0009853714467964 -0.005411667905465896
0.8113062152454538 -0.5863303037572742
0.8677554768533194 -0.49900043325739507
0.9512473779052935 -0.31165594175036027
0.31756101037630186 -0.9492923704996171
0.8170813697544752 -0.578255164438806
0.4038083761661999 -0.915936567311305
0.8599791767385542 0.5122858729030878
1.000940443989103 -0.010919138560214635
0.09171599011150534 -0.996789434714206
0.8593418470892785 0.5133542537480204
-0.9369489750461125 -0.3523174962445652
0.5470795217614829 -0.8382750126713948
-0.9310790179488321 0.3675498093258089
-0.9731266575416406 0.23457516573975667
0.8032235794574841 0.5973549040591419
0.5828787861825817 -0.8137894817569961
1.0009993480640411 -0.0011424427183178978
0.07546397314008871 0.9981513856915253
0.9927091626200758 -0.12856717485481273
0.7011410083697921 0.7144244441382105
-0.9493903015755071 -0.3172681126025238
-0.8357280292487161 0.5509624861349973
-0.7123620249748793 -0.7032363367842204
0.705103165652821 -0.7105142685311607
0.004324084955371223 1.0009906604405951
1.0009292241533478 -0.011903286763632835
-0.13577984215962507 0.9917483725537982
-0.9850409502765911 -0.17803181254537184
-0.1353106463420174 0.9918124968896619
0.40184214175632177 0.9168009015640703
-0.9600806671771386 0.28327744794229626
1.0009999965149274 8.352912837824017E-05
0.026054618371794614 1.000660860062739
0.9982131476283642 0.0746425609278886
-0.9958318677039389 -0.10158686561403824
-0.2817058982946688 -0.9605429646121998
0.9808930222248164 -0.19962434458418568
-0.9904094127531534 0.1452246367871296
0.6286022905238495 -0.7790122979441145
-0.5991594170619648 0.8018784153136725
0.9969188289605165 0.09029866258141496
0.9994226127758888 0.056173312811475244
0.9318086228123516 -0.3656961723241697
-0.9350629440462551 -0.3572930039499093
-0.4817974090256228 0.877423647194556
0.6345812659530863 -0.7741496088621233
1.000964432582913 -0.00843828797606901
-0.07438415561223499 0.9982324365566643
-0.7278832755478075 0.687158596815753
-0.40106074118622564 0.9171429996893371
0.9851644202744001 -0.17734730058674456
-0.7509710226870264 0.6618485650693834
0.39793298444144887 -0.9185044038509134
0.8699545451795997 -0.495156631099045
-0.9319383620536087 0.3653654189066569
0.6405255372497173 -0.7692386080605687
0.7416638344370702 -0.6722616727793592
-0.10823335317889092 -0.9951314190897871
0.9985143402941725 -0.07049902287899773
0.28695589358582557 0.9589876511907546
0.05126446747175497 -0.9996864280237265
-0.4650138590166631 0.8864328011318348
-0.8364632013417371 -0.5498457172708836
0.15982373423120344 -0.988158577342925
-0.9285677902718766 -0.37384871120495244
0.8122497545881854 -0.58502250911519
-0.8836098797790018 0.47035580187442977
0.949433234978657 -0.3171396101371799
-0.992639818611176 0.12910147368474
0.36810295905990276 -0.9308604683470791
0.9005174106442544 0.43711485118509447
-1.000601164620864 -0.02825436885458019
0.34011312837910973 0.9414478529924933
-0.9046221535259459 -0.4285554332289815
-1.000987909980007 0.004919763597709787
0.11042570046656043 0.99489052899124
0.642184060987516 -0.767854564233086
-0.9750590641246679 0.22640852781714474
-0.9536585410389021 -0.30419794066290545
-0.036753887460564225 1.0003250230582739
0.5408849560637952 -0.8422852630218971
0.5448393721280413 0.8397327304441108
-0.8468239549793288 0.5337510555241719
0.974582991680585 -0.22844910226770576
-0.7594836173902543 -0.6520626004578194
0.7985267784383165 0.6036190720288116
0.9580325737352329 0.29012857091683597
-0.6702469474425998 -0.7434850566379104
-0.6371286097984077 -0.7720544893829375
0.8728767924142137 -0.4899868419301418
0.2466381865144612 -0.970139477061344
0.19043101122315448 0.9827192019923733
-0.6261275511072821 -0.7810027463104069
0.7043826017166643 0.7112286203457107
0.3743013009189808 -0.9283854458846059
0.9059448438660754 -0.4257522047769947
-0.33203757972303966 0.9443262389935303
0.47070313368758704 0.8834249033939928
0.7326943441424033 -0.6820263910302398
0.11521240840367744 -0.9943475755236819
0.9743115180737609 -0.22960415011232574
0.8262457508651292 0.5650831435968682
-0.18784771928887253 -0.9832162703891596
0.7044150565941829 -0.7111964763997457
0.0907242517939343 0.9968801884561809
-0.32893093505643917 -0.945412841018619
0.9742987190360276 -0.22965845528687953
-0.6235915649314376 -0.7830290927841447
-0.19083728131808678 -0.98264038796455
-0.950063041685873 0.3152478656907721
0.4855459009089152 -0.8753548869518865
-0.7224848462049028 -0.6928323368638893
-0.9507393292929469 -0.3132023750478236
0.5826914661984101 -0.8139236175585195
-0.3476292374650319 -0.9386985209637226
0.8332819435344527 -0.5546550302480319
-1.0002343327043857 -0.039144344156111004
-0.8088694879920847 -0.5896873335891002
-0.3667387002291743 0.931398800597368
0.025659375224612913 -1.000671073062014
-0.15886370750644738 0.9883133725885256
0.7529876351030249 -0.6595533499133743
-0.8410590673418868 -0.5427896878552461
-0.5741025792282488 0.8200044076244177
-0.1062613273331284 0.9953439256424896
0.00017842860637907792 -1.0009999840975186
0.6966413091789523 -0.7188128312331628
-0.8691517660453697 -0.49656440426214093
-0.49630929609075475 0.8692974649761148
0.9970760623667007 0.08854561454592311
-0.6906413479311178 -0.7245795529325189
0.5102214067997703 -0.86120561774948
-0.5616815100305034 0.8285619356993498
0.7262090083304287 -0.6889277728613757
0.3472241950287144 -0.9388484214113912
0.9206883270568778 0.3928536679492858
-0.3685449179760462 0.930685577106484
0.6551377624691288 0.7568325522775453
0.381574945275773 0.9254196675767113
-0.39252007036330266 0.9208306002528305
-0.5825383811974583 0.8140331900063073
-0.26527018899462995 -0.965211234306125
-0.5033094372164829 0.8652633185388291
0.8133276132484033 -0.5835230873989955
-0.7700476278553102 -0.639552695901135
-0.8397519053510759 0.544809817697183
0.33402759857309655 0.9436241642685346
-0.2943369517209505 -0.9567480122015508
0.6649855969160127 0.7481945976109787
0.32825901122058393 -0.9456463512077253
-0.6499279174935049 -0.7613111729526607
0.8939445363632313 0.4504044470321395
-0.1855522953226171 -0.9836520450344768
0.9083718908022688 0.4205490554029471
-0.6913696657428897 -0.7238846491607381
-0.974942699989247 -0.22690908253676664
0.9801030597020876 0.2034674233448835
-0.9335851071176463 0.36113688231490965
-0.7729898850548435 -0.6359934257544648
-0.5833262901628422 -0.813468769655514
0.9884602396748308 -0.15794731584289756
0.6016616741538104 -0.8000026436546532
-0.18614172569989182 0.9835406742750735
-0.4801486116002509 0.8783269953601287
0.7677345465192438 0.6423275380060325
-0.6998380449966196 -0.7157008528535574
0.9480616744744613 -0.3212165334983251
0.692851737422461 -0.7224662413917187
0.08892870778355019 -0.9970419674878024
-0.9464638390732232 -0.3258944634797835
0.6253538818635185 0.7816223656205269
0.6914962945172802 0.7237636870338763
0.16098922420561498 0.9879693667769635
-0.18020558263960756 0.9846455951181214
0.9974865605287232 -0.0837947585746137
0.3328158352271219 -0.944052233630149
0.5765063768882077 0.8183161964712856
0.7479327685992382 0.6652800715905132
0.6797366845366293 0.7348190523490467
0.6102312658486394 -0.7934852249290891
-0.8295852632362322 0.5601689843442526
-0.6965112845865208 -0.7189388224624086
-0.7226186878267715 -0.692692739967379
-0.7941194581188984 0.6094056828065743
-0.9984078312459101 0.07199168359497053
-0.9822268142784683 -0.1929546198264539
0.15562645758629162 0.9888282994024504
-0.9571937097725707 -0.2928842808547834
-0.9607670815276403 -0.280940589899111
0.5656015331302401 -0.8258909768975091
0.5837231351229272 -0.8131840514436206
0.6462503667870857 0.7644353886546312
0.8964654616053227 0.4453657779272625
-0.39595012176695593 -0.9193609199181422
0.305234220741279 -0.9533273679531413
-0.37888296573216457 0.9265250661897926
-0.7697351348614413 -0.6399287633477955
-0.05129745834299991 -0.9996847356879809
0.7706326093554787 0.6388476981237123
0.9825078058052922 0.19151869760331558
-0.9996348249925924 0.05226104344566092
-0.8770870477642203 -0.4824098989907277
0.6796936894852106 -0.7348588221379546
-0.4024128344869161 0.9165505499644883
-0.703208412840691 0.7123895901191118
-0.4099206585372708 -0.9132174186382838
0.667913198541629 -0.7455822953999716
0.5355909311356142 -0.8456614893001134
0.6329136162827662 -0.7755136067947948
0.01681043318516975 -1.0008588358685389
0.9992432739716731 0.05927798429747578
0.09449615187357616 -0.996529717209219
0.820377735817147 0.5735689763014831
0.2080388994641098 -0.979142898820066
-0.9585430636694152 0.2884375063878681
0.42289165186086985 -0.9072836661080066
0.07209473895281247 0.9984003949394881
0.7723052801945667 0.6368245866669971
0.305212254264112 -0.9533344008515685
0.9086977168052109 0.41984456584907315
0.03196909520897045 -1.0004893687348806
-0.19988716656681702 -0.9808394979005941
-0.985031798128678 -0.17808244347880925
0.8130844499332608 -0.5838618648933381
0.38345927365881377 0.9246404627989492
-0.5334931051405409 0.8469864855872871
0.01713702450757089 -1.000853297137511
-0.12405159040745957 0.9932835460820741
-0.10365280234107448 0.9956189514903994
-0.6837158624047132 0.7311180612569895
-0.09338857734531014 0.9966341222441759
0.9658122556068448 -0.26307353899550356
-0.32281062039243913 0.9475200807169464
0.8178742372831449 0.5771332012529812
0.9389616875474669 0.34691778466664597
0.5940890992793494 -0.8056420682396441
-0.8533285562984606 -0.5232889975965336
-0.9648866467262116 0.2664484170894002
-0.1636368857516832 0.9875342878206764
-0.29971900950579955 0.955075659485081
0.35278562231222244 0.9367728138080107
0.38404995621290766 0.9243952786188729
0.9900816247534912 0.14744279000848773
-0.04357699789436641 1.0000510213256693
-0.10002831000450359 -0.9959896270532353
-0.9141195386768725 -0.40790497546509763
-0.9681799926086133 0.2542213639967844
-0.5784843182929267 -0.8169191474614657
0.11088328081451349 -0.9948396343309859
0.4270973172765487 -0.9053114831786766
-0.9932696341274272 -0.1241629329565262
0.7818322352065404 0.6250914780989618
0.9393437365976555 -0.3458819806158662
-0.7999338811702059 0.601753093682094
0.7842843101745903 0.6220121548763873
0.061104840526810034 0.9991332235814167
0.7455150443135717 -0.6679882623984744
0.988168849238912 -0.15976021217388378
0.6029810003841775 -0.7990087065706458
-0.9268383714829924 -0.37811589909279725
-0.44566687859272397 0.8963158111544268
-0.2601153846179277 0.9666131525512508
-0.9187258202687145 0.39742152328677127
0.45131844692915507 -0.8934834410672956
-0.275679471025276 -0.9622898883679616
0.8134608226271728 -0.5833373724104459
0.9400955663620016 0.34383328242988254
0.6766469748460158 0.7376651485814789
-0.9773234100476491 -0.21642539632130653
-0.9767819982623894 -0.21885595233059874
-0.5672687972481346 0.8247466954578568
0.8951105961314104 -0.44808260476531664
0.3138574387974405 0.9505232812043641
-0.9933976792416741 -0.1231342798624976
-0.9002871812039274 0.4375888382487454
-0.9590537368654605 -0.2867349469534473
-0.30661479147159054 -0.9528842372769281
-0.6088904174409462 0.7945146062525158
0.9466255576648138 0.32542442068133154
0.9963041701305296 0.09684524036067409
0.9862424482015436 -0.1712507908461314
-0.6312948892062799 -0.7768318755445291
0.2870894381820245 0.9589476807857296
-0.20776976892998195 0.9792000424421876
0.9946690262154606 -0.11240341759745268
0.64062669987755 -0.7691543612331657
1.0000058803172687 0.0446008893508277
-0.3773974560570065 -0.9271311450715588
-0.37412770687266944 0.9284554157040595
0.8570270510178889 -0.5172094680335819
0.9308810291032178 0.36805096067764076
0.9859923430014738 0.17268497196474258
-0.9942079797722548 -0.1164108798917516
-0.9712373216149986 -0.24227889941578448
0.9654271160546565 0.264483427810494
