1000
-0.2211338731415345 0.9762688206377502
-0.7230069217427708 0.6922875061071396
0.7405937943728539 -0.6734402955989632
-0.15219742860721852 -0.9893618866346887
0.6667344974280714 0.7466365313452973
-0.47982284795465635 -0.8785049997471174
-0.188054177265093 -0.9831768032318241
-0.6278125267260443 -0.7796489154009386
-0.9961600601113773 0.09831650237318819
0.04725578302973271 0.9998839387500165
0.01349977282250188 -1.0009089649582228
-0.8248688502492689 0.5670911565951714
-0.643373423077015 -0.7668582910017758
-0.45823300673258377 -0.8899570279180988
-0.9342396145843094 0.3594403184693685
-0.9756038884492906 -0.22404921968760383
0.7826049428128723 0.6241237885907418
-0.999091347617273 0.06178575172563112
-0.27341274392200177 -0.9629363797577916
-0.42854433034771766 0.9046274133182269
-0.6256051149279392 -0.7814212949337893
-0.016284867010122574 1.0008675252531989
-0.3263443028006888 -0.9463088269848973
0.49411435924928787 0.870546954496807
0.8135069064754052 0.5832731033716678
0.14531100682943854 -0.9903967443879321
-0.5806062960354347 -0.815412367458339
-0.5776956045809697 0.8174770874145818
-0.9447175797009486 0.33092249032663484
0.9400578852971174 0.34393629103470863
0.9282314809650056 0.3746829563050772
0.14983660402997614 -0.9897221792466632
0.6853581373783921 -0.7295787987114352
0.02064029107578361 1.000787179366476
-0.11221109774097077 0.9946907406544842
0.5334756536318045 0.846997477553575
0.8657791923874802 0.5024215262395537
-0.04454714960429769 1.0000082756968227
0.7336235285678887 0.6810268117567766
0.7505239000754346 -0.6623555506037215
0.9649494796410536 -0.2662207763125556
-0.7428550978219316 -0.6709450824322124
-0.5758788565101974 -0.8187579267552207
0.9941399776848551 -0.11699019090828078
-0.088032755611566 0.9971214740137905
-0.9064049798583806 -0.42477171808858527
0.03826200498409407 -1.0002684734483023
-0.2527259813983766 -0.9685714110617902
0.9211298211877263 -0.3918173713845102
-0.3098068840356462 -0.951851193519304
0.2821805634509957 -0.9604036284867309
0.9984170017730188 0.0718643901426544
-0.30865778011337264 -0.9522244350863325
0.6120270299558616 0.7921009497554001
-0.6246257722354496 -0.7822043496806115
-0.9340689676703988 -0.3598835417675492
-0.8957505451148441 -0.4468019258311893
0.6646268299819772 0.748513311082781
0.9572172308945104 0.29280739894791863
1.0004085011339592 0.034406843198779145
0.39021412852850756 0.9218101398318079
-0.3277153593950093 0.9458348921543336
-0.6703861772110432 -0.7433595182711821
0.8874724313583046 0.4630266553655194
-0.05941274724535939 0.9992352703266429
-0.5427709992082541 -0.8410711280376193
0.31752671112826164 0.9493038437297456
-0.38814079876489677 -0.9226850602096838
-1.0009899827792186 0.0044782112120514824
-0.8044227709788859 -0.5957390414692081
0.5953958998864968 -0.8046767813217607
-0.5316179859619801 0.8481646756389516
0.6345188338558143 0.7742007811170546
-0.40854026665599114 -0.9138357896912616
-0.3449783737869704 0.9396759662880058
0.9477967011820282 -0.3219975360596182
-0.9645350109148593 -0.2677185326410412
0.5478210786993735 0.8377905858462811
0.6138996523591522 0.7906505023291339
-0.5883128442020424 -0.8098697409749938
-0.5874631623455044 -0.8104862940772161
-0.022829854945503235 1.0007396253387628
0.780210291826 -0.6271147427136344
-0.9660166042672537 -0.2623221688686722
-0.9302238113954232 -0.3697088864403613
0.32126966349597547 -0.9480436716297318
-0.006379307999600795 -1.0009796723357804
-0.862904120225649 -0.5073435515482569
-0.9110425226432232 -0.41473186751909014
0.9942077567494763 -0.11641278460364277
0.9175697871189864 -0.40008334852430194
0.2633369422587655 0.9657404697131644
-0.41746089083119575 0.9097952542338439
-0.5600269551751365 0.8296811492840281
0.34960480774411373 -0.9379645400558602
-0.32346060248248454 -0.9472983894431933
0.7291802492159428 -0.6857821550269265
0.3391105529818189 0.9418094461494666
-0.33419774887723575 -0.9435639165660099
-0.8376539382480748 -0.5480299989393742
0.4488526360530209 0.8947247124720845
-0.022233237858498543 1.0007530580189739
0.9981430507545216 -0.07557413731202388
0.957799057997036 -0.2908985467478145
0.6993741716080444 -0.7161541510649516
0.9071600949474556 0.4231566638195872
-0.669640742048081 0.7440310992084238
-0.9547716350561593 0.3006860902871769
0.33126709408968263 0.9445967988371426
-0.216525262484035 0.9773012896268068
-0.4651753956135291 0.8863480418638023
-0.5275493056875302 -0.8507013166021344
0.9636689125033321 -0.2708195470689758
-0.8595046965494784 -0.5130815496676812
-0.19337434817043905 0.9821442671367877
0.9990726652129768 -0.062087113189770754
-0.05608151226561802 -0.9994277682664222
0.319113724466762 -0.9487715377565621
0.06203340782534426 -0.9990760012699607
0.43599606786520306 0.9010596144573794
-0.83407403586383 0.5534631900116054
0.9402627035947121 0.34337595755783884
0.9170352394006064 -0.4013070765604222
-0.020752984170460096 -1.0007848488301672
-0.9759304020358344 -0.22262266367594888
0.8100164354552276 -0.5881108520444144
0.544852372280065 0.8397242954808354
-0.5177892100289427 0.8566769134146217
-0.6753937018421564 0.7388127959855246
0.2550809746600194 0.967953870991017
-0.9485733640284427 0.31970231944070004
-0.27347701889777587 -0.9629181274307725
0.8481328917320805 -0.5316686919145972
0.9051830191198845 -0.42736951446846405
-0.8550195755499157 -0.5205213976643439
0.9705940344792601 -0.24484325645864322
-0.6115453055381365 0.7924729265244759
-0.9698183246294163 -0.24789799759778655
-0.9856757549042178 0.17448296820606973
-0.6378854993911661 -0.7714292512385582
-0.6574975912438594 -0.7547833579965331
-0.703909262447669 0.7116970916340593
-0.7943457432775283 0.6091106961274535
-0.85928393966502 -0.5134511768744543
-0.8677825237107858 0.49895339616254686
0.2562028232872905 -0.9676575392873356
-0.5849049274803533 -0.8123344297819727
0.965333391347236 -0.26482530760870293
0.8300804149319977 0.5594349870595533
-0.8684577270696561 0.4977772356114798
0.9731576537515554 0.2344465417632937
-0.7040300669521212 -0.7115775887613323
0.8939365103264851 0.45042037643217914
1.0007653891406552 0.021671084378801657
-0.4411940388610884 -0.898525915081719
0.8943040017755353 -0.44969028498319086
0.7128912905376031 0.7026997992568595
0.9024862695746614 -0.4330352563351067
1.000873539209388 0.015910955674431522
0.6713487790837613 0.7424902806251021
0.4264750077789324 0.9056048077058555
-1.0007101854178204 0.02408578005860743
-0.805784656848776 0.5938956867894397
0.0031513280156042407 -1.0009950395140519
-0.6668307001736844 0.7465506126887003
0.6311103896387312 0.7769817733319417
0.8513936056893998 0.5264313138398996
0.6874236301824246 0.7276329793699685
-0.4146672629648352 0.911071929665958
-0.2526997635349414 -0.968578251619034
0.13176689783498263 -0.9922895165398782
-0.5435788391405362 0.8405492523574255
-0.05262290156324562 -0.9996158413265892
0.229987063894608 -0.9742212020076023
0.7811303021135502 -0.6259684106406599
-0.8077719566405177 -0.5911898731077433
0.9613620011714198 0.27889801487942356
-0.633435453995509 0.7750874309531172
0.9896809352715568 0.150108781755155
-0.9745758754327322 0.22847945864896402
0.7611839915163557 0.6500768655007102
-0.2515619823981022 -0.9688743824727419
0.6303132313364885 0.7776285941258554
-0.739792105748745 -0.6743208733769389
0.9909166404467381 -0.1417223048279625
0.08491284555495458 0.9973920035070265
0.7893559909404552 -0.6155632539117423
0.2813290877275842 -0.9606533945176924
0.44697268928515105 0.8956653476791429
-0.0910234912843962 0.996852909929243
-0.24049135303252356 -0.971681485424409
0.6174742543583793 -0.7878620089867028
0.9957074909915441 -0.10279879563168068
-0.9159774275777115 -0.4037156823410732
0.356652051415711 -0.9353076040645478
-0.1285771517159254 0.9927078704516349
-0.9473337677334571 0.32335697381057427
-0.8931010875962206 -0.45207460372647323
0.9510685887913346 0.3122011201364584
-1.0004007622007147 0.03463112744669091
-0.5280450113080328 0.8503937123666304
-0.9398608896639393 -0.3444742487909778
-0.16225844887161456 -0.987761710013998
-1.0008215210345077 -0.018901932022268884
0.06817466715036602 -0.99867573053466
-0.5739509698350472 -0.8201105317122862
-0.5161120483228603 -0.857688377894898
-0.77464424024273 -0.6339773663615789
0.496229409879495 -0.8693430696627472
-0.708394741474135 -0.707232557403711
0.07180243969303841 0.9984214589311107
0.9933574501694803 0.12345839863204305
-0.9775591353056051 0.2153581597724074
0.6207880486768378 -0.7852535887342407
-0.839644077441313 -0.5449759840742768
0.019094969331453594 -1.0008178566283832
-0.8663978611393807 0.5013539131323367
-0.9982225331068304 0.0745169403409904
0.4623786110466095 -0.8878102387597296
0.9999606971954463 0.045602676066178245
0.36455919491119976 0.9322540390932602
0.9627743883844584 -0.2739826218411162
-0.42781151200312945 0.9049742041614204
0.8088140049070134 0.5897634317811488
-0.4720060893835479 0.88272943283027
0.7158313761976977 0.6997045382523328
0.01808641410013282 -1.0008365908703571
0.4306135619870772 0.9036442664194808
0.12535293394414393 -0.9931201548410923
-0.354486209188913 -0.9361306145484584
0.19188272463937395 -0.9824367765841068
0.3490644728539571 -0.9381657602956894
-0.7518246244548753 0.6608787589742053
-0.9507992921738209 -0.31302029646935253
0.6297117646360855 -0.778115732702345
-0.5013868930779822 -0.8663787759690377
-0.7891599130207428 0.6158146082069617
-0.7021667117472783 -0.7134163643441428
-0.3071914549563439 0.9526984885060984
0.6274253781706706 0.7799605085050082
-0.9951970064468297 0.10762861310668626
-0.9940229702391228 0.11798022985649759
0.2667576628428258 0.9648011967833753
0.5732986094981329 -0.8205666970743495
0.6883288155889304 0.7267767481351753
0.6230419190379832 0.7834665067004889
-0.23225611431119048 -0.9736827498549346
-0.19783216904859377 -0.9812560485874869
-0.9718296403816644 0.23989195500400756
0.999685534240441 0.05128189378722116
-0.22383778777187327 0.9756524200581854
-0.1962903464627794 -0.9815656370745269
-0.6146064516374983 -0.7901012021289194
0.8185177369263668 0.5762201960509012
0.7609757168938428 0.6503206580587011
0.8161008250254868 -0.5796382004256792
-0.20995843183511506 0.9787330876706577
0.4208355259755318 0.9082392086212187
0.9613915790985758 -0.2787960394954473
-0.5243778893830712 0.8526598554676744
0.6157617155718417 -0.7892011845125565
-0.4640836950924804 0.8869201339181052
0.15781493044693887 -0.9884813846138064
-0.5894139157739979 0.8090687460852524
-0.024514106382174713 1.000699784445007
0.7983450641539134 -0.603859386398095
-0.44026352864499807 -0.898982216367518
0.4068992598487734 0.9145676532299404
-0.28234196537342876 -0.9603561915190996
0.7103503619302345 0.7052682917199561
0.062054775979933294 -0.9990746742751916
0.9848999946288097 -0.17880995660245153
-0.9147789910846694 0.4064239135067158
-0.5822089378368079 -0.814268845469932
-0.8269412247958595 -0.5640648993982198
-0.49638346906705805 -0.8692551130922113
0.3537934138788193 0.9363926635210095
0.22373478631200885 0.9756760453111062
0.9995639222327322 -0.05360005009994345
-0.6728659084037908 -0.7411156922558997
0.3881574393733757 -0.9226780599207419
0.13120288605572006 0.9923642489986475
0.8944462405176465 0.44940730170286336
0.5675704660076651 0.8245391234597919
0.307435640638049 0.952619717865147
0.8139516402696388 -0.5826523211164307
-0.9967027009229816 -0.09265379632175554
0.16179271455921096 0.9878381028870883
0.8188954591260574 0.5756832697088944
0.2430682234070516 -0.9710400809285575
-0.9552489196050113 -0.2991663443528674
0.3183320028245136 0.9490341068569316
-0.9362041548603723 -0.354291942361347
0.1315469900850589 0.9923186934647363
-0.9486393704982878 -0.3195064079805164
0.010715009078650693 1.000942649995715
0.3186609907629143 -0.9489236918561986
0.8906493447976046 -0.4568859207850442
0.473514049659525 0.8819214504563526
-0.18926357624827123 0.9829447078578301
-0.9846016004837012 0.18044580439825725
-0.9157413989016963 0.4042507765454067
-0.18139943474578193 -0.9844263533012059
-0.8740597039881701 -0.4878735838965996
-0.36747618042647473 0.9311080800955219
0.7268650287978264 -0.6882355918657033
0.9376568837027065 -0.3504291204294088
-0.816561092581315 -0.5789896217398106
-1.0006022280912301 0.02821668192516518
-0.3159595520590278 -0.9498265954702777
0.5935938674063376 -0.806007022660217
0.920499749198075 -0.39329532380423887
0.7447291806993394 0.668864296711142
-0.8654086202026906 0.5030595591765207
-0.666528598394861 -0.7468203448767193
-1.0001628424334261 0.040930289706886946
0.4974613139295929 -0.8686387287839767
0.3114212790291021 -0.9513242280988528
-0.27905378582577733 -0.9613167972194708
-0.5864374472869051 0.811228771937743
-0.9854459377073495 -0.17577628923174668
0.1989268673572248 -0.9810347096017761
-0.19985876634521646 0.9808452852081047
0.5140082316593194 -0.8589508354885392
0.06292805683585022 0.9990200496801173
-0.01727040478911078 1.000851004454919
0.4523244440243325 0.8929745782148999
0.5984714338334534 -0.8023920132237924
-0.9565674961190234 -0.294923083817768
0.484634223124584 0.8758599601399935
-0.997621236299653 0.08217584124273784
0.94460327426661 -0.3312486290459172
-0.9945603313676908 -0.11336113650536894
-0.99531215345465 0.10655851531185684
-0.8934429333160026 0.4513986319293592
0.9795920992709762 0.20591337753016883
0.8951046161132354 0.44809455052787384
0.746695436099727 0.6666685276116149
0.24889457451388808 0.9695630411569691
0.3635961711695883 -0.9326300575849008
-0.1407487961568603 0.9910553851225443
0.25292987070740786 0.9685181880088437
-0.34800247319589694 0.938560215782418
0.4198538457768572 -0.9086934291532998
0.6159044641930875 -0.7890897863912736
-0.7496135182125243 0.6633856897107757
0.9970595931871133 0.08873087193050679
-0.3111668387547766 -0.9514074828691221
-0.4975195627678592 0.8686053676228799
-0.3354893967208402 -0.9431054366760308
-0.7869877390358881 0.6185881494234923
-0.895591442402398 0.447120753595259
-0.8425240800840464 -0.540512880955238
-0.05011319491696974 0.9997448012844147
-0.10400573200124485 -0.9955821451346369
-0.9180624640889061 -0.39895151589009675
0.3528916193339977 0.9367328888236116
0.9794007410994499 -0.20682163410496576
0.890406146654077 0.4573596987062132
0.23894419314618445 0.9720631011213824
-0.823747550536858 0.5687187116532447
0.7899690332245289 0.6147763223696103
0.6854326250007898 -0.7295088187160773
0.980578546725453 0.20116340050267237
1.0009929954406094 -0.003744740156014976
-0.5644432695695287 0.8266830078316962
-0.9964134779305663 0.0957140585197012
0.6347624710392518 -0.7740010370536613
-0.493709418974146 0.8707766703444754
0.8484396847460398 -0.5311789729912513
-0.37604825000989417 0.9276792083821305
-0.39588743037461605 0.9193879172968196
-0.5442436327730539 -0.8401189607347219
0.973243588613411 -0.23408954958068875
-0.760059047030435 0.6513917753757618
-0.8201369080915639 -0.5739132791511359
-0.8314373597836385 -0.5574162867696032
-0.9698381237961218 0.2478205270586321
0.9699219134119363 -0.24749238752601713
-0.9896377853357977 -0.15039299796086747
-0.25805167675645346 0.9671661347065368
-0.31068704773185357 0.9515642691755849
0.8480198137651532 0.5318490344653403
0.33002177588394727 -0.9450326065498511
-0.8195018024079934 -0.5748197942399427
0.6740517988294424 -0.740037277773757
0.5688316491361456 -0.8236695665987988
0.09649799829555064 0.9963378625370773
-0.5118290252830423 0.8602511545344248
-0.32652304332162563 -0.946247167594167
-0.2136844915886304 -0.977926345925146
-0.8215918540850037 -0.5718284929077652
0.8611348433273976 -0.5103408484606129
0.8854386537212822 0.46690404848988326
0.9596889504384631 0.2846016837728141
0.18384997466232836 0.9839716392339066
-0.5985493991178223 -0.8023338562068124
0.4191956538709328 -0.9089972517976724
-0.8467220165466571 0.5339127519503185
0.4841484711464916 0.8761285624190749
0.05665096237778595 0.9993956516123486
0.9831260718795638 0.1883192151392385
0.13880957321479404 -0.9913288568300264
-0.20068090339991312 0.9806774061895149
0.7433748750839967 0.6703691483756187
-0.9157446574520206 0.4042433949343903
-0.41543837648865256 -0.9107205692969016
-0.7026923796946787 0.7128986039536265
-0.9973226409322882 0.08572368333107389
-0.6191340629182734 -0.7865583335864615
-0.6945534396518047 0.7208304373899919
0.01364372539867716 1.0009070130422932
0.023327328031574827 1.0007281527802179
0.302825982380062 0.9540950814229944
0.799947567896904 0.6017348989512145
0.9947427896611974 0.11174874682545032
0.9830420032167381 0.18875756915054498
-0.5088447126537962 -0.8620197552285421
0.5838740560073029 -0.8130756955668894
-0.14148631142370371 0.9909503638829317
0.73785912783522 0.6764354422043899
0.6564904288169 -0.755659524436636
-0.9988685363594462 0.0652889506052729
-0.9993758584985201 0.056999065346248295
0.978931550866854 0.20903114293668282
0.640337023438186 0.7693955396376587
-0.1255193135719586 -0.993099140026022
0.7051348517715592 0.7104828223237357
0.8292134919503679 0.5607191674693109
-0.897977738287612 0.4423086948499488
0.8314583631290857 0.5573849570832544
0.9033934125898553 0.4311395853888338
0.3361037790092558 -0.9428866579476546
-0.9485739864188004 0.3197004727702875
0.5047204063291515 0.8644410398835402
0.21743620156656604 -0.9770990217210862
0.9905627028215234 -0.14417535080213384
0.5502137329649596 0.8362211717343471
-0.7779853473803817 0.6298728437243717
-0.245927135031041 0.9703199700384529
0.7146087169258135 -0.7009531950805578
0.9964662275438979 0.09516331942735454
-0.629106157829318 -0.7786054470534054
-0.8333791125244836 0.5545090213945163
-0.4484936965390619 0.8949046899892344
-0.26897920206063314 0.9641842089864494
0.06900200495712405 -0.998618907948321
-0.9282260883218768 -0.374696315645974
0.7120596477880891 0.7035425061727988
-0.4724539084004819 0.8824898324837
-0.8233458185517132 -0.5693001520054333
0.6982906434675116 0.7172106923671234
-0.4595869228336702 0.8892586015104258
0.9320659242365863 -0.3650398784749391
-0.5781886375902775 0.8171284472844517
0.9706576595121565 0.24459089932044176
0.9502199049450125 0.31477473254105287
-0.6235528946013306 -0.7830598876422556
0.547267106626534 -0.8381525601014542
-0.6235136207490928 0.7830911599171303
0.31025088056297206 0.9517065677559972
0.913900296089474 -0.40839594612039376
1.0009220032558221 0.012495735206543923
0.9569325116784264 -0.2937365624038282
0.8828672514820698 0.4717482551748292
0.10641185984513277 0.9953278435190588
-0.3846460796138986 -0.9241473872914745
-0.9145396649582294 -0.40696216189971457
0.9941083840954638 0.11725835011250071
-0.8862864082136207 0.4652928138450016
0.015796862304153263 1.0008753464549638
-0.5977704361151138 0.8029143825506843
-0.17107494051851316 0.9862729666408723
0.7440181805756368 0.669655095532707
0.4021146295029851 -0.9166814194362604
-0.8221210839917887 -0.5710673543954042
0.9549504507883431 -0.3001177044746616
0.975361135238068 0.2251036558279479
0.43607431156097326 -0.9010217504570148
-0.4013501835032266 -0.9170163740097155
-0.9942564307302034 0.11599633594056395
-0.3806433447262264 0.9258032426577643
-0.891711332475044 0.4548097399304258
-0.6343462894106423 -0.7743421628136683
0.9254998352595101 -0.3813804595605545
-0.46340293881354017 -0.887276009085659
-0.9216377808057848 -0.3906210452489577
-0.22682818952438252 0.9749615235675154
-0.9740107639064158 0.23087665926732429
-0.7779781420174183 -0.6298817433003799
0.6980443551175042 0.7174504012742537
-0.14164868210871992 -0.990927167281664
0.3487347957276156 0.9382883577284854
0.041260385910660835 1.0001492791351216
-0.9063837802485676 0.4248169522303887
0.40047069138170044 0.9174007986394294
-0.6447151931430801 0.7657305790749648
0.4499799542412812 0.8941582862004996
-0.6970162942859341 0.7184492226315677
-0.3557009678156308 0.9356697181671658
-0.2667672769266891 0.9647985385359573
-0.35725548190478995 -0.9350772805757694
0.14063583221777123 -0.9910714215920137
0.9477516195938164 -0.3221302028020627
-0.35721469954920293 0.9350928608571304
-0.5052253868606698 0.8641459995113595
-0.6727031767093411 -0.7412634053055371
0.9596786405605218 0.2846364468087473
0.8576561560238941 0.5161655916799549
-0.038068219407539516 1.0002758672841905
-0.7722076214049631 0.6369430032931434
0.5056376068668431 -0.8639048619622254
0.8940381695679303 0.45021855954150186
-0.8055191912017717 0.5942556963173711
-0.5931068371573437 0.806365475276076
1.0009510756708129 -0.00989667183666262
0.519355441593771 0.855728301090328
0.5007285896877759 -0.8667594126799495
0.8176271079461459 0.5774832572045889
0.11074444880567554 -0.9948550985237635
-0.6473192594867374 -0.7635304684801661
-0.0549247973904493 0.9994920042859863
-0.8659441742532926 -0.5021371197957618
-0.9967169235392865 0.09250067205366631
0.9739708805334972 0.23104485251310827
-0.4133686027583247 0.911661888121704
-0.9890784856489674 0.15402840395961168
0.9954127571125345 -0.10561459642313821
0.7562235609073337 0.655840625402721
-0.3184553233183146 -0.9489927328753512
0.9947472117191163 0.11170937640611706
-0.545018991097437 0.8396161619115797
0.5643381179466203 0.8267547935346166
1.0009821156871057 0.005983650605229507
-0.9929411233967662 -0.12676326545008168
0.5911057984926866 0.8078334822154398
0.49610967200457057 -0.8694114062649038
0.7649338455196393 0.6456602914679952
0.02252767109838701 -1.0007464734061684
-0.984513792465895 -0.18092427267898759
-0.9965959354574808 0.09379521005695698
-0.31618947527448593 -0.949750080666301
-0.6052768214971366 0.7972709510312812
0.49324609502286604 0.8710392010378717
0.8419469254333593 0.5414114652954012
-0.9920310995202164 0.13369853247029478
0.9873418503986854 0.16479402431914783
0.9868049175614407 -0.167979328122713
-0.9271712538687233 -0.37729890802850097
-0.9005041627625023 -0.43714214261199374
-0.9790912637769422 -0.20828177355608948
-0.9968087407052303 0.09150592578436133
-0.04186547776933474 -1.0001241331810493
0.36114089956584694 0.9335835531224674
-0.9901370257376946 -0.14707029021291823
0.736352641267512 -0.6780750605193786
-0.7435078743564164 -0.6702216355579722
-0.9263377807152705 -0.37934063323022427
-0.3445933784928489 -0.9398172181328049
0.5743829300516631 -0.8198080565993886
1.0003157063425792 0.03700658920174841
0.6947728439259796 -0.7206189668215833
0.9916676848453111 0.13636789517163053
-0.39611177746766485 0.9192912812332156
-0.5804593448641613 0.8155169826311827
-0.6620448503931585 0.7507979861906267
0.5705465351669157 -0.8224826145329928
-0.8740489794750246 0.4878927971170183
-0.9131644313890418 -0.4100386826214424
0.9060954946463666 0.4254314922306012
0.9931626829618143 0.12501553972243115
0.4643005081043882 0.8868066520803771
-0.9964753955127327 -0.09506727164352054
-0.10840007936101678 0.9951132713387584
-0.7367336085049315 -0.6776611174468418
0.3009629066863791 -0.9546844131957355
1.0000876492394726 0.042728138722222815
-0.6652978296104968 -0.7479169726082986
0.9218725495837958 0.39006666394844836
0.6297755311738888 -0.7780641235365156
-1.0008407108414092 0.017856974056723356
-0.27679974546687686 -0.9619682431917762
-0.7663682486916392 0.6439570695297241
0.9976369521055299 -0.08198482660583327
-0.6471438601950202 0.7636791369494705
-0.9672037949490312 -0.257910486479694
-0.29493545157209466 -0.9565636828805308
0.884632213772294 0.46843019368560185
0.6015765263846525 0.8000666740359678
0.42078811412790496 0.9082611755484659
-0.787087583581067 0.618461102877551
0.9486398096771933 -0.3195051040212323
-0.7445802497401448 0.6690300828041319
-0.8070777693881234 -0.5921372088962923
0.6585894123041101 0.7538308736055634
0.5643169505055226 -0.8267692419122445
0.6800025992847669 0.734572981374867
0.7148629418501767 -0.7006939234568191
0.67356577826216 -0.7404796704529374
-0.13788336263025902 0.9914581071884845
0.12966012665656476 0.9925670010409391
-0.9231159572911716 0.3871148788078339
-0.9582694068821573 0.2893453711980172
0.9933995766623418 0.12311897127201835
-0.2547292074194157 0.9680465024405988
-0.5811277094952748 -0.8150408488270852
1.0009961604484978 0.0027725020045072536
-0.47939347835257207 -0.8787393771267008
0.9904814442993249 -0.144732541257049
-0.5952408909503828 0.8047914523282379
-0.5143281101213342 0.8587593348191428
-0.5742911196204086 0.8198723741687712
0.6526910122727785 0.7589436359166178
-0.975597903998191 0.22407527689224577
0.124821411039134 -0.9931870998690023
0.07072461604588699 0.9984983869216625
-0.2603387145698152 0.9665530268413297
0.23918519555955287 -0.9720038282975733
-0.7204685555249423 0.6949288168581031
-0.5584794026459371 0.8307236344418263
0.7639154067505675 0.6468649405626457
-0.22512371384745325 0.9753565058292942
-0.9027319521648526 0.43252285782445565
0.3106925985218976 -0.9515624568170558
-0.04192876607009037 1.0001214819089927
-0.9790842864260572 -0.20831456999830453
-1.000004882923583 0.04462324650886418
-0.6990650388463686 -0.7164559103411214
0.7692637544726596 0.6404953364815607
-0.7005884108890915 -0.7149663478289712
-0.9994518620653828 -0.05565047541610898
-0.7235582898195971 -0.6917112123085327
0.948984180064475 -0.3184808094491034
0.7566550121011916 -0.6553428054553935
0.9101364048919384 0.41671659972981373
0.9907148069409594 -0.1431264172259533
-0.794770420927991 -0.6085564706894045
-0.27747054531471893 -0.961774971852955
0.7529041201998863 -0.6596486836082031
-0.5671438586823017 -0.8248326154796193
-0.6152340904249719 0.7896125720750382
-0.8685190680434578 0.4976702004791161
-0.9961485254026644 -0.09843330400884215
0.9974610374331164 -0.0840980309094765
0.6033298253161732 0.7987453423237948
0.11098682111692079 0.9948280884345599
0.5042577783679612 0.8647109881084015
0.9677273300341569 -0.25593908397304593
0.8365924141633123 0.5496490994847539
-0.887581345357427 0.4628178425401291
0.6578919065581169 -0.754439685651097
0.8522989191589811 -0.5249643344079982
0.08650146046801392 -0.9972554824802422
0.881848534644577 -0.47364983051323073
0.8873193652439831 0.46331991546124457
-0.21501395141437685 0.9776349015338885
-1.0009030659837725 0.01393027294362554
0.8236172430223503 0.5689074063468172
0.9956264637884092 -0.10358061886370232
0.9812834942542685 -0.19769598858887613
-0.430049553355414 0.9039128175099681
0.20345075495537918 0.9801065198783682
0.8587345836142735 -0.5143694342637598
0.5513262076824589 -0.8354881284150472
-0.5931329120744986 -0.8063462957154482
-0.4925821231650653 0.8714148563905693
-0.9717277972145765 -0.24030415751814788
0.9875767253125002 -0.1633805729609203
0.9983940082815003 0.0721831297991415
-0.2422446495046832 0.9712458647460762
0.9992005286746362 -0.059994195521963854
-0.5935139385167235 0.806065881169999
0.17609913358523907 0.9853882966376899
0.4265831650461032 0.9055538654874425
0.5415499804558436 -0.8418578375642026
0.974534815547132 0.22865452824406865
-0.9732897621511047 -0.23389749654890693
0.4462168873648964 -0.8960421248079709
0.10624048098760312 0.9953461509442445
0.8244067486183732 -0.5677627258216962
0.7222288597747699 -0.693099180571176
0.9530236280127984 -0.306181260774273
0.654892546901628 0.7570447490160004
-0.9847594022507471 -0.17958262632769134
-0.2533870952004944 -0.9683986678976049
-0.3202306631120071 -0.9483951298919898
-0.8818723920090715 0.473605409821508
-0.8641113181475891 -0.5052847017763709
0.16538172766261558 0.9872435789385153
-0.9696426448542086 -0.2485842740000563
0.1662030376631707 0.9871056429134293
-0.9210787996418139 0.39193729709022995
-1.0005406550830749 0.03032156865881716
0.8993407051448056 0.439530768057987
0.5385775848577471 -0.8437625169968125
-0.5951262143755984 -0.8048762569258514
0.9340874120701208 0.35983566612016704
0.1148854162550135 0.9943854087484955
0.19765434665100542 -0.9812918828004051
-0.17696137498717446 0.9852338157831615
0.6061213072069436 0.7966291238397866
0.27201181599378127 -0.963333053496954
-0.014481418867639236 1.000895243523307
0.9364001887340646 -0.3537734960943345
0.9457451027935938 0.3279743900702227
-0.7352692537365242 -0.6792496775926616
0.8814834661151615 0.47432889324349714
0.26561353214032307 0.9651168072020824
0.9483020889095086 0.32050608133054564
0.4219775228860306 -0.9077091881098095
-0.8252034901907506 0.5666040943877866
0.9400079905866029 -0.3440726342407038
-0.7698272283646272 -0.6398179729176385
-0.9404281799463509 0.34292249614569437
0.9860404179366685 0.1724102496816243
0.186426753991055 0.9834866879609294
-0.9341809098509782 -0.3595928637640053
-0.6848241054473968 0.7300800946459044
0.07572248191286142 -0.9981318077954217
0.8006307094938324 -0.600825654425144
-0.8716472140266999 0.4921708385098538
0.5461363029208808 -0.8388898250854591
-0.5633425434727765 0.8274334889969241
-0.027172636651629497 -1.0006311247494746
-0.4883691784530689 0.8737828938226444
0.8801985671850102 -0.4767090122133784
0.30005213026754923 0.9549710566932935
-0.7534211975435502 -0.6590580392439218
-0.9887331428049263 -0.15622987012442005
0.5017415192010068 0.8661734513998138
-0.9709923809008543 0.2432587022749449
0.9978347290783909 0.07954152025863179
-0.3470197841481029 -0.9389239955447959
0.767945756740237 -0.6420750070705641
-0.4777289063378224 -0.8796454354166048
0.9955968438615456 -0.10386493389459844
-0.10317295565072702 -0.9956687909251214
0.9602077031419145 -0.28284654289371974
0.05116368004233438 -0.9996915913643195
0.9931226581316688 -0.1253330998000468
0.9251608572836683 0.3822020253087992
0.8308287996863994 -0.5583229402520165
0.8586153450790744 -0.5145684494746466
0.11056510584893768 -0.9948750461081096
0.854895213636143 -0.5207256222829961
-0.38542413028554867 -0.923823164785138
-0.48994239064495115 -0.8729017435250718
-0.48529456812299016 -0.8754942502097431
-0.9139707197366995 -0.4082383169963095
0.8279474226745454 -0.562586940202648
0.8264379357402838 -0.5648020346717411
-0.9996651389280141 0.05167794512201924
-0.9243501459126036 0.38415857110228385
-0.8791112423316779 0.47871121107203424
0.24582118912728518 -0.9703468158220788
-0.5475016580743048 -0.8379993642037485
0.9208078084278458 0.39257353443438797
0.9993584117451952 -0.057304143603415215
0.9899465806036084 -0.14834678139826124
-0.35345223233085465 -0.9365214997320327
-0.9441895325289492 0.3324261221125147
0.7576920678976434 -0.6541435089068705
0.28442523073564474 -0.9597412610287084
-0.9986652731651731 -0.06832768233981228
0.9971349212427767 0.08788030972954895
0.4472840058520629 0.8955099207205534
-1.000145086980716 0.041361878443028764
0.7879640544994038 -0.6173440279267798
-0.939040531692365 -0.3467043118262597
-0.41910004889079083 -0.9090413351546435
-0.7764880137738817 0.6317177886251837
-0.3895459189909487 -0.9220927160527282
-0.6565487079637397 0.7556088896189246
-0.570881144799585 -0.8222503989128344
-0.6768050946441451 0.7375200769224725
0.38800698150798557 0.9227413409515485
-0.8851073009925001 0.46753188739354645
-0.8913971316183197 -0.45542524495534076
0.026835161433600964 1.000640232106841
0.9554641566914762 0.29847821575090894
0.447443002507029 0.8954304883727686
0.522690000837274 0.8536955915457983
0.010563623667028304 -1.0009442591148727
0.25917861244432194 0.9668647510647164
-0.7590250759207499 0.6525963025665253
-0.9563218850582429 -0.29571853536538567
-0.25489044288669227 0.9680040610064742
0.06491519671315502 -0.9988928957779669
-0.055511763465806885 -0.9994595760294241
-0.8391176573963749 -0.5457861825345344
0.464153315129342 -0.8868837015383932
0.9120073091793132 -0.41260594761043934
0.8151947168158339 0.5809118467336956
-0.6474586561193394 -0.7634122664826254
-0.540370031200347 0.8426157068204555
0.6666631571629087 0.7467002309371432
-0.6006649691225945 -0.800751269039864
-0.9399232588911816 0.344304033370771
0.9799633462707276 0.2041392661049754
-0.7321096221739648 0.6826540127475225
-0.7849720580064611 -0.621143999527566
-0.8885324059651617 -0.4609893312754223
0.9405681768780615 -0.3425383258035217
0.9545194360154462 -0.3014857314513484
0.30036943707263547 -0.9548713008948735
-0.8684550326591173 0.49778193644310903
0.8267317964686085 0.564371807151799
0.9982090090036377 0.07469788714532395
0.7967575210237777 -0.6059525168625379
-0.7957117719518513 0.6073250990838803
0.9913120918460331 -0.1389292501953494
0.48924279170457674 0.8732940459920199
0.929654920367232 0.3711370758048778
-0.34856568325338944 0.9383511946270957
0.4465117571113996 -0.8958952230932423
0.4273524461488756 0.9051910774916931
0.6541711257040833 -0.757668224419536
0.41896678513969154 -0.9091027625905179
-0.5704005780762663 0.8225838440732113
1.0002354676752712 -0.0391153320889878
0.43639393756795686 -0.9008669886581117
0.9574453161079174 0.2920607242732409
-0.620909229855316 -0.7851577728587282
0.09392869660455515 0.9965833632738255
0.9668195296524518 -0.25934725192801217
0.8185309575494428 0.5762014157681256
-0.9577695256275458 -0.2909957659128149
0.644226870436401 -0.7661414617469287
0.15740912023569079 -0.9885460883877017
-0.2684001147126786 -0.9643455700226039
0.11630747043411464 -0.9942200824370918
0.16207654719228518 -0.9877915735873772
-0.6332001664227653 0.7752796587310815
0.34670904921531687 -0.9390387825815347
0.9775661571881058 0.2153262833944791
-0.9344579086704045 -0.35887242430052196
-0.6523059385483452 0.759274629191943
-0.40979312135018847 -0.91327465622017
-0.06556935515941284 0.9988501687760677
-0.37077448493293114 0.9297995920211622
1.0009860669285948 0.005281459535275711
0.9887867462837979 -0.1558902510534263
-0.318003227599745 -0.9491443237127559
0.0427325640952386 -1.0000874601582834
-0.9727036861937868 0.23632295458761332
-0.7250430410614719 -0.6901547569989885
-0.22697389849565858 -0.9749276123906239
-1.0009070410233865 0.013641672544404475
-0.9033037884622983 -0.4313273301677734
0.5518535478400326 -0.8351399054867207
-0.6960649255116996 -0.7193709887619822
0.09059931787794633 -0.9968915505710995
0.7184908956508607 -0.6969733372711068
0.26573815720308697 0.9650825000000297
0.8905461161862095 0.4570870977676556
0.592010044718421 -0.8071710518548675
0.40327509540003115 0.9161714890947523
0.995830284789753 -0.1016023813478775
0.18917180319651505 0.9829623740893539
-0.28916030999239595 0.9583252658284145
0.9994507077886101 -0.05567120171907806
-0.028183590721622836 1.0006031607055996
-0.27481784642893836 -0.9625363116704535
-0.7570748893610917 0.6548577035500849
-0.32876281874597996 0.9454713158050845
0.3951559823702395 -0.9197025332122397
0.9973553578902014 -0.08534219406429855
0.9236489724706303 0.3858413866525321
0.9910602926726317 -0.14071423626498392
0.690556970283934 -0.7246599690836205
0.13022743194947342 0.9924927284206395
0.9936885164706794 -0.12076478060386771
0.20367853608628372 0.9800592094040791
-0.20760785559702352 -0.9792343837378289
-0.45530986387914907 0.8914560717468645
0.9741412818895727 -0.2303253414597276
0.9971409569668546 0.0878117984055991
-0.5978944888568491 0.8028220102828567
0.9630718392834878 0.2729352164509367
0.9877053777420666 0.16260100485360343
-0.774441593337211 0.6342248958447799
0.9981457392528305 0.07553862066135843
0.9696017377351346 0.24874378420577092
-0.75223882370507 -0.6604072623092606
0.400666827311318 -0.9173151549452797
-0.6149688564956446 -0.7898191600236343
0.2877122772936385 -0.958760994979723
-0.8316817808742004 -0.5570515374378915
0.47633032096766464 -0.8804035582202298
0.6697251311043796 -0.743955138948056
-0.6861887738813559 0.7287976170372688
-0.993634502987025 -0.12120839275284459
-0.7398571712390333 0.6742494836232177
1.0008329998688548 0.018284046967474026
0.6865245191116471 0.7284813550520849
-0.01511018308103221 -1.0008859487310517
0.93277748796579 -0.363217783078184
0.8292460578242721 0.560671004763849
0.8444362329629971 0.5375206493329004
0.3423452438600519 0.9406384714683966
0.9905903345172656 0.14398537828881022
-0.8275375499796886 0.5631896690934718
0.6618078125536305 -0.7510069368807313
-0.09591950421176769 -0.99639372173442
0.8234378727841384 0.5691669962890794
0.8932800574208594 -0.4517208640456917
-0.6040174013259454 -0.798225518819996
-0.0027795217277598186 -1.0009961409810553
0.8595035878314978 -0.5130834069669206
0.20998107154910756 0.9787282307112064
-0.9730128097393013 0.235046957187772
0.8183713465041824 0.5764280867731303
-0.6989785856559063 -0.7165402548318335
-0.8405425698439897 0.5435891723351945
0.3138201490528433 0.9505355932570074
-0.9984823089625705 0.07095124162954364
-0.5259652890510055 0.851681580588363
0.4833904601575227 -0.8765470113055537
0.6578249695623808 0.7544980513031513
0.5808794024630808 0.8152178357924551
-0.0030503441555325686 -1.0009953523371289
0.8055423001588886 0.5942243706334561
0.9913345908259963 -0.1387686168838421
-0.9045074202357697 -0.4287975358353084
0.3766437810599544 -0.9274375785943014
0.9031929313029293 -0.4315594151961257
0.0269385526034935 1.0006374540180019
-0.5956244390420945 -0.8045076305516251
-0.8000202560667659 0.6016382550028433
0.022276807142126105 -1.0007520891127595
0.6002610602204599 0.8010540927946186
-0.19494362746899344 -0.98183398907821
-0.816381670849235 -0.5792425808773138
1.0009673176179423 -0.008088823198809955
-0.7790091901309998 0.628606141945371
0.9962492577041238 -0.09740850334535653
0.8663922909908404 0.5013635388733837
0.9902728778066519 -0.14615275392729357
0.5433051342273222 -0.8407261927180759
0.984619354584706 -0.18034890234541773
-0.20138985667269596 0.9805320625198092
-0.6414972657479486 0.7684284339077425
0.336565376499437 0.9427219883623126
-0.6894626878742778 -0.725701179569922
-0.6600988925368484 -0.7525094365332744
0.8386761763718035 0.5464643366097842
-0.9296699547001519 0.3710994143458293
0.5519860461574052 -0.835052336591854
-1.0009816353709662 0.006063468484793084
-0.09947783956969458 -0.9960447577466316
0.014212227137569682 1.0008991021075953
0.8491387065954715 -0.5300608049661564
0.8941575839382508 0.44998134970875187
-0.5681184628023583 -0.8241616420478967
0.0008488439519151695 -1.000999640091816
0.4742741022696929 0.8815129471064375
0.36359149945607944 0.9326318788907442
0.9951124641403555 0.1084074891901373
0.8217171564658574 -0.5716484188464669
0.9945162869310611 -0.11374689019421756
0.3994878522509161 -0.9178292084608934
-0.9128974845919107 0.4106326614210835
-0.3619069671369332 0.9332868514758722
0.5666500454619597 -0.8251719372215459
-0.9410207332215966 -0.34129309932532875
-0.9990072457969141 -0.0631309974993582
0.9224580949181651 0.38867989801371194
-0.47770500146416595 0.8796584175554288
-0.9995191252288996 0.05442902076700622
1.0009701451399546 -0.007731011479629727
-0.5161666023409918 0.8576555477741379
0.8938913342059375 0.4505100250066906
0.9579367876669774 0.2904446777516715
0.5565765250172833 0.8319997426680403
-0.4073540856983441 -0.9143651616640182
-0.2119734153209733 0.9782986615533941
0.13458177990392345 0.9919116616503165
0.3728896115041741 -0.9289533560046307
-0.29930259130029424 0.9552062389038972
0.9994601485470865 0.055501454631709336
-0.2121579768094429 0.9782586533612284
0.7048719923456133 -0.7107436066590579
0.7833621539912947 0.6231731185586546
0.6432022683599299 -0.7670018526552858
-0.9011217648153133 -0.43586760028262633
-0.19054272224020377 0.9826975480794141
0.051254730875917864 0.9996869272741528
-0.7060903979103504 0.709533191597689
-0.9347740800864663 0.3580480682792475
0.9178939422334265 -0.3993390925155952
0.6484798455287442 0.7625450084703304
-0.8380847462577553 0.547370951083517
-0.048768058976999686 0.9998113204118144
0.5140043199284078 -0.8589531763111043
0.2719660039938261 -0.9633459880394116
-0.9801247854168528 -0.20336274243717403
0.6042127699122413 0.7980776457682404
0.963447220196065 -0.2716071683451579
-0.1632053400776471 -0.9876056991381427
-0.9531342276842476 -0.30583679310500383
