1000
-0.9935838853163621 -0.1216226247029807
0.3244368296881435 0.9469644890606546
-0.6791237156875303 -0.7353855987104742
0.9905723675571783 -0.14410893321431048
-0.9609618915162681 -0.280273514719954
0.5214329668879505 0.8544639612309167
-0.5176673706861574 -0.8567505432311558
0.15214470611000602 -0.9893699957057016
-1.0008120288429185 -0.019398013385944747
-1.0005237581811404 -0.030874088085104022
0.9814668686388617 -0.19678360136004064
-0.0848484294701536 -0.9973974854672777
0.5469384253537763 -0.8383670788333304
0.4490526996249115 -0.8946243194545849
-0.2752651122720046 -0.9624084984900543
0.685270640311444 0.7296609825988666
-0.9298072009744455 0.37075540321897815
0.9929913538640932 -0.1263691859242404
0.9996600581314197 -0.05177613520422981
0.9894880258699345 0.15137518508665765
-0.700648506884581 0.7149074554097246
-0.9781702926893404 0.2125649982947573
0.9875879463305557 0.163312731477357
0.9020584661891123 0.4339257120482099
-0.08581214346057428 0.9973150334947839
0.9947266099477795 0.11189267832078269
0.058614735237632644 0.9992823989308639
0.1785714054222754 -0.9849432740851187
-0.22452124950113744 0.9754953657103902
0.6796729595168961 0.7348779953853183
-0.9112358275481262 -0.41430697145073675
0.18274815100660768 -0.9841768709452922
-0.9726736045328114 -0.2364467361693707
0.007628549348535737 -1.0009709312636592
-0.8589272221328429 0.5140476894989005
0.9978462808725936 -0.07939647189096675
0.258942009897838 -0.9669281439228398
-0.4534673958249612 -0.8923947113938584
-0.34356697365315114 -0.9401929241463238
-0.9983062709745889 0.07338657460878409
0.7377329083349949 0.6765730972774412
0.12393236814818526 -0.9932984285325245
-0.3005308994378828 -0.9548204954246935
0.46901251547928824 0.8843236174183015
-0.09103056970500265 -0.9968522635672664
0.8289693424561143 -0.5610800560239845
-0.9950127904057927 0.10931855711121571
0.8454410596063254 0.5359388162204094
0.545281065211719 0.8394459839212842
0.8449602371638955 -0.5366965600895292
-0.6235789714797351 -0.7830391218376486
-0.8690857897121662 -0.4966798668361548
-0.9598414304648925 0.2840870084377479
-0.3262941862901086 0.9463261086925986
0.9705112616137804 0.24517114650959326
0.8752228280448306 -0.485783903880325
-0.658026916224674 -0.7543219322834552
-0.9026987285248985 0.4325921930866662
-0.9555494155191079 0.2982051550545215
0.7987405311691843 0.6033361947269278
-0.9478882879531961 0.32172782528273586
-0.8897868547059182 -0.4585633578825822
-0.9576984315344628 0.29122965892303954
0.47757698676475 -0.8797279248226134
0.6637267279956534 0.7493115710731978
-0.6666506962807109 -0.7467113559792988
-0.9712128225323153 0.24237708915822329
-0.9292638016107098 -0.3721152872645943
0.22694060276691422 0.9749353634040513
-0.9643322445861953 0.26844798760905325
-0.13807865957647997 -0.9914309273820151
-1.0005702226234137 -0.029329670972114003
0.3633478015784176 0.9327268491300821
-0.804231374252911 -0.5959973965272618
0.27852903782483346 0.9614689673038711
0.28766671816307415 -0.9587746655295427
0.9753304874488041 0.225236409696297
-0.47787172821001966 -0.8795678549023771
0.046031910096870306 0.9999410298876797
0.965258247564165 0.26509906734908967
0.26493946751617165 -0.9653020659629024
0.4549792715101243 0.8916248440325767
-0.7063171859369708 -0.70930743183057
0.9945931866026675 -0.11307251285591682
-0.4578932149044424 -0.8901319024416967
-0.10933140103772877 -0.9950113792048447
0.6369340338417508 -0.7722150196247645
-0.6013478112340768 -0.8002385956225713
0.635741151455594 0.7731973799398931
-0.05117734352400288 0.9996908919810293
-0.9247378692706402 -0.3832243117767928
-0.9598432039274005 0.2840810163921247
0.24413199524293294 0.9707731809741679
0.8086908007044988 0.5899323595599045
0.9618828572528734 0.2770963170506756
-0.7674566360925035 -0.642659561290096
-0.42084645919129715 0.9082341426009858
-0.9544018580307819 0.3018577370010438
0.7351548627880771 0.679373481760249
0.8364510520665958 0.5498641991407378
0.31250768399413803 0.9509679003229394
-0.46291192184879276 -0.8875322825735733
0.879379458451861 -0.4782183267639496
-0.38645828535810023 0.9233910296716539
0.8799249269541584 -0.47721391736276836
0.2630533457784553 0.9658177557255616
0.8990307248371471 0.440164464488893
-0.9853685950093629 -0.17620934132240074
0.8808525611808652 0.47549949049511103
0.9434956269501418 -0.33439049317520814
-1.0008789550461705 0.015566545721048885
-0.373601631446669 -0.928667228333372
0.9960534959113839 0.09939030779060233
-0.3840809410544399 -0.9243824050244227
-0.9131642790198479 0.41003902195054737
0.6633522866093168 0.7496430776377454
-0.9268511479521677 0.3780845798756527
0.9957508165974285 0.10237827526167054
-1.00099883341789 0.0015282329740586187
-0.8667605410576772 -0.5007266364648506
0.7777784449103597 -0.6301283128322536
-1.0003369294712516 -0.036428389149507585
0.490987231969252 0.8723144719899882
-0.5112385316124196 0.8606022099639165
-0.9899910157470985 -0.14804995352930175
0.8305273746391338 -0.5587712232882326
0.19761433405933687 0.9812999413911553
-0.9513413092475456 -0.3113690949968639
-0.29768984984153035 -0.9557100780578424
0.9809218686585405 -0.19948254958125283
-0.14772084701686328 0.9900401766376051
-0.8716704324603327 0.4921297158010443
0.3176978808124026 0.949246573092212
0.37809086363504524 0.9268485846327358
1.0002428153902456 -0.03892698627167042
0.35013131323954205 0.9377681288512388
0.970469655337472 -0.24533578636058864
-0.9938393071363183 -0.11951749491519115
0.9506714964941901 0.3134082094545341
-0.9987770079698433 -0.06667449550471054
-0.490513582398227 0.8725808991049814
0.5036342056160203 -0.8650743245140964
0.6575530980644138 -0.7547350019880433
0.3887244353913868 -0.9224393277227764
-0.8060496473639255 -0.593535985416631
0.6051208149831614 -0.7973893649115936
-0.20278416500260937 -0.9802446543716494
-0.5574357067569744 -0.8314243398123201
-0.6968077515026954 -0.7186514853847851
0.5217249589256114 0.8542857058584494
0.7899227672614719 -0.6148357681218446
0.6991959827627843 -0.7163281215255927
0.18144177635322886 0.9844185501065007
0.539891132596424 0.8429226328339692
-0.9898240107731229 -0.14916242052544185
0.22735070992199413 -0.9748398097625913
1.000935677146379 -0.011347696485164777
0.7614166366195206 0.6498043593875135
-0.506732430559808 0.8632631370671109
-0.687758306966019 -0.7273166512594326
0.7131193626398967 0.7024683442177785
1.0009886346763375 -0.004770036561867718
0.9262695937962756 0.3795071008670095
0.04973589480872287 -0.9997636424513424
-0.8812355562140602 0.47478931586978224
-0.9577242723181512 0.29114466887213963
-0.772756260955056 -0.6362772675137478
0.8468677499381294 0.5336815662122215
0.11468244910288378 -0.994408837384184
-0.056877972922314224 -0.9993827576040366
-0.45912257324450345 -0.8894984332405232
0.4657225928518794 0.886060644937649
0.7134210128169372 -0.7021619887684433
-1.0008484437136917 -0.017418172001714045
-0.15876974921048992 -0.9883284710740848
0.42139969043712217 -0.9079775883244573
-0.33535114035582203 -0.9431546069770586
-0.4861680591076614 -0.8750094961218932
0.25720197011791673 0.9673924470283309
0.9906920356566586 -0.14328395055436527
0.9847853316308902 -0.17944038175571742
-0.20205266133122296 -0.9803956966699569
0.9183828259265319 -0.3982134917895141
-0.9397159029786112 0.3448695719965643
-0.5741442217669607 -0.8199752512189689
-0.4543646097393642 -0.8919382273545603
-0.02499275848893919 -1.0006879443778232
-0.9317193491182352 0.36592356371063656
-0.8758494253545053 -0.48465326173067574
-0.9688422194365828 0.25168582367148984
-0.9656170655574008 -0.2637890875383482
-0.5400703094979588 -0.8428078433419917
-0.8919739508117164 0.45429447616423624
0.371983958222527 -0.9293163803705934
-0.030143820642182566 1.000546025966368
-0.9406429505851722 0.34233293664855174
-0.9524391850482274 0.30799447849704764
0.9651043560005147 -0.26565876990762366
-0.9197536151120989 -0.395037071030334
-0.9994595677035807 0.05551191336795798
-0.7989103609934524 0.6031112957799013
-0.2957057177029841 0.9563258485044536
0.23329640936598328 -0.973434016961057
-0.32871402637957425 -0.9454882806578453
0.6749894066896229 -0.7391821838063948
0.543033291084277 -0.8409018044778944
-0.4242122999558211 0.9066669314396508
-0.9608586380239243 -0.2806272932820489
0.9998127191164118 0.048739375181130126
0.7360611437060368 0.6783914745382351
-0.9813481732070919 -0.19737467654971244
-0.7590629242652653 -0.6525522791362115
-0.9637599606056176 -0.2704953573232974
-0.9495921644611457 0.31666341941246745
-0.7655039040833413 -0.6449843198351123
-0.282889315442866 -0.9601951026787559
-0.5472450038158209 0.8381669915945285
0.8542196620089688 0.5218330854183962
0.31376984290344534 0.9505522003995085
-0.46546089729101153 -0.8861981455030508
0.8855700344130026 -0.4666548126289423
-0.6826993881557902 -0.7320673093450559
-0.18548422790800545 0.9836648825679257
1.0000730762887386 0.04306787761636865
0.3128680458510991 0.9508494023163261
0.9468798593718424 0.32468374137914563
0.8391253684336892 0.5457743270354747
0.15146781332489687 -0.9894738508553798
0.8731021504259961 0.48958516615753506
-0.9733914685495997 0.23347387210318346
0.7003502458127584 -0.7151996456864398
-0.29828106336516275 0.9555257229597474
0.8615943367181363 0.5095647151591588
0.09611654918340683 -0.9963747332068763
0.5427100379925052 -0.8411104651959656
0.08515635773083235 -0.9973712421851848
0.9395490979657346 -0.3453237502862704
-0.24528014858895536 -0.970483718929988
0.23828803722420072 0.97222415692876
-0.9994112405002833 -0.05637528147765625
0.037091121610816 -1.0003125754971052
0.8251355805503948 0.5667029854427827
-0.6811578615348044 -0.7335018525329928
0.5845243661510681 0.8126083099351693
0.6868345781709705 -0.7281890291872742
0.9790484063883781 0.2084831358848418
0.7389775016112631 -0.6752134863229375
0.1144752194447656 -0.9944327147339195
0.9538113787811207 -0.30371837894282505
0.7096886941914256 -0.7059341026872616
-0.3158104843772996 0.9498761698018197
0.5029173031125383 0.8654912976050142
0.8807547219954491 0.4756806908869848
-0.49176309728647977 0.8718773171422733
-0.34806749505066925 -0.9385361042011928
0.7419314211405429 -0.6719663431485051
-0.051571092463817476 0.9996706569776309
-0.9329770577821214 0.3627048519832844
-0.3321919545266673 -0.9442719445942216
1.0009369711677223 -0.01123297598974285
-0.007289541046357316 -1.0009734574859281
0.2802287400915924 -0.9609749493231751
-0.9912278536213552 -0.13952900130510942
0.3891822623923391 0.9222462613853094
-0.7848449696566294 -0.6213045739447638
0.24585872631703468 -0.9703373056281849
0.6979532230623943 -0.7175390570671505
0.7454905717146945 -0.668015574282889
0.32212876923337824 0.9477521068466105
-0.6801499354693065 -0.7344365631428614
0.986140767659694 0.17183534665356037
-0.8538374142573212 0.5224582950000618
0.9965616017831967 -0.09415930039730103
0.9904990835674996 -0.1446117749422342
-0.4845672869745834 -0.8758969941688872
0.0117070414295542 1.0009315387083009
0.34067853284411165 -0.9412433995833296
-0.9909384883631102 -0.14156946097458328
-0.4590527000492331 0.889534495439895
-0.21256803674849087 0.9781696324017078
-0.5667097301530538 -0.825130948243885
-0.5378309323716935 0.8442386440954921
0.9315509020270223 -0.3663521760992297
0.5942604011576889 -0.8055157202785695
0.5392597576556147 -0.8433266945693155
0.13300557995911882 0.992124244084247
1.0000001653779702 -0.044728841299908645
0.03779354707283609 1.0002862829208712
-0.7359847602557215 -0.6784743419403038
-0.5685186954889568 -0.8238856066709351
-0.8476021401967833 -0.5325144241556584
0.8523306431755289 0.5249128258139529
-0.7497002573094113 -0.6632876632278053
0.5287592876794511 0.8499497724528899
-0.11826934869651652 -0.9939886121877362
0.4573449988417011 0.8904136971287473
-0.21289257065311112 0.978099050894494
0.049067497612057004 -0.9997966696674334
-0.20071245368710305 -0.9806709493682896
-0.7681056261602425 0.6418837488681122
-0.8681793247511881 -0.49826264166057144
-0.6763941451195377 0.7378969849836832
0.5315167964141926 0.8482280914527612
0.9619447274401682 -0.27688145721600843
1.0004555977916736 0.03300904190226094
-0.7891414714395262 0.6158382401688445
0.1967839579727484 0.9814667971381301
0.9321548567588029 0.36481272321696173
0.5162342911303343 -0.8576148066942182
0.8951429379520112 -0.4480179914184719
-0.9767297065249732 -0.21908920646996718
0.1926476739480147 -0.9822870627888872
0.19813800646448174 0.9811943387496083
-0.8670969524065821 -0.5001438544331196
0.6179161026031412 0.7875155173987014
-0.5236039050803907 -0.8531353647485054
0.945757533080945 0.3279385439692096
0.255170452314283 0.9679302868831641
0.8128824199978776 0.5841431085430985
-0.8955043770247577 0.447295104745738
-0.8912626749508601 0.45568831918257174
-0.9900314026494557 -0.14777963921985812
-0.9975990430989262 0.08244482523546692
-0.7457351253386325 -0.6677425573049647
-0.04176716246544708 1.0001282438465504
-0.6138841560592836 -0.7906625341695287
0.8151518283080723 -0.5809720275589928
0.7622432871866673 -0.6488344712936142
-0.8910568693387412 -0.4560906221402075
-0.0042667934808063345 1.0009909062890592
-0.7413145395558621 0.6726468266803018
-0.5476801804283028 -0.8378827006007593
0.48921507574598827 0.8733095726389623
0.720381402565757 0.6950191614893741
-0.28620794631679713 -0.9592111401902719
0.9845447786114027 -0.18075557780888557
0.9464728749686738 -0.325868220218746
-0.4048162745259027 -0.9154915531445219
-0.2059828052590286 -0.9795775027723029
0.44504567190786515 0.8966244196518834
0.6691346533146567 -0.7444862763902866
-0.41629591406867955 -0.9103289031606777
-0.5761799853201007 0.8185460430034028
0.9744233254041054 -0.2291291838863071
0.7702234692239922 -0.6393409164573763
-0.3597900318681544 0.9341049903347656
0.8082436287920752 0.590544864101804
-0.5584565999867545 -0.830738963773359
-0.16751399755531626 0.9868840157906285
0.8291620137858341 -0.5607952878677034
-1.0008753438732216 -0.01579702588022494
0.7013776581011437 -0.7141921175121965
1.000519601552752 -0.03100849736317895
0.10459666230562588 -0.9955202349698989
-0.934518575884957 -0.35871441471726734
0.9326796811210276 -0.3634688603222816
-0.7111399648172442 -0.7044721076378601
-0.47972619754226536 0.8785577814757772
0.8301911024864173 0.5592707156220386
0.997350754088112 0.08539597952991773
-0.9649551366954154 0.2662002707833561
0.9852469730501248 -0.17688810614500536
0.9813879009739548 0.19717704689424456
-0.99032109482784 -0.14582568065669524
0.6244259312193398 -0.7823638900287131
-0.6879871836791257 -0.7271001547883655
0.5721951120256525 -0.8213365654675012
-0.8839876369462477 -0.4696454596035065
-0.04847698244599229 -0.9998254758571272
0.5396319542218021 0.8430885801520258
-0.6238623363320678 0.7828133783388566
0.6577974732970058 -0.754522023617651
-0.6932076490916786 -0.7221247504696042
-0.9918717727083777 0.1348754481154381
0.5944181538508257 0.8053993160989001
0.8408969122066152 0.5430408668243856
-0.5466371031869091 -0.8385635798312638
0.9712506115235798 0.24222561717347768
-0.9989354107934665 -0.06425764594885418
0.9937450586750862 -0.12029862159995607
0.9851215815023584 -0.17758510539539138
0.6611276344031657 -0.7516057816624844
-0.1467618398629159 0.9901827923974703
-0.43940197973295875 -0.8994036358647638
-0.6308781419828715 0.7771703609687131
-1.0007650325569835 0.021687545071304572
-0.31492050184165227 -0.9501716042483073
-0.9999080298056214 -0.04674325545188648
0.9765147044731075 -0.22004552244433329
0.1824421777406529 0.9842336367861281
0.32992952903482414 0.9450648156982986
-0.8817560715404206 0.4738219394473041
-0.9187691389830926 -0.3973213677267642
0.9706204395592642 -0.2447385590988487
0.5126397408096581 -0.8597682804934167
-0.9748437452303942 -0.22733383466870558
0.17851573787402025 0.9849533650540486
-0.7002356670126729 0.7153118275572669
0.999547467983314 -0.05390602237362669
0.8627487305579331 0.5076077500597039
-0.9086883481413549 0.4198648424816441
0.9658022125537251 -0.26311040691376913
1.0007556269927649 0.02211730187698799
0.9138203060681311 0.4085748991525875
0.057598213169303615 0.999341506112752
-0.599933743703294 0.8012992594319243
0.8464255239857571 -0.5343826647126911
-0.14626119095756118 -0.9902568676962942
0.9686904557401412 0.25226930244870754
-0.8813339860610451 -0.47460657919349325
0.925964290675995 0.38025140682567066
-0.12426332106829875 0.9932570800337025
0.685386448674938 -0.7295522023630362
-0.7001978396982024 0.7153488556515419
0.22736020667757378 0.9748375948944167
1.0003539890002102 -0.03595687265832895
0.5568468885775103 -0.831818816017975
-0.978623177612624 -0.21047013146613167
-0.9710837272653529 -0.2428937929228121
-0.18452434783279523 -0.9838453969282377
-0.5127894462903058 0.8596790004259041
-0.03139420392835116 -1.0005075731645938
0.999960542902645 0.045606059222951315
-0.9810544468865218 0.19882950546682174
0.9387761599807304 0.34741951794888276
-0.9365717345992625 -0.3533190993276882
-0.8489767869631905 0.5303201063486632
0.9979976317425258 -0.07747081409350155
-0.9552687569960286 0.29910299548359975
-0.6426688253155315 0.7674488784066041
-0.8469939962208977 -0.5334811808918418
0.606006180568234 -0.7967167056822023
-0.556189880560482 -0.8322582632585372
-0.20232218934592575 -0.9803401102159757
-0.32813118706417627 -0.9456907126940893
-0.46838777478987226 0.8846546741115383
-1.000807236655603 -0.019643702751166104
-0.8768846270738349 0.48277774472481794
0.3870159052699352 -0.9231574562706476
-0.5654009737852127 0.8260282917931645
-0.44307159581651007 -0.8976015602596795
0.6069215852067048 0.7960195910969657
0.8484006281949625 0.531241352003393
-0.9685914434422828 0.2526491949134117
-0.8913721199380557 0.45547419663152866
0.4688838002555966 0.8843918712074811
-0.8905289443104013 -0.4571205523113155
0.5583734293342206 0.8307948684323598
0.7454420619145364 -0.6680697061898588
-0.7906210946601082 0.6139375250613471
-0.9297061427076077 0.37100874411763046
-0.96134232176989 -0.2789658408731746
-0.09576253610147817 0.9964088200530007
-0.731086314452895 -0.6837498086432512
-0.06791266111420252 0.9986935818660234
-0.7573514197257749 -0.6545378728838791
-0.8219295652385284 0.5713429703661397
0.9846104152471027 0.1803977000599731
0.31413470952306405 0.9504316831171297
-0.8718034053617248 -0.49189411706148717
0.9251382719089775 0.3822566910457827
0.44170010723472436 -0.8982772485534926
-0.7575872944877137 -0.6542648479253536
0.8895732000957203 0.4589776919104669
0.9957529429493922 -0.1023575918416626
-0.9891494009947032 0.15357233641453769
0.8587060749788346 0.5144170261513942
0.0898978563762151 0.9969550518548774
0.9273111589924996 -0.37695492357573357
0.8095492191262627 -0.5887538210594123
0.8180569994954666 0.5768741158835904
-0.7899963848880885 -0.6147411746936682
-0.7455313399811365 -0.6679700750078038
0.33344511819700867 -0.9438301505835586
-0.9346357857479658 0.35840891171855993
0.8129062476124722 0.5841099490614846
-0.042844388130053944 -1.000082675785238
0.24509421597513187 0.9705306926087065
-0.9443400031910204 -0.3319984312812091
-0.9942550423512743 -0.11600823573809632
-0.9233554790477752 0.38654321791030527
0.8753460602951285 0.48556181349628114
-0.7252918059197375 -0.6898933223808489
0.8160763969751358 0.5796725923312922
0.7213007351172587 0.6940650182218538
0.9900087581042972 -0.14793126402754456
0.8013055925419243 0.5999252848155638
-0.9761110072998492 0.22182944220295384
0.9353911121842993 0.3564329772153804
0.7188128936427287 0.6966412447831144
-0.8298948262737291 0.5597102619428171
-0.11551372201467702 -0.9943126168496084
0.3172335710257089 0.9494018440124691
0.7864444227448271 -0.6192787497836139
-0.7769649970400572 -0.631131042949516
-0.679017373749717 -0.7354837905392866
0.6785759118037391 -0.7358911141736418
0.9531787071948827 0.30569813893822095
0.7564549437826213 -0.6555737319530361
0.9557460762440937 -0.29757425584888725
0.3721248841360427 0.929259958572808
0.07691035339043951 -0.9980409798907847
0.8547706135089286 -0.5209301280225305
0.9434189089704056 0.3346068770917442
0.9323181367985428 -0.3643952411825565
-0.9675481663963381 0.2566155601343849
-0.9695652325045143 0.24888603801432327
0.36499538394966574 -0.9320833491139277
0.9270037395887826 0.37771029478743723
-0.5933414661105928 0.8061928457842654
-0.5984992052676543 -0.8023712988972038
-0.7365722188924928 -0.6778365336537929
0.8979688218739649 0.4423267965455897
-0.7642697844223221 0.6464462055106035
-0.7644549217684791 -0.6462272607867519
0.9805195421210738 -0.20145080669652257
-0.3106708469347715 -0.9515695586055871
0.631112234618562 -0.776980274726949
-0.36710913949997254 -0.9312528548657393
-0.7714170351786205 -0.6379002726415995
-0.3734171290870706 -0.9287414321028056
-1.000059894800821 0.04337288105453707
-0.5374254612070037 -0.8444968168361793
0.9907645331754571 -0.1427817908615044
0.9951247683228664 0.10829448494896408
-0.8703967870507279 0.49437883560258716
0.04393610706906693 1.0000353086244582
0.9784912808803659 -0.21108247971137029
-0.9998614720378922 -0.047728783079178855
-0.874967686920393 -0.48624330005170985
-1.0009996322148864 -0.000858082549727388
0.44815209027438335 0.8950758090702156
0.991914485105778 0.1345609684765218
0.9090453176233527 -0.41909141068155725
-0.6621383610136959 0.7507155192708463
0.23263665069342032 -0.9735919005179468
0.8963376552054436 -0.44562294359784405
-0.49890797327246067 0.867808639162555
-0.7678523405321325 -0.6421867198403639
0.3096232466283119 -0.9519109439161542
-0.9607254872437143 -0.28108279591666185
-0.008745445999462627 1.0009617960613035
0.9124032311080597 -0.41172969757302263
0.9778567013552902 0.2140029710414101
0.9258799245484638 -0.38045678508620534
-0.6140181419520913 0.790558486991128
-0.8405619057892307 0.5435592723300526
0.18191600242438452 -0.984331025652413
0.9486754897374738 0.31939914710494177
0.1255155895914629 -0.9930996106984976
0.7290246514852952 -0.6859475617908003
0.6242738940158891 -0.7824852108827607
-0.24763069076848102 -0.9698866124395804
-0.08853433405583035 0.9970770640694182
-0.5786555209005033 -0.8167978869532947
0.9871402202728303 -0.16599754672798056
0.9858481350566232 0.17350635321329866
-0.6036867111610901 -0.7984756444422751
0.31595976481784255 -0.9498265246960909
-0.4255682524331305 -0.9060312701673222
-0.1972846793828545 -0.9813662696877269
0.6805965557626504 0.7340227028396448
0.9877809917682019 -0.16214102596637156
0.11420128302637586 -0.9944642109976254
-0.25058194446574544 0.9691283140574143
0.20806822173297237 -0.9791366682465112
0.06840290649649612 -0.9986601235569745
0.4089005264048381 0.9136746464173373
0.6249456097340488 -0.7819488377599508
-0.2881789474918947 -0.9586208292241849
-0.790357194453716 -0.6142772217616823
0.7893479504336932 -0.6155735643658911
0.11711756228852277 0.994124980373994
0.009946523289878698 1.000950581534595
0.7378627057987459 0.6764315393233474
0.8774136061419499 -0.48181569480142444
-0.7778951866123419 0.6299841892026733
0.10538457238276475 0.9954371360883126
-0.1290680467772487 -0.9926441654999569
-0.7157050921784199 0.6998337095552625
-0.30217925989899336 0.9543001073493058
0.08917736314536585 0.9970197580301203
-0.612261890941633 0.7919194257628588
-0.9495583709886454 -0.31676473933408406
0.8893286687937015 0.4594513237129943
-0.7356217830882391 0.6788678753970316
-0.12052754490579974 -0.9937173194218668
-0.7900230420602695 0.6147069163543204
-0.9850659609746383 0.17789337404499467
-0.7849168555814537 -0.6212137553404008
-0.5044851847537651 -0.864578335585596
-0.6627019444876768 0.7502180568156516
0.3860091364583465 -0.9235788794524709
0.977104731951889 -0.21741053975653327
-1.0004250308308598 -0.03392281956255083
0.9810926905316792 -0.198640712305687
-0.6227082865894055 0.783731707801137
0.9914680495721375 -0.1378118524569691
0.9885257478447725 0.15753680791463692
-0.24984172059685295 -0.9693194079606599
-0.7810698432054166 -0.6260438483325796
-0.5888304589120308 -0.8094934778350269
-0.9371931915356032 0.35166734528430443
0.05512326958113916 0.999481077935288
-0.5236599728628295 0.8531009511314007
0.5434190677974555 -0.8406525541233694
0.8836352480535327 -0.4703081419637256
0.10091949233172319 -0.9958997218934782
0.9046453734052694 -0.4285064157937905
-0.5550232185541617 0.8330367500091332
-0.9917133273426977 -0.13603557024129867
-0.9951109931487417 0.10842099111576511
-0.4627055558715451 -0.8876398867590417
-0.6030315534069025 -0.7989705536474158
0.6475907459511794 0.7633002199386524
0.03351372787896239 1.0004388187408837
0.8467353608136476 -0.5338915889464657
-0.7261137887749702 -0.6890281313203822
0.5877765090720034 -0.8102590791735252
0.17945213527575718 0.984783189917949
-0.8086292773127849 0.5900166877916279
-0.45652276405569003 -0.890835543688594
0.4060236277285698 -0.9149567277888784
0.830577761084677 0.5586963243046845
-0.567929382655963 0.8242919484721519
0.380098739386956 -0.9260269695405459
0.3929031999641303 0.92066719038855
0.9978392249436391 0.07948510026336691
-0.8747594799686436 -0.486617768073658
0.5018203152632285 0.8661278030343524
0.7118651256511013 -0.7037393287871169
-0.3408764131761343 -0.9411717542192676
0.12447460297667964 -0.9932306243837823
-0.9515965149838308 0.31058826872666656
-0.1748803267403907 -0.9856053324323962
-0.07611301591738492 0.9981021033982244
-0.4610644745030488 -0.8884934160427006
0.8026473493454975 0.5981289431123082
-0.855591521403807 -0.51958074300528
0.2589126674177898 0.9669360013209793
-0.2238715524189069 -0.975644673032938
-0.15765852409162617 -0.9885063428128572
-0.29307509781030716 0.9571353023702965
-0.7662773548589946 -0.6440652260682161
-0.8822537114089717 0.4728946909250462
-0.8333655894542775 0.5545293448624017
-0.9044968735584121 0.4288197823364236
0.4228198884310287 -0.9073171121207693
-0.16056397568884162 -0.9880385669147703
-0.1248548209093492 -0.9931829004245363
-5.499955507193809E-05 -1.0009999984890354
-0.7540909844014986 -0.6582915670463801
0.6606678316093271 0.7520099841602037
-0.9911106728316139 0.1403589476993378
-0.48603810369453887 -0.8750816886194207
0.9639434913035647 0.26984059289420204
0.9170548134853783 0.40126234443727454
-0.37509803317032075 0.9280638262058041
-0.6859804861886379 0.7289936711442699
-0.08869766781439145 0.9970625475486921
0.8742778967462913 -0.48748247072164674
-0.8441631477713331 -0.5379494213630074
-0.21107976602885029 0.9784918662785123
-0.730829505469624 0.684024293380743
0.7343910319591778 -0.6801990974545129
-0.5372755085790603 -0.8445922257995938
0.3559611201788292 0.9355707781461716
-0.881694970641017 0.47393562721780713
-0.8322520774010619 -0.5561991366962169
0.6020671430648976 0.799697539849706
0.8149791632663742 0.5812142147621998
0.9996788158631469 -0.05141269409840768
0.9128888973081982 0.410651751696522
-0.9820859665855307 0.19367022031216816
0.46473942362459014 0.8865767130536892
-0.9603727396209952 -0.2822856726666518
0.949915779822112 0.3156913227267248
0.35814712497541024 -0.9347361322169203
0.4311933430859078 0.9033677550579269
-0.8885369647142111 0.4609805444229256
-0.9809872546919818 0.19916075449718718
0.9492423681648883 -0.31771044439979435
0.9965844344131666 -0.09391733112364771
1.0007950167984752 0.020256711266637806
-0.7744505203650172 0.6342139950413852
0.7991310281348813 -0.6028188781649821
-0.9585170751220311 -0.2885238581114334
-0.3350001215970346 0.9432793427876878
-0.9480834011564878 -0.3211524006629036
0.7534871415192322 -0.6589826458755772
0.9676271271500227 -0.25631765995224304
0.9728864398775032 -0.23556946980132493
0.329826592956679 -0.9451007452005258
0.5780500468600365 -0.8172264945075567
-0.8241664526054766 0.5681114841293957
0.9496287172620403 0.31655378587414146
0.9124294373923905 0.411671618866064
0.9987531497745927 0.06703093178025944
0.12033368032544044 -0.9937408139848815
-0.2196200012121282 -0.9766104930152987
0.8140668569880392 0.5824913324278872
0.6409142633588281 -0.7689147592699798
-0.10455816153912352 -0.9955242793902912
-0.95629452790173 0.2958069909674337
0.6623327008460155 -0.7505440649222552
-0.6205689828169869 0.7854267232310664
-0.08745419153887936 0.9971723844863941
0.30295547375896664 -0.9540539717015385
-0.10926097050121071 -0.9950191155576528
0.6618676273827043 0.7509542221885364
0.4252867103456727 0.9061634587663286
0.9447962336991192 0.3306978632951221
0.928674090675132 -0.37358457316746474
0.936421802139384 -0.3537162824609976
-0.9305787077586851 0.36881468065435735
-0.45826749213475065 0.8899392707665653
0.639814091038622 0.7698304546511667
-0.5480201962223041 0.8376603515342403
0.23864585440777306 -0.9721363876401212
-0.7000102390968074 0.7155324347362811
0.7922663995460604 -0.611812840785744
0.9879285461734036 0.16123953502694358
0.8431927555004015 -0.5394691622990512
0.5444621796997835 0.8399773418828395
0.8007677041993734 0.600643058655692
0.07914371209243082 0.9978663602087358
0.1940471517310614 -0.9820115594559273
0.6272735639756457 0.7800826084058609
0.3245539708172691 -0.9469243475731011
-0.9772352522618672 0.21682311162946763
0.39703485073144223 -0.9188929901270666
-0.11085613893913701 -0.9948426591474184
-0.45209663119169347 0.8930899372768243
-0.9221345328583452 -0.3894469197594472
-0.22821325456038857 -0.974638245936899
0.21403761194461024 0.9778491195849431
-0.2455766389267316 0.9704087357466696
-0.9204386429528119 0.39343831099574705
0.6555775697842463 0.7564516177494643
0.39631350492277834 -0.9192043330053569
0.9565052723834605 0.295124827662198
-0.768435350891134 0.6414889800306937
1.0009852983823166 0.005425165662404297
0.5070710839626922 0.8630642593740633
-0.47441864875856515 -0.8814351625106053
-0.3896215955099425 -0.922060742203184
0.6198982816232 0.7859561822650191
0.19678082085283732 -0.9814674261250261
-0.5333007552584151 -0.8471076108976969
-0.40035917907828655 -0.9174494687598661
0.8922875796534514 -0.4536781625736306
0.4814559224111837 0.8776110726142853
0.9290525959709184 0.37264228681095407
-0.9909916754463843 -0.14119666850166113
-0.8873891362596419 0.4631862701423334
-0.812988463085617 -0.5839955127307799
-1.0005981879947097 -0.02835958712153054
0.44338301560337845 -0.8974477708894565
-0.1860758698756265 -0.9835531356515665
-0.8517854555356486 -0.5257970499517163
-0.3596397379622357 -0.9341628652855211
-0.9907234237286193 -0.143066759505633
-0.19759593279216867 0.9813036468616596
-0.30832431057970316 -0.9523324626964843
-0.4834723755117673 -0.8765018323523396
0.8712954888375288 0.4927932336501503
0.94601509963389 -0.3271947910109227
0.3382486449782522 0.9421193417876401
0.9973333432821639 -0.08559907930358397
-0.8587862216128296 -0.514283215327858
-0.6976367000660334 -0.7178468044931142
0.4000804338720831 0.917571057974654
0.9447431470449051 0.3308494916297873
-0.4769370041686043 -0.8800750502398512
0.8957793191408134 -0.4467442348812357
0.9789673081449755 0.208863614790563
0.9640503011623838 0.26945874791648
-0.42095437737833896 0.9081841289991888
-0.8691680347878417 -0.49653592750478914
0.28843120352965784 -0.9585449602550905
0.734094446673627 0.680519171929007
0.8962357968025391 0.44582776554373305
0.16831871126693362 -0.9867470858520123
0.9582123568933151 -0.2895342451195683
0.17993445680367542 -0.9846951768211147
-0.8519747319253026 -0.525490300729527
-0.08006631131506209 0.9977927569352263
-0.7669029205539902 0.6433202238743627
-0.988230991827669 0.15937536444288236
0.8259505864041203 -0.5655144815287136
0.4074158626502809 0.9143376372330559
0.5635121593102304 0.8273179837943339
0.9750832971644368 -0.22630413957974949
1.0009939192025479 -0.003489085771770589
-0.6993804118914415 -0.7161480569425275
-0.847283532849708 -0.5330212143636666
-0.9881665727387577 0.15977429243071997
-0.5218445977919237 -0.8542126291242628
-0.7806630497855795 0.6265510375855089
-0.2702303111105114 0.9638343109461897
-0.07686255083121354 0.9980446624674264
0.20824211490081404 0.9790996995105433
-0.7836645541830742 0.6227927958133778
-0.9563596235795561 -0.2955964654504007
-0.8875089915999009 0.46295657445307636
0.8213435352867496 0.5721851073233764
-0.8942261962906765 -0.4498449842640336
-0.8589228269818389 0.5140550333276838
-0.999024571418422 0.06285623041702551
0.9405293258244447 -0.34264498721594533
0.9462504035723147 -0.3265136654708825
0.9906162489792021 0.14380697917130258
-0.710292118121905 0.7053269503810965
0.8065417343714426 -0.5928671273709695
-0.75014628149 -0.6627831895625641
-0.6864808435745142 0.7285225126275944
-0.9931146840317866 0.12539626932426892
0.9700079657795662 -0.24715490350018948
-0.07783637118430023 -0.9979691875608484
0.98661841239394 -0.16907131136080217
0.8952551886775384 -0.4477936434854174
-0.9686281933493057 -0.2525082633278759
0.9664349483736099 -0.260776706325734
-0.04588814022793081 0.9999476379223173
-0.40199327214649 0.9167346448940162
0.03681654893276704 1.0003227187886323
0.5890512680473192 -0.8093328138731589
0.8366338120116253 0.5495860847937257
-0.8390994837101796 0.5458141226070556
0.6770970696640974 -0.7372520317044181
-0.1441551908268951 -0.990565636875044
0.9298174426891004 -0.3707297172754047
0.7118915978679384 -0.7037125498987732
-0.742869019843882 -0.6709296679654211
0.657799232748059 -0.754520489712549
-1.0009977311633733 -0.0021312451240509613
0.8116090623146857 -0.585911025641843
0.10064790163752788 0.995927206122999
-0.950728546208752 -0.31323510566951607
0.9492049735152293 0.3178221487781381
0.7254371270797896 -0.689740512551076
-0.7762787738471065 -0.63197489291461
-0.5517693302417429 -0.8351955496795817
-0.306864199590178 -0.952803947834957
-0.9646798239516254 -0.2671962523327392
-0.4596374563443476 -0.889232482945432
0.6231863223363507 -0.7833516500607463
0.9470317019679293 -0.32424058269705724
0.6483152115467464 -0.7626849850869607
0.880397043461482 -0.47634236202995994
-0.4501011223809237 -0.8940972987496566
-0.34319260106683036 0.940329643568139
0.6917240303907626 -0.7235460357019167
0.9406488181600001 -0.34231681363058253
-1.0003406153631922 0.03632703201185112
-0.6521132826355517 -0.7594401007388832
-0.8503657527028945 -0.5280900364805604
1.0009291959203874 -0.011905660593459117
0.6983539829400639 -0.7171490183439904
-0.6391305650457518 -0.7703980275314171
0.9549502393587215 -0.30011837722592166
-0.5727921008802698 0.8209203427672912
-0.21895092950138406 0.9767607130052273
-0.7141546325179992 -0.7014158259214583
0.24890254238588336 0.9695609957057078
-0.6427576356406941 -0.7673744990717275
0.13822120522040043 -0.9914110643055281
-0.6297983024232329 0.77804569163052
0.9828571664795274 -0.1897176594306248
0.9178569658387061 -0.39942407321212414
-0.9489763235478605 -0.31850421872494306
-0.8854587618993675 0.466865913272365
0.922753102878158 -0.38797900861867685
-0.4064745396551342 -0.9147564968952923
0.7892406926742158 -0.6157110759334479
0.9655019775578283 0.26421001368593644
0.7419857484983433 -0.6719063543570288
0.974481840556492 0.22888019229638845
-0.1567851121930038 0.988645249113466
0.6412255840679393 -0.7686551569701008
0.9141582359493288 -0.4078182433952795
0.9846137637878094 -0.18037942277212177
0.328064216541586 0.9457139471452006
-0.12880163340503195 0.992678769407403
0.47019004514394686 -0.8836980940612769
0.5123644225381037 0.8599323802004408
-0.918244432952799 -0.39853250977955684
0.21877820543191825 0.9767994148380666
-0.3506754471760046 -0.9375647874935946
-0.45258975612461144 -0.8928401383512419
0.12901760454964054 0.9926507229213468
0.6123069295671052 0.7918846027067985
0.19842745954855218 0.9811358434473321
-0.6308834205148984 -0.7771660760219927
0.907670419530523 -0.4220609073454735
-0.9393241900422721 -0.3459350603819008
-0.7134343988526813 -0.7021483878310291
0.20230355820121218 -0.9803439551193901
0.7692156336445568 -0.6405531273491707
0.050370560790958196 -0.9997318673552447
-1.0005844271753732 -0.02884101409677636
-0.5532164595460533 -0.8342377052659091
-0.8747998761171771 -0.4865451435842019
-0.928471486506084 0.3740878222358793
0.9964824352018904 -0.09499345416453901
-0.2515970049408807 0.968865288419798
0.44241513314985553 0.8979253031071102
0.4894858878773923 0.8731578125223876
-0.7272667696631054 -0.6878110538104134
0.3836718367848632 0.924552281733234
0.9563693697368615 -0.2955649313249428
-0.3950101094718595 -0.9197651947182115
0.9490711692624428 -0.3182214883926284
0.23378571964778083 0.973316617185163
0.30296129516279285 -0.9540521231218362
0.606556356258373 0.7962979258308825
0.1040522991402391 0.9955772792925872
0.7148172065328439 -0.7007405805607247
0.8130094692003723 0.5839662687095283
-0.9993892202223226 -0.056764306596822724
0.8204855990780306 0.573414668198822
-0.9909613820599074 0.14140912016527876
-0.989754963261764 0.1496198940605962
-0.057191244123358964 -0.9993648791085379
-1.0007892271804524 0.020540758495074946
-0.8942595518826888 -0.44977867208947636
0.8425676426023684 0.5404449718884314
-0.34882083102639344 -0.9382563763929646
-0.6890288937016058 0.7261130653309725
-0.19994704394672197 0.9808272934706536
0.4633362430137135 0.8873108395088708
-0.2414944853258641 -0.9714326603307076
-0.9724621929466949 -0.23731473466539157
0.676443582398015 0.7378516651960202
-0.7888815985594791 0.6161710991715214
-0.737003183193603 -0.6773679265823681
0.9201298243798138 -0.39416000087118563
-0.33290228073668415 -0.9440217537113823
-0.7609367957063161 0.6503661991064756
0.9997218824192758 0.0505683479269344
0.15447262381142443 -0.9890092054641424
0.38881088825721655 0.9224028909173226
-0.9933481148141171 -0.12353348855771713
0.4036970034163174 0.9159856600584344
-0.9671523962242768 0.25810316247120896
0.48314450364889305 0.8766826042496023
-0.09898882682786042 0.9960934756152375
0.2720902339487387 0.9633109075421706
0.5291687467719519 0.8496949084464387
-0.6281213359436136 -0.7794001458380733
-0.27607798740804973 -0.9621756309888132
0.795170432537823 -0.6080337023698699
0.48337332044712866 0.8765564631442275
0.787520033767701 -0.6179103465831586
0.8955783494647217 -0.4471469780397099
0.5976626898429191 -0.8029945885058793
-0.3765126642005963 0.9274908159634623
0.5653115524693206 -0.826089491910366
0.2712541615260449 0.9635466671909578
-0.5797387147612421 0.8160294250864875
-0.6553128284926866 0.7566809742638668
-0.7861478012003144 -0.6196552546924065
-0.26626704559204856 0.9649367131743314
1.0004400088630416 0.03347818194163589
0.6740076681625241 0.7400774711191505
-0.49238307655541863 -0.8715273408917363
0.9385328103683003 -0.3480763764781805
0.763475881898341 -0.647383640324306
0.9550725369654571 0.29972895945231165
-0.977096008760736 -0.21744974054672905
-0.49715273147216493 -0.8688153783110457
-0.07830266795788209 -0.9979327092498159
0.7434821072763208 0.6702502190674475
-0.21515881710293464 -0.9776030295691938
0.770146408778138 -0.6394337409350067
-0.9729945748507033 0.2351224304720826
0.4718714231115844 -0.8828014273043786
-0.009391332001113592 -1.0009559445266534
-0.5946783939704686 0.8052071831179253
0.663389482957159 -0.749610161285073
-0.9954844023183798 0.10493714662033787
0.74007220537405 0.6740134500384912
-0.780753548009932 -0.6264382629357044
0.30857111448455643 -0.9522525228665759
-0.9877904715260944 0.1620832636710401
-0.2586421442304792 0.9670083977028637
-0.463238240227064 0.8873620077461808
0.9497700845007198 0.3161293826702854
-0.8889148139257305 -0.460251511223357
0.9282536824398034 0.3746279501544761
-0.8521769852745339 0.5251622470897986
-0.5378021618359643 -0.8442569719727302
0.05058878988321751 0.9997208482062138
1.0007722870682436 0.021350162439592788
-0.7904756721745028 -0.6141247525546157
-0.16011919659718798 -0.9881107442392634
-0.9806376742957622 0.20087496546807115
0.8119916080899223 0.5853807550573745
0.09978325136110022 -0.9960142081053901
-0.3239692735217724 -0.9471245482056597
