1000
-0.21874746703808892 0.9768062989479644
-0.17509341461113662 0.9855674995452177
-0.9792452049536289 0.20755680806787644
0.6607668792261675 0.7519229557060427
-0.7169776022672099 0.6985299691832574
0.8961722278522954 0.44595553368722024
-0.9785912293749309 -0.21061862640911277
-0.9546358921617765 -0.30111677700933426
-0.5937266630783476 0.8059092067657809
0.5482378051533763 -0.8375179454797423
0.5153698690299959 0.8581345454507731
0.455286307916385 -0.8914681025274357
0.9878456279898074 -0.16174676275407499
0.2843184129855906 -0.9597729106603057
-0.998369878171694 0.07251611103359665
0.9183527989170339 -0.39828273465121455
0.9811043822838001 0.19858295763615488
-0.7604906759963174 0.6508878027146184
-0.9343696182606848 0.3591022367952926
0.011201071443375076 1.000937328706708
0.06870515247774583 0.9986393753618018
0.6641771401745469 -0.7489123623425911
0.1633484805208761 0.9875820340161727
-0.41498173453836096 0.9109287348632347
0.8757887110975898 -0.48476296631861465
-0.677287465714647 0.7370771253985778
-0.040375662483918204 -1.0001853857555532
-0.8637590336808956 -0.5058866787479636
-0.7579476420819425 -0.6538473612873448
-0.7999589744352031 0.6017197347773944
-0.5620862577080159 -0.8282874132182607
-0.9918837957672166 -0.13478700120715797
-0.9295987711703069 -0.3712776920832377
-0.3396591201427776 0.9416117470081999
-0.8389632978368696 0.5460234288770804
-0.008161792853541922 -1.000966725289815
0.3101456991234425 -0.951740849872081
0.3282852179660657 -0.9456372537421379
-0.8144819905066408 0.581910720936073
-0.7996165127940383 -0.6021747524324659
0.10398197847246829 -0.9955846263140824
0.7338982302370995 0.68073077472291
-0.31826089277312025 0.949057956149811
-0.9759854073041122 -0.2223813947465617
0.7969852597380305 -0.6056529499311499
-0.3846720373360707 -0.9241365828121494
-0.9060140932690304 -0.42560481998903243
0.9884311647270438 -0.1581291642814176
0.9941957522708178 0.11651526151823564
-0.8991676197005022 0.43988474818085377
-0.6111850232610863 -0.7927508229837074
-0.016128508332628414 -1.000870057109795
-0.2957279703264732 0.95631896748239
0.2358939982819797 -0.9728078029983833
-0.4850924164915587 -0.875606274225111
0.3031977211631899 0.9539770132877671
-0.7218219062162136 -0.6935229885925857
-0.38973688322491 0.922012018280745
0.4414106987062039 0.8984194983790706
-0.6179603790798603 -0.787480774297046
-0.7983676313474207 0.6038295498041719
-0.12522268801660258 -0.9931365859769222
0.970062515960901 -0.24694071176621887
-0.5068891668268348 0.8631711142951883
0.9198845824770197 0.39473200392301494
-0.8844302609553542 -0.4688113837210483
0.14310971297529884 0.9907172200240225
-0.9675326280140242 -0.2566741391887309
-0.6521499553541855 0.7594086092029335
0.5834473060105887 0.8133819773691734
-0.32373740702320736 -0.9472038277445304
-0.8470981945678573 0.5333157120879496
-0.8528247104992662 -0.5241097338934307
-0.926964299849115 0.37780707617147685
-0.8905734046918442 0.45703392746663424
0.9300186136200836 -0.37022476729708065
-0.9273565829060102 -0.3768431611969207
-0.9852981604672272 0.17660276039716438
-0.5510787167140296 0.8356513914215773
0.9637733477109203 0.27044765527193154
0.9999627413223113 -0.04555783101913664
-0.14873511847263113 -0.9898883091202424
-0.6406430047223663 0.7691407806769175
0.6697746155676219 -0.743910588942814
-0.6365830758843491 0.7725043608275755
-0.513607162550716 -0.8591907137397391
-0.6662130877944237 0.7471018147825766
-0.9956133383668822 -0.10370670405500397
-1.0009671466904253 0.008109947375208754
0.9483336886569934 0.3204125699129496
0.7513917402178211 -0.6613708889363324
0.5680342375540215 0.8242196945999418
0.8985699200377519 0.4411044080525017
-0.3442369272813918 0.9399478378590301
-0.8474183373046431 -0.5328068708264132
0.14582253248894195 -0.9903215583932885
-0.5490243695994872 0.8370025337989638
0.7368935711786034 0.6774871694398681
0.28188061384990354 0.9604917071664916
0.8110581203580769 0.5866734401702735
-0.03897875857502593 -1.0002407991978481
0.3953182898154418 -0.9196327798297504
0.7259207733089547 0.6892314784443099
0.3465207836938099 0.9391082719624122
0.4872522298859226 0.8744062353798696
-0.7819169010548669 -0.62498556770917
0.29093620950329746 -0.9577876184206253
-0.6656243408297279 0.7476264019515297
-0.7015038858290821 0.7140681327203297
-0.8942038194969749 -0.449889463309624
-0.3449054992037928 -0.9397027171499412
0.9948552143005871 0.1107434087380954
-0.1727437985258584 -0.9859820384118859
0.09256252531788833 -0.9967111812891312
0.025554997217491035 1.0006737440930555
-0.31538913753383796 0.9500161535077505
-0.8889707177967624 0.46014352423989313
-0.33655603633709474 -0.9427253228831102
0.7232782399963227 0.6920040372337591
-0.951639582668733 -0.3104562846812405
-0.8772062982401619 0.4821930218572145
0.8880625242538345 -0.4618938763567966
0.4094723841702861 -0.9134185057255527
0.7728705134778265 -0.636138482876583
0.8464663935891547 -0.5343179245769043
-0.929848825277747 -0.3706509977453099
0.9557907130001102 -0.29743085405307396
0.8805855860435222 -0.47599372438340687
-0.007353335974571225 1.0009729908694065
0.23741855437638207 0.972436851439634
-0.8614916358493059 -0.5097383263613664
0.5991571455613537 0.8018801125622027
-0.4064001215611074 -0.9147895611533382
-0.8563627571339845 0.5183086225347601
0.9478645455706711 -0.3217977676275975
-0.9485982126944881 -0.3196285826906326
0.17146953222038402 0.9862044410365037
0.9516713617823565 -0.3103588554614082
-0.9192018350641246 0.39631929856461184
0.810432546781971 -0.5875373069997245
-0.46125617239270744 0.8883939123100906
-0.5733665073629147 0.8205192552490482
0.8829105469057912 0.4716672197243696
-0.8428283550196565 -0.5400382986185885
-0.6099112451056435 -0.7937312347978273
0.3169406580420342 -0.9494996678671785
-0.32699658395520936 -0.9460836295389662
-0.9706272287745586 -0.24471163184740646
-0.03664987497445921 -1.0003288392645473
-0.5369583037088068 0.8447939275812538
0.8414938004116869 -0.542115470973386
0.2859996285229341 -0.9592732731003943
0.6524296894261543 0.7591682951462685
-0.7677288944382118 -0.6423342935299975
-0.23829993439131117 0.9722212409061514
-0.9687004036953105 -0.25223110014536726
0.9836507575333686 0.18555912050888287
0.5736628400344135 0.8203121027777482
-0.6590149864265068 0.7534588559870213
0.9997361188758953 0.05028610757417554
0.8799351081749128 0.47719514394134865
1.0006542906490385 0.02630571431589424
-0.6342549812703947 0.7744169540587882
-0.972596098279314 0.23676534715167877
0.9602057414440246 -0.28285320238231526
0.9660598158914978 -0.26216298769979995
0.9955380114044333 0.10442733286312718
-0.7129066728607865 -0.7026841934970244
-0.6062496867090993 0.796531428987657
-0.5771846169166971 -0.8178379533836306
0.5643528546030393 0.8267447341842589
-0.39937221745899165 -0.9178795301791449
0.9299444670132849 -0.3704109721260663
-0.999413663949446 -0.05633230255496167
-0.7918850490623839 -0.6123063523037026
0.9920190203584598 0.1337881281991852
0.6562690996356486 -0.7558517505856654
-0.7447861321757103 0.6688008801719277
-0.9975534561324215 0.08299459113858548
0.24798383806572155 -0.9697963786580119
0.43049640681650103 -0.9037000850492832
-0.1805095209906556 -0.9845899211507927
-0.5782520462574736 0.8170835765079633
-0.733855802795702 0.6807765130371904
-0.40081372096134305 0.9172509804241817
-0.10527658937839407 -0.9954485620708149
0.16704074560400306 -0.9869642289911316
0.9963566972885363 0.09630333207257151
0.2815593368730332 -0.9605859356765629
0.6998454169157625 0.7156936442515068
0.8362017528475967 -0.5502432448786689
-0.9036861547304776 0.4305256481888659
0.8985872038859353 0.4410691975330588
0.8123901894574566 0.5848274788972195
-0.04661428864018254 -0.999914050353614
0.9663244078207659 0.26118602345808273
-0.9607926469463643 -0.2808531459211358
0.7289043913397479 0.686075351754916
0.16212657077358425 -0.9877833644323021
-0.8861681770532838 -0.46551795022110587
0.8867255712510943 -0.4644553383151286
0.8994973648469303 -0.4392100757421537
0.6553550912751732 -0.7566443711147989
0.5298135760855047 0.8492929851326273
-0.23812056168141368 0.9722651891868432
0.8347214103670342 0.5524863501253849
-0.03830665166474578 -1.000266764637432
0.8253648564337 -0.5663690084778454
0.3954107674380413 -0.9195930213926481
0.2286250353353389 0.9745417349800444
-0.7253732633802333 -0.6898076752060031
0.7593797965607031 -0.6521835052923564
-0.0531516924244622 -0.999587863868112
0.9989225971110863 -0.06445653559447871
-0.9423023016797594 -0.33773861527670745
-0.9869304462308574 0.16724022931866891
-0.8313109984988046 0.5576047200077493
-0.9948395937840939 0.11088364459873709
-0.877895939738552 0.4809362941082371
0.6713331241904791 -0.7425044352491443
0.9966325679893746 -0.09340516272082922
-1.0002237248941932 -0.03941446636433301
0.09810452788583704 -0.9961809582642589
0.4135168423640253 0.9115946583220449
-0.9831953502524942 0.1879571845976504
-0.9951781440678088 -0.10780288293803528
0.4319269657558699 -0.9030172181375765
0.9979065632708559 0.07863517648577646
0.09076742479409647 0.9968762584173865
0.7551140703497999 -0.6571177525830187
-0.2093749625805672 -0.9788580719616027
-0.9618770609238352 -0.27711643702336514
0.9931439436140164 -0.12516432104557396
0.09791797846712685 0.9961993121323219
-0.8322676903072912 0.5561757740773745
-0.7174507993872539 -0.6980439459364935
0.609418865033496 0.7941093419304961
0.7394330792416465 -0.6747145480299183
0.9897895530105126 -0.14939089915804674
-0.9980841601566692 -0.07634794852748988
-0.9835654290751096 -0.1860108779837771
-0.286810649395733 0.9590311003263648
-0.5145614425380473 0.8586195442995483
0.0017092183482961883 -1.0009985407445097
-0.47329372125217584 0.8820397119309695
-0.8376027686075047 -0.5481082028405002
0.9577563146815425 0.29103924423972455
-0.8567150947062484 -0.5177260342135248
-0.7146436548860591 -0.7009175747055394
0.10785653123268134 0.9951723311419253
-0.7399265897377947 -0.6741733024964702
-0.9478836406186276 0.32174151713382626
0.6777401402925595 0.7366609140141901
0.24310789846657635 -0.9710301487096912
-0.9797849711143234 -0.20499368375270602
0.9934927279345852 -0.12236502580842448
0.3688336440279067 0.9305711918134449
0.6929837330131555 0.7223396332606646
0.9193822191133275 -0.39590066327079243
-0.5807379596746252 0.815318601647818
-0.6100291342293597 0.7936406336569329
0.055120227448371105 0.9994812457100133
0.4971265879701493 -0.8688303375994403
0.08757845957987369 -0.9971614781055356
0.9935940178599342 0.12153981928961766
-0.29101648534557234 -0.9577632302699401
0.9997165255142256 -0.050674141470426516
-0.12259993503011776 0.9934637667930375
0.9694578378984723 -0.24930403233245016
-0.9917281943017592 -0.13592714455535362
0.07455915837791134 -0.998219380648351
0.9976876409098114 -0.08136566337107409
0.7291914807634176 0.6857702125216977
-0.8870022569130364 0.4639267142892075
-0.25186793291221793 0.9687948928284699
-0.9991758939374513 0.06040308745664368
-0.4315078508660201 -0.9032175677216363
0.6226958518844156 0.7837415875439697
0.9937532876735934 -0.12023062520807444
0.015194653669448045 -1.0008846699294907
0.9721878964661219 -0.23843593262085547
0.510138998265246 0.861254435372574
0.4891983203654759 -0.8733189585435537
-0.9493112131196851 0.3175046781470027
0.29220361948585744 -0.9574017154566646
0.8845368949485853 0.46861015938060435
-0.5617227975440269 0.8285339454236695
-0.664958204845641 0.7482189424282591
0.6981320891840707 -0.717365029849856
0.8634726355885944 0.5063753623446606
-0.9949067451987111 -0.11027950107842804
0.7671332872688159 0.6430455034942243
-0.4577945578820399 -0.8901826457382708
0.7595144854503999 0.6520266454609155
0.9189093436642168 -0.3969970001481095
-0.47680928430591635 -0.8801442531765347
0.9375657508598395 0.35067287151221915
-0.5539362267418901 0.8337599514866118
0.08752858879459456 0.9971658568882245
-0.9895843965872203 -0.1507438955019645
-0.47199180832996507 0.8827370689335582
0.7169808641256494 0.6985266211660347
-0.9983114726316669 -0.07331578010218878
-0.5703692499593609 -0.8226055669036018
0.8731480558486959 0.4895032916821322
0.2588999803222976 0.9669393984056674
-0.9616415517227092 0.2779325925477978
-0.9681197854016038 0.25445054748212365
-0.8699932769414696 -0.4950885759908458
-0.992100510226047 -0.13318249738316706
0.19399074210721362 -0.9820227044099809
-0.9476250738435448 -0.3225022781671724
-0.9065514493984436 0.4244590317022143
0.7356621590387185 -0.6788241213734904
0.4636511477122494 -0.8871463313485064
0.5321746974842435 -0.8478154819048505
0.39629901469710727 -0.919210580307963
-0.5753456651480985 -0.8191326910795906
0.47771754877209366 0.8796516035312971
0.9260127891092256 0.38013328505427285
0.7722621492657502 0.6368768898393505
-0.760934534914336 0.6503688442527849
0.8041237931898394 -0.5961425376753318
0.9996104684872471 0.052724864065320114
-0.8012027777107033 -0.6000625875595424
-0.8073549395873584 0.5917592428715356
0.9929676275838533 0.1265554841581118
-0.1660595665955208 -0.9871297890055328
0.42417293023361385 -0.9066853507457975
-0.8461383664332661 0.5348372321086516
-0.912475195824039 -0.4115701847873356
0.9636820682382863 -0.2707727300818508
0.8688800672048499 0.497039665232158
0.9495028912018326 0.31693100132262325
0.7345275888742955 -0.680051631262299
-0.26567087902235564 -0.9651010227118656
-0.863958698337069 0.5055456137360084
0.01849139850034086 1.0008291903124635
0.8871340303588598 0.46367468356515373
0.9865664206541379 -0.16937443029478394
0.34264507761981594 0.9405292928893338
-0.6512336640208495 0.7601945243462224
-0.7520457500875554 0.6606271185587572
-0.5481208104573235 0.8375945183342635
0.8622760191502835 -0.5084103330955615
-0.053015761092242826 -0.9995950825588381
-0.3325606223642082 -0.9441421675005998
-0.8966578561262633 0.44497830177105646
-0.6293363742095552 0.7784193780326711
0.48425607868010534 -0.8760690898903851
-0.9984638083498499 0.07121111862282478
0.9967556428244325 0.09208250918416841
-0.8224500034484274 0.570593543450749
0.9776108283827987 0.21512337908441778
-0.4047136715568713 -0.9155369157248422
0.901261348840183 -0.4355789033995722
0.7757553722510079 0.6326172637730496
0.5221373691976863 -0.8540337040698798
0.6910764157769639 -0.72416461357682
0.3264776635941622 0.9462628256325497
-0.6066456996601296 0.7962298632203341
-0.1461416558301655 -0.9902745156931069
-0.9047874520210949 0.42820633655420715
0.2923207365371162 -0.9573659629370568
-0.04809424087185198 -0.9998439598232117
0.3460966609292734 -0.9392646598768675
0.9802292077702965 0.20285881847732637
-0.8674831249825476 -0.49947375093243257
-0.5710923953386122 -0.822103689315652
0.9205338061213577 0.39321560471035055
0.8328423713381895 -0.5553148516866637
0.44393737961357754 0.8971736749268953
-0.32494053498342385 -0.9467917662953593
0.9973519758501626 -0.08538170921091218
0.9983550786343018 0.07271957759157417
0.7279674794873283 -0.6870693915528957
0.8697948807782034 0.49543704481198303
-0.8825498514719491 -0.4723417826816092
-0.0453948339331861 0.9999701540806998
-0.024533109687459784 1.0006993187411808
0.021885120397161863 1.0007607313964721
0.6490609844018149 -0.7620504173132818
-0.9875599187203048 0.16348213032972436
0.47936892216904503 -0.8787527732294721
0.09769561404363501 0.9962211436205503
1.0009987453934273 0.001584840933466969
-0.9885956051741555 0.15709783394542867
0.8731250148257762 0.4895443886773579
0.4453593836594827 -0.8964686382615098
0.781730122794524 -0.6252191736628512
-0.6775906009763032 -0.7367984646214814
0.6962816321505299 0.7191612397298635
-0.41533723503069886 0.9107666996531296
-0.9944429058089365 -0.11438665606738695
0.41148629879331144 -0.9125130278003606
0.5681099420373835 -0.8241675155927226
-0.33603803251844916 -0.9429100915257668
-0.25787892640688587 -0.9672122100734832
-0.06714327755742545 0.9987456033839881
0.9993517514600091 -0.05742017810676139
0.18982770029690982 -0.9828359192662764
-0.04614699053334153 -0.9999357255667565
-0.5993531637182457 0.8017336123307602
0.20881881740306418 -0.9789768646389891
0.6876245268477735 -0.7274431318511266
0.7904944628886519 0.6141005651702186
0.7222682870150913 -0.6930580939375037
-0.9327438240919421 -0.3633042232321834
-0.2667002802477615 0.9648170606471288
-0.19570904053854613 -0.981681705774067
0.23231015929381663 -0.9736698567219186
-0.6487420434408024 -0.7623219536864014
-0.6188182070253124 -0.7868068547324544
-0.13085602991940587 0.9924100460161271
-0.9816520758982235 0.19585760614463898
-0.5909305861198724 0.8079616589839052
0.9703312592851692 0.24588258835073698
0.9172749178397022 -0.40075893639714083
0.9884267946597044 -0.158156478206688
0.9908977343664966 -0.14185443252624771
-0.16653378148133433 -0.9870498972319115
-0.7759949407008915 -0.6323233761348855
0.9944640098830442 -0.11420303431755496
0.38852913895052105 0.9225216031000937
-0.7891803653107415 -0.615788397916041
0.4185498802613622 0.9092947804387747
-1.00075863418193 -0.02198081232161455
-0.5688303648300027 0.8236704535476346
-0.15155832897748042 -0.9894599905592716
-0.9395471387627424 -0.3453290807950355
0.9437762447383938 0.3335976616637102
-0.04127605232865984 -1.0001486327062403
-0.8072905984202093 -0.5918470154544503
0.8967420532629166 -0.4448085991859966
0.9839830507210952 0.18378888947269556
0.4886984054427177 0.873598802951186
-0.3964965381176206 -0.9191253969185827
0.37128205349859916 -0.9295970292281831
0.913775852108 0.408674310550955
-0.3770811854733705 0.9272598231143186
-0.775661016590235 0.632732951048231
-0.36453028795166914 -0.9322653426819391
0.6220334458384414 -0.7842674239431054
0.7503243853075177 -0.6625815548390218
0.48991106440359783 0.8729193255822292
-0.1514945008969017 0.9894697651762779
-1.000981519527517 0.006082562320547397
0.9860296662936732 -0.1724717286652731
1.0003202395639084 -0.03688384902372229
-0.9955489744683312 -0.10432276566049227
-0.9974915360847645 0.08373550883142136
0.6546477966066256 -0.7572564046596701
-0.959486867454377 0.2852822307515611
-0.9785796704763055 -0.21067232502273625
0.7947899861046585 0.6085309178568963
0.14793528923775937 -0.9900081566321262
-0.8459261093338694 -0.5351728856615052
0.986607987481331 -0.16913213484739612
0.21576882245911183 -0.9774685750726763
0.8625572867983031 -0.5079329945880162
-0.05971474013639614 0.9992172685709764
-0.8275387333609896 -0.5631879302571114
0.6871696770166368 -0.7278728151187205
-0.12104966189333181 0.9936538528861598
0.20965013746358196 0.9787991723849695
-0.47441934684720705 0.8814347867749884
0.6214497546081631 0.7847300188583675
-0.24531512008610665 -0.9704748795600735
0.6242228665123092 -0.7825259183714977
0.7158517216385842 0.6996837232829379
-0.2774065909760815 -0.9617934202743482
0.44983994317701276 0.8942287322170441
0.9516922118143871 0.31029491451172664
-0.6841117134029002 0.7307476743616418
-0.720494519907694 -0.6949018972365678
0.5250329596123741 0.852256646392782
-0.29169153856095326 -0.9575578553444924
-0.401991505331327 0.9167354196503229
-0.8065884063713639 0.5928036291279799
-0.08447805684364394 0.9974289237393921
-0.8850650134883141 0.4676119351544936
-0.7706176314280173 -0.638865765346894
-0.042060982602423566 -1.0001159301513594
-0.8635479378272543 0.5062469348789151
-0.4284401689735581 0.904676749789619
-0.4806427203264812 0.878056703975979
-0.9614736533094173 0.2785128614478019
-0.43728197718885536 0.9004362678312138
0.05291978996177603 0.9996001679823796
1.0009718061442205 -0.0075128759058793
0.9547892156136074 0.3006302608653234
0.6411487950928312 -0.7687192091726411
0.831060844076177 -0.5579774847100843
0.7436211399777313 -0.6700959634098831
-0.7572056265614495 0.6547065289911829
0.1992735123719784 0.980964355757606
-0.8071257045138145 -0.5920718681993585
-0.8337022478348938 0.5540230698761969
0.31235667731193023 -0.9510175109526905
0.489567574510939 -0.8731120145705683
-0.811886932100302 -0.5855259255445139
0.6941756338975194 0.7211942798601341
0.970585545649699 -0.24487690494588532
0.9509363661125234 0.3126036269858506
0.9387276095152735 -0.3475506799500476
-0.8907444742513164 -0.4567004287174973
-0.024037499933404566 -1.0007113462917023
-0.8328067616517163 0.555368254176615
-0.9860846617409093 0.17215702099919292
-0.6883606094858521 -0.7267466348792172
-0.8380182635757165 -0.5474727298355059
0.537397647032673 0.8445145167276561
-0.056071193302228595 -0.9994283472473973
0.27755062977289907 -0.9617518640026995
0.5049714520643446 -0.8642944131486836
0.5973216292129064 0.8032483247878199
-0.992367513191364 0.13117819469099318
-0.9350852998339491 0.3572344916640239
0.024317762548977613 1.0007045749993408
0.9926992723643445 0.12864351770416146
0.9217365797861314 -0.39038785519552804
0.7709864708155196 -0.6384205994635745
0.9154894027461806 0.4048211376144303
0.9195344828869098 -0.39554688063730653
0.12427717903310265 0.9932553462084028
0.9083552497780505 -0.4205849975934179
0.8822812476142411 0.47284331454326195
0.9687285223243166 -0.25212308509009257
0.9393625769059647 0.34583080994698207
0.411786914838135 -0.9123774091723723
0.9995559673195727 0.05374819248898677
0.7058248031965308 0.7097973986938658
0.4744425745282548 -0.8814222844216054
0.9518405065975356 -0.30983971662804405
0.7871150807213108 -0.618426106904523
-0.8409776567701531 -0.542915813744067
-0.5515995317806284 -0.8353077017120047
0.5220310968903538 -0.8540986675317168
0.8809234089746076 -0.475368223086647
-0.9866987380588492 0.16860189890115215
0.28006903040016384 -0.9610215076733257
0.6081621277680261 -0.7950722145495132
-0.993699529107973 -0.1206741308259264
-0.7225198822473619 0.6927957994656566
-0.816455364820007 -0.5791387029517447
-0.7707024760821045 -0.6387634095351056
0.6470482958254654 -0.7637601081945568
-0.5511336554433799 -0.8356151589323987
1.0006004905009243 0.028278232075391242
0.5318065456578799 -0.8480464598095044
-0.72306294689007 -0.6922289901720728
-0.9985916059902169 -0.06939599733327034
0.6460072133162879 -0.764640883253913
-0.14815808855797785 -0.989974838465527
-0.8005038727399055 -0.600994633693524
-0.8195294289796277 0.5747804059258852
0.9862650849453608 -0.17112037347352946
0.8376701219416467 -0.5480052616592899
-0.8673949597466617 -0.49962684456110545
0.7755329756092081 0.6328898827937822
-0.3315220945357372 -0.9445073323350315
-0.8811710140893501 -0.47490909017278926
-0.482631711251003 0.8769650114428331
-0.9116871312033652 -0.4133129259993908
0.9770773635129815 0.21753350479988381
0.9950920101884071 0.10859507935074689
-0.9982986268175715 0.07349048709969905
0.8718285310582135 0.49184958313785104
0.9889488616463384 0.15485848071194375
0.8784412238433377 -0.479939596462533
0.9574893456240273 0.2919163459220327
0.995719806016161 -0.1026794424757888
-0.08507042188217967 -0.9973785757277865
0.0006926590608491597 1.0009997603513328
0.2537473442470457 -0.9683043350556535
0.11088825206599533 -0.9948390802304402
0.9700569050511155 0.24696275217662117
-0.0005541569903138219 1.000999846608395
-0.9540454872120269 -0.30298219144095956
0.5982316752167643 0.802570783649233
-0.7436554066044356 0.6700579349787534
0.9072236159487665 -0.4230204612839016
-0.9788740040106906 0.20930046409905184
-0.8775726189597021 -0.4815260101512789
0.7059092728956962 0.7097133917574542
-0.5933096502079875 0.8062162606708422
0.6668238344760136 0.7465567451806367
0.8379653145889452 0.5475537704608107
-0.06252932698817515 -0.9990450857025452
0.7731549136448571 0.6357927960482201
0.6257684159445472 -0.7812905282967739
0.11649983389568425 0.9941975601973071
0.9941846269153146 -0.11661015223923155
-0.9971000295364733 -0.08827531420711078
-1.000653300931849 0.026343335669469246
-0.9484209631016547 -0.32015414529462166
-0.8716860652009943 -0.4921020257369481
0.9972827566943623 0.08618644441032025
-0.9603066470704612 0.28251043094421935
-0.7134824669321611 -0.7020995437830717
0.4274661218299417 0.9051374009992458
0.5762340618012282 -0.818507975538454
-0.17056480559324022 -0.9863613167054658
-0.5038366821444011 0.8649564137722326
0.4938062519010129 0.8707217612897208
-0.8197991945423724 -0.5743955785237883
-0.6074227170084167 -0.7956372558283787
0.945884621577548 0.327571797722421
-0.14994206823042255 -0.9897062070002306
-0.6216905765598453 0.784539245045579
-0.3640118164125986 0.932467906960878
-0.9994153902934774 -0.056301666445464964
0.5238059881265567 -0.8530113052022005
-0.8804744298860258 0.47619930524611004
-0.5506529820414386 0.8359319908753768
0.8323029021551603 0.5561230790608295
-0.5032781726186265 0.8652815038850975
-0.6413162555359391 -0.7685795081742436
0.8921014660287752 0.45404402243539116
-0.9436354758199803 -0.33399564184881125
0.44098438814008933 -0.898628827390214
0.16528129995489957 -0.9872603972028953
0.11690515786642981 0.9941499806690262
-0.9896771677399443 0.15013361933371944
0.44323322772457546 -0.8975217578648746
0.8604241751560321 0.5115381108060882
-0.999059273374852 0.06230223337660388
1.0004993961159667 0.03165372603005698
-0.9353397387852584 0.3565677678213841
-0.6024677427995505 -0.7993957836303709
-0.8424786117004509 -0.5405837482086202
0.11008173839746108 0.9949286461206115
-0.9800383942343777 0.20377866872296188
-0.2737269702697402 0.9628471040341497
0.585512010235428 -0.8118969675211677
0.9842573429001169 -0.18231424230487733
0.0825606750380898 0.9975894621221972
1.0005892203515112 -0.028674241338788063
-0.9970341098117842 -0.08901676174644343
0.29708521193851684 0.9558982042285918
0.7944180937370351 -0.6090163317540962
-0.9090995777077414 -0.4189736958468945
-0.7964112248430686 -0.6064075864828565
0.999206986402319 -0.059886545440489665
0.6373981287033588 0.7718319930693832
-0.06309998945866847 -0.9990092048276211
-0.9755123386336911 0.22444749313241794
-1.000847485467044 -0.01747314609036295
0.39789401858515444 -0.9185212844426398
0.4419052461858724 0.8981763487163328
0.9146667325609962 -0.4066764910173578
-0.5021954542874238 -0.8659103450664207
-0.35547338513870985 -0.9357562035370252
0.9938832335148765 -0.11915166024027299
0.7159460084060356 0.6995872447718473
-0.7412139285058055 0.6727576920325704
-0.4165144229645486 -0.910228946728519
-0.9506002604948126 -0.3136242094405253
0.9973850340669829 0.08499466935757423
0.6684202481189865 0.745127755424902
-0.03940818463276871 -1.0002239724101545
-0.44046499960971774 0.8988835208851097
0.7618913925223888 0.6492476461261105
-0.14739417570615662 -0.9900888631672929
-0.8600116324902236 -0.5122313851976474
-0.6533583636578164 0.7583692033820866
-0.9095289237633618 -0.4180408315438348
-0.8213301923193727 -0.5722042600196386
-0.8500263952361166 0.5286361011148345
-0.9950083013605429 0.10935940848233922
-0.37325955442475545 0.9288047722910521
-0.7591839607329438 0.6524114604801482
0.7389692478247181 0.6752225194477524
-0.995114595280683 -0.10838792487801562
-0.8943811365042451 0.4495368535118949
0.43165433789868796 0.9031475696547299
-0.4435527636447422 0.8973638870954811
0.4472874515945421 0.8955081996531691
0.17830538061246165 -0.9849914675999205
-0.9709807223064897 0.24330523403570162
-0.9398141761066999 0.3446016749652922
-0.9439327353730699 0.33315460538781994
0.9123054038599865 -0.41194641652509506
0.671828462470487 0.7420562761775831
-0.536838470745091 -0.8448700825145083
0.9164392097826853 -0.40266633180946143
-0.9215247462454665 0.39088763354348843
-0.975196142595719 -0.225817367503986
0.9799465348195446 0.20421995224553077
-0.8741097211505724 -0.48778396385087164
0.0810459690786619 -0.9977136617768149
0.6898790685562669 0.7253053638075053
0.052159191211725596 -0.9996401446381286
0.2828633498830606 0.9602027521794203
-0.42616189967463497 0.9057521930780551
0.9479536879154522 0.3215350767295748
0.15374225629469115 0.989123004802445
0.9625737834583172 -0.27468656938179636
0.22481029790291598 -0.9754287928684503
0.4917066208978793 0.8719091689879108
-0.9888899619870359 -0.15523415565293178
-0.805654558190102 0.59407216133018
-0.7868288925206436 0.6187901856806858
0.8947527135208129 0.448796815549244
-1.0009115427336854 0.013307277049569327
0.7791165479416454 -0.6284730739844737
-0.3559016991356128 -0.9355933841965662
-0.6207484103912217 0.7852849234492989
0.07666292333394266 0.9980600163246166
-0.814527247141874 0.5818473714501772
1.0001336358885788 0.04163784773846251
0.46528908639784355 0.8862883650816251
0.36339231546379824 0.9327095073289751
0.904956174053575 0.42784965004346526
0.9090180974635965 0.4191504485070527
0.8580787135485779 -0.5154628224758965
-0.5313022179727043 0.8483625128312101
-0.6582813557869543 -0.7540998983047865
-0.6932344246572659 -0.7220990461634119
0.7166225556809513 -0.6988942070795134
0.39882451868748914 -0.9181176413149312
-0.041859574575269586 -1.0001243802729625
0.1460134827283971 0.9902934226084328
-0.6358542555056388 -0.7731043692512478
0.37584852861766654 0.9277601433215027
0.5716462640959415 -0.8217186554686178
-0.9041158317044218 0.4296225818802147
0.96440444938142 -0.26818847479584257
-0.37271994952040727 -0.9290214417490616
-0.9786559026047124 -0.21031791244912015
0.9714273444147394 0.24151586805700193
0.7910275045362042 -0.6134137975846529
-0.2802000966014103 -0.9609833015534455
-0.7677220709724459 0.6423424489645525
0.24355835314066362 0.9709172614674269
0.11255654322683056 -0.9946517101864485
0.957225972236244 -0.2927788210857771
-0.939927392119123 -0.34429274976993685
-0.7623184041240209 -0.6487462144273414
0.9626220833704546 0.27451725739473193
0.9454676548185926 0.3287733469912526
-0.6546877878990184 0.7572218303614139
-0.19503060169834247 0.9818167162974882
0.9864933468960398 0.1697995186384502
0.49363151260842997 0.8708208367740825
-0.8311621164963194 0.5578266183155468
0.8872838181176806 -0.46338798657983193
-0.506978161938764 -0.8631188465774527
-0.3739647772136636 -0.9285210527519205
-0.3586512012348499 0.9345428378906978
-0.9728081763194252 -0.23589245873082548
-0.12796756891025943 0.992786634331465
0.07398904267865394 -0.9982618001123233
0.07396544225094943 0.9982635490453519
-0.2749044803755193 0.9625115722262594
0.42701848503649104 0.905348669539609
-0.9527783382130474 0.3069437053141567
-0.9923303682882318 -0.131458891570491
-0.7659578551510893 0.6444451599107118
0.021216925452674625 1.0007751206311715
0.9903672701909001 0.14551175256529816
-0.37320860696363267 0.9288252449671385
0.9859202184917244 0.17309628178915476
-0.8377482026705659 0.5478858904208398
0.038470102136703016 1.0002604916928348
0.9140597657390335 0.40803890091154693
-1.0008107758422606 0.01946255271058439
0.6529351868944969 0.7587335775587163
0.9996611369869967 0.05175530115712883
0.7617844110416975 0.6493731678271393
0.9156488063447411 -0.4044604596736879
-0.8647721977354161 0.5041528002737447
0.909551019091369 0.41799275552316933
0.35295365633669373 0.936709515526857
0.5333338433641256 0.8470867792159493
-0.2208837227575756 -0.9763254483115528
-0.9866436477922184 0.16892398370647363
0.1160671717042155 -0.9942481640177085
0.5391676317434296 -0.8433855967943616
-0.8685656339494418 0.49758892624535395
-0.24370710938724627 -0.9708799332739928
-0.0775464043450827 0.997991761074784
-0.3564427440425219 0.9353873904535154
-0.2796019473065163 -0.9611575058555201
0.21106527901217412 0.9784949912981227
0.34037584474550786 -0.9413529010492196
0.4750271959622594 0.8811073504949514
0.11572456583790952 -0.9942880995273087
-0.5701090931288015 -0.8227858906980938
-0.936337064737394 0.35394053342187476
-1.000604621933 -0.02813166483374349
0.966307564081922 -0.2612483331967157
0.7247283211949105 -0.6904852355105116
0.8021399768712802 0.5988091995827569
-0.14341535798819893 -0.9906730212805417
-0.6315400924235196 0.7766325460999508
0.5409173154326657 0.8422644821343934
0.7460524714399681 0.667387975512232
-0.4677451435859376 -0.8849946218208169
-0.13462231151673631 -0.9919061615101958
0.6373971154420526 -0.7718328298447473
0.5391238654142846 -0.8434135745532914
-0.1408829773569561 -0.9910363195620225
0.9327445475289876 -0.36330236588129183
0.6899244056936391 -0.7252622383857296
-0.706661494227645 -0.7089644085396332
0.3495014691499314 0.9380030506677681
0.8132215782082132 0.5836708530812061
0.8270218269823334 0.5639467152974679
0.9977493547684109 0.08060536619369536
-0.11891715970317696 0.9939113185431229
0.997964340577574 0.07789849122780045
0.26476599118913585 0.9653496619928109
0.9929400058346525 -0.12677201904631913
0.20214256051964438 0.9803771647822903
-0.7125963798487026 0.7029988616111149
-0.04449588557386854 1.0000105580277625
-0.22543462762908684 0.9752846910854979
0.7121160436724755 0.7034854229792262
-0.41927254151422727 -0.9089617901387278
0.8964366377227717 -0.44542379207704214
-0.8477143280195416 -0.5323358132517264
0.4190016679252028 -0.9090866857873885
0.6414024451211818 0.7685075818705821
-0.9857978614903423 -0.17379176125774148
0.0289307278065348 -1.0005818372270128
-0.9390296091004459 -0.3467338939773032
-0.8500480791363583 -0.5286012326476242
0.9764209509925014 0.22046116769830296
0.3838671028273655 -0.9244712258188054
-0.19327085481409406 0.9821646382757981
0.46398898934839317 0.8869696825503433
-0.280429220420566 -0.9609164648055072
0.15825799754684264 -0.9884105453770026
-0.3694964932984834 -0.9303081970186674
-0.4890185055030842 0.8734196593136258
0.8086422853885382 -0.5899988595595773
-0.7307979495925156 -0.6840580069492461
-0.9831590613106049 0.18814691111695192
0.058559226865414725 0.9992856533288792
0.7923487387568197 0.611706200876268
-0.999606848704648 0.05279344677858157
0.649468786872011 0.7617028914734395
-0.5346221993831904 -0.8462742486491481
0.843140523061824 0.5395507931335416
-0.5254379607762125 -0.8520070125153522
-0.9997068914328693 -0.05086384985064973
0.4458603783959008 0.8962195729711911
0.491425255244504 0.8720677832071737
0.5313563364416638 0.8483286177674859
0.041456351300620434 -1.0001411755031584
0.023696384726778114 1.0007194818483751
-0.854727190703157 -0.5210013718529818
-1.0009862214876926 -0.005252084518779346
0.9722710740876876 -0.23809653187808993
0.43725574430418607 0.9004490069254295
0.2685142230968485 -0.964313803693951
-0.025360486783644994 1.0006786925432642
-0.9939626797353498 0.11848709336177636
-0.6320872046432607 -0.7761873264401246
-0.23959936873820542 0.9719018173150278
0.009170153402598025 -1.0009579952658216
0.5163769427935191 0.857528922515864
0.33304793798597254 -0.94397037612591
-0.8324207177645631 0.5559467138461468
-0.896910060317704 0.44446973316626714
-0.25675076415577963 -0.9675122971339554
0.9995839446262227 -0.0532253477722853
0.809434260957873 0.5889118585897062
-0.477563563720507 0.8797352116441454
-0.18980504248009078 -0.982840295189982
-0.4201002286376776 0.9085795495709613
-0.9826025299542367 0.19103211281754018
-0.9321297279124268 0.36487692492387785
0.11455082849492552 0.9944240080021832
-0.24838630199576475 0.969693376785089
0.9718698756078782 -0.23972889872922595
-0.06712275340636395 -0.9987469829617251
-0.3027891229744894 -0.9541067796679465
0.7350898475205572 -0.6794438284893048
-0.7947890875278186 0.6085320914682293
0.6094460089951964 -0.7940885102555174
0.9114859416360177 -0.41375642375666144
-0.8850158269301455 -0.4677050203741144
-0.9905392463501912 0.14433641758057894
0.7746564207691053 0.6339624829287605
0.6522365382962259 0.7593342466340867
0.8548223534375943 0.5208452208318828
-0.9002613511024702 -0.4376419766329035
0.9971853353450152 0.08730639709007396
0.8222173303432596 0.5709287711117763
0.18307292489157131 -0.9841165094497932
0.5613940014373512 0.8287567647688672
0.09022856998585291 -0.9969251753057037
-0.9995644943579052 0.053589379722343074
-0.8159667384826764 -0.5798269411556725
0.7656647826866716 0.6447933316601311
-0.35923240378405485 0.9343195813379541
0.6963965500752348 -0.7190499600468043
0.4151488722094513 0.9108525752849473
0.044534869961075585 1.0000088226398556
-0.4974469325670354 -0.8686469646983447
0.10603972183355401 -0.9953675589416517
-0.7993631323827489 0.6025110642861587
0.20882483250112527 0.9789755815804994
-0.7807016864941281 -0.6265028944108911
-0.7909186613511666 0.6135541305593817
-0.13340465817785868 -0.992070661382771
-0.09681959073126492 -0.9963066630564258
-0.923324208340646 0.3866179073608974
-0.9814237985786641 -0.19699829335155555
0.06657283577983594 -0.9987837891837407
-0.9991467692931474 -0.06088294844261451
0.9325245078402856 -0.36386679194072263
0.9462435673478139 -0.3265334764658645
0.8516879128888928 0.5259550351873834
-0.9755165140213818 0.2244293449430607
0.026012970867861827 1.0006619435886566
-0.8748121504449121 -0.48652307389675625
0.07112644586399516 -0.9984698436601659
0.5756750174054254 0.8189012604308674
-0.25772182325933174 -0.967254083380311
0.9958170772964079 0.10173174806735592
0.3489536707132662 -0.9382069791339954
0.9865209016262331 -0.16963935467504038
-0.7599988628143232 0.6514619931515081
-0.993501316138326 -0.12229527722448696
-0.7153519338343615 -0.7001946948952409
-0.326658810643938 -0.9462003072440253
0.43485913869093207 -0.9016088561549186
-0.7255933695915704 0.6895761466326621
1.0006831029043421 -0.0251858603533331
0.9537157925893883 -0.3040183990576801
0.2538959022949188 0.9682653927502773
-0.8890251779743974 0.4600382950663902
0.7006995984631458 -0.7148573792817601
-0.4993233770679443 -0.8675696889088873
0.04720261030758254 -0.999886450343313
0.626689986302344 0.7805515108360037
-0.052577855444134035 0.9996182116772863
-0.9589568449474641 -0.28705882590229687
-0.9577898140902783 -0.2909289810673906
-0.9918787286845625 -0.13482428410006864
0.705271537662581 -0.7103471391953786
-1.0007871104391883 -0.020643632887156416
-0.19029793434307793 0.9827449802389009
-0.21226167387350875 0.9782361585038739
0.37271971963435735 -0.9290215339784573
-0.7953592438182117 -0.6077867004738772
0.05240807110269774 0.9996271275247058
0.9709112401365056 0.24358235522424962
0.2732276531080769 -0.9629889145660258
0.9886781759207491 -0.156577343373875
1.0009964045874475 0.0026829094287262947
0.8819643363350913 -0.4734341658911004
0.45019806908673343 -0.894048487829702
1.0003316596839404 0.036572812770867956
-0.939320141124794 -0.34594605428779934
-0.9073446690589437 -0.4227607497513409
-0.8804706562387067 -0.47620628251061664
-0.568546752801308 0.8238662451387897
-0.6557736235329956 0.7562816635873205
0.9144296745081736 -0.40720924643096645
0.5068980500113933 0.8631658976666345
0.2876704610647225 -0.9587735425171108
0.6351479970421072 0.7736847044199591
0.8830859514257859 0.47133873423941547
0.9827150080753705 -0.1904526526552583
0.6991575013063094 -0.7163656806178796
0.9921301455669443 -0.1329615518009391
-0.24601949318376004 -0.9702965572306262
0.49467125124482464 0.8702306321842961
1.0009655878311208 -0.008300119149668182
0.937814421726873 -0.35000730049684803
0.5287755113569422 0.849939679382722
-0.8788882584415777 -0.47912047459227874
-0.6890589641076386 0.7260845295025284
-0.7932234620146219 0.6105714858307236
0.3902553201426076 0.9217927018046904
0.17331328923330214 0.9858820942562725
-0.8765103187882378 -0.4834569898737029
0.3023602932313859 0.954242764225661
-0.6408276686509184 0.7689869303775122
0.8043769510931391 -0.5958009068053738
-0.2641173513759846 -0.9655273298576973
0.7537759333543761 -0.6586522924090822
0.7267329584967797 -0.6883750482364376
-0.5786311033799593 -0.8168151848498477
0.9985040871919938 0.07064409289447442
0.7430521841727754 -0.6707268084668061
-0.9584105623643121 0.28887747220668347
0.9167034471271885 -0.40206441029408446
-0.736206781649443 0.678233421952479
0.8050376172919076 -0.5949079212323266
0.9013514134202509 -0.4353925005386702
-0.9999454528185246 -0.04593573105498119
-0.9012388521301937 0.4356254485346911
-0.45644449651445496 -0.8908756487870043
0.013848492828947418 1.0009042008336095
-0.21678450741166294 -0.9772438167347403
