1000
-0.04184167697187963 -1.0001251292054314
-0.43067063336732486 -0.9036170679856524
-0.443557409259647 0.8973615908266133
-0.30561726495744523 0.9532046408615156
0.4517196081763785 -0.8932806924975928
0.9417612570408056 -0.3392443584452387
-0.9891198681456657 0.1537624350727477
1.000826872445033 0.018616428011129223
0.6416408686773695 0.7683085289406534
0.22924727820929958 0.9743955487550362
-0.6969121131948499 -0.7185502811093241
-0.867868696208981 0.4988034945151482
0.5305145445864888 0.8488552986123078
0.7581877162032085 -0.6535689611652032
0.13363340386691364 -0.9920398748895844
-0.08060586650788433 -0.9977493143493075
0.9274102870753527 0.3767109759839923
0.7349440743933795 -0.6796015064094978
0.8058352996612468 0.5938269695962524
0.3619972062943666 -0.933251853807467
0.4254883391069621 -0.9060688016282201
0.997355965716741 0.08533509037451739
-0.24923979329412374 -0.9694743552248829
0.7434382388464085 0.6702988773830301
-0.9984819173485675 0.07095675251819533
0.07119227666950406 -0.9984651519921027
0.6772599958509016 -0.737102366038827
0.5254390699691178 -0.8520063284682741
0.9805038223149443 -0.20152730441750152
-0.9532999746953549 -0.3053197639292875
0.9413087856401645 -0.34049782683100754
0.596883243719579 -0.8035741368204888
-0.3694430837327482 -0.9303294082646413
0.7598812139351998 0.6515992178543243
-0.44514400111432656 0.8965756065563731
0.41261992858914304 -0.9120009838432689
-0.7037473147516617 -0.7118572307561577
0.6752748067799121 -0.7389214676326248
-0.9034872608039048 -0.4309428843420632
-0.47740967838243326 0.8798187307546832
0.9525842734109047 -0.30754544712971893
-0.5431382039849205 0.8408340450838292
-0.7550443317942405 0.6571978827000197
0.4248983705780235 -0.9063456154691435
0.8728863239266815 0.4899698618300561
0.6711222798406609 -0.7426950151316983
0.9130125170699267 0.41037683130707664
0.3841097704597839 -0.9243704258777062
0.18693359707422869 -0.9833904770155596
-0.9977339536797446 0.08079577757893905
0.5934517335266066 0.8061116795917705
-0.5350665487244839 0.8459933737542331
-0.4427778695886458 -0.8977464888277427
-0.23602050510821657 0.9727771179301363
0.5353896480917302 0.8457889362696898
0.2171188241383148 0.9771695943922916
0.40778031413236504 0.9141751557585175
-0.2606676813813591 0.9664643603792467
0.7018767222622944 0.7137016650858663
0.9150434715630611 -0.40582809802898245
0.8558078582243549 0.5192243347546823
-0.9850863558183234 -0.17778040268987916
-0.9544279591778217 -0.301775199013534
0.7637207873295904 -0.6470947063611868
-0.5576674973708499 -0.8312688869289727
-0.8242380496786593 0.5680076033486876
0.7493901016024104 0.6636380607080408
0.9340967908604848 -0.3598113190328282
-0.355050359633243 -0.9359167923081115
0.5263088200966319 0.8514693334985654
-0.9869035645169252 -0.16739878835818173
0.7372301626109 0.6771208808895984
-0.9379171678790827 -0.3497318775829285
0.7973985187970519 0.6051087523910621
0.5501537694978842 -0.8362606231954659
0.695020174077351 0.720380425626272
0.4690435779858204 0.8843071423155303
-0.8797980491502921 0.47744779056074826
-0.8613094549872817 -0.5100460986513979
-0.7929016283736725 -0.6109893679290814
0.9974598085242954 -0.08411260534947204
0.9797857683481637 -0.20498987326792142
0.5836132640943774 -0.8132629082732756
0.5008571430903795 -0.8666851344146518
-0.15936654022161856 -0.988232414899345
0.9655955283289689 0.2638679133034164
-0.9853360543761737 -0.17639121278111924
-0.7327484467801563 0.6819682644678332
-0.4211719480656828 0.9080832506783494
-0.2021045912726612 -0.9803849928403181
0.04303251620069333 -1.000074598492251
0.6306398660159143 -0.7773637240001811
0.6099642514533037 -0.7936905013599515
-0.7117813626621381 -0.703824048869339
-0.09367089921293299 0.9966076272237939
0.030979600104944677 1.0005204967302457
-0.10505665614438493 -0.9954717971895339
0.7989731240620405 -0.6030281477895897
-0.88813333640497 -0.4617577035266182
0.9113397159074805 -0.4140784010422094
0.5920059264522142 0.8071740723322668
-0.5005342917016163 -0.8668716299607233
-0.3787662476810961 0.9265727870046597
0.9302679215317574 0.36959788171604024
0.2573379603003008 -0.9673562808957622
-0.7227389112281746 -0.6925673008428225
-0.8699931431562951 -0.4950888110844663
-0.31223072103723415 0.9510588713852413
-0.33368805177332916 -0.9437442895740985
-0.9910062701641243 0.1410941972420933
0.9273932902562408 0.3767528170932552
0.5744792738123861 0.8197405467341441
-0.32778657142200784 -0.945810215421363
-0.1632864898874271 0.9875922854195669
-0.6081632133842961 -0.7950713841448999
0.9259285734257316 -0.38033837160322076
0.3554306278977639 0.935772444963091
-0.37859984624611503 -0.9266407914733832
-0.8745256018063347 0.4870379572325632
-0.8006072725911003 0.6008568840200132
-0.601103134002867 -0.8004224024175807
0.49837243513138374 -0.8681163032112775
-0.784096253438908 0.6222491987484338
-0.8361142085678628 -0.5503762624159371
0.4136609851257853 -0.9115292586553461
0.13965930321415176 -0.9912095030949499
0.9891355055375869 0.15366180945473232
-0.2068524145739751 0.9793942406329109
0.6172575022208444 -0.7880318368899091
-0.7162879000892073 -0.699237187359049
0.2952813844995458 0.9564569535363477
0.634755048349765 -0.7740071243822549
1.0009997142868274 0.0007563052887383765
-0.14558972384537366 0.9903558109642352
0.6524016461431787 0.7591923946600564
0.868738254407758 0.49728748760506886
-0.9567255353451192 -0.294410003258373
-0.5102255780581455 -0.8612031464731369
-0.4007777909771678 -0.9172666800115774
0.8607014858195985 -0.5110713769210085
0.9277537785411544 0.3758642393240021
0.12368557486073987 0.9933291894288461
0.8340697346983085 -0.5534696718523006
-0.7863530082902535 -0.6193948226719922
-0.9832609251141959 -0.18761384049044882
0.8945980816825533 -0.44910496796394467
0.5530469908287966 -0.8343500619855031
-0.06265372252909941 -0.9990372921233955
0.11338177603789487 0.9945579786329667
-0.9335849147315222 -0.36113737965729414
-0.9849106420398769 0.1787512998458962
-0.991366082062148 0.13854346370993564
0.5746724287843442 -0.8196051485899187
-0.9583591168671025 -0.2890480982772716
-1.0009974976324427 -0.002238243415644404
-0.0722893898898193 0.9983863200732258
0.4413458753446145 0.8984513444345754
-0.09116823867474609 0.9968396823245674
-0.903563604382525 0.43078279078354526
-0.7597119387470502 0.6517965711210809
0.12364687964769112 -0.9933340068443189
-0.5028833780258694 0.8655110098117127
-0.8517035565686756 -0.525929702268534
-0.9496164027344167 -0.3165907257923802
-0.33748424824075834 0.9423934328025478
-0.8998711685162141 -0.43844370228486973
-0.9804635668489841 0.20172306284053862
-0.86889668199642 -0.4970106196205592
-0.6679156778784986 -0.7455800743341426
-0.98707959172475 0.1663576857271728
0.8666130722292208 -0.5009818190727396
0.9976716355142699 0.08156168028113313
-0.17038484842987356 0.9863924185766683
1.0009918927970995 -0.004028716232239242
-0.5438901208415291 0.8403478663333338
0.12958953651814725 -0.9925762197559499
0.7070718221152003 -0.7085551766592992
0.8226877123232844 -0.5702507588704121
-0.3982398366772726 0.9183714022568752
0.9366782938923611 0.35303650484177357
-0.3947104920826444 0.9198938131327314
-0.9963580340598432 0.09628950080047304
0.9280530972397777 -0.3751245775787768
0.2712852641809018 0.9635379107426434
-0.9229923026028344 -0.3874096144082099
0.31573301671578746 -0.9499019223875422
0.8337240746092863 -0.5539902232141729
-0.995949993180377 -0.10042216430652716
-0.6491755783946895 0.7619527993359696
0.9628018887604662 -0.2738859671455967
0.6769133785577762 0.737420692637179
0.9789692348190238 0.20885458404798074
-0.9745279284516214 0.2286838793351894
-0.30233601506912017 0.9542504566371057
-1.0000219197200582 -0.044239801982033096
-0.9656025992670254 -0.26384203662184774
-0.6393065676523377 0.7702519799108516
-0.9874758306329988 0.1639892798803299
-0.7127350920903762 0.7028582278830653
-0.09501917560773034 -0.9964799828731269
-0.8351240119087462 -0.5518775994126237
-0.9448774290563423 0.3304657986235138
0.7886160325457968 0.6165109514126467
0.7083494827234884 -0.7072778876264734
0.9880559763238439 -0.16045680929999692
0.8556024065147738 0.5195628181135826
0.6970836223741844 0.7183838969643498
-0.7070084186145733 -0.708618441764057
0.3298700409917116 -0.9450855813396618
0.12003682073419168 0.9937767162034072
0.13747128471222173 -0.9915153281112559
-0.5229745098013736 -0.8535213307809084
0.6915607713090024 0.7237020793023173
-0.5514331904441349 -0.8354175222465725
0.08224878869301372 0.9976152248028957
0.9896006639158968 -0.1506370670758568
0.8567058359763823 -0.5177413549292813
-0.293552854281853 -0.9569888827687484
-0.7062785962423017 -0.7093458567511365
-0.5428963297138931 -0.8409902348916923
-0.9191036997886449 -0.396546830821814
-0.4479548035535589 0.8951745606155777
0.407612278807179 0.9142500916957124
0.14977016933004964 -0.9897322346871643
-0.864390584090962 -0.5048068126866808
-0.1455376274575866 0.9903634681237069
0.7950123616382536 0.6082403676527617
-0.13555616131488746 0.9917789709050965
-0.8867436534116289 -0.4644208147081664
-0.983942298481056 -0.1840069380752166
0.7109301246067496 0.7046838709142076
0.5507054130193755 -0.8358974506906688
-0.9870181394190777 0.16672190155376126
-0.5580708622472146 0.8309981424231047
-0.6854541716086295 -0.7294885733336248
-1.0009467611730565 -0.010323821829560341
-0.24816713783405964 -0.9697494891461665
-0.8139488829247324 0.5826561730433998
-0.7084308728379979 0.7071963648167265
-0.5302923846803951 0.8489941028947019
0.880989434118653 -0.47524584897850036
-0.9277702165186654 -0.37582366256119204
0.4491204739434225 0.8945902972226087
-0.11624907382403746 -0.9942269121458408
0.9727103445957932 -0.23629554696678712
-0.6322991425968694 0.7760146868914685
0.3786696526900298 -0.9266122674191251
1.000174978364491 0.04063265501527095
0.8985289596951914 -0.44118783821528573
-0.9985954432126081 0.06934075854080878
-0.9346502905458065 -0.35837108474685764
0.9608560595211822 0.2806361218400551
0.9408210536398897 -0.3418431585214598
-0.13482601460835542 -0.9918784934581591
-0.952119434065065 0.30898152578369514
-0.9428618348044568 0.33617340833143416
-0.9462840381897558 0.32641617464103834
0.6997959327111296 -0.7157420293380571
0.9493526358091535 0.31738080106114275
-0.617408770317611 -0.7879133266641043
1.000997202253317 0.002366660311894483
1.0004592257117537 0.03289890101870223
-0.7258345355495713 -0.6893222954493333
0.042936962397734105 -1.0000787055327474
-0.5555867221254901 0.8326610319919225
-0.9925201650261164 0.13001816033358804
-0.5203654152179056 0.8551145155153763
0.459914013648549 -0.8890894780896252
0.0105525149125713 -1.0009443762912202
0.37797832771645073 -0.9268944836261975
-0.01960244253376761 1.0008080456544652
-0.852059698432522 0.5253525200349567
-0.4138771051640731 0.9114311503459858
0.5136081207947973 0.8591901409197134
0.8517261859888703 -0.5258930538625247
0.867381192650484 -0.4996507446569292
0.3122450338979315 -0.9510541723824567
-0.9978489802705416 -0.07936253885203225
0.42549025700515986 -0.9060679009840725
-0.6810337513947925 0.7336170864021202
-0.4259033955655405 0.9058737757799056
-0.6487947990105288 -0.76227705512949
-0.551322408788968 0.835490635236045
-0.9469330307556753 -0.3245286355067475
0.9989240995340817 0.06443324739623177
-0.9138568323497952 0.40849319451809507
-0.3431851470458627 -0.9403323640325848
0.9563980664973478 0.2954720602698918
-0.27378398417202254 0.9628308937767284
0.9639826883774115 -0.2697005311612463
-0.9702449052341183 0.24622311806009736
0.851941443916178 -0.5255442665827663
0.16130286000028268 0.987918208839036
-0.995851602817952 -0.10139322050766483
-0.48020888134279877 0.8782940454537409
-0.4615967301918143 -0.8882170110261486
-0.6851288567782268 0.7297941145348872
-0.5497578151672377 -0.836520976821589
-0.18127543011838726 -0.9844491954567253
0.28632579006313763 0.9591759702706902
0.1936760660182613 0.9820848137771453
0.9894690325967617 0.15149928558256828
0.7606120792793379 0.6507459295718738
0.9800845400866238 0.2035566119859315
0.989184754058114 0.15334445649904835
0.917243270748312 0.4008313638763048
0.22530295488313345 -0.9753151175496712
0.5249252766822339 0.8523229751098348
-0.9854469049343536 0.17577086662841188
-1.00098133894703 0.006112207441789604
0.3794452739182898 0.926294922851828
0.8863274735191761 -0.46521458455761483
0.038906172162331505 -1.0002436252072167
-0.9915142319811701 0.13747919034817815
-0.3941867420827432 0.9201183686712231
0.6336025446184609 -0.7749508471206489
-0.6338493887132355 -0.7747489609078916
0.0016252972571052884 -1.0009986805230195
0.061432022409152374 0.9991131600688289
-0.7359409023090308 0.67852191439081
0.941635792132427 -0.3395924542376301
0.6018817866643283 -0.7998370552067189
0.8070014127956966 0.5922412681886915
-0.9860834284914599 -0.17216408468239783
0.7700085969437691 -0.639599687799086
0.9960916299998649 0.09900739691665589
-0.825403121555414 -0.5663132409952805
-0.46543361535019484 0.8862124743547942
-0.4542230843107811 -0.8920103080565835
-0.660485054042931 0.7521705214816029
0.6169891462154458 -0.7882419637727589
-0.9466893490266436 -0.32523879909923087
-0.7328410086989131 0.6818687967411029
0.6251898901827296 -0.7817535425012837
0.852135345942903 -0.5252298089358306
-0.6220952225606009 -0.7842184224227817
0.9549489324610104 -0.3001225356276607
0.6159251876032436 -0.7890736108094791
-0.9945245680642191 -0.11367446290472823
-0.8714157971590182 0.49258045887115015
0.10566847118549956 0.9954070394553773
0.8357354234258093 0.5509512701058807
0.6885596266651444 0.7265580778759239
-0.23331462003866418 -0.9734296523510129
-0.9953313152229186 -0.1063793821029953
-0.7085883805220891 0.7070385470319728
-1.000825873330242 -0.01867006354457328
-0.966915096598176 0.2589907256458039
-0.990892400502547 0.1418916862479971
-0.8575149421945716 0.5164001587074123
-0.9902243675007845 0.14648106364875751
-0.3230547326341313 -0.947436879017642
0.30256278880590753 -0.9541785780607275
0.9722322696013068 -0.23825493477762816
-0.9943737188084217 0.11498655287949879
-0.48047407242997453 -0.8781489997275835
0.7495789009207126 0.6634248045517267
-0.9336551827003677 0.36095567569542786
0.706149564425164 0.7094743072600666
-0.9907355986744026 0.14298242381241477
0.6791904143053685 -0.735323997375104
0.37394637054713814 0.9285284658827765
-0.19341942191764058 -0.9821353914939863
-0.9616011113480518 0.27807247734033613
-0.4233184708086711 -0.9070846003941464
-0.9563473457640231 0.29563618562366134
-1.000283854057088 0.03785777744001912
0.6866248204392936 -0.7283868175335877
-0.4666397121050856 0.8855779915323567
-0.7532343390831066 0.6592715907924712
-0.3471870681786762 -0.9388621515906875
0.9404417588317724 -0.34288525521725577
-0.75859888392049 -0.6530916729790597
0.185352638602108 0.9836896865186888
-0.987252986620047 -0.1653255588522146
0.1821243901274448 0.9842924903303419
0.9745873850106581 -0.2284303591427534
-0.5595215859175741 -0.8300220448230775
0.5988063339196252 0.8021421161226596
0.4291389451478042 -0.9043454902621176
0.6063829301060037 0.7964299982271245
-0.48278728960736556 0.8768793719740325
-0.09580344911717667 0.9964048871504256
-0.8022991265163232 0.5985959501960776
0.6121622205165793 -0.7919964745958223
-0.8173090534177946 0.5779333103406556
0.08548542750552479 0.9973430912600727
-0.9838949624404623 -0.18425987866131166
0.9584310495381303 -0.2888094930594183
0.18158474481511322 -0.984392188332694
0.7014548267844285 0.7141163252445832
0.16945021003822516 -0.9865534077372605
0.7419456013635064 -0.6719506861499175
0.9943751932748544 -0.11497380136185839
0.7913460317819035 -0.6130028205343222
0.6810801465764503 0.7335740139477414
-0.19018589909761635 0.9827666680267658
-0.9466682942491103 -0.3253000778719243
-0.0674221490796288 -0.9987268164085134
-0.38690933206239225 0.9232021277938183
-0.7744708493715136 -0.6341891701012927
-0.9782643185074169 -0.212131853183861
-0.26297430002460503 -0.9658392814162039
-0.5370900045303805 0.8447102029889042
0.035487379843498035 -1.0003707542065807
0.98911844878152 -0.15377156525196578
0.7340764116858371 0.6805386262413363
-0.8631963262385289 -0.5068462314827913
-0.61381997541418 0.7907123609648046
-0.9648983670755091 -0.26640597068199523
0.9944322730390673 0.11447905633063965
0.9995975268003299 -0.05296965560265341
-0.17602177760290053 0.9854021178227267
-0.9542884853786718 0.302215960322549
0.8317356663423788 -0.5569710776458675
-0.7058542439389649 -0.7097681215110695
0.005488567388448145 1.0009849527480532
-0.7947199491743059 -0.6086223807784173
-0.9985135232194574 -0.07051059457887103
0.7258451576727185 -0.689311110517643
0.9139714893126625 0.4082365940525098
0.6444287478651503 0.7659716632650027
0.6182067683187134 0.7872873627875229
-0.44641716686723587 0.8959423603816433
0.24168675186561261 -0.9713848433924887
0.916755218288112 -0.4019463518201353
0.30688208041169374 0.9527981888743233
-0.6225631046773011 0.7838470390928066
-0.13858596039501248 -0.9913601422194621
-0.7646927223411696 0.6459458494320176
-0.08184517569110086 -0.9976484186406015
0.3214741070117333 -0.9479743659619752
0.427031973797976 0.905342307281729
-0.09988864990502806 -0.996003643376946
0.23172963112581196 -0.9738081834007635
-0.9963052975739892 0.09683364098289866
0.04421978508127007 1.0000228050436482
-0.9963314617522713 -0.09656406330816064
0.7803806938814535 0.6269026819348448
-0.89507021496676 -0.44816326297383874
-0.9994676613792103 0.055365999107504595
-0.7702404698278015 -0.6393204350241337
0.9956451253590491 0.10340108485293162
0.6842422486279102 0.7306254479503305
0.717030465316889 -0.698475705953647
0.3700733587014159 0.9300788725583724
-0.9295737486472957 -0.3713403369226325
0.010196846177363173 -1.0009480627525262
1.000272810692247 0.0381484493765111
0.9838186307951986 0.18466700219655066
0.055963807758361586 0.9994343661397607
0.9796970488313782 0.20541346720964576
0.725929578520033 -0.6892222043940018
-0.8082824011383358 -0.5904917950404106
0.89953689415811 0.4391291109097428
0.29362827170197375 0.9569657454984017
-0.24845574215137586 -0.9696755870867375
0.6798046030813826 0.7347562191838622
0.8047382460692358 -0.5953128213917537
-0.9699707879064404 -0.24730076952601515
0.5055317133042349 -0.8639668320275292
0.008677345730334973 -1.0009623887394952
-0.9997605253640701 -0.04979851326855625
-0.8784403557022333 -0.47994118543185454
-0.9594267570623685 0.2854843215183399
1.0008805753541112 -0.015462014061022386
-0.4348340098912755 0.9016209757108993
0.8666346022761036 0.5009445739178536
-1.000950472322154 -0.009957507622739743
0.9649931032973337 0.2660626065206862
0.9435711515784924 -0.33417732105700687
-0.9926384239328925 -0.1291121966818907
0.8862892542421337 -0.4652873927100567
0.966769177657375 -0.259534886155374
0.9305859216924569 -0.36879647822044154
-0.4158692003935318 0.9105239196001632
0.8866232475487023 -0.4646506396274437
0.8651294834792851 -0.5035394491148287
-0.43240078479777705 0.9027904304467712
-0.6640147951710398 -0.7490563074922754
0.8406559003846618 0.543413891199382
0.963850028734569 0.27017424397667955
-0.9359245237347917 -0.35502997883531356
0.9270565877232262 0.3775805651234823
0.999543794074403 0.053974102376487795
0.9939002419536676 -0.11900970147194366
0.645910023276006 -0.764722983721288
0.9817123269837531 -0.19555538102579703
0.8372989678669038 0.548572181585083
-0.9660451710587987 0.2622169473431806
0.9780054117691847 0.21332232548467006
0.25026150313276996 0.9692111122194826
-0.602177138154335 -0.7996147161503813
0.8975604897219474 0.44315478931192653
0.7513505745925575 0.6614176547835972
0.5404951326285597 -0.8425354660813013
-0.9235494102914994 0.38607963783424737
-0.9959910267345848 0.10001437228812436
0.018128587426037096 1.0008358278548668
0.5249707932415882 -0.8522949408762776
0.8246742955596212 -0.5673740443862781
-0.9874368060983084 -0.16422409677745683
-0.5857704734536487 0.8117105102374172
0.3335318406093404 0.9437995079993131
-0.06154338387605017 0.9991063066066018
0.6097358144836165 0.7938660066635936
-0.6656854663160485 -0.7475719764247353
-0.6946767832685417 -0.7207115697612129
-0.991525243924491 -0.13739974767254315
-0.9807781233615416 0.20018809339072258
0.6383993906984694 -0.7710040323862275
-0.5952992852631801 -0.8047482593737912
0.9464694082155345 0.3258782891082743
-0.48814928486287007 0.8739057590426261
0.28114295538580164 -0.9607078841338491
0.056100231034100945 -0.9994267177126698
0.7289951778032084 0.6859788850538102
0.9109806724510872 0.4148677071315205
0.26161935253001245 0.9662071798438351
0.3663897799731383 0.931536112628617
0.9997496847963349 0.050015675039222614
-0.9066253632467427 0.42430113211929077
-0.5141268715070458 -0.8588798286107188
-0.9913667432123088 0.13853873268014372
0.09017525010957082 -0.9969299996828646
0.9477210157006278 0.32222022965569747
0.834995338200703 -0.5520722644573749
0.46529233938320486 -0.88628665730186
-0.7460626499080499 0.6673765971415079
0.8260926266539846 0.5653069716427707
-0.8322321634262194 0.5562289332270611
0.8495039929886928 0.5294751796791487
0.3487274151696544 -0.9382911008365642
-0.9927619121529485 0.12815922041906033
0.9724803413074351 0.23724035443105934
0.9536748694692948 -0.3041467463950972
-0.560004720893615 -0.8296961567808208
-0.8785371682282569 -0.47976394616673246
0.9226803801435584 0.3881519239912879
0.010358361569053481 -1.0009464043322223
-0.9605621527100492 0.28164046367849227
-0.8512139798503252 -0.5267217106854151
-0.43800830072909436 -0.9000831786520683
0.24815450817428583 0.9697527210958361
0.9117851683274929 -0.41309660712478086
0.7604769534773669 -0.650903835623806
-0.9345670074643865 0.3585882158675341
0.9717640049179704 -0.24015769557893962
-0.5286226608086877 -0.8500347536892495
-0.6046412250412534 -0.7977530877286608
1.0004379008679867 -0.0335411166608466
-0.3599733332471159 0.9340343673286121
0.7108042788832588 0.7048108094526152
-0.29645185071398317 0.9560948175825733
0.9532909040538077 0.3053480837475061
-0.9502281786616944 -0.3147497553252092
-0.997261137647074 -0.08643623857424448
-0.9699297696117041 0.24746159706303267
-0.7505693200097455 0.6623040811138854
-0.3500206591575208 -0.9378094359532402
0.05674807792263624 0.9993901418625692
-0.1294117911750223 -0.9925994097846687
-0.7851957531344255 -0.620861199673214
0.9278536507705644 0.37561762838255547
0.5222966517562175 0.8539363018189614
0.999310545674842 0.05813289346875317
0.4883711087384607 0.8737818149570101
0.7411946294922266 0.6727789541980937
0.168876952774461 -0.986651698838862
0.575460259107809 0.8190521901488167
-0.3690761349787097 -0.9304750435069054
0.7568318958119711 -0.6551385208348367
-0.4268220559547547 -0.9054412916089901
0.6832209346100894 0.7315805864773313
-1.0004539014062732 -0.03306041682990521
-0.882194962224727 -0.4730042797114128
-0.6482190358702857 -0.7627667281255764
-0.5536720334165892 0.8339354168113615
0.3201419297068742 -0.9484250865743477
-0.3098635490451244 -0.9518327484244067
0.9602629067637496 0.28265907007140983
-0.062075863062197194 0.9990733642856681
0.967874241009178 -0.25538295477754164
0.2602252524753467 0.9665835804389302
0.4858550460140615 -0.8751833375143029
-0.006460408400045553 -1.0009791521921447
-0.3399054143391211 0.9415228671163279
-0.8850079062170247 -0.4677200080532776
0.4121074546730548 -0.9122326708701548
-0.3747408280828311 0.928208118779293
-0.9602504176826969 -0.28270149511491105
0.2702562467629447 -0.9638270389886384
-0.3977179761920594 -0.9185975241713275
-0.21471348625606765 -0.9777009352658743
0.9241867730694422 -0.38455143802031394
0.4321798511365307 -0.9028962156702209
-0.6627644323756806 -0.7501628537709274
0.9502668889020819 -0.31463286518791755
0.03110921860083213 -1.000516474885869
-0.36648952752339686 -0.9314968739698901
0.8572660639658861 -0.5168132114917703
0.7159879281858131 0.6995443421915347
0.2036406273979323 0.9800670869246536
0.4919948178421602 -0.8717465796987446
0.39399159599238004 -0.9202019464701089
-0.9663580594703144 -0.26106148872778684
-0.8454431390915595 0.5359355358277802
0.0026098933340587675 1.0009965976249793
-0.9122828586957482 -0.4119963418889948
-0.12035211002642014 -0.993738582129218
-0.9185200356528606 0.3978969013504222
-0.9900274064096518 0.14780640905514994
-0.9317468548179443 0.3658535206019872
0.7353611397027559 -0.6791502000405093
-0.8438475555263217 -0.53844433605736
-0.6250807522985942 -0.7818408105911482
0.41603606789188474 0.9104476866976263
-0.5008480185523755 0.8666904074190273
-0.6062237987004663 0.7965511319991809
0.44152372606664153 -0.8983639570464909
-0.23386559748105998 0.9732974274674864
0.5600870957527516 0.8296405517880909
0.034462059865095825 1.0004066005529224
0.9719703194449077 0.23932132817232168
-0.9675609908293725 0.2565672017723291
0.6356683302781306 -0.7732572494851978
-0.77144468460761 -0.6378668345279171
0.6987140671037139 -0.7167981950531034
-0.22594269185439514 0.9751671138823282
-0.9991385895068434 0.06101703826207433
0.9899330431669433 -0.14843709120780704
0.8820728491847798 -0.4732319608089087
0.5784522336241982 0.8169418666069062
0.9207401128580371 0.39273228104418545
0.4718115233038665 -0.8828334420929493
-0.8195472645738596 0.5747549748627706
-0.6316802226032582 0.7765185743894978
-0.7203601709484149 -0.6950411672060659
-0.3720359983652829 -0.9292955482086134
0.958219523402853 -0.28951052652642745
0.8069306159034058 0.5923377255567556
0.11825245036355404 0.9939906226836424
0.8037907932452097 0.5965914520794247
-0.9194836526214458 0.39566502569967504
0.9340135655232059 0.36002730371268765
0.58887982636161 -0.8094575653512172
0.9383907510291716 -0.3484591774984659
-0.8310182315555716 0.5580409472630574
0.9863287949342341 -0.1707527694755827
-0.8161140987670568 0.5796195112257996
0.3583790243446138 0.9346472462430961
-0.012708732580206791 -1.0009193214821086
0.430182373534807 0.9038496144270682
-0.9756876994843221 0.22368395801887844
-0.7564023849622923 -0.6556343737353587
0.1469627248888005 0.9901529970127135
0.9808293427057596 0.19993699129322604
0.05740751943004171 -0.9993524787145371
-0.874538302539332 0.4870151510904191
0.9661124254121932 -0.26196904676730276
-0.48289924803442136 -0.8768177212213439
-0.8589455992333513 0.5140169817794534
0.9060836725805309 -0.4254566702767479
0.6626319979484495 -0.7502798379903635
0.9981317195749033 0.07572364477788059
0.717977820156937 0.6975018636266809
0.42965416201419154 0.9041008246118808
-0.38736192153255344 -0.9230123193904879
0.8915805305498476 0.455066102390029
-0.9882617042918511 0.15918481029974524
0.19470383488281368 -0.9818815695805305
-0.6256939512840906 0.7813501643479075
0.9977133988338824 -0.08104920596367472
0.42133881570561127 -0.9080058382960943
0.885831097398546 -0.4661590574918476
-0.9661401712972781 -0.26186670159771386
0.11774954460060809 -0.9940503230452418
-0.9101728833334276 -0.4166369192048573
-0.9830778472437283 -0.18857079906135207
-0.3185188480196444 0.9489714134030797
-0.9915748192467683 -0.13704151865671552
-0.935203270013107 -0.3569255437157612
0.13017360259994298 -0.9924997900181904
0.9616976292602232 0.2777384918862818
0.9003945584780602 -0.4373678532575287
0.048061370757542125 -0.9998455403915677
-0.9312898543373789 0.3670152683585026
0.6741920891782627 0.7399094720906398
-0.9166038532134496 0.40229140715935857
-0.08247269848277805 -0.9975967391711787
-1.0004920993671103 -0.03188352402091542
-0.9304355439229818 0.36917570153619944
0.34688237805007544 -0.9389747684567059
0.19543823740076235 -0.9817356545229898
0.8088529962123893 0.5897099545693971
0.946241691278381 -0.32653891297459353
0.3501643945787214 -0.9377557767187135
0.7568060727842068 -0.655168351034256
-0.16109260782745147 0.9879525149030954
0.4708286988452126 -0.8833579887812891
-1.0003245491974138 -0.03676678219522299
-0.653695634513061 0.7580785034668681
0.9995479570873702 0.05389695244134625
-0.8495290957607194 0.5294349020002124
0.22187177256284157 0.976101386404006
0.707087126435898 0.7085399040481942
-0.36134717413489226 -0.9335037331177245
-0.36562407556717313 0.9318369145755334
-0.8988922282937586 0.44044722943058845
0.41958986712375956 0.9088153516567959
-0.43439570698883945 0.9018322292697607
-0.8176394812794943 0.5774657380771603
-0.3722421723680474 0.9292129815659685
-0.9983593535780818 0.07266086376554183
0.5974237075674821 0.8031724059231141
-0.4175339371687483 0.9097617332644651
1.0009615745895795 0.008770757957549726
0.9954533585469768 0.10523122615243112
-0.9238625112436121 -0.3853298072024102
-0.4984940847976097 -0.8680464546450227
0.15463744725899262 -0.988983447740771
-0.9979892581454449 -0.07757860933469078
-0.998474778342261 0.07105713908097419
0.9932756573485052 0.12411473932976225
0.7856669560185285 -0.6202648097551395
-0.08422593347657281 0.9974502454408439
-0.7091252509222742 0.7065000909443832
0.9882709966261576 0.15912711028464363
0.9280123747268214 0.3752253087864485
-0.9848381850710369 -0.1791500745910703
-0.9943584872922675 -0.11511819469498935
-0.9619741330183869 0.27677927560336424
-0.9941633341434427 -0.11679154526246155
0.15132140657120982 0.9894962515913391
-0.30320334429461826 0.9539752260979104
-0.682072365190828 -0.7326515465369534
0.31524455944510965 -0.9500641387507787
-0.2484535409620783 -0.9696761510851986
-0.5370834997901759 -0.8447143388466519
-0.8724364495709 0.4907704569960608
-0.6049722748770957 -0.7975020668500062
-0.6713688076632451 -0.7424721705874453
-0.9867300375935313 -0.16841862400182567
0.8074045941341543 -0.5916914917176531
0.2548390112030774 -0.968017602303304
-1.000809484308974 0.019528853453424422
0.7254004199495615 0.689779117353519
0.1612271663976113 -0.9879305647743656
-0.9860750049821996 -0.1722123240344753
0.661572873655167 -0.7512139061836145
0.064447961051264 0.998923150355589
0.9815173233637379 -0.19653178861671106
-0.9989376937718805 -0.06422214541508757
-0.6628778271271659 0.7500626549183522
1.0008874376245418 -0.015011235971057878
-0.7075559319558029 -0.7080717500043022
-0.8740352036787199 0.4879174753278455
-0.7486446653768558 -0.6644788672356523
-1.0004114063765401 -0.03432226670418705
-0.5823107264985351 0.8141960561220795
0.8526699244599135 -0.5243615164383495
-0.7125296533155611 -0.703066492691841
0.7096222655224069 -0.7060008783810731
0.4749686668004304 0.8811389025334324
0.31543441873865735 0.9500011197230271
-0.0008177429048205728 -1.0009996659822327
-0.05118363702634732 0.999690569776846
-0.9946962301337569 -0.11216242578373661
-0.08978273675538875 0.9969654257699775
0.2792357783754843 -0.9612639492226042
-0.9650093105524501 -0.2660038167904455
0.8375782283942045 -0.5481457026375612
0.7534275482430722 0.6590507791880935
0.7982954527170519 -0.6039249706472462
0.993122375048223 -0.12533534289487847
0.9402649578927094 0.34336978457491174
0.42630693722862134 -0.9056839378451802
0.09267347206955147 -0.9967008716633964
-0.931235160670469 0.3671540215373461
0.9705294294578557 -0.24509921777967597
-0.5321753776279635 0.8478150549775195
-0.926401359818391 -0.3791853379636875
-0.9630998467092236 0.2728363708684567
0.2576487289430443 -0.9672735561742777
0.6177536245835957 -0.7876429770611998
-0.2264674310295523 0.9750453849349141
0.42397102798235 -0.9067797789053246
0.5613549969774712 -0.8287831847765876
0.7940502963246335 -0.6094957972839203
-0.9998383674596443 0.04821036149660334
-0.999744550482904 -0.050118198089476824
0.8632600696409645 -0.5067376561530406
-0.8883815161221674 0.4612800470565351
0.8988388735992527 -0.4405561023375191
0.8243496388296452 -0.5678456418441843
-0.6301588418124684 0.7777537104286731
-0.91766258051874 -0.39987046442027585
0.8929284965081233 -0.45241540659414153
0.5152841339977933 -0.8581860295123338
-0.7174722565197325 -0.6980218915796861
-0.12037185830883779 -0.9937361902070776
0.7574863594797601 -0.6543817045135811
0.895989164394893 -0.44632322064501817
0.7906177671087887 -0.6139418102165002
0.7252524512386717 -0.6899346939908865
-0.679843303913552 -0.734720410852935
-0.3307388827558737 -0.9447818750555053
-0.8736314626792692 0.4886400182310908
-1.0008079824920406 -0.01960566704326094
0.5596597652782538 -0.8299288807655086
-0.9908397790731653 0.14225868060066044
0.3413242818755649 -0.941009423227063
-0.1225834953579427 0.9934657954181559
0.9582255760697588 -0.28949049270361016
-0.9017976286274298 -0.4344675327362727
0.24798089922230515 -0.9697971301364513
-1.0007972825607525 -0.020144458766945955
0.6912391605431416 -0.7240092699210506
-0.9995625009907527 -0.05362654765236422
0.8215034887060373 0.5719554336168243
0.08750912966222682 -0.9971675647682087
-0.7072954210784905 0.7083319753628243
0.5688519466261706 0.823655548648594
-0.6929634763074217 -0.7223590661879543
0.8819595030292677 0.47344316978531553
0.6532110975890584 -0.7584960527164908
0.9008573739550351 -0.4364137850605067
0.049003692299818206 -0.9997997990302783
0.9536499129768938 0.30422498825567035
0.543257768738081 -0.8407567999759037
-0.9769753893550919 -0.21799102870179485
-0.5662692531997325 0.8254333000797928
-0.9951782339528344 -0.10780205316466608
0.838424962059784 -0.5468496895811953
-0.2415380831610484 -0.9714218210349644
-1.000955617003535 -0.00942617573954634
-0.5925790629466493 0.8067534035610082
0.9019172059270677 0.43421924606437173
0.9996509767283138 -0.05195117636904973
-0.28519916733346146 -0.9595115606142014
-0.613861410748539 -0.7906801935003896
-0.20603531956285046 0.9795664587421489
-0.25026391765632583 -0.9692104887584058
0.04390869432868744 1.0000365126145894
0.9684424612080542 -0.25321966615823205
0.6083060480030837 0.7949621072496915
0.615435842085508 -0.7894553339337836
0.6296201380138073 -0.7781898751638152
-0.2518417235727287 -0.9688017063712869
0.9805310772316219 -0.20139465380936794
-0.7039959613398776 -0.71161133100671
0.257568753868657 -0.9672948552693471
0.7859662096004204 0.6198855679610132
-0.5092075501714175 0.8618054715818549
1.0009437557172676 -0.010611215322050891
-0.5581609667095319 0.8309376241583245
-0.5416287864002168 -0.8418071380919909
0.2601013158513694 -0.9666169383434092
0.6882640758859501 -0.7268380575099649
0.9982737096302292 -0.07382818337938919
-0.0995189777155898 0.9960406483042968
1.000048599151117 0.04363254904183806
-0.8357877361126648 -0.5508719090348196
0.24059439651755893 0.9716559763436602
-0.3356765158853325 -0.9430388521599118
0.693240854259801 0.722092873517764
-0.8708656817326956 0.4935523927408795
-0.31358295217952076 0.9506138711918611
-0.40697084268414496 0.9145358020356321
-0.6896800777710773 -0.7254945832504063
0.9762992790202979 -0.22099936150235064
0.8622299383888583 0.50848847906904
0.1861079518667141 -0.9835470656008165
0.2101294128032383 0.9786963931040955
-0.7331838253707 0.6815001674356264
-0.8292555614960239 0.5606569483453445
-0.12307378565630459 0.9934051757889255
-0.3093134607498202 -0.9520116506634619
0.38409437478911995 -0.9243768231924441
0.9175294052408128 0.4001759494502891
0.9751282765395474 -0.22611024809373864
0.47382862571521434 0.8817524785634749
-0.9929973979770582 -0.12632168305873687
0.9806133800336289 -0.20099352949540866
-0.9971986727114294 0.0871539278665263
0.3538544564168879 -0.9363695977945401
-0.910438001447742 0.416057262308737
0.2412341203348143 -0.9714973490371903
-0.7907351116025348 -0.6137906673116875
0.8473472980610725 0.532919840565727
-0.5711104661757858 0.822091135717006
0.5206145977152643 -0.8549628299790427
-0.7542694613287532 -0.6580870608869563
0.006110636374982174 -1.0009813485390688
0.9746995638934902 0.22795122317250244
-0.7453202085980016 -0.6682056469796042
-0.9801443999674448 0.2032681854409528
0.9846192232301484 -0.18034961947744493
0.794733610204134 0.6086045422208938
0.5991374138300081 -0.8018948555447215
-0.9837593104872943 0.18498275333004213
-0.873616310785164 -0.48866710706790933
-0.3140170962841989 -0.9504705483292158
0.8581530341872644 -0.5153390824643439
-0.20021098904010073 -0.9807734498178388
-0.9577951864349821 0.2909112937683545
0.7589559395633951 0.652676705422711
-0.7174346439134401 0.6980605501765555
0.2515261227415016 -0.9688836924928745
0.13978050596880393 0.991192418328099
0.9611443676720713 -0.2796471070693456
-0.9503983818056826 0.31423544653832425
-0.5582530215254812 0.8308757813040832
-0.9803204250014127 -0.2024175494492749
0.9589223015036524 0.2871741974463206
-0.4439606559094763 -0.897162157028721
0.9592215009001289 0.28617322063901074
-0.6739005420768149 -0.7401750194302527
0.9959065720070571 0.10085187074691496
0.9510887335511025 -0.312139745806522
-0.05514086489526621 -0.999480107365125
0.9394997701979824 0.34545793057612423
0.9291158819704174 0.37248446661617096
0.9392292987877685 0.34619261155986086
0.6613995500531992 -0.7513665118897872
-0.9020591453553399 0.4339243001731913
0.7558548971028088 0.6562654756466336
-0.7128539705342685 -0.7027376585138498
-0.8686187200960134 -0.49749625033638534
0.6726599532690349 0.7413026286666599
0.894278906878068 -0.4497401880118874
0.9199061258195748 0.3946817954753179
-0.5638856103652373 0.8270634911680141
-0.9857913458923986 -0.17382871558995486
-0.8432790365558234 -0.5393342808550948
0.24344676973206542 -0.9709452457821824
0.48514135748608983 -0.875579158760962
-0.9999356383692318 -0.04614887993350335
0.875186731197769 -0.48584893283341063
0.09589727986821855 -0.9963958609477844
0.592989531128947 0.8064517443539145
-0.9818274068999188 0.19497677569439212
0.9713444389119247 -0.2418490872318487
-0.7334217850739497 0.6812440716651713
-0.13020620863737134 0.9924955129532231
0.8894831313960333 -0.4591522176380148
0.2652510854843037 0.9652164843440039
1.0005457319588118 -0.030153577880667238
0.3698820835095712 -0.9301549571434958
0.1504188891021641 0.989633850371576
0.8131437018044939 0.583779342059724
-0.9623566390891016 -0.275446363564903
-0.9976926882487686 -0.0813037503129186
0.7439832355063606 0.6696939191044572
-0.12313094914719358 0.9933980920870098
0.5441203644227856 -0.840198803272425
-0.0280326472184091 -1.0006074008770514
-1.000984060879148 0.005648881826503464
0.8998799379504538 0.4384257032545963
1.0009257205066866 0.012194344105788664
0.11550477807231412 -0.9943136558664301
0.496349290506749 -0.8692746296846854
0.3954598104795968 -0.9195719320941899
-0.3312509394990809 -0.9446024640455774
0.7664961805411024 0.6438047881275051
0.9948034215188613 0.1112076999778657
0.13147564703009618 -0.9923281484660292
-0.9876109587945405 0.16317350909056394
0.4706908665075188 -0.88343143943738
0.5013001346468607 0.866428978626084
0.4029855717033145 0.9162988753670674
-0.09347730135611929 0.9966258044678441
0.7197676129141166 0.6956547875203004
0.2847317230432679 0.9596503769044286
-0.9101440009533484 0.4167000090336349
0.3814751960401527 -0.9254607905287652
-0.266829517548605 0.9647813268118215
-0.8232078039354198 -0.5694997028443679
-0.9990995601552927 0.06165280932367011
0.07085659733925231 0.9984890297912656
0.336563940517797 0.9427225010272815
0.5176514752848953 -0.8567601473781162
-0.19872651027928812 0.9810753152088865
-1.0000876070026035 -0.04272912729984553
0.14304393790339956 0.9907267190447062
-0.8237086473125758 -0.568775056012908
0.4735517881110504 0.8819011871954969
0.9674140152771585 0.2571208335497644
0.5648463922260162 0.8264076192710553
-0.7313482434809631 -0.6834696385043815
1.0003406385857867 0.03632639252362585
0.2830778770536956 0.9601395291949878
0.6084419461268058 -0.7948580994073251
-0.9423329818133226 0.3376530044095747
-0.5933046196417698 -0.8062199627345721
-0.0702024482555642 -0.9985352353617397
0.8713998282453995 0.49260870813850655
0.17643124967664733 -0.9853288862798738
0.9989389514675753 0.06420257970565707
-0.1054766996368289 -0.9954273784830927
