1000
0.6930328512047809 -0.7222925080263342
-0.6717988560616379 -0.7420830795768589
-0.2928730893409228 0.9571971341055633
-0.6532238763266247 0.7584850475762976
0.8243715927936633 0.5678137696418065
-0.9233841507928215 0.3864747211197904
0.9956559838397884 0.10329647546757385
-0.7707473380146946 0.6387092773267522
0.96273657169063 0.2741154748082869
0.5844813639602272 0.8126392404894022
0.7698711943709543 0.6397650694417758
-0.6943112093991264 -0.721063758971925
0.21035559061304063 -0.9786478046252589
-0.7508152952665033 -0.6620252203608815
-0.8682211242274628 -0.4981898026306847
1.0009988888613295 0.0014914752374279641
-0.7065006876634601 -0.7091246564117328
0.8879709000681248 -0.46206999538187327
0.8590459791615359 0.5138492052016798
0.15017812108493106 -0.9896704158190239
0.1394753092169002 -0.991235410040849
-0.9418379443397189 -0.33903139471431315
-0.545382547119818 -0.8393800553367344
-0.7837727333499899 0.6226566489302797
0.30417074153866447 -0.9536672165864878
-0.21216779332621874 0.9782565243713344
0.9469789288256337 -0.32439467991977816
-0.1102614677109243 0.9949087439249054
1.000822353474945 0.018857804349187532
0.36779670198366043 0.9309815175447591
-0.18738910290582542 0.983303780177901
-0.6408356060022738 -0.7689803157946883
0.5627994154218329 -0.8278030067599678
0.8019954074886655 -0.5990028099826321
0.29548679538118666 0.9563935140701011
0.3596549050153866 0.9341570260391843
1.0000300509879918 -0.04405561395502904
-0.9424517509393114 -0.33732135590772516
-1.000831956136489 0.018341089826099468
-0.6319116316148523 0.7763302711023545
-0.9593711752370427 0.2856710488031563
0.5147243582909942 -0.8585218896346932
0.9487334603296071 0.319226911852697
0.17843143124462107 0.9849686412998112
-0.9026205697286761 0.4327552508089072
0.6760479625264223 0.7382141642937183
0.9425653629034647 -0.3370037635615659
0.6787928022881038 -0.7356910571441406
-1.0009619934934777 0.00872281958791008
0.9133085073317815 -0.40971767161716754
-0.6557923242682908 0.7562654477303541
0.7470107632989598 0.6663151803129698
0.6109186109624007 0.7929561468200942
-0.6447498449393144 0.7657014022781531
-0.8711307827994564 -0.4930843328064747
0.986748014417093 -0.1683132675813895
-0.7342994474340655 0.6802979652314316
-0.8622675923875042 0.5084246248149838
0.3592420187541976 0.9343158844638192
0.78369934803469 0.6227490119542559
0.6015252429419814 0.8001052318936492
0.6577560796393592 -0.7545581088938484
-0.8341680909668013 0.5533214219717164
0.9322801169201268 0.36449250142546785
0.8632509092667874 -0.5067532611143858
-0.5922891331045628 -0.8069662835622351
0.7873055922194642 0.6181835524016784
-0.17401477577467783 0.9857585190157317
-1.0007538088058696 -0.022199418022667988
0.03433794222414006 -1.000410868455462
0.44847457327479573 0.8949142736184231
-0.9980651364291971 -0.07659623649088891
-0.9788344305803145 0.2094854589476591
-0.9877275697123494 0.16246614425822986
-0.9954509474940415 0.10525403143450178
0.5917707542240597 -0.8073465020950344
0.9461896712241299 0.3266896173262521
-1.0007005003109002 -0.024484866295613854
-0.0037155616991682667 -1.000993104172681
-0.3782028753914471 0.9268028835980396
-0.9382747288994331 -0.3487714625778538
0.0637905326874685 -0.998965348718087
1.000985779407788 -0.005335674594947834
-1.0009999695595784 0.00024686377411515517
-0.5484805238929821 0.8373590119596731
0.5878037948561212 0.8102392848737606
0.8222474938652026 0.5708853289693069
-0.5577783461007148 0.8311945119050963
-0.11350476202277225 0.9945439502596926
0.9682961456859356 0.2537785929698591
-0.6310400879502127 -0.777038871228324
0.7069328358178596 0.7086938447894966
-1.0009983187197982 -0.0018346444171778086
0.9275724791430766 0.37631143476695833
0.9909226054376239 -0.14168059158794835
-0.592685992048416 0.8066748507481717
0.9957839765525169 0.1020552401459937
-0.8137885303683985 -0.5828801144668107
-0.6460576623440138 0.7645982585165808
-0.996790124323943 -0.09170849497324807
0.5695930403721399 0.8231432246939908
0.7005380565461151 0.7150156860731043
0.13314072758527148 0.9921061166317162
0.4497446889635074 0.8942766432984359
0.9871225488715435 -0.1661025993455465
0.9993042829322205 0.05824045083376845
-0.2765371657837327 0.9620437598884473
0.9678574695054816 -0.25544650853445944
0.26674729112997136 0.9648040643958867
0.9909851202118569 0.14124266890246534
0.209991186179372 -0.9787260606150121
-0.7162571051398604 -0.6992687318453951
0.9734738469139019 -0.23313015543822102
-0.744935485914507 -0.6686345203661844
-0.851685617753807 0.525958751720433
0.6323612066360604 -0.7759641127924576
0.9992772855730414 0.058701844415437195
0.13680301245806104 0.9916077529862297
-0.9924011101268864 0.13092378171639987
0.6384233401130051 0.770984201393877
-0.8308937284246777 0.5582263090042765
0.44563807784171683 -0.8963301309102243
-0.4472507389061508 0.8955265359261568
-0.18058986518098522 0.9845751878825272
-0.7197799584399802 0.6956420138463033
0.599889863852866 0.801332110455203
-0.14761641156792482 -0.9900557534986649
-0.9386173923976636 -0.3478482293883502
-0.43624320641875763 0.9009399895961335
-0.8955225706765222 0.4472586784053646
-0.06550008803990177 0.9988547133926762
0.5586804907737933 0.8305884114462189
0.9442468117025039 0.332263387374619
-0.5235815004435697 -0.8531491149812326
-0.8342748051130634 0.5531605097560383
-0.27359626288111016 -0.9628842531361131
0.44233121659635216 -0.8979666446056841
-0.007437462890472563 1.0009723693218273
0.9432034837231271 0.3352136457433629
-0.8047563161958537 -0.5952883935899297
-0.9697727402947393 -0.24807626283308948
0.7038376489142447 0.7117679144010837
0.12450353466345494 0.9932269981511305
0.8442672845646374 0.5377859724963581
-0.6743798447953365 -0.7397383489679427
-0.9403166077002082 0.3432283165520771
-0.7472052035314458 0.6660971279141884
-0.6352642942113856 0.7735892168975147
0.5413352689792604 0.8419959183744015
-0.4059408486256395 -0.9149934575815806
-0.37388645020257477 0.92855259536276
-0.670300855508639 -0.7434364553237798
-1.0008509004533055 0.017276430817957236
0.8422363611954901 0.5409611001543273
0.5961807956991065 -0.8040954289383694
-0.8757453763592739 -0.4848412480238803
-0.16582332962046392 0.9871695008222159
-0.22946685664964928 -0.9743438621448433
0.3196157302196722 0.9486025432161489
-1.0008806836515587 0.015455002206033174
0.9529131745736268 0.3065248468297678
-0.37118091803236236 -0.9296374164633504
0.8998170900172212 -0.4385546767655547
0.8136788107750565 -0.5830332691156566
-0.36833046675910136 0.9307704696954144
-0.5270969508844346 0.8509816709943475
0.9991187680710945 0.061340747371535116
0.27817533611087525 0.9615713610437874
0.45688075635047276 0.8906519940339325
0.6702308138771372 -0.7434996006250375
-0.038983029087383166 1.0002406327695212
-0.28114652938283996 -0.9607068382269296
-0.8459307603906046 -0.535165533853754
0.881336309407866 0.47460226476421535
0.9994690800610507 -0.05534038310236888
0.3445560031438145 0.9398309213350876
-0.9979305974850655 0.07832957680914786
-0.16282663887803045 -0.9876682062675114
-0.91927742383869 0.39614393598855113
0.5398262188628561 -0.8429642064929161
0.025698254221064188 -1.0006700753644977
-0.25693340013930693 -0.9674638121877503
-0.3010089036517789 -0.9546699114994429
0.33972020896801464 0.9415897087472487
7.481457298822375E-05 1.0009999972041856
-0.9455261737224017 -0.32860501336083514
0.09191071234880252 0.9967714988679881
-0.4468108111918255 -0.8957461130265109
-0.9993666824615799 0.05715972345748109
-1.000985609987123 0.005367364223426486
-0.7430658853973642 0.6707116295090099
-0.7174377326121831 -0.69805737573948
-0.9591473518293724 0.28642164282522736
-0.7990739121664464 0.6028945868848137
0.988415614310876 -0.1582263359446009
0.4500491933770098 -0.8941234386485475
-0.4644844593603964 0.886710317416393
-0.23089246953033482 0.974007016152442
0.7335818513442406 -0.6810717050196378
0.9159173481512264 0.4038519671310581
0.259773630785846 -0.966705053647874
0.15528477676499 -0.9888820142489432
0.9062309910393772 0.42514278881310963
0.41105573630514525 -0.9127070623429157
-0.9497954138460574 -0.31605327373244635
-0.20430149177613283 -0.9799295385169522
-0.6398729186340872 0.7697815586247144
-0.9013554002684577 0.43538424685200566
-0.15250207769907934 0.9893149732504122
-0.09187887797355096 0.9967744337523516
-0.9845020454158003 0.18098818351512747
-0.9699985315541629 -0.24719192701778825
0.9427655082434369 0.33644345210821697
0.5225677970250158 -0.8537704009348309
0.5865671607833286 0.8111349862326152
-0.9294967444896081 -0.371533042922457
0.13707363050982838 -0.9915703806683895
0.5176359471393236 -0.8567695292371079
-0.5002203111625205 -0.8670528474669068
0.8196418765109396 0.5746200433935679
-0.8964420692405602 -0.4454128607210423
0.9197144961334203 0.3951281382058848
0.9273389225009201 -0.3768866179832238
0.0820383041576193 -0.9976325559297581
0.7242771255996313 0.6909584975475269
-0.9952776983073802 0.10687985428490909
0.9632142538334334 -0.27243219562324533
-0.674591722014662 -0.7395451362758686
-0.6788885236742225 -0.7356027273083174
0.5130329844400778 0.8595336857136587
-0.9089145528083912 -0.41937493450744323
-0.008431752668225018 1.0009644876552524
0.9069944743952927 0.42351153870515357
-0.9252172594673113 -0.38206546923766604
0.945218789037672 0.3294881497871463
0.1814547089237946 0.984416166369377
-0.21137304336979107 -0.9784285546408549
-0.6709398832702502 0.7428597936604882
-0.7973173580632411 -0.6052156892637974
0.25138583402068065 -0.968920101171261
-0.2529306397331252 0.9685179871763828
-0.9617489313055763 -0.2775607917782732
-0.37975377806602995 -0.9261684879354168
-0.9900470304435847 -0.1476749048072812
-0.902098088736562 0.433843333817453
-0.1619231867810709 0.9878167246927247
0.7081390018573619 0.7074886246777817
-0.7243630774855809 0.6908683897643734
0.4656240029176323 0.8861124578217827
0.3872973406591857 -0.9230394194823549
-0.001010214158760757 -1.0009994902433035
0.18068598360947796 0.9845575530801007
0.6370198064091753 -0.772144265174855
0.3087915957334106 -0.952181049173115
0.7660259597952835 0.64436420518191
-0.79879579837497 0.6032630209937406
-0.48226463968198885 0.8771669267091649
-0.8469864468916098 -0.533493166574724
-0.9145259092325095 0.40699307284332453
-0.2372427518253004 0.9724797564506723
-0.15410120088651563 0.9890671462976282
0.6518745986483505 0.7596449878970123
-0.17679589969435772 0.9852635230491702
0.865487916188809 0.502923122287247
0.933446837174273 -0.36149412466781017
-0.38403058268574813 0.9244033273209507
0.44546115124762653 0.8964180736292298
0.9993599386034364 0.05727750967470336
-0.9917009046505452 0.13612610225555707
-0.9854873321505164 -0.17554406333128314
0.6276401846214306 -0.7797876625392176
0.20425131837814023 -0.9799399976227073
0.20546529695953014 0.9796861802359631
0.5782408154570851 -0.8170915244570374
0.9848390863933744 0.17914511969870564
0.9763685151011904 0.22069327746693315
-0.2972590268645708 -0.9558441666650105
0.9607533072974562 0.28098769104179605
0.8406561341869098 -0.5434135295094522
-0.9374551071494568 0.3509685485615493
0.09885858171293799 -0.9961064103908308
0.2883598864666948 -0.9585664170400061
-0.44624509186023226 0.8960280787958896
0.36576490569382 -0.9317816448947635
-0.5378352381725531 -0.8442359010252248
0.7799670013600727 0.6274173067340241
0.20651887178402842 -0.9794646270269549
0.43780846429762593 -0.9001803978033261
0.943378194083294 0.3347216499244452
-0.8452093309779353 0.5363041924391706
0.9336948449765097 0.3608530676941677
0.27493869958323325 0.9625017981653232
0.961524997432933 -0.27833555164872203
-0.7756177215610077 -0.6327860222859786
0.677098317173097 -0.7372508859820788
-0.09686773323210346 0.9963019834660944
-0.9507406287004151 0.31319843061282954
0.5981824858805402 0.8026074467544999
-0.996313261988379 0.09675166141248255
-0.1909674569063249 -0.9826150977889211
0.5592640943498925 -0.8301955629675424
0.5375745370112096 -0.8444019286792183
-0.9992809166562349 -0.05864000005691541
0.8794965809690094 0.4780028912714052
-0.478348084173901 0.8793088822291962
-0.0891026156382001 0.9970264409164038
0.8049654808017978 0.5950055249470635
-0.9290201487514739 0.37272317235958
0.9888228348356061 0.15566117469579813
0.09446366551619259 -0.9965327972009977
0.9826164331551949 -0.19096058570648167
0.1437350645927577 0.990626686096491
0.9972460449465009 0.08661019477267966
-1.0009958716704779 0.002874873677263275
0.06883543133093015 0.9986304037998667
0.26200511094049533 0.9661026456029704
-0.33115429712329353 0.9446363488119528
0.9267004161062031 0.3784538793414461
-0.9875906944125009 0.16329611235370586
0.834211845176039 0.5532554539884701
0.810231409429513 0.587814650356611
0.6214654982104667 -0.7847175508002968
0.012822350345758668 -1.000917872420915
0.34926630114542406 0.9380906410812304
-0.3652961388731129 -0.9319655202443894
0.6725316053324925 0.7414190716652092
0.5509649447093965 -0.8357264084025177
0.1650026797611765 0.9873070017333163
-0.9339640331493231 -0.3601557784951535
0.985124164496144 -0.1775707761028657
0.9296755302624384 0.37108544626710166
0.40140999236215036 0.9169901951666759
1.0009885219948171 0.004793624373198211
-0.7406412381419157 0.6733881171832558
-0.7283782406443644 -0.6866339188795004
-0.9771317565596501 0.21728904786632164
0.7664525253711993 0.6438567591880284
0.010452114627758477 1.0009454297312157
-0.2036770779645064 0.9800595124337299
0.7172420930827016 -0.6982583905047939
-0.041180862663188614 -1.0001525566383938
0.40794989794104547 0.914099491723899
-0.15667000738641457 -0.9886634962339517
-0.8884641272703897 0.46112091099153685
-0.24215884791860867 0.9712672610433918
0.880964272982334 -0.47529248860960094
-0.5833691354751825 0.8134380442141479
-0.5964119168907777 -0.8039240171749243
-0.8580166567818464 0.5155661128166817
0.8283085892542673 0.562055051545314
-0.28674624389340847 0.9590503592684911
0.6063570566837991 -0.7964496969738641
-0.4150388188996607 0.9109027274118651
-0.9100131398470328 -0.41698571355112957
0.8063755258697751 -0.5930931725102251
-0.9232946703378869 0.38668844271021696
-0.6349342005485571 -0.7738601688766289
-0.6481540272420326 -0.7628219693807556
-0.7813642107054178 -0.6256764101583977
0.9463935482650724 -0.3260985308189016
-0.9343656121130133 -0.3591126604572359
0.026996832880244237 -1.0006358833334112
0.6694673149114124 -0.7441871500269966
-1.0008090250367272 0.019552375943495338
-0.999126718853407 -0.061211107433414264
0.5708339189866514 0.8222831853652008
-0.13497611513043628 -0.9918580787311737
-0.9602406264857568 -0.2827347506873557
-0.08679034203238184 -0.9972303828754427
-0.7880558631501746 0.6172268274748216
0.43639553360718997 -0.9008662155102143
0.6894259088894803 0.7257361201923975
0.20673428079713066 0.9794191835691668
0.903045866320366 -0.4318670667250511
-0.30701798021188237 -0.9527544068786122
0.6198329674573639 -0.7860076923624846
-0.2525286544101829 -0.9686228774408451
-0.7930171123254003 -0.6108394711862385
0.7177761235541703 -0.6977094212174209
0.035771214997509494 -1.0003606450563727
-0.7036089751587085 0.7119939677245251
0.5488580409758652 -0.8371116119467794
0.6288431722167701 -0.7788178636602717
0.08477361254937499 0.9974038473032518
-0.8956932916095652 0.4469166895134063
0.22584227295616308 0.9751903751298995
0.8854680002325617 -0.46684839141218865
0.9937029948480857 -0.12064558852252086
0.7578629082990027 -0.6539455728304745
0.6566010850609921 0.7555633759630809
-0.7556635287342734 -0.6564858196037946
-0.9672700710817805 0.2576618124391878
-0.8372941030340644 0.5485796068251002
0.02238216141539648 -1.0007497383713748
-0.25947185106458487 0.9667860975961114
0.877336857797295 0.48195543149794345
-0.6321870562362563 0.7761060017338719
0.969715190190777 0.24830112749092595
-0.9883109876285302 0.15887854396588402
0.9613474841632589 -0.2789480501687952
-1.0008102369429404 0.019490244488350874
0.7367766483793199 -0.6776143227551613
0.21885524868187978 0.9767821559203426
0.5844139430767139 -0.8126877279358459
0.2360415440497286 -0.9727720131061646
-0.8741107941538924 -0.4877820410220652
-0.9191898638202652 0.3963470628755589
0.4777643594762735 0.879626180155085
-0.3446183369719513 -0.9398080664809633
1.000696678012975 0.02464058874695164
-0.9961851844388804 0.0980616046395019
-0.03702577133167211 1.0003149965172444
-0.9933457374268004 -0.12355260392240243
-0.8404146242655549 0.5437869613374214
-0.9274376234726402 -0.37664367055271386
-0.9570376178306431 0.29339392982310997
-0.23822236121673931 0.972240251489477
-0.044329793156309964 1.0000179345585352
0.5368169533478314 0.8448837544883628
-0.9710278261323797 0.24311717519876097
-0.9931060843300893 0.12546435855077515
0.827608356425935 -0.5630856137160338
-0.8584845283498255 0.5147866690037514
0.8400441989464765 -0.544359021066403
-0.40939943422013014 0.9134512046410784
-0.9970764578867715 0.08854116064277255
-0.20363147391838374 -0.9800689888114135
0.8795896375313944 0.4778316330543532
0.8036387273547627 -0.5967962767105852
0.5268348805062111 0.8511439412238134
-0.0795851455509909 -0.9978312505667617
-0.7411376989602985 -0.672841668730344
0.609508082422555 -0.7940408663674557
-0.9619155550262092 0.27698278827143735
0.9889280550193367 0.15499129651587512
0.06084275989297769 0.9991492173687598
-0.979588741580353 -0.20592935043121063
-0.9066821038852891 -0.42417987044901806
0.8881939004870018 -0.4616411974008452
-0.6730974949317834 0.7409053666404082
0.3507167672162914 0.9375493316051982
0.9834137092081967 -0.18681133943467232
-0.9985005500472682 0.0706940701565762
0.3395805928459116 0.9416400697519298
-0.5246907060390005 0.8524673970283527
-0.9392826423229158 -0.3460478548277411
-0.8980574968880326 -0.44214673162107776
0.8980158273900503 -0.4422313577268843
-0.5148417792180939 -0.8584514793344743
-0.7998753153448742 0.6018309396349925
0.7963343742008964 0.6065085032100266
0.9640306104624732 0.2695291859731544
0.005433008464795548 1.0009852558449708
0.9739804358394314 -0.23100456835749206
0.8750950890637126 -0.4860139762358413
0.9888802503343552 -0.15529600928118828
0.5808535704674959 0.8152362416350011
-0.20952799608785422 -0.9788253260185946
0.9626521313908004 -0.2744118691469978
0.6697446629052985 0.7439375555178459
-0.7988182266893898 0.6032333219483308
0.6123667464571991 -0.7918383470339286
-0.16548987876284682 -0.9872254555201959
0.9128345696040278 -0.41077250216613725
-0.9947943152061686 0.1112891298981622
0.8318737349058598 0.5567648418980632
0.18301870732249476 0.9841265938739808
0.3611547505558841 -0.9335781949847143
0.7778571745020837 0.6300311231007838
0.6539701955075291 0.7578416611587437
0.9609396131268885 -0.2803498883958148
0.9274861740829078 -0.37652409867769426
-0.41254620843753076 -0.9120343337308182
-0.5612510129875683 0.8288536061455174
0.825922581311656 0.5655553816201302
-0.698867710326708 -0.7166483959813937
-0.6121700096801308 0.7919904540133225
0.5304136499035145 -0.8489183470723389
0.9929176480024996 -0.12694701369147796
-0.5063266790515684 0.8635011836011633
0.07987782140522916 -0.9978078640938617
0.5533395752869218 0.8341560492025991
-0.7558184772518817 -0.6563074199219805
-0.9970852946603826 0.08844159186727667
0.19122000529962985 -0.9825659823000231
-0.6807066811614867 -0.7339205775982263
0.6445348557766224 -0.7658823798005856
0.07129249715883675 -0.9984580010440386
-0.8159514828016712 0.5798484092534479
0.983351379854878 -0.18713915607778983
0.9159177636779021 0.4038510247347042
-0.8994004996052136 0.4394083992254724
-0.7446184011831763 0.6689876206772516
0.635335415329744 -0.7735308074199642
-1.0004280589065846 0.03383339995335065
0.7161240406621509 -0.6994050031174457
0.7396345186036875 0.674493720422875
-0.1148802576760792 -0.9943860047266743
-0.09621376636619512 0.9963653502413817
0.23451651505467783 -0.9731407935990604
0.8296408939029724 -0.5600865889877001
0.36440660549878096 0.9323136949915816
-0.5164142910604206 0.8575064314560931
-0.7746679550161136 0.6339483886493856
0.8503309238752191 0.5281461160526661
-0.30983373334454994 0.9518424542337762
0.8343092250544206 -0.5531085942101174
0.9792812180661588 0.20738682683058798
0.46377153172976066 -0.8870834043972594
0.9632863043305656 -0.2721773243478613
0.9289447068586814 0.37291115778324274
0.31419909785060096 0.9504103992012443
-1.0009108761568113 -0.013357319753762947
0.6935541064038541 0.7217920070840016
0.32416600763554154 -0.9470572313718079
-0.9367463315790951 0.35285593416167443
-0.017563313594791505 1.000845907228266
-0.8473877865258249 -0.5328554581186747
-0.7603173696627321 -0.6510902375163863
-0.6309544954416128 0.7771083738334182
-0.9330275506135953 0.3625749436957758
-0.8109541888422602 0.5868170955239732
-0.31695715205943115 0.9494941620454412
0.2739544957441668 -0.9627823919565414
0.9954778630661532 -0.10499916259306599
-0.850622818196409 -0.527675867520582
0.8244313527800041 0.5677269982600197
0.26198564993548823 -0.9661079231782959
-0.06411157782610949 0.9989447960666529
-0.9129103676656573 0.41060401923088197
-0.9567707552499122 -0.29426301483284073
0.7157343199878357 -0.6998038176457387
0.7638414946594326 0.6469522169653984
-0.9924015589611318 -0.13092037951180585
-0.40669544669636537 0.9146583043062824
-0.5791702918507904 -0.8164329568540643
-0.9560072730001596 -0.29673404585722585
0.8543238611891408 -0.5216624772809306
-0.8284578350506833 -0.5618350430002876
0.6008475657771675 0.8006142658606906
0.024058058481786493 -1.0007108522555788
-0.7853317610619631 -0.620689153334675
-0.579849855919569 -0.8159504547397808
0.7140530089918322 -0.7015192800983522
0.5218240841111541 0.8542251607401617
0.6897584019031165 -0.725420117589841
0.2758163773868739 -0.9622506565158485
0.0633223967584255 -0.998995132154691
-0.592349144827162 0.8069222333177652
0.4123713804463794 -0.9121133945890431
-0.49564316548747384 0.8696774416446345
0.5878497698177789 -0.8102059294557059
-0.5135492737715808 0.8592253158564883
0.6697491658878246 -0.7439335015930948
0.018636809212914912 1.0008264931257373
0.8733423621332882 0.4891565378316522
0.1898885602383877 0.982824162650976
-0.49668380049067273 0.869083541628848
-0.7200005507366706 -0.695413694816899
0.7483966643089024 0.6647581762199755
-0.060733995781761176 0.9991558345705545
0.979215141939006 0.20769859363359255
-0.9208643689961779 -0.3924408412911064
-0.7406722502288029 -0.6733540062559973
-0.9861323763819048 0.1718834961576515
0.3661973436282672 0.9316117783280763
0.1516421575055556 0.9894471466769007
-0.018927024884457085 -1.0008210468055831
-0.9848876159084443 0.1788781261926136
0.885971648271573 -0.4658918742143418
-0.7194005111397194 -0.6960344133531836
0.7097534558240675 -0.7058689906390516
0.49123591293627783 0.8721744537887255
-0.950785705119482 0.31306156413786945
0.6901648829748261 0.7250334022018189
0.24396038701199738 0.9708163212312392
-0.6103129283622609 -0.7934224155353072
0.6670939114593936 0.7463154247995996
-0.5541207611380833 -0.833637320467211
-0.9663360727970689 0.26114286207196646
-0.5182904254233563 -0.856373770566612
-0.9165702057990447 -0.4023680626509723
0.9252838070677532 0.38190427645969743
-0.10848451133244895 -0.9951040703368467
0.18904878894491842 0.9829860402866664
0.44617573430658236 0.8960626172963484
-0.8690562728392093 0.4967315116225482
0.8714020195743584 0.4926048317685581
-0.6170380599904707 -0.7882036745176948
-0.08795822313928237 0.9971280514468441
0.9455134349148793 -0.3286416656412671
0.6767539488569071 -0.737567008960259
-0.884698521064366 0.4683049506747965
1.0009608017463187 -0.008858519479385818
0.43281052027887557 -0.9025940690786357
-0.6114787656161761 0.7925242704173278
0.39248307169029356 -0.920846370702818
0.5456577018352254 0.8392012109309067
-0.5882081854863351 0.8099457577683046
0.8532160073816998 0.5234724870971074
-0.7855064309936047 0.6204680869051118
-0.6013768093091709 -0.800216803888247
0.7813754246082546 0.6256624056296413
-0.7370157708868101 -0.6773542304172322
-0.8374407062274493 -0.548355781909219
0.8327856687013427 0.5553998829723116
-0.8932836913840081 0.45171367779530436
-0.39736119302155676 -0.9187519155247977
-0.9664232051959877 -0.260820222488046
0.11869871136210676 -0.9939374305865412
-0.7882294079915073 -0.6170051866697378
-0.9683665028045961 0.2535099923987141
0.8564270631230949 0.5182023596533988
-0.8546848868790682 0.52107076692184
-0.8437959152825332 -0.5385252578593803
-0.957651295987623 0.29138461746157107
0.7247979524735001 0.6904121436433617
-0.9986997468090671 -0.06782194131330442
-0.5676731731748277 0.8244684156822638
0.5433026864297721 -0.8407277745609412
-0.6891019879264215 -0.7260436971944968
-0.6415572422710403 -0.7683783605031949
-0.9831864265065577 -0.18800385829356037
0.9957557199487499 0.10233057309204677
0.3069160116740203 0.9527872594541306
0.9516367578689211 0.3104649433877013
-0.06696019111628411 -0.9987578949904079
-0.21905770283208942 0.9767367725390133
-0.6791528362011489 -0.7353587050412441
-0.5506464140513073 0.835936317366602
1.0003320566509557 0.0365619534006188
-0.4227870572161898 0.9073324111098833
-0.7629840322169159 -0.6479632447770601
-0.8604019485640164 -0.5115754948267593
-0.6636958005170467 -0.7493389649391232
0.5088228575669105 -0.8620326557720673
-0.6423195539630584 0.7677412263234908
0.3129973067206593 0.9508068605061775
-0.1076453731831773 -0.9951951937345027
-0.5541809654094633 -0.8335972994065152
-0.1549394423571763 0.9889361805506194
-1.0006941044213065 -0.02474488586434128
0.6482325262258778 -0.7627552634645117
-0.6787563694196355 -0.7357246706290848
0.9612246749511588 -0.27937094384534555
0.9683079608973686 0.25373350756803925
-0.8626183793987606 -0.5078292346088948
0.8130403743927227 0.5839232394821612
-0.9981024826870422 -0.07610804197956159
0.9745711492020637 0.2284996173803558
0.8430939097003153 0.5396236275648396
-0.08322279306841812 -0.9975344438734389
0.9439064421261391 -0.33322909313679955
-0.44357985405810885 0.8973504962241826
-0.9768943804920323 -0.21835377112174795
-0.0897172733862304 0.9969713189736906
0.6227121478052623 -0.7837286398848501
0.8853646586449683 0.4670443460983967
-0.5251392214472574 0.8521911746185642
-0.06250748331050272 -0.9990464526388085
-0.9635501217783055 -0.2712418898714074
-0.5704215795467491 0.8225692807219291
-0.4364807348083261 0.9008249375662197
-0.9207465394915807 -0.3927172137992922
-0.34403834254171883 -0.9400205417229704
0.58716280097616 0.8107039195352582
-0.4751211102147461 -0.8810567124926222
0.8955967596016938 -0.44711010298465165
0.9797957365618909 0.20494222262662665
-0.7749873377342159 0.6335579108113419
-0.530108683726915 0.8491088171944263
0.9558189183406818 0.29734020135536515
-0.9959725350399594 0.10019835051574798
0.34326503709636524 0.9403032033909228
0.8290939827747714 0.5608958617485665
-0.07327045618787922 -0.9983148001757862
0.3081276520136576 -0.9523961098537469
-0.93090816597351 0.36798231822172645
-0.26706121709025515 -0.964717215730222
0.9949468567620842 -0.10991702424669514
0.9200039265828129 -0.3944537679782082
0.9296721489106926 -0.37109391741144854
-0.9620174063387603 -0.27662883056768406
-0.9323139118929072 -0.36440605056851677
-0.3856320923004042 0.9237363743991098
-0.0816332378004888 0.997665782958506
-0.7832299121878601 0.6233393174300792
-0.30604937959546386 -0.953065987877666
0.5275780348175462 0.8506835000034126
0.9086871145813773 0.4198675121913707
-0.5724017989737779 0.8211925356039123
0.9738920515040754 0.23137690467543087
0.4080142899941733 0.91407075172579
0.05416209331918235 -0.9995336250708547
-0.5766492896460624 0.8182154953010188
0.11124274097326735 -0.9947995037095437
-0.9875911968919319 -0.16329307340350144
-0.8096169759157265 -0.5886606427383047
-0.6429100895128413 0.7672467769906828
-0.9989175608023253 -0.06453453897513113
-0.9745094093267775 -0.22876278354132465
-0.2799916701011991 0.9610440492890746
-0.7229830438724801 0.6923124426679644
-0.03127697514713413 -1.0005112447272373
-0.569047105481106 0.8235207293951835
-0.48345298643520923 -0.8765125269537667
-0.9621015747386626 -0.27633595474600403
0.8768343786786482 0.48286900124902293
-0.841164841491616 -0.5426257544923431
-0.12730926722903957 0.9928712658132499
0.954440085423126 -0.3017368445143814
0.959086152342395 0.28662650328443157
-0.999413914933089 -0.05632784957830863
-0.13613569352835397 -0.991699588054545
-0.9056492859565628 -0.4263805469839916
-0.763785010477518 -0.6470189006279936
0.6840492017737206 0.7308061915123157
-0.42144296387431424 0.9079575035214112
0.7813259180195983 0.6257242282594081
-0.9944695418276519 0.1141548526217799
-0.9580372035716275 -0.2901132823099558
0.4492860594354711 -0.8945071474264173
1.0005401143112693 -0.030339407607801534
0.4850450465927918 0.875632515828299
-0.1559122396029449 0.9887832793600395
0.622938844035178 -0.7835484647372595
-0.4404837846102428 0.8988743157391011
-0.2384473181271623 -0.9721851040197869
0.7027021235485775 -0.7128889994664804
0.9722429984665455 -0.2382111498918151
-0.9658049090566143 -0.2631005086314829
-0.393275274434539 0.9205083152902194
-0.7649037539631748 0.6456959401862792
-0.25589281938022207 -0.9677395646503459
-0.24002776717565447 0.9717961056644906
0.4668360329610544 0.8854745159117712
0.21708552211359436 0.9771769932252131
0.6520916652511701 0.7594586625419161
0.9561045154296581 -0.2964205721184319
0.7633973882572774 0.6474761984829772
0.7920412118229677 0.6121043365097201
0.5157056666686052 -0.8579327860420591
-0.22988243964930533 0.9742458950084848
-0.3658056083243367 0.9317656663123309
-0.5314899524298659 0.8482449118421512
-0.11599847700978591 -0.9942561809369908
-0.7950628260567503 0.608174401485835
-0.27112768626911166 0.9635822630882939
-0.8917801369891014 -0.45467481486409556
-0.3511635149144759 -0.9373820916749533
0.9896956894414662 -0.1500114738977684
0.6069372470250077 -0.7960076495698423
0.39375167910751735 -0.9203046317388666
0.6069771697616516 -0.795977207832068
0.609206113230222 0.7942725675754677
0.05982322694313746 0.9992107793244176
-0.41659342226140805 0.9101927930545968
-0.8464528935863042 -0.5343393106813056
-0.8765841576215417 0.4833230954619613
-0.7246802901057473 0.690535645084488
0.22812812424492887 0.9746581754279242
1.0002525492927425 -0.0386760602100276
0.7534895862513252 -0.658979850534754
-0.8589493418740248 -0.5140107276061265
-0.03343607881776935 1.0004414168922096
-0.6819332580249278 -0.7327810256819611
0.6814803932724784 -0.7332022051147883
0.2137941829597831 0.9779023710639824
-0.8170463941459081 -0.5783045822169918
0.4849010842036276 0.8757122464246725
0.9743273375787471 0.22953701062510612
-0.9995818573297979 -0.05326453320091733
-0.7700274015910425 -0.6395770483678627
0.3347417586920343 -0.9433710590153611
0.5750064041677606 0.8193708776653352
-0.40815916443642003 -0.9140060702678967
-0.9756306979135796 -0.22393244804775767
-0.8187368223588173 -0.5759088605966977
-0.12129539200951152 0.99362388652712
-0.8964525107969387 0.4453918453293288
0.6087345775481944 -0.794634012673269
-0.7016373215831158 -0.7139370203047825
-0.7399874569411801 0.6741064927514979
0.7360266236270457 0.6784289272371654
-0.6396290510430316 0.7699842057222932
-0.8058767302817961 0.593770743292663
-0.2509949077076965 0.9690214426444881
-0.7089852708505007 -0.7066405633113926
-0.7982220936492638 -0.6040219277560923
-0.8996439000180717 0.4389098462785652
-0.0026291766722594525 1.00099654716189
-0.45839802943350444 0.8898720394593146
0.6831920728089125 -0.7316075393618232
0.6480107172331248 0.7629437137502421
0.42526349299587707 -0.9061743549256653
0.5772770414007565 -0.817772717490373
-0.6348906883064668 0.7738958676086473
-0.9671132222391383 -0.2582499087516411
0.7055507029147383 0.7100698596733412
-0.28320922141764704 -0.9601007951793448
-0.7925496140498033 -0.6114459168802322
-0.46917477444729466 -0.8842375421923286
-0.4392562705403661 0.899474807201941
0.19588116851480836 -0.9816473744788773
0.9236047517680335 -0.3859472276251112
-0.9588174749191487 0.2875239986325794
-0.9886383992837177 0.15682829930126863
-0.6243304896773535 -0.7824400549941419
0.8641482162859881 0.5052215952329682
-0.9464751420387485 -0.3258616355184067
-0.997300893683656 -0.08597631916860078
-0.2718655252419136 0.9633743489344827
0.3808261635223061 0.9257280557360686
0.7369190187756821 -0.6774594893915695
-0.9213817954294895 -0.3912244714369621
0.9952726309923088 0.10692703118317465
-0.5111644048766235 -0.8606462404421037
-0.8032623605763531 0.597302754121647
-0.9671388707769131 -0.25815383908119116
-1.0009772059605582 0.006755231113324064
0.8711935271968104 -0.49297346599018926
0.9979646501134594 0.07789452563512164
-0.8699455656827785 -0.49517240709562
0.4473657456380938 0.8954690891536528
0.7048812391877379 -0.7107344360878816
0.9448723124968472 0.330480427675922
-0.8730457147412846 0.4896857971923216
0.6350753240128141 0.7737443588356682
0.9771675361595 -0.2171280872572045
-0.9454484715292467 -0.32882850801445307
-0.9969353704590134 0.09011585392010471
0.7984844436778529 -0.6036750725385882
-0.47771824292552967 -0.87965122655297
-0.5789285812809111 -0.8166043704120567
0.5251247925252739 -0.8522000658737876
0.11758500591839359 0.9940697995529144
0.09437149654235416 -0.9965415298121582
-0.5126807642293908 0.8597438188141674
0.061069501381287736 0.9991353842202971
-0.0784766006828891 -0.9979190463886629
-0.9824193653579985 -0.1919718483777962
0.4266365033194012 0.9055287372775062
0.5113395699294273 -0.8605421803865214
0.09870866606653056 0.9961212773770903
0.6600529572606869 0.7525497283312391
-0.6415576789847501 0.7683779958690256
-0.9461572606390539 0.3267834728685055
0.39317173586094684 0.9205525439213613
1.0004210478388857 -0.0340400799197899
-0.9991354153429831 0.06106899219247686
0.8069293917778694 -0.5923393931564892
-0.9193914619823761 -0.3958791982839072
-1.0009994338831971 0.0010645964113941133
0.14376736710192364 0.9906219986233804
-0.12462389804638295 -0.9932119028866522
0.7378271135463823 0.6764703618901672
-0.8685512264459516 0.4976140743982562
1.0002774045969496 -0.03802780368086662
-0.43910216801623236 0.8995500464362416
-0.8563917983263913 -0.5182606368993206
-0.5871338746784064 0.8107248689938661
0.3987053380652619 0.9181694034317769
0.18094440860490135 0.9845100918703792
1.0002162369935215 -0.03960403078626933
-0.9049502598273572 0.42786215915689324
-0.9952616185639281 -0.10702948478578173
0.97592666978491 0.22263902443761985
-0.48725223129030343 -0.8744062345972956
1.0009082642036207 -0.013551629012601863
0.489434912212799 -0.873186387151821
-0.3242467111727508 -0.9470296037050028
0.6871532793691401 0.7278882954494024
0.12762412862701827 0.9928308424863695
0.10551108481449428 -0.9954237343871547
-0.8757528112756859 0.48482781844973855
0.3292551628598501 -0.9452999723527625
-0.6503060030732098 -0.7609882406233005
-0.42501345287631126 -0.9062916555249506
0.9241103317840088 0.3847350967744548
0.31107729764828357 -0.9514367634729285
-0.07039178592348148 -0.9985219058561022
-0.9139997748725659 0.4081732616584515
0.6873430628262857 -0.7277090860945606
0.3141963228733154 0.9504113165850285
-0.8436614348953791 -0.5387359123636274
0.151469395861686 -0.9894736086007023
-0.4107137346551464 -0.9128610125126507
0.6163123825120428 -0.7887712261247424
0.7653623507075185 0.6451522859910376
-0.9486694103080938 -0.3194172035844242
-0.7272012662414791 -0.6878803081763495
-0.855898160833065 -0.5190754649206382
-0.7176488035503822 0.6978403791431855
0.25336575204465267 -0.9684042522060958
-0.9854590868119498 -0.17570255609910135
0.9943197667586917 0.11545216079805852
0.6341044261524896 -0.7745402357100771
-0.2266884558820965 0.9749940225302876
0.9210951167074939 0.3918989486814278
-0.8325284277603557 0.5557854055036622
0.9462561401979079 0.32649704001377583
-0.9286167598925672 -0.37372705715084387
-0.8842580976498283 -0.4691360322344753
-0.002120857134947534 -1.0009977532267558
0.29351608670428586 -0.9570001603164976
-0.8790345314661194 -0.47885205699687644
-0.08428063032020353 -0.9974456252612617
-0.7667749971751681 -0.6434726907235622
0.6656698616859562 -0.7475858714843397
0.9997302898327388 0.05040186098695125
-0.7151424825707894 -0.7004086161823597
-0.8339195338629573 0.553695955413969
-0.8827656754802977 0.47193830337641984
-0.9380775933864866 -0.3493013438082049
-0.6458189150815411 0.7647999273816004
-0.6229146476485321 -0.7835677008050453
-0.5795390279516478 0.8161712535251773
-0.22920423549350577 0.9744056744661524
-0.4569554792455426 0.8906136592190109
0.3401515133248817 0.941433984930857
-0.097249447861802 -0.9962647965729666
0.383046893577599 0.9248113739139195
-0.3003742044994627 0.9548698012144456
-0.6130395778000531 0.7913175570216628
0.03586694423304773 -1.0003572173535729
0.34202055461961783 0.9407565786204681
-0.5506770411205871 -0.8359161419560429
-0.669199682810703 -0.7444278235840291
0.6564056643432129 0.755733156489872
0.3124836188740198 0.9509758082808397
0.842619734029175 0.5403637513977065
0.16360417273668737 0.9875397078918621
0.7855466114199469 0.6204172154982798
0.9525586094549584 0.30762492674234987
-0.5785119775615909 -0.8168995604220738
-0.32924279630567727 0.9453042796268396
0.6594931224979997 -0.7530403849580966
0.14339003644045276 0.9906766866387872
0.9957064800414681 0.10280858720666003
0.8814420779195961 -0.4744058002098886
-0.9905221579775906 0.14445364154432794
0.926544087000202 -0.37883644867536453
-0.5713780970212201 -0.8219051467440809
0.3159793522936151 -0.9498200086985469
0.7359399699565694 -0.6785229256409276
0.9012717694928838 0.43555734124816003
-0.37650902516320167 -0.9274922932136178
0.8629938374501807 0.507190927090589
-0.835763959859984 -0.5509079808817069
-0.9333447082086662 0.36175773061384564
0.7118707699624925 0.7037336192573209
0.9555854367422378 -0.298089706441109
-0.41954318798173407 0.9088369014394846
-0.9895037690600251 0.1512722413928092
-0.4182745310103019 0.9094214736348115
-0.7202201363455101 -0.6951862737442784
-0.34998718693974445 0.9378219281814669
-0.8857544783427796 0.4663046258570789
0.9721867329327104 -0.2384406767093709
0.9520389529016168 -0.30922941670868437
-0.7828697443275712 0.623791602553676
-0.05985233389914275 -0.9992090362515871
-0.9767554502611981 -0.2189744057762094
-0.06421045162873981 -0.9989384455018403
-0.0856139146146465 -0.9973320698866331
0.4026988718391895 0.916424911610026
0.7280058898708287 0.6870286924964508
-0.25454076130480735 0.9680960700438614
-0.7269060486081036 -0.6881922671005197
-0.7930338990946805 -0.6108176772873295
-0.7749489010874598 -0.6336049247783184
-0.9230326528448038 -0.38731346708097286
0.06665256742123853 0.9987784715622164
0.9872914232811272 0.16509586765127154
0.8484711288587115 0.5311287447438935
-0.6253101650989232 -0.7816573401586896
-0.8867461240482548 0.464416097358174
0.41389932852916017 0.9114210584812654
-0.9968207243203562 -0.09137528968731361
0.7762531070956736 0.6320064190530921
-0.9923174011890731 -0.13155673793981162
1.0007227300327293 0.0235588114267551
-0.998626971070624 0.06888521358253194
0.14830674371064703 0.9899525795561849
0.46781394192050235 -0.8849582564984638
-0.49446775125239145 -0.8703462776225352
-0.807177090293389 -0.5920018115728177
0.9708213718752672 -0.2439402875915007
-0.7776280565642615 -0.630313894535167
-0.023821711745601704 -1.0007165063340913
-0.9501571557447729 -0.3149640922184675
0.3576152997349059 0.9349397292850022
0.02347357144646763 -1.0007247331027387
0.28933351734994794 -0.9582729860211585
0.8913465077346188 -0.45552431674862226
-0.7438302936750666 -0.6698637878041059
0.5174855666288797 -0.8568603668806181
0.2882360370800459 -0.9586036651966184
0.4235086469202836 -0.9069958246782345
-0.41454062032021555 0.9111295594505376
