1000
-0.9955130409502388 -0.10466511022307343
0.8245991733761656 -0.5674832184896257
-0.9991225357076715 0.06127934922200766
-0.9976767936727581 -0.08149856052007962
-0.4835597902929594 -0.8764536092753735
0.27962290725603467 -0.9611514083315298
-0.9750162215958463 -0.22659295581495784
-0.536729433069782 0.8449393562123795
0.44380941109322236 0.8972369846507037
-0.22863711628727487 -0.9745389007401598
-0.4889417835705949 0.8734626106930997
-0.7000456527899851 0.7154977875646044
0.06577527838329124 -0.9988366296615281
0.344520491707891 0.9398439395949484
-0.5044246887198156 0.8646136324451039
-0.8204238812547872 -0.5735029686643573
-0.8981746163693609 -0.4419087671790992
-0.21623252946488 -0.977366099883365
0.6643190736931056 -0.7487864637715709
0.3645342168570966 -0.9322638064090997
0.3156238663166916 0.9499381953639422
0.9618586760419441 -0.27718024338476654
-0.32301157396652075 -0.9474515940583301
0.5872548479687065 -0.8106372453429779
0.326783398524459 0.9461572863159722
-0.7502180894431039 0.6627019075514563
0.2577182381693232 0.9672550386092078
0.11794198910945358 -0.9940275082737426
-0.9448371419986707 0.33058096602766396
0.6337154184911765 -0.7748585473275448
0.7379198326554125 0.6763692191205984
0.8674444961938915 0.49954083519060344
0.9290170890146364 -0.3727307987257978
0.6804683742492986 -0.7341415337974799
-0.7051405123539087 -0.7104772043051536
-0.5401799149688861 -0.8427375982262849
0.8492951154055813 0.5298101612353432
-0.8670409857022794 -0.500240871093536
0.3935487548669293 -0.9203914262653089
0.9789442619899343 0.20897160552807847
0.931998466998898 0.3652120719687452
-0.7930116173094008 0.6108466049773285
0.6056403101363518 0.7969948649382527
-0.8755047157155641 -0.48527568737760735
0.9670435388432288 0.2585107231461874
-0.3571223629440523 0.9351281291273708
0.9025371295833096 0.43292924332218546
-0.9459337640493627 -0.32742986123963175
0.11107214894043488 0.994818565231748
-0.7429861805327822 -0.6707999221357348
0.9775778273300227 0.21527329493625585
-0.5077509987851517 0.8626644325765846
-0.7394674065039525 -0.6746769261789809
-0.3636694896924985 -0.9326014702255181
0.7297764682664757 -0.6851476529657747
-0.885004639286554 -0.46772618960378554
0.23614929219215666 0.9727458618761343
-0.9653517382154244 -0.2647584210642952
0.7000860223332953 -0.7154582876265706
-0.9976190267217967 -0.08220266128693812
-0.9452470821909675 0.32940697261816165
0.9886923158707093 -0.15648803321089294
-0.7372001914958122 0.6771535111468727
-0.8129485648389055 0.5840510516439155
-0.08478895654911392 0.9974025430323068
-0.019773995624332297 -1.0008046708009755
0.63145449099953 -0.7767021474133599
0.8812840029736398 0.4746993849824935
-0.5731099824052092 -0.8206984513617049
0.2954695801139168 -0.9563988327195436
-0.9103681524646154 0.41621007553657646
0.9877770242431875 -0.16216519471598514
-0.03517592213131648 1.0003817543829012
0.1958322315340693 0.9816571382577457
-0.8996176276948651 -0.4389636931918893
-0.43277353220362064 0.9026118046114852
-0.2064729476568828 -0.9794743089463235
-0.2723886127907233 0.9632265795865194
0.972757725955961 0.23610041633378684
0.9881777959882001 0.15970486378286392
0.9973086229660193 -0.08588661454279274
0.1761197842056231 -0.9853846059338276
-0.32455459399859776 0.9469241339803339
-0.767559141929469 -0.6425371301648625
0.868225723122355 0.4981817878131072
-0.9912360501048039 0.1394707602783708
-0.7316396140805667 0.6831577234490139
-0.04272434480554081 1.0000878113250542
-0.7881219491673952 0.6171424416134298
-0.4780942257701014 0.8794469348887898
0.6649073673881255 0.748264119674993
0.8861667650781587 -0.46552063807194566
0.6616360841963125 0.7511582337226759
0.3838315166762671 0.9244860014115933
0.20634783193653822 0.9795006749640809
0.5546885366016138 -0.8332596398258829
0.5005346827711246 -0.8668714041558931
0.29600796235340476 -0.9562323390386802
0.09162856641946795 0.9967974748242058
0.7059281425078663 0.7096946227888399
-0.21911163052971167 0.9767246763375087
-0.13323558456177578 0.9920933822007291
0.3797327340832025 -0.926177116250286
-0.8756059415911828 0.48509301690523055
0.9361503531567654 0.3544340788982676
-0.3470885683408338 -0.9388985705213904
-0.31871642866588423 0.9489050732810235
-0.5407980352816023 0.842341074052286
-0.7028170456989162 0.712775701237807
-0.9245030933261487 0.38379034697394704
-0.593880498593141 0.8057958509391584
0.21363778175420944 -0.9779365512174809
0.42458098033778824 -0.9064943414800793
-0.4237565423489696 0.906880032207373
0.6694556370554069 -0.7441976552064239
0.7201064631111915 -0.6953040211198911
0.9498663834400857 0.31583991769637393
0.8735415230233479 0.48880078514058234
-0.2176322605930783 -0.977055371588093
-0.9943024982421632 -0.11560078714867437
-0.5080385937811902 -0.8624950940317464
0.6971829876293554 -0.7182874645712578
-0.9266751878531794 -0.3785156485764818
-0.04183979209826954 -1.0001252080600576
-0.7916484328230278 0.6126122418045888
0.9802887300240966 0.20257098950181404
-0.4686685847225052 0.8845059398863322
-0.9987512783616912 0.06705880979325327
-0.26950376247690055 -0.9640377181473733
0.9561299189745703 -0.2963386205705927
-0.9048371886339692 -0.42810122875901085
0.9231271074746099 -0.38708828895429015
0.8418559820982175 0.5415528648298757
0.06031393487013906 -0.9991812794785943
-0.9862833089868143 -0.17101530461926565
0.920547460125815 -0.3931836385913216
1.0002712343324673 0.03818975997570626
0.8781887930545852 -0.48040133612775365
-0.049794758127872596 -0.9997607124022161
0.12285598535396583 -0.9934321350060638
-0.9372745796917281 0.35145036955976355
0.6891069758081678 -0.7260389630677689
-0.3773423029492891 0.9271535937507479
0.061348314718333574 0.9991183034462037
0.5490631290964807 0.8369771085679593
-0.32573432420969683 -0.9465189644331762
0.6683303255240615 0.7452084111071896
0.33210426690390127 -0.9443027882539702
0.1500157654874834 0.9896950389413925
0.4806920337346751 0.8780297083265589
-0.9181630688274438 0.39871992556350966
-0.8511855453778012 0.5267676597323483
-0.08241089097315525 -0.9976018469554929
0.9864788362029748 -0.1698838006509872
0.27297080205401 -0.9630617535890368
-0.818756309944646 -0.5758811552098461
0.6477940826037555 -0.763127660711862
-0.3971063556041136 -0.9188620910336976
-0.509577243867495 -0.861586926857881
0.20780312607785845 -0.9791929640230621
-0.9068586048041493 -0.4238023960440428
0.4871619659973825 0.8744565277276882
0.7151714147601742 0.7003790741519417
-0.9967656202228475 0.0919744439600599
-0.0363611822073731 1.0003393746266724
0.938574323354917 -0.3479644228062113
0.43172857683972693 0.9031120838190263
0.40289865242580664 -0.9163370972919677
0.9982804607219724 -0.07373684113607384
0.35407454108352515 0.9362863981477522
-0.43150121735048425 0.9032207368218746
0.013258440145011607 1.0009121908363996
-0.7862055134798204 0.6195820289307397
0.9119887369765812 0.4126469963877846
-0.3802160715274128 0.9259788004874957
-0.7428000059101016 -0.6710060739069006
0.9496378934788401 -0.3165262568398887
-0.05617530406309782 -0.9994225008540775
0.45205305850955585 0.8931119931409252
0.06985062132338556 -0.998559908418487
-0.967060143111058 0.2584486014781663
0.41589881777107496 -0.9105103916906288
-0.7887075393488777 0.6163938816813795
0.37416276752965033 0.9284412869937189
-0.9258502238841806 0.38052905662197817
0.9845276086464055 -0.1808490746810444
-0.5750907958197408 -0.8193116480091183
-0.7926428430613889 -0.6113250553867055
0.8937917163334561 0.4507076300815139
-0.8059990198277636 -0.5936047338395175
-0.8642877713357862 0.5049828198260015
0.9627898597396017 -0.2739282496979783
-0.4671365259280067 0.8853160261420283
-0.9413218769079463 0.34046163374821137
-0.8018645096856135 -0.5991780270559417
0.9724700397772181 -0.2372825778174536
-0.9700413778630829 -0.24702373415016557
-0.8049914037635192 0.5949704529359746
0.7098096787930747 -0.7058124537663473
-0.44342167088597195 0.8974286722568501
-1.0002470953424112 0.03881685534750624
0.7579585154032924 0.6538347565919366
-0.9974361247101191 0.08439299214543552
0.9870185683452302 0.16671936222806355
0.11814530271266954 0.9940033639012152
-0.9170267644943938 -0.4013264421900752
0.08703516068717677 0.9972090456890959
-0.11642241403288195 -0.9942066291826644
-0.6588647525082879 -0.753590232090486
0.13247009177935237 0.992195885288772
-0.26552919816068943 0.9651400131194133
0.9442602179440146 -0.33222528622656355
0.2566157547553095 0.9675481147784656
0.2705509683881175 -0.9637443506990077
-0.8710142507479804 -0.49329015294645223
-0.8290968212025817 0.5608916660744518
0.16215348325984102 -0.9877789468634672
0.9937866437081282 -0.11995460302686967
0.9989871562703686 0.06344810168036626
-0.5235721736114227 0.8531548388304495
-0.08435938856054995 0.9974389673366938
0.22608284929889458 0.9751346292963312
0.8156710801673528 -0.5802427845123314
-0.43840861335008585 0.899888264030849
-0.6226142293842062 0.7838064310582754
-0.7461929538096377 0.6672309013264058
-0.9927202725594331 -0.12848136226521265
0.9999834968112292 0.04509995682022863
0.5130910021462678 0.859499053819455
0.6119790078957353 -0.7921380522957797
0.6052510423963161 -0.7972905215027787
-0.8458529629155488 -0.5352884877586918
0.6740550274451066 -0.7400343370249631
-0.5323543234426912 0.8477027039663578
-0.8539888121073654 -0.5222107896199111
0.5263260868554345 -0.8514586603561243
-0.9303377653388739 0.36942203830344283
-0.18794796808254388 0.9831971121263747
0.7905095377279409 0.6140811597510194
0.08850781788181128 0.9970794181878393
0.5414404427891055 0.8419282908373713
0.9180512294492655 -0.39897736791288296
-0.8610108155831782 0.5105500714413723
0.23192281474324342 -0.9737621927357681
0.7603280628049975 0.6510777502811778
-0.817830279883004 0.5771954896796122
0.7988932021866721 0.6031340244920071
0.4576207463166478 -0.8902720104218678
0.7056054338923703 -0.7100154728325009
0.4562564121102905 0.8909719896878043
-0.9756322414655735 -0.2239257229816642
0.7592016623075211 0.6523908613319908
-0.9865878616628868 0.1692494940005804
0.9766617653513424 0.21939187792805695
0.02210963016352148 -1.0007557965128318
0.48649487017226434 0.8748278352316367
0.03127492962939975 -1.0005113086700599
0.41832832845912704 0.909396728391186
0.7293682051405467 -0.6855822498650744
-0.08444605044598348 0.9974316340301597
0.8980365554444993 -0.44218926387394175
-1.0009424955127733 0.010729430397824844
-0.12997791303063283 -0.9925254365124359
0.9574077089456303 -0.29218398116850836
-0.7810000860047963 -0.6261308694358559
0.6088621872873667 -0.7945362401373794
-0.16592004674111516 0.9871532495461007
0.9812685911169063 -0.1977699473819053
0.4436646557621583 -0.897308571912386
-0.03447081751327383 -1.0004062988306135
-0.4388063003252064 0.89969440967192
0.9618528622240707 0.27720041744442386
-0.008674229937900839 1.0009624157454586
0.3891921288725709 -0.922242097729027
-0.6047358980622758 -0.7976813233333303
0.10698929778674982 -0.9952659394147366
-0.982255382195117 0.19280913917323664
1.0007251766964445 -0.02345465254208635
-0.7100848765592768 0.7055355895217452
-0.060818098892083665 0.9991507187842846
0.2282803807487193 -0.9746225257838133
-0.5518855615915418 0.8351187501827441
-0.8802536262363988 -0.4766073368063801
0.591042586685339 0.8078797315964199
-0.39398147038594084 0.920206281761069
-0.8923951367134182 -0.4534665588224115
0.061083111756965236 0.999134552229121
-0.7587969801836046 -0.6528615035857469
0.9205415983737665 0.39319736222852675
-0.31091740297647263 0.9514890270131158
-0.10755419174564132 -0.9952050521565603
0.8673799027394276 0.49965298390357
0.020633014693050077 1.0007873294085394
-0.44487185359915793 -0.8967106745630106
0.6446738346448763 0.7657653994039367
-0.3759190968553824 -0.9277315520232313
0.2136962373560661 0.9779237793099521
0.8844036774002473 0.46886153115916795
0.7763053875913395 -0.6319422008353771
-0.15891525142362978 -0.98830508592487
-0.3962673172598894 -0.919224245367609
0.6838027053088281 -0.7310368391622462
0.19451775241623115 0.9819184507864885
-1.000682056490689 -0.02522740211685443
-0.9424251529273489 0.3373956596191822
0.38047394872009566 0.9258728715894737
-0.9634508809014081 -0.2715941827254422
0.2705512257685356 0.9637442784448284
-0.8787460878444646 -0.47938117724629997
0.8018780026365228 -0.5991599693634921
1.0008156262775354 0.019211512139985357
0.30753496491766075 -0.9525876575691568
-0.7133266867153889 0.7022578144952504
-0.46538043769893894 -0.8862404009111433
0.9830472189832081 -0.18873040361685345
-0.697204466609537 -0.7182666160554246
-0.7606132715723453 0.6507445359801447
-0.5924219298488875 0.8068687979059048
1.0000439151591016 -0.04373977312761892
-0.9474365023871579 0.32305583719287423
0.8864385167192239 -0.46500296351380616
0.7943083765231747 -0.6091594232917344
-0.8883110217331387 0.4614157871891979
0.771205970870401 0.6381554281629532
0.15067197622681405 -0.9895953494130347
-0.2708002148131833 -0.9636743452313824
-0.9459442061300255 0.3273996928664348
-0.3544170180107912 0.9361568123687071
0.5836901544222873 -0.8132077247730044
-0.029158001021526204 -1.000575240037664
0.674992986028035 0.7391789152924729
-0.07501003582954656 0.9981856012409968
-0.9793081062670527 -0.2072598200318604
0.9883443861838772 0.1586706472502558
0.23797537042522018 0.972300736948697
-1.0004292369758476 0.033798547364098125
0.8439322883487255 0.5383115201093912
0.12346453379911952 0.9933566876473757
0.851970592098171 0.5254970125508724
-0.9472656025673517 -0.3235566074007949
0.12318580292072796 0.9933912914651384
-0.6025758196394275 -0.7993143196426997
0.8339579006865181 0.5536381669308355
-0.8750832393756104 0.4860353116429794
-0.3290418524884373 -0.9453742429910905
0.9624841368830052 -0.275000520451465
0.9721390093844834 0.2386351743414105
0.02159333049841365 -1.0007670698409228
-0.7878792838327611 -0.6174522120028201
0.2373514342326461 -0.9724532362369441
0.9691274916935603 0.25058512494509355
-0.7409584148206553 0.6730390980518605
-0.9487216659967632 -0.31926196213818847
-0.9666327274047909 -0.2600426317163691
-0.8161271201166584 -0.5796011765085449
-0.9512258320366151 -0.31172169713744535
0.9101479617102913 -0.4166913579552641
-0.8127724699688875 -0.5842960825306582
0.9991760760582314 0.06040007477541024
0.7703603092342469 0.6391760273637578
-0.8944996197325816 0.44930104640237256
-0.7161599288774388 -0.699368255120478
0.5294636965982319 -0.849511150006011
-0.7107400462912321 -0.7048755823533238
0.9949607050706566 0.10979159970280944
0.42531800599355263 0.906148770223559
0.8166510001961632 0.5788628022930876
-0.2062267819164439 -0.9795261683183291
-0.8791343406701324 -0.4786687905582435
-0.9925011658888419 0.13016311193763658
-0.8512283124805053 -0.5266985475882681
-0.43902070644060176 -0.899589806142997
0.9708538411773042 0.2438110314798608
0.13303328680926577 -0.9921205292708762
0.723737500966506 0.6915237014699905
0.9755925456216141 -0.22409860536723308
0.758663574399263 -0.6530165242011369
-0.5006205128811843 0.8668218398740194
-0.8555281242981198 0.5196851244118316
-0.7443003532641943 -0.6693414555597134
-0.9852142341086435 0.17707036146605373
1.000892037297724 0.01470134939423837
-0.08705220921987535 0.9972075575676004
-0.6840841223460294 0.7307735035933245
0.8959377794107154 -0.44642636058435914
0.46445873849556707 0.8867237902724311
0.9586482067655111 -0.2880878610168603
-0.10521973290351973 0.9954545734526071
-0.6048310862359513 0.7976091506011195
-0.0596366395116104 -0.9992219329196903
-0.4724442693445964 0.8824949928262769
0.9758017337798558 0.22318596808990368
0.9986076491302289 -0.06916475329673127
-0.9961033676676789 0.09888923561798238
-0.7216967741066138 -0.6936532031527767
-0.7262290373676537 -0.6889066593407638
0.08464047407176671 -0.9974151543609645
-0.658121344689492 0.7542395479316202
-0.6164259868792631 0.7886824473131924
-0.8622309787205764 0.5084867150030143
0.4732876459571314 -0.8820429718468126
-0.29239290811946805 0.957343923196591
-0.16189831786014913 -0.9878208008915657
0.6344968055317564 -0.7742188345487317
-0.46074446441183714 -0.8886594052356894
-1.000999735731872 0.0007273683539344154
0.8076926383556396 0.5912982343505737
0.8221745733294791 -0.5709903422742709
-0.7082337958621526 -0.7073937308166413
-0.514265986294373 0.858796538966405
0.31272317388664683 0.9508970588419454
-0.5521486493304044 -0.8349448299394459
0.9956722570086116 0.10313950079080915
0.7880295922494678 -0.617260367866865
-0.9189294141883511 -0.39695054067157287
-0.6811268076857996 -0.7335306891001574
-0.3255612551262495 -0.9465785066018673
-0.9299996446798364 -0.3702724144402036
0.8142754568295885 0.5821996911756009
0.05609646387119757 -0.999426929165483
-0.07720388031087763 0.9980183168985144
0.3237593241907 0.9471963365636404
-0.5194717064959683 0.8556577272193401
-0.6841186962003288 0.7307411371403435
0.9863914953731356 -0.17039019295590183
-0.0982972136366529 0.996161963634062
-0.9533723576898064 0.3050936701948762
0.6970803361672373 -0.7183870857197889
0.6267270457057338 0.7805217550978083
-0.2536275218309011 -0.9683357269924082
0.15802725677739973 0.9884474624963179
-0.34197463031166847 -0.9407732735485196
-0.5538416446650303 0.8338227825112087
0.9778150728876528 0.2141930980067149
0.7807726546763338 0.62641444883533
-0.9663370719329186 0.2611391648300065
-0.7010673233119222 -0.7144967516960848
-0.9626560345243195 0.27439817636768693
0.9020262365402291 0.4339927056910874
0.09047488673930709 -0.9969028512696257
-0.4059955329302569 0.9149691946949234
-0.7321754513525631 0.6825834076775309
0.44071260269763823 -0.8987621497501292
-0.9469318983835898 0.32453193960479554
-0.9649683525282627 0.26615235978456125
0.4095743799295958 0.9133727756536688
0.9843035780896322 0.18206445605869165
0.9943906313195423 0.11484020351741812
0.7062179035435143 -0.7094062818403877
-0.9198905133488898 0.3947181823158339
-0.9822752476739722 0.1927079080033732
0.9715911855494858 -0.24085590746864577
-0.5117309779503215 0.8603094828060468
0.875406956045922 0.4854520175119404
1.0006838065889503 0.0251578860528519
0.2102525887659733 0.9786699387010958
-0.42466514652984905 -0.9064549152179505
0.8127696295777003 -0.5843000335753267
-0.6443391367504331 -0.7660470461085969
-0.9918805102398688 0.13481117685970032
-0.9963323416991401 0.09655498373625235
-0.8416277692842845 -0.5419074625520108
-0.9342966760346868 0.3592919720095839
-0.11957750468603534 -0.9938320886211419
-0.8110263803079136 0.5867173173212492
0.054582755060858884 0.9995107417381598
0.9746425826538889 -0.22819473280020577
-0.8285807123497761 -0.5616538107428254
-0.9421322396683008 -0.3382127185331611
-0.8338337932989726 -0.5538250672844687
-0.9608308817015484 -0.28072231255927105
-0.023242241013753603 -1.0007301325695448
0.9999682096649994 0.04543764583883849
0.9888505768519735 0.15548484382575462
0.09725106051277865 0.9962646391542459
0.9887447842796945 -0.1561561768221175
-0.9749674637086655 -0.2268026558695732
0.9472444980600853 0.3236183877577062
0.022311522653367014 -1.000751315740773
-0.25315350882438364 0.968459757021376
-1.000977298260816 -0.006741540363857095
-0.0524074124459935 -0.9996271620562915
-0.15942692886643944 -0.9882226744778807
0.08774304487699044 0.9971470092597753
0.99738113195393 -0.08504044697846654
0.4656430612441261 0.8861024430138984
0.8375606918534835 -0.5481724979072866
0.5195083963976698 0.8556354516219636
0.980303576792831 -0.20249912920104654
0.54965286443208 0.8365899405453125
0.6584262869515726 0.7539733580513076
-0.39330766097303527 0.9204944778867064
-0.9911368706763775 -0.14017383345631196
-0.5056953957267761 -0.8638710359427149
0.9416110510821516 0.3396610494006718
0.9422071421747068 0.3380039958861015
0.43861178140437124 -0.8997892560001393
0.45654507724697974 -0.8908241085879688
0.9715635531971781 -0.24096734654071697
0.8544880172930194 0.5213935445540581
0.5534343002397156 0.8340932054142248
0.24070252067037826 0.9716291970411994
-0.7082330909290049 0.7073944365862287
0.5304797471943263 -0.848877045170055
0.9668431880264865 0.2592590398940412
0.8502854082361873 0.5282193905382692
-0.7914844531328618 0.6128240860548603
-0.7296676666500107 -0.6852635232124419
-0.9467077565216396 0.32518521451899374
-0.9694077000238027 0.24949892010700359
0.5931582244681927 -0.8063276757905194
0.18284750474972247 -0.9841584171294784
0.4637921196278463 -0.8870726406394853
0.0406558402808522 -1.0001740361812328
-0.855910546804274 -0.5190550412713555
-0.8872515905174531 0.4634496899602479
-0.25198828319105154 -0.9687635961030051
0.8533130147145169 -0.5233143404482841
-0.03795377870610022 -1.0002802160804383
0.7536427807213157 0.6588046440839976
0.5635048972941312 -0.827322930134014
-0.8487512075492515 -0.5306810602270327
-0.9159742920128743 -0.4037227964476538
0.9363594513065837 -0.3538813048874346
-0.9957713261644321 0.1021785984868073
0.8260103408982 0.5654271984342806
0.94389113824764 0.33327243981099663
0.9847750658686135 -0.1794967120686833
-0.45978275609919644 -0.8891573635717285
-0.5775044228221319 0.8176121584350836
0.864745326334607 0.5041988899060112
-0.9481708400573203 0.32089415399005866
0.1022225690554534 0.9957668132528332
-0.6445943916976057 0.7658322728848619
0.8465504434141841 0.5341847496468319
-0.9986690489648554 0.06827247351334949
-0.34604860025926254 -0.9392823676928067
-0.015839111423284192 1.0008746787432086
-0.9915766898306774 -0.1370279832167015
-0.3767603946675885 0.9273902118363784
-0.7140640060922239 0.7015080863422206
-0.9891005952777421 0.1538863620377591
0.2573744881534402 0.9673465629482304
0.7923720785241154 -0.6116759674659231
0.7894951244247268 0.6153847971063188
0.022866975244775826 1.00073877782524
-0.3586997284052332 0.9345242130849323
-0.9732199876298115 0.23418765056644075
0.4738397275574965 0.8817465126600941
-0.6750784987619175 0.739100818907242
-0.32279201599627033 0.947526418844912
-0.9929850768121719 0.1264185003404371
0.9940319932856634 -0.11790418281185328
-0.27459797024113136 -0.9625990622992788
0.9967205207911449 0.09246190260766232
-0.34589564421971847 -0.9393387053187077
0.6870750526504839 0.7279621363953861
-0.011854491483482364 1.0009298032487932
-1.0009384686929927 0.011098733735282931
-0.3899466228911196 -0.9219233326561439
-0.9112252243605006 -0.4143302915418511
0.8000920371323988 -0.6015427932552497
0.902906547410919 0.43215826573431837
0.9634478009805728 -0.27160510817305805
0.8891098574585853 -0.45987461483536374
-0.7323116355005969 -0.6824373000579914
0.9499570773491317 -0.3155670312220461
0.9800916316572118 0.20352246449840458
-0.7241604531563262 0.6910807753688597
-0.9881152198895555 -0.16009157448977585
0.6062442720062471 0.7965355501543014
1.0009725387855974 0.007414620497061887
-0.7598229088449001 -0.6516672058608401
0.864887881020719 -0.5039543166433745
0.9985357410524945 0.0701952551156098
-0.8376668060732029 0.5480103301974509
0.9979173643294984 -0.07849798704213509
-0.9735015320241396 -0.2330145213214257
-0.038450478042662724 -1.0002612462443452
0.6146827728678459 -0.7900418272088486
0.3375550657343119 0.9423680690670203
0.967843168869293 0.2555006858563108
-0.24277518489843852 0.9711133865813657
-1.0008801919527528 -0.015486812345369355
0.11622471816113951 0.9942297596070858
-0.7765357436923654 0.6316591159542818
-0.6637684496455298 -0.7492746127123017
0.1619446299988233 -0.9878132094756297
-0.19716123144754613 -0.9813910784259694
0.35389024526896956 -0.9363560723909834
-0.7212426981299241 0.694125327584484
0.2092389635176138 0.9788871518954954
-0.43121167510782676 0.9033590046325447
-0.9209177272733973 -0.39231561222260936
0.14605480839968008 -0.9902873284776155
-0.8303637423263962 -0.5590143606650032
-0.9642919019467139 0.2685928663237153
0.9664492093435323 0.26072384961729383
0.7488018810845393 0.6643016956807015
-0.10393278465696063 0.9955897630417108
-0.43449298797991687 -0.901785364372412
0.9764772765204772 0.2202115538275668
-0.6849966927008005 0.7299181673235466
0.5008408914650118 -0.866694526022019
-0.621155659353182 -0.784962831510839
0.48764579346775544 -0.8741868107636966
0.9544668006915062 -0.3016523269887379
-0.6265881039910928 -0.7806332992749205
-0.22890803381331035 0.9744753008956791
0.6287747402096681 -0.778873112948614
0.09555131524131191 0.9964290974051568
0.7437740645416 0.6699262205013831
0.629384815290721 0.7783802119025541
0.881042658989168 0.47514716987613076
-0.22768005214841835 -0.9747629423884012
-0.94626475071454 0.326472083883369
-0.9538894588547097 -0.3034730635260224
0.8049253853532058 -0.5950597650774191
-0.6543965509225269 0.7574735336239152
-0.42844116306756647 -0.9046762790022246
0.9843827629420493 0.1816358335312095
0.017325272426937436 1.0008500561699203
-0.5478951199889539 -0.8377421664762315
0.7099976988457415 0.7056233185161555
-0.1638455607778382 -0.9874996871966065
-0.9904912996822448 0.14466507959344452
0.7225373261137625 -0.6927776067197714
-0.9279119989107659 -0.3754734641455061
-0.6326748487914755 0.7757084089441622
-0.991765005182735 0.13565830050125754
-0.6306284222835489 0.7773730076405805
-0.2136380267041869 -0.9779364977062371
0.6502135480856155 0.7610672387416995
-0.9556255927237367 -0.2979609479972282
0.17903484238422893 0.984859139782159
0.5868873328169942 0.810903359580508
0.04484332702064909 -0.9999950379985488
-0.13358277747236566 -0.9920466932371523
0.41556055258584185 -0.9106648269997858
-0.26432762610959254 -0.965469785169514
-0.6925840184296412 -0.7227228911663518
-0.5982452963638598 0.8025606303442236
-0.6463465053407674 0.7643541031706294
-0.4837665423383689 0.8763395075619832
-0.587749903291634 -0.8102783788184619
0.368140791829788 -0.9308455067254376
0.44413569684137083 -0.8970755167717096
0.4189052350704169 0.9091311258727196
0.163225063628418 -0.9876024395491837
-0.5684539789986125 0.8239302602530417
0.25545916613686614 0.9678541286974278
0.5340018862325187 -0.8466658050849296
0.1351674277925927 -0.9918320253268365
0.883819330314677 0.4699621169436063
0.4994387304994115 0.867503287876845
-0.8090386404173697 -0.5894552385988387
0.8621583393108535 -0.5086098681275769
-0.6180291458372112 0.7874268060561104
-0.770733594802817 -0.6387258612599988
-0.4709714409837734 0.8832818925901674
0.5558609560748647 0.8324779862023604
0.5554406059841819 0.8327585083467625
-0.5700669617781388 -0.8228150819528298
-0.9863548107399389 0.17060242474882775
0.9813105954442525 0.1975614215094806
-0.34090815848620964 -0.9411602560018891
-0.9900953335953823 0.14735070543654946
-0.9171520247844817 0.40104010202687396
-0.8821131130615786 0.4731569039597865
-0.28084589293192774 -0.9607947670669674
0.9667569719002882 0.2595803484129443
-0.9795918991661642 0.20591432948687113
0.9968793901078947 0.09073302363589485
-0.9307680753535624 0.368336517199456
0.15699594943188377 0.9886117902705699
-0.1503887334665694 -0.9896384333918732
0.9628474534577561 -0.27372574115328324
0.4488069788815464 -0.8947476156476859
0.9517450262500644 0.31013288282325724
0.7350665044484603 -0.6794690824738987
0.11041608500071792 0.9948915961918234
-0.9915304647824236 0.13736206684653174
0.9316604806279497 -0.36607342000765053
-0.9147224247310828 -0.4065512091902921
-0.9977221803056971 0.0809410336358879
-0.39191598790366644 -0.9210878668322003
0.5110973017840521 0.8606860915043658
0.5644869293680449 0.8266531960699335
-0.9885082525951064 -0.15764654944326945
-0.7206848218395683 0.6947045325676735
0.6957490835841573 0.7196764639001371
0.6705544040205638 -0.7432077712515031
-0.5304514526310912 -0.8488947263362904
0.033771259879105536 1.0004301584849278
0.8624406851518267 0.5081309522109902
0.12995095709671534 -0.992528966201817
1.0004951100310024 0.031788910079652344
-0.0031155866804617348 -1.000995151396667
0.9722863030000671 0.23803433575528887
0.00018119415673053464 -1.000999983600738
0.8913355754423771 0.45554570786124926
-0.7825833715861837 0.6241508363503177
0.43295971004170597 0.9025225146668652
-0.6506928034623033 0.7606575284070805
-0.5786275353391634 -0.8168177124348646
0.23650538738526786 0.9726593451654821
-0.7988865724472266 0.6031428059452605
-0.440532103368114 0.8988506360358574
0.9532028885507818 0.3056227302712375
-0.9324154129513995 -0.3641462586525792
-0.7974965862896581 -0.6049794995339445
-0.31423204294104395 -0.9503995071490188
0.7612985802369453 0.6499426680325052
0.8293285896947706 0.560548918752755
-0.22255496852778772 -0.9759458417266788
-0.7678332907674355 -0.642209496651405
0.2021594660673374 -0.9803736788997189
0.9154878864606393 -0.4048245666258801
-0.538739435915279 -0.8436591848546942
-0.9194230559389156 0.39580581628867667
-0.760676341519747 0.6506708103581513
0.8451072046470606 -0.5364651085146463
0.9785564625661712 -0.2107800976610018
0.992589858746283 0.129485027373955
0.3365066095499134 -0.9427429669476309
1.0007445453978405 0.0226131567117337
-1.000460996680046 0.032845001476161866
0.945294529571005 -0.3292707888093513
0.9351711099817427 0.3570097968620964
-0.6143178588375269 0.790325609045586
-0.4104477033437799 0.9129806585135396
0.9882262569588002 0.1594047209376164
0.10699580193171808 -0.9952652402093567
-0.8667363010860939 0.5007685936434073
0.7679366512636926 0.6420858974046274
0.84522894691376 -0.536273276696738
-0.4247225424676144 -0.906428023573767
-0.10305014061295212 0.9956815095800718
0.4750926645605178 -0.8810720515830628
0.49188780920957087 0.8718069643854703
0.9069570726795966 0.4235916291860085
0.4616219658414624 -0.8882038958778912
0.9462585109741023 -0.326490168931738
0.990383205385179 -0.1454032547468531
0.6875595921575672 -0.7275045066747832
-0.27461941143433977 -0.9625929455712091
0.9948233454694221 -0.11102932634681206
0.8947475097990347 -0.4488071899027759
-0.3471295064996697 -0.9388834356390018
0.40623457772098387 -0.9148630869500932
0.5836642177770772 -0.8132263405022445
-0.9787516097625841 0.20987207147962852
-0.5068797542641994 -0.8631766416655775
0.4556091289857451 -0.8913031591915573
0.9064390222781106 -0.42469906862565976
-0.9942358891282904 0.11617227194678552
-0.9035716416467281 0.430765932278583
-0.9340884173112272 -0.3598330566318313
-0.9271348779891205 0.3773882854780983
-0.34272610955304433 0.9404997681183311
-0.7333492568105717 0.681322146664397
0.0733104076836418 -0.9983118671663972
-0.47162819469089295 0.8829313936952344
0.42957482321768853 0.9041385243741645
-1.0008323711808085 -0.018318427787353007
0.9616194350917672 -0.2780091042642142
0.37304062962824625 0.9288927218180588
0.8625964908777669 0.507866413464567
0.9458139067838761 -0.327775920003623
-0.031936823230911356 1.0004903994151655
0.7078654660290138 -0.7077623061477115
0.9123578770151614 -0.4118301886073771
0.1169729570816271 0.9941420056066335
-0.9715077188950877 0.24119235503486286
-0.9985143835907183 -0.07049840964481309
-0.20928441111571525 0.9788774362829844
0.8269741110053379 0.564016683908314
-0.0219665501461905 1.0007589473368075
-0.9442899901764004 -0.33214065462188413
0.9491097714300766 0.31810633721437825
-0.9404915608989923 0.34274863074529827
0.6451900523676045 0.7653305144353567
0.8505931841984815 -0.5277236350544555
0.9611936715656875 0.2794775943471558
-0.2268255315636861 0.974962141947497
0.7904007960466594 -0.6142211178466654
-0.5597147704800606 0.8298917855398095
1.0006973347488222 -0.02461390311599421
0.955573021239702 -0.29812950387177056
0.9282682675260407 -0.37459180917927554
-0.9712855117526314 -0.24208563497124072
-0.9472820968795115 0.3235083135431851
0.5470891014454703 0.838268760648748
-0.27987190868303385 -0.9610789326221418
0.983919675249821 -0.18412787039524128
0.9904379651154873 0.14502978058968696
0.510445615091357 -0.8610727460755021
-0.23600373357407778 0.9727811869783953
-1.0004801832994452 0.03225527592671321
-0.736731673397536 0.6776632212337235
0.16835004654032454 0.9867417401883183
-0.37168325369940075 0.9294366890323552
-0.9753978160788982 -0.22494466072462305
0.9540854893588198 -0.3028562018432863
0.7159967538529458 0.6995353089530535
0.6146456577101118 -0.7900707028222879
-0.9842528221152426 -0.18233864691332088
-0.615144709196553 -0.7896822061737799
-0.08750089933401381 -0.9971682870086367
0.4446977675323774 0.8967970202625116
-0.4918707575173303 0.8718165850104755
0.9757275949647117 -0.2235098665034263
0.6475659095156686 0.7633212906981861
-0.5258217586490577 -0.8517702026551599
-0.28555899429945547 -0.95940453447682
-0.3893013075750708 -0.9221960159967837
-0.8952283977135918 -0.44784720153993934
0.2174238069377605 -0.9771017798452173
0.9964663963200372 0.09516155213613574
-0.12455502240073892 0.9932205426765757
0.4201127308374553 -0.9085737688202845
0.25782862859236233 0.9672256191179913
0.08301101239155123 0.997552089778639
-0.13408307665590632 0.9919791976420101
0.9794147977174286 -0.20675505800857336
0.7571631385663553 0.6547556655702539
-0.663466416559678 -0.749542069598138
0.7636520628112718 -0.6471758083891033
1.0008852800264147 0.015154412771372899
-0.86519987439691 0.5034184912610689
0.8896171610566764 -0.45889247842327885
-0.3841273611483596 -0.9243631161060019
0.962468487376711 -0.2750552868184613
-0.9332765936515135 -0.3619334189353448
-0.9811423445798197 -0.19839531161903554
0.7034633217411244 -0.7121378763729278
-0.9806820582099204 0.2006581687974713
-0.9830559055128018 -0.1886851521355229
0.993445562262553 -0.12274736176733043
0.8127445371126018 -0.5843349359687666
-0.14568821205514643 0.9903413274564354
0.09929408511448566 -0.996063092711138
-0.6509120602672619 0.7604699138023991
-0.620695302599337 0.785326900934329
0.0244939573653625 1.000700277831771
0.15129804053633228 0.9894998246234642
-0.9949871307119545 -0.10955185857662104
-0.9598903064909897 -0.28392181935285227
-0.9276486964574714 -0.37612351157665497
0.7258371109037882 -0.6893195836727996
-0.9751659957316491 -0.22594751773078078
0.998098873242746 -0.07615536246096417
-0.861282697473455 -0.5100912810790329
-0.5305943914652197 -0.8488053909734865
0.9668672708643107 0.25916921215954597
-0.5233623375587008 -0.853283577496422
0.02825480310286782 1.00060115235873
-0.9767871896450165 -0.2188327812403581
0.9411123892080203 0.3410402775027779
0.11415746861486767 -0.9944692415351244
0.5559212690034723 -0.8324377109847733
0.5715879041089704 -0.8217592517740913
-0.6586426636484132 0.7537843468938071
0.6456932040378459 0.7649060636832086
-0.9221601274211271 -0.38938631125740747
-0.9679768251434807 0.2549938547987921
0.9848713243084245 0.17896780312382995
0.09239905214652087 0.9967263491863876
-0.9997798342426691 0.04940934164407594
-0.8582803813258147 0.5151269620503415
-0.09097570582594008 0.9968572721054263
-0.3164220775564648 0.9496726113955538
0.9114447906475942 0.41384706547390576
0.5106040520115855 -0.8609788046574376
-0.8983964238054218 0.4414576601369931
-0.18993420003722533 -0.9828153436206719
0.4896247172066396 0.8730799713086529
0.46135186862679434 0.8883442200603127
-0.8123561637735782 0.5848747414439055
0.7839347300542945 0.6224526801409891
-0.18014496143287428 -0.9846566878208609
0.8552128205884468 0.5202038364921514
0.9280343148055115 0.3751710417175943
-0.7547608872370503 0.6575233859697619
-0.9189701414151278 -0.3968562449898703
0.8857959028717345 -0.4662259306984637
-0.2295466773228928 -0.9743250601980941
-0.4716793791831723 0.8829040509893343
-0.7004638204410809 -0.7150884114940509
0.5830605006200152 0.8136592976281517
-0.9254441245391973 -0.38151562531025973
-0.6264551768117085 -0.7807399768462039
-0.6039656910227678 0.7982646453823385
0.9996973479767234 -0.051051076857457627
-0.623932722342738 0.7827572791037971
0.7738690864658256 0.6349233316019727
0.975539366815492 0.22432998861772588
0.18353203397596676 -0.9840309916382942
0.5464012108482459 -0.8387173044498193
-0.9431134980132597 -0.33546673436451674
0.4875994032457629 -0.8742126869099852
-0.7651056452817728 0.6454566999868869
-0.9980813850898064 -0.07638421785430347
0.7201154974389958 0.6952946644036523
-0.6133524632992797 0.7910750632934309
-0.7170081026942413 -0.6984986618962161
-0.9289056683772051 -0.3730083903301612
0.9635671500600445 0.2711813919227567
0.9567425263578203 -0.2943547829719358
0.8998333673660709 -0.43852127767605265
-0.6886493480060504 -0.7264730383784671
0.15831406075429016 0.9884015672627634
0.9368685343374352 0.3525313452282307
0.5737096337040264 -0.8202793769169087
-0.7727697686010404 -0.6362608621754873
0.3851448997489208 0.9239396117698352
0.9546963915507448 0.300924907510141
-0.9369474837825206 -0.352321462067816
-0.35283568884141675 0.9367539573867852
0.5816970691300686 -0.8146345927871514
0.3478897382870061 0.9386020083052232
1.000968520506502 -0.007938573865919047
-0.9287121134157174 -0.3734900405565209
0.8007371889220021 -0.6006837389819122
-1.0004335506429618 0.033670621436447674
-0.7289319313123083 0.6860460913913206
-0.9025568192458422 -0.4328881934551095
-0.5086693950337802 -0.8621232200538205
0.9864595910655399 0.16999551521968995
-0.8866523071666311 -0.4645951852915504
0.9020042225203591 -0.4340384574613667
-0.5547656176134477 -0.8332083229984983
0.7988901975273339 0.6031380043528491
-0.2615152874955747 -0.9662353514574525
0.11927401901559599 0.9938685568966689
0.5293328223297892 0.8495927043027028
-0.006478891333464666 1.0009790327310004
-0.6811119803123862 -0.7335444569178747
0.8702628579222664 -0.4946145551042439
0.9529968454083083 -0.30626461212783446
0.9762167302393343 0.22136371789618747
0.03553383784567086 1.0003691050647043
0.8376338736614031 -0.5480606660717338
-0.46182400601474327 -0.8880988613147156
-0.8449486377366481 0.5367148214713126
0.977369456984698 0.21621735488493157
0.8837942070439343 0.4700093611786719
0.8891257274728572 0.45984393085683156
-0.9896346951286517 -0.15041333118317887
0.7697393475691342 0.6399236960793401
0.360909631690891 0.9336729822334721
0.3986162691455548 -0.9182080755321632
-0.9953646168986144 -0.1060673343978933
-0.29605381610366327 -0.9562181435062076
-0.8063306844639396 -0.5931541345147269
-0.8944001580123433 -0.44949900705952117
-0.5645257913765102 -0.8266266574885696
0.3252215972065183 -0.9466952586289007
-0.30953633889594556 0.9519392075667933
0.5051661132892499 0.8641806512438431
-0.8185604379580961 0.5761595346862272
-0.9971914287265844 0.08723677248863233
0.8689043364230616 -0.4969972375629455
-0.3919439758900843 -0.9210759576514159
-0.007031017649975 1.0009753067837417
-0.5162077846214688 -0.8576307615146481
0.7070279984939667 -0.7085989058315117
0.9967949889790594 -0.09165560509994454
0.6638058722891552 0.7492414590200103
-0.9917058117396828 -0.13609034852529733
0.8640907017313721 -0.5053199572363879
-0.8853956749317258 -0.46698554454307667
-0.955258840159558 0.29913466582296355
0.3879300393167978 0.9227736908883281
-0.7933958593033692 -0.610347450588817
-0.9368063713124651 -0.35269650220603527
-0.9808666765356368 0.19975375556403113
-0.1300967165539877 -0.992509871155885
-0.18430472332259848 0.9838865630554066
0.6957054119743187 -0.7197186809786469
-0.5146421616330733 -0.8585711650583414
-0.5635294273241973 0.8273062217460123
0.8228991953222607 0.5699455362909476
0.7475546733647299 -0.665704897331056
0.11215200839196429 -0.9946974047486244
0.8326642967756714 0.5555818291440754
-0.9990640727772877 -0.06222522386989466
0.0038988110351139897 1.0009924072002307
-0.9200742793548021 -0.3942896403276929
0.9994337471744892 0.055974860506831904
-0.9828281052794043 -0.1898681528663938
0.1177667234959318 0.9940482879805351
-0.6004817911741251 0.8008886429887205
-0.9952965157680402 0.1067044783502513
-0.36346835924402504 -0.9326798763929971
-0.8507136187972341 0.5275294672271059
0.8276281504891639 0.5630565198253954
-0.33002457382607 0.9450316294552902
0.5998721412139694 0.8013453775965564
0.2790910502407527 0.961305979215522
