1000
0.6211502648488536 0.7849671002521055
-0.4688322127708793 0.8844192197529184
-0.36565475997016733 0.9318248743788499
-0.924472674212687 -0.3838636146263973
-0.04782972071965064 -0.999856648633133
0.24913525278773674 0.9695012252794684
-0.5997852904217679 -0.8014103851296636
-0.7203235594222115 -0.6950791104193218
0.047676863315983885 -0.9998639490972504
0.3503292263292395 -0.9376942109128948
0.9172298847037064 0.4008619944649598
-0.04342991476105239 -1.0000574196034184
-0.9499542190582136 0.31557563545606515
-0.40611290804748595 0.914917103303471
-0.026042389603332057 -1.00066117839344
0.9715911392773726 0.24085609412613426
-0.3442963114102852 0.9399260874926666
0.417665487094035 -0.9097013470862305
-0.9203480220743124 -0.3936502486521517
-0.9991613349369344 0.06064343960432347
-0.258128239558599 -0.9671457035743779
0.9825628426476902 -0.19123613740109432
0.13928442984778017 0.9912622496604916
-0.5744265003268957 -0.8197775281881022
0.9249562370540911 -0.3826969552201011
-0.7673356558854825 -0.6428040068378514
-0.9708373400086494 0.24387672960930493
0.759108760119785 -0.6524989580906645
0.7920565064585718 0.6120845452849158
-0.08635511927281059 0.9972681652270761
0.9577163266469308 -0.29117080498207454
-0.37415754059341133 -0.9284433934371495
-0.9925009109908983 -0.13016505553426017
-0.0986767829314548 0.9961244362579901
-0.11187812977792098 0.9947282463454
-0.601141287873059 -0.8003937481104659
-0.4891678128198345 -0.8733360469493168
-0.6742343859337195 -0.7398709298415367
-1.000000167095348 -0.04472880290457187
0.8462739985092085 0.5346225953392133
0.43839265486327833 -0.8998960385299662
0.5791585945247617 -0.8164412547073443
-0.9945893416402015 0.11310632827437438
-0.9999617357335193 0.04557989763927846
-0.10423513911413998 -0.995558152884027
-0.9083768972374048 0.42053824150170394
-0.9892156794850991 -0.1531448316491078
0.8167077350386609 -0.5787827533090636
-0.6429240250258259 0.7672350995911169
-0.9806737632762511 0.20069870458375016
0.19745355892900243 -0.981332304607502
-0.16033603455358128 0.9880755821411805
-0.7353665214601364 0.6791443728071512
0.10177861152071167 0.9958122886553048
0.9059387998900591 -0.4257650653280039
-0.6003782957032894 0.8009662302796626
0.8977412886892547 -0.44278841288199505
0.9715644746106215 -0.24096363143550725
-0.8316309049913764 -0.5571274879802863
-0.30950394928947295 0.9519497388907774
0.6620130046210692 -0.7508260662181251
-0.2852353559349832 0.9595008033996862
-0.949849174369329 0.3158916680602764
-0.22494997795541805 0.9753965898125013
-0.8651370394953031 -0.5035264669243341
0.25563894963168843 -0.9678066580837348
-0.18117424024171855 -0.9844678230764254
0.8048757552971474 0.5951268928008937
0.058237479920429484 0.9993044560755834
0.6330453459924731 -0.7754060806553362
-0.9985441369907976 -0.0700757196274387
0.6218369770218023 0.7844232110336782
-0.8938124011896695 -0.4506666079038442
0.28095858501783594 -0.9607618193417011
0.9923409095278407 -0.1313792954672
-0.9664349606937224 -0.2607766606675594
0.9496591640977753 -0.3164624338608213
-0.955435408220072 -0.2985702274496643
0.9432419412914795 0.33510541653139697
-0.9925457066296692 0.12982303436220632
-0.5310954764098481 0.8484919533719789
0.0637505261634695 -0.9989679025944131
0.5483790711545367 -0.8374254559778367
0.5555172597886159 -0.8327073760192997
-0.08040427248289286 0.9977655801672539
-0.5280831665845798 -0.8503700189740953
-0.9743365114339078 0.22949806641190368
-0.7730766643491579 0.635887939057488
0.9723998942298472 0.23756987540886135
-0.053060415837452746 -0.9995927131943072
0.10152752747469274 0.9958379191238279
0.6453648050821997 -0.7651831600089055
0.9990600748156487 -0.06228938038984169
-0.5528319485018187 -0.8344925624088465
0.44679834094326104 -0.8957523332542034
-0.9967803653903746 0.09181450414956878
-0.46793840703366885 0.8848924495229873
-0.46761456092619863 -0.8850636261929413
-1.00071118731145 -0.024044117569750532
-0.32903104286648815 -0.9453780052604308
0.2659415443955969 0.965026473711724
-0.3646218245318423 -0.9322295452704074
-0.4068548604157383 -0.9145874056404287
0.9911902853959951 -0.13979562989094405
0.08064583284180267 -0.9977460847556617
-0.8048089488873283 -0.595217234117825
0.9638559420500693 0.27015314726053724
-0.5425304626469876 0.8412263055207235
0.6833489630130731 -0.7314610001558234
-0.9831821789133545 -0.1880260701796129
0.5991440455979945 -0.8018899005627071
-0.946384324224558 0.32612529932838213
-0.9656303292738 -0.26374053004150255
0.5164048303514412 0.8575121288878073
1.000896880852927 -0.014367807727054116
-0.7623544016275066 -0.64870391267447
0.9679052086711531 -0.2552655617729338
-0.9501722396094964 0.3149185848365796
0.8068461227000272 0.5924528118626265
0.3300084200287299 -0.9450372705402371
0.5393745934542437 -0.8432532525499498
-0.1810165702378945 -0.9844968264546663
-0.8414135581339784 0.542240006075094
-0.9957748645009236 -0.10214411010022797
-0.8574122510936868 -0.5165706453859497
-0.49186778239440154 0.871818263540294
0.5666851244139407 -0.8251478472176708
-0.3894752814935484 -0.9221225542765566
0.9595559131096231 -0.28504990723793866
0.4393929482774399 0.8994080481094545
1.000316156210025 0.03699442694786711
-0.18960972229458045 -0.9828779950794362
-0.3560720614676127 -0.9355285602493408
0.8044231512756879 -0.595738527956428
0.14363518605683023 0.9906411728403074
0.9700666294083181 0.24692455225915652
0.9745900922195952 0.22841880865506856
0.9519368034950285 -0.30954373221189213
-0.35334396872370205 -0.936562352311144
0.11712142333017514 -0.9941245254982466
-1.000987438787121 -0.005014717379868924
-0.7467873805250048 0.6665655318786006
0.2727506502870651 -0.9631241263554677
-0.9536393127250881 0.3042582147210191
-0.9534022360631546 0.3050002889667102
-0.2985704788209471 -0.955435329667388
-0.8758248157489598 0.48469773273484656
0.9691245880893801 -0.2505963542444093
-0.6019719723863927 0.7997691819901765
-0.2627709665703362 0.9658946211299094
-0.2394565213376281 -0.9719370218223411
0.9846910556921263 0.17995700831011202
-0.7348923412742163 0.6796574480843277
0.5893846049335132 0.809090098485556
0.620158710283826 -0.7857507073233224
0.928135981638444 -0.37491945746792316
0.9986329932023389 0.06879785525535824
-0.9856329026402176 0.17472487296609873
0.9635843811188245 0.2711201587190667
0.549769128170641 0.8365135418572094
-0.9897678823993937 -0.1495344073135674
-0.16898402976871313 -0.9866333653810451
-0.4486125832007242 -0.8948450984354629
0.9581085967011677 -0.28987741707024905
0.4794357616858538 -0.87871630826832
-0.21984819618065352 -0.976559148559939
0.49646882479972 -0.8692063656013944
1.0005040918622554 0.031504954640239356
0.6019787394593151 -0.7997640884904585
0.5842180527626508 0.812828559307691
-0.8860475854951673 -0.4657474382518753
0.010650058205055319 1.000943343181935
-0.7874273346364778 -0.6180284723759031
-0.9722110693042285 -0.23834142888371
0.3449052166336692 -0.9397028208635333
0.6979471696348248 -0.7175449452116133
-0.47554921162515557 -0.8808257190402043
-0.6971989889662061 -0.7182719330340702
-0.7957269028682376 -0.6073052741840156
-0.8643737092906374 0.5048357066285474
-0.9021207967385669 -0.4337961135046891
-0.5115874952544919 0.8603948132684408
0.7450492136944746 -0.668507792903901
-0.2596353010451387 0.9667422150972823
-0.9115376248628722 -0.4136425491403825
-0.4877821554233127 -0.8741107303142933
0.45992328315482395 0.8890846830376101
-1.0009810511916477 -0.006159152154647748
0.893166136009442 0.4519460736481323
0.6311802311662362 0.7769250387166942
0.5854166490889423 -0.8119657301693675
-0.5075122508697641 0.8628049114470232
0.9923687942978721 0.13116850271230454
-0.5667252187421992 -0.825120310283056
0.12993716567001548 -0.9925307718038988
0.41699575489882756 -0.9100085386392575
-0.21616278198004432 -0.9773815282102726
-0.9936190878094893 -0.12133469553527756
0.5645051484654489 0.8266407547151311
-0.4671158981476004 -0.8853269100720709
-0.07355205985850852 -0.9982940921845478
-0.9352894633026054 0.3566996212993844
0.19955336123212655 -0.9809074655750972
0.45153732542634795 0.8933728469943668
0.10319733077958676 -0.9956662648297212
0.21347683575397386 -0.9779716972369246
0.33292641312575505 -0.9440132432562687
-0.7580430053028244 0.6537367988047347
0.38918287774173743 -0.9222460017113979
-0.012390466680630355 -1.0009233119152716
-0.9367335140668227 -0.35288995965317804
0.6036641918999621 -0.7984926696080346
-0.8368561043661064 0.549247540354242
-0.7913940515753696 -0.6129408251463767
-0.5674548232014205 -0.8246187140887871
-0.9962275450086292 0.09763031581470841
-0.22491040833761447 0.9754057146753896
0.5166112617714732 0.8573877793687559
0.6969151141095875 0.7185473705509056
-0.15585834182579 0.9887917765046973
-0.2106609555844406 0.9785821180627869
0.9245875382298979 -0.3835868664982901
-0.9624621507591751 0.27507745882936846
0.830241933370016 0.5591952539802335
0.8883963199944809 -0.46125153508716255
-0.7400889086833949 -0.673995109213577
-0.9782907511295138 0.21200992017934375
-0.21123186352582846 -0.9784590435125048
0.19235832835603223 -0.9823437654467365
-0.08702173681254952 0.9972102172170757
-0.8424621374232213 -0.5406094218641562
-0.3111353231903929 0.9514177897554837
-0.6714679603346181 0.7423825013051342
0.9396490467694713 -0.3450516901932578
0.6176593904297197 -0.7877168764308576
-0.9910455495408148 0.14081803412682764
-0.5680188070124825 -0.8242303287795931
0.9660442473193093 -0.26222035050939363
-0.9987188173040382 -0.06754053570133434
-0.5862380892695177 0.8113728505992945
1.0005315152459504 -0.030621675323900796
-0.7039155288782621 0.711690893720045
-0.19456470371928905 0.9819091485807765
0.5522257486333821 0.8348938390875217
0.8397417734239833 -0.5448254343977927
0.8501860178921334 0.5283793476099505
0.42778318704382795 0.9049875937727684
0.9997686962133052 0.049634202642408747
-0.958192142972868 0.28960113457143566
0.9373211604021983 0.351326119527536
0.9695137932984291 -0.24908633965773955
-0.9877743671335528 -0.16218137881368824
1.0005124623003192 0.031238002204886723
0.8822454265623406 -0.47291014718425495
0.4474797147770348 0.8954121424590262
0.8756205940270342 -0.485066567922119
-0.7490278188480529 -0.6640469310159701
-0.4972483574927459 0.8687606522919684
0.5463931490939107 -0.8387225564054179
-0.5125164953236833 -0.8598417540577621
0.8357682755309833 0.5509014336666462
0.15784001050128202 -0.9884773801584714
-0.113648924198285 0.9945274868140008
-0.6617570012141702 0.751051710166503
-0.750854038719252 0.6619812780879741
0.6054340595686766 -0.7971515536673013
0.9940612408142976 -0.11765733938322388
-0.17162783476520435 0.9861769041778496
-0.06263439662226811 0.999038503942548
1.0000303254414165 0.044049383622641394
-0.9884951607381826 -0.15772861882738523
0.9411371621271741 -0.3409719080264665
0.48188133126891974 0.8773775598763018
0.8445681206502205 -0.5373133997783368
-0.12080445771174295 -0.9936836936354403
0.9328180239786367 -0.3631136655932844
-0.6154580105504404 -0.7894380515590149
0.6817773354340013 0.7329260978355956
0.7614537160664279 -0.6497609085568535
0.535321096235993 0.8458323261289407
-0.9999573217030193 0.045676632674971906
0.8868399178694958 0.4642369654316919
0.7959508309727087 0.607011758266555
0.5173449406742683 0.85694527967586
-0.9717195150266476 -0.24033764606564828
-0.8287996913650265 -0.561330625917771
0.9894843682256952 0.1513990919292347
-0.8773498489250349 -0.4819317820928793
-0.9338241561458586 0.36051830105901006
0.7503124113568846 0.6625951142015893
-0.4815658164968186 0.8775507759564414
0.8623833876926272 -0.5082281895288647
-0.9549941322968875 -0.2999786780398149
-0.4824739040709522 0.8770518410507634
-0.36661523341397306 -0.9314474062601807
-0.15935929092732024 -0.9882335839239333
-0.7373999514229366 0.6769359730738578
0.5442567449796692 -0.8401104662746056
-0.8429715238617045 0.5398147922744206
-0.98099492324677 -0.19912297849335217
0.09123858248017747 0.9968332463692249
0.918696986912178 -0.3974881711931631
-0.9603477923725059 0.28237053260787404
0.9117744699155124 -0.413120219803251
-0.6662313610488936 0.7470855195725178
-0.9747337643609134 -0.22780493544873703
-0.8849491883983749 0.4678310955388253
0.22645228230753228 -0.9750489033057315
0.6539469097582704 0.7578617546872309
-0.948887627502871 0.31876836476032655
0.5621445300916643 -0.8282478658517762
-0.8783236566863954 0.4801547189240557
0.22089738381257742 0.9763223575360541
-0.33996098654594825 0.9415028027715614
-0.08590738148748595 0.997306834332325
-0.23895594585127947 -0.9720602120971316
0.8820172721421722 -0.4733355381152796
-0.07870969840697291 -0.9979006881331846
0.30862507620418 0.952235035239706
-0.9581765228690009 0.2896528111768827
-0.9968223335998115 -0.0913577322213404
0.8467084774906686 0.5339342226767583
-0.5594329539181403 0.8300817851696445
-0.027355870704816345 1.0006261321482572
0.8679103463304001 0.49873102042347917
-0.22293102024314848 0.9758600105616322
0.829129524757471 0.5608433214146801
0.0657731753105574 0.9988367681506156
0.4823596914342727 -0.8771146607368008
-0.2689467377090009 0.9641932650022431
0.9128918882423582 -0.4106451027119423
-0.26826935459392054 -0.9643819540958661
0.8807462837500182 0.4756963145332666
-0.6249050615199396 -0.7819812427972684
0.9186032373588785 -0.3977047803506867
-0.03336301266555414 1.0004438561887807
0.1715474456865963 -0.9861908911962249
-0.905299273375933 -0.4271231972452537
0.9160684676769651 -0.40350906127121505
-0.49622737144203943 0.8693442332193411
0.8954329936121364 0.4474379889446221
-0.46989113366581853 0.8838570713086205
0.03497405606031212 -1.0003888321061416
-1.0009910675240552 0.004228798535305527
0.2262625935030624 -0.975092938535229
0.983977780262383 -0.18381710461737083
0.02942923324774322 -1.0005672992010333
-0.8773897645988358 0.4818591090528429
0.4983952434076412 -0.8681032089265873
-0.9321189380744975 -0.36490448789083296
-0.9233215458666867 -0.3866242658426291
-0.966146377124423 0.2618438045273406
0.2550186038099505 0.9679703051802898
0.3904769657510186 0.9216988332518805
-0.278180282788787 0.96156992999342
0.7059481457409011 0.7096747251558162
-0.8442989606293495 -0.5377362411816783
0.9551189078186636 0.299581160835062
-0.705265013608383 -0.710353616574145
-0.9972709697066598 0.08632272574669005
0.638850989535992 -0.7706298807916054
0.9831697868069318 -0.18809085652953017
-0.10542802625274039 -0.9954325347709163
-0.1987420376949768 0.9810721698493177
-0.9965224707465654 0.09457253986840268
-0.7892412789517558 -0.6157103244209868
0.988513807227381 -0.15761171568391782
-0.1456361866350775 0.9903489794725862
-0.9963344448573831 -0.09653327918769919
-0.4466811083306777 -0.8958107989193239
-0.9865940850495146 0.16921321267948025
0.13166755310438594 0.9923027035433813
-0.1915408337719867 -0.9825034905779888
0.2610220634861764 -0.9663687093306667
-0.5923733435642571 0.8069044688403347
0.9986625342797019 0.0683677016290827
0.8704588304146498 -0.4942695869190821
0.9983391410315992 0.07293805237520992
-0.8015469769193803 -0.5996027383121282
-0.5769225266259043 -0.8180228592598026
-0.9026267625342712 0.432742333908875
0.3004672819991892 0.9548405167607937
-0.23339606520357634 -0.9734101277198054
0.9498743245321714 -0.31581603441647976
0.21501351217420991 -0.9776349981370915
-0.411922640485799 -0.9123161394249293
0.9974596467148036 0.08411452416544582
-0.9959313176139973 0.10060720946158425
-0.9387007379067849 -0.347623251025097
0.12163286083861573 -0.9935826322778664
0.168081337544677 0.9867875475345199
0.837602987829763 -0.5481078678313731
0.26185059043862097 0.9661445379895006
-0.769106939346074 -0.6406836316386696
-0.4818122413757327 -0.8774155025188993
0.8465482528953159 0.5341882210605999
-0.008520211631352633 -1.000963738600833
-0.992621425125594 -0.12924281945870264
0.21340703530799193 0.977986931037963
0.974073025280526 0.23061383614354952
-0.25217496800551625 -0.9687150176968544
-0.6902998093763211 -0.7249049407853521
-0.8943692907455604 0.4495604206013728
0.9923432564089402 -0.1313615676661193
0.9519341706395675 0.30955182888937777
-0.2146571306653066 0.9777133098483101
-0.3456867852513157 -0.939415587747303
-0.4245514859947154 -0.9065081553630276
0.8261197945900866 0.5652672686317801
-0.8112031180014829 0.5864729331731108
0.8582412128716322 -0.5151922170691533
0.49775327565171607 -0.8684714598523009
-1.0002340838636667 -0.039150702131778625
0.985262434025481 -0.17680196859250408
0.9440467489436974 0.33283139246296395
0.18054976847445925 0.9845825415392145
-0.5888664877713867 -0.809467268998439
0.327309801657103 0.9459753134935329
0.07666018638969965 0.9980602265508312
0.977116285633087 -0.21735860772143273
-0.18690719363838768 -0.9833954957016136
0.33492271928192413 0.9433068281894293
0.23624662241787234 0.9727222282831556
0.9952180978546344 -0.10743341055092329
-1.0009809685713247 -0.006172564946027231
0.4229212994038044 0.9072698465785124
0.07901524230688345 0.9978765412029609
-0.9222706360619594 0.3891244966047101
-0.9746889722724768 -0.22799650727680726
-0.1365826845692855 0.9916381246583086
0.6593356673040783 0.753178251027395
-0.00017044851975089956 -1.0009999854881628
0.02230417139996423 -1.0007514796082797
-0.9447901832695655 0.33071514872690794
-0.9578547113769851 -0.29071524193429
0.4248695383013122 0.9063591315938896
0.34697643108626536 0.9389400173976173
-0.5672322848828518 -0.824771807827219
-0.05958222085147838 0.9992251793056486
-0.7964471673031037 -0.6063603793907233
0.5443482371121636 0.8400511869837931
-0.4146292338773185 0.9110892373496176
-0.8466396691047542 -0.5340433228664059
0.9241662158413801 -0.3846008391793023
0.9893829662638012 0.1520603369292661
0.625510068598656 -0.781497379446473
0.8581096298497017 0.5154113533472151
-0.8554416334113777 -0.5198274827541095
0.012702515236390988 -1.0009194004047826
-0.40069139060969755 0.9173044257449469
0.967245305748497 -0.25775476427700916
-0.5493755191821268 -0.8367720949717246
-0.42490062799111683 -0.9063445571816242
0.6208077273634925 0.7852380312018613
0.5767647329895234 -0.8181341227326505
-0.8204095527246237 0.5735234657781518
-0.8669566178398858 -0.5003870729581513
0.7393980524570621 0.6747529325780686
-0.9905980763214501 -0.14393210617594143
-0.05516234532033492 -0.9994789220682746
0.25611757787386547 0.9676801053571498
-0.7215854944626333 0.693768963114607
0.7061787843318516 0.709445223086031
-0.6784971616902561 0.7359637230042431
-0.7055757704549477 -0.7100449507931924
-0.43024802281258206 -0.9038183660812962
0.3721741387190802 -0.9292402329154237
-0.26822950058905454 0.9643930396958216
-0.6807396123179514 0.7338900327850251
0.9688393266074505 -0.25169695909728806
-0.972845559705685 0.23573823822395176
0.46674711939833563 0.8855213868300165
-0.9903301138944274 -0.14576441785926494
0.9015663182023378 0.43494732311290396
0.9704014407835501 -0.24560546354918528
0.1340164012622364 0.9919882076883371
-0.12322462659411383 -0.9933864763528549
-0.7982865310720728 -0.6039367635017069
0.9681871882517066 0.25419395843578674
-0.9826015185105041 0.1910373152576517
0.9456841642453089 0.328150059417413
0.09965097243214877 0.9960274512749773
0.08323484297232324 -0.9975334384948571
0.9556996656740084 0.2977232759301637
0.9745418855877007 -0.22862439335112297
-0.8442798291575733 -0.5377662783009538
-0.18223936822504555 -0.9842712088997302
0.008282746868971888 1.000965731733262
-0.9993495123091112 -0.05745913545765961
-0.9900063117489665 -0.14794763498349123
-0.78772447291965 -0.6176497023098608
0.01537142742588494 -1.0008819706733112
-0.7901295294269941 -0.6145700340298709
-0.16980560124881253 -0.9864922999114232
-0.37191579242281997 0.929343662670869
0.9319485200887018 -0.3653395077246348
-0.8446666637654272 0.5371584748688072
-0.3586423035241846 -0.9345462525326752
0.9811395008924609 0.19840937424550456
-0.15765205887534578 -0.9885073739392967
-0.9081398824653112 -0.42104982350773024
-0.9988129997911245 -0.06613313426910189
0.30827511118745765 -0.9523483899405514
0.8996319361043215 0.4389343681476652
0.9187335609353267 0.39740362858320044
-0.7538913091897471 -0.6585202304623369
-0.5275725907695592 0.8506868762762801
0.9872466294954995 -0.16536351638065813
0.6882813334590194 0.7268217154239918
-0.30258661005151516 -0.9541710241971992
-0.4932228146936091 -0.8710523836519327
0.5047804808425725 0.8644059614326716
-0.7319156510455859 -0.6828619770894526
-0.6271763995164045 -0.7801607295228589
0.3802904540048223 0.9259482548138455
1.00084930441727 0.017368645527704254
-0.6230044462684332 0.783496304987945
-1.0008139535182414 -0.019298457015713723
0.2638777517140077 0.9655928397364806
0.46795290992908173 0.8848847801204994
0.31205922991474194 -0.9511151544503001
0.6593579561384248 0.7531587386978651
-0.6670948297913925 0.7463146039476871
-0.8039732361642115 0.5963455672105269
0.6509284540168357 -0.7604558815284764
-0.9605082531654904 0.2818242282008029
-0.9165207677319889 -0.40248066079746686
-0.9305097129944376 -0.368988718015889
0.6694293237445968 -0.7442213249503482
0.7673692453783197 -0.6427639078600385
-0.046273226545475984 0.9999298917949554
-0.2906603789086365 -0.9578713609523399
0.9048467192196828 -0.4280810842788739
0.6672643689105142 0.7461630264107525
-0.8512169315418873 0.526716940544363
0.3030521352901892 0.9540232718838975
0.30025918354642755 0.9549059758405708
-0.0923209005530823 -0.9967335909464815
1.000244046495772 -0.038895339692098414
-0.983884790636787 0.18431418489526438
0.8561507953327477 0.518658669696269
0.8599320299961649 0.512365010306788
-0.575095603346804 -0.8193082734912271
-0.9788675959137992 -0.20933043178176228
0.5468885441445936 0.8383996184895405
0.9769855457080371 -0.21794550575216937
0.8832046067881649 -0.47111635775906036
-0.20921656136892383 -0.9788919401287168
-0.625330427857127 0.7816411299285769
-0.368647690466493 0.9306448733613273
-0.5606722346526026 0.8292452262688382
0.9934677547925213 -0.12256761475816841
-0.4574435846792114 -0.8903630533865571
1.0005159965573325 0.03112459851769613
0.7228463924318915 -0.6924551198079193
0.7659069727529584 0.6445056315412605
-0.9582253750498406 0.2894911580870688
0.9828935280333427 -0.1895291865390881
-0.9889025586021504 -0.15515389002574395
-0.2887019228243873 0.9584634577058749
-0.6817431631550291 -0.7329578838455696
-0.9869056089155294 -0.1673867351108454
0.6505919103453192 0.7607438242885896
0.12856341925000606 0.9927096490065699
-0.7325298595293597 -0.6822030525422006
0.7654258393237008 -0.6450769601339116
-0.6109630489952318 -0.79292190836327
0.9973328832881952 0.08560443862356133
-0.9494564856304858 0.3170699952600483
0.8150205806388872 -0.5811561349027052
0.4295534165163287 0.9041486948279853
-0.6791735013895198 0.7353396188226906
1.0007963157112711 0.020192435681359564
-0.876565034522988 -0.4833577766538084
-0.2897209289792709 -0.9581559284956641
0.48598726922775076 -0.8751099211805073
0.7706142836891805 -0.638869803460933
-0.44444693517588074 0.8969213576522562
0.08599634252644096 0.9972991672873668
0.4768541611653686 -0.8801199401100243
-0.4761840419560761 0.8804826847737404
-0.08715926579601121 0.9971982061686134
-0.5816859526267455 0.8146425305106011
-0.8253445391689671 -0.5663986155208762
-0.046966776204358476 0.9998975557190696
-0.6477782555420812 0.7631410955038773
0.9651137959852072 -0.26562447326822847
0.4248728479796812 0.9063575801247732
0.0800092492184638 -0.9977973341513284
-0.1606833515417266 -0.9880191600051681
0.9952332148165509 0.10729328089826021
0.8991285986703003 -0.43996450203758714
0.5820264610883482 -0.8143992869550989
-0.42602636990773673 0.9058159482716323
-0.3504807408879178 -0.9376375900456723
-0.18440542454500156 0.9838676940515823
0.7658844269565224 -0.644532423191789
0.980233479136119 0.20283817781842683
0.79103706950905 -0.6134014628793564
0.7901652144402789 -0.6145241524045643
0.34540914491657554 0.939517707447816
0.7353480498580186 -0.6791643730129026
0.3834939871164203 -0.9246260659561523
0.9791315426660688 -0.2080923404557799
-0.95978611190946 -0.28427384576446996
-0.9378533442641356 -0.349902993203226
-0.9410019074710082 -0.34134500162727444
0.7142990631949528 -0.7012687418663496
-0.18126142567764364 -0.9844517741165932
0.3902363818159517 0.9218007194113024
-0.2339533384427977 -0.9732763407334373
-0.22761852430803334 0.9747773116932057
0.7044506560333764 -0.711161214644152
0.2952976488525876 -0.956451932185896
-0.29943337601311837 0.9551652492262197
0.6049744185199943 -0.7975004407123514
0.9918560594531899 0.1349909527560657
0.3500221470024074 -0.9378088806403068
-0.918595293140625 0.3977231290984837
-0.11019128671470678 -0.994916519277953
-0.5982911787612669 -0.802526426615631
-0.7035922559611425 0.7120104896358691
0.36875194370090847 0.9306035697421335
-0.6339131993963738 0.774696750755451
-0.559695681909848 0.8299046593744791
0.9867008301331542 -0.16858965512315466
-0.6359826130486983 0.7729987813054752
0.7138350983779305 -0.7017410151357624
0.6855637550688887 -0.7293855892022031
1.0009470066541706 0.010299993692027257
0.9945264125375719 -0.11365832466276792
0.01743533423918208 -1.000848144885111
0.6367465965118401 0.7723695824089579
-0.46116535609750525 0.8884410584475828
0.03758744542683861 -1.0002940487408112
-0.3718683499132212 0.9293626473733588
-0.06605991715018478 -0.9988178449277479
-0.9982789692606738 0.07375703038928934
-0.3194394299065216 0.9486619264105609
-0.37459962248549133 0.9282651145194069
-0.9949400208324891 -0.10997888409074869
-0.6135653023519559 0.7909099947211141
-0.7839073628959031 0.6224871455681561
-0.9437961278737126 -0.33354140524166814
0.14970694176658123 0.9897418004645946
0.11160732762520091 0.9947586664213391
-0.5853018997397408 -0.8120484506241302
0.5862477281671974 0.8113658861566709
-1.0008579586528261 -0.01686257991227779
0.9179636895355006 -0.3991787377784182
-0.02038335886095115 1.0007924453559518
0.755215695449618 -0.6570009538399088
0.9564821399622201 -0.2951997898598371
-0.5078998089138492 -0.8625768279436189
0.9613409100484146 0.2789707057511342
-0.46091580748789457 0.88857054779448
-0.5442293425228878 -0.8401282180340721
-0.6769966656620969 0.7373442307921063
-0.6221394346276495 0.7841833483830096
0.9735691955724836 0.23273165111850883
0.891862613898065 0.4545130118389473
0.9560633349129184 0.29655336726327813
-0.27733646639814263 0.9618136432832464
-0.10192340005474673 -0.9957974796720869
0.33476310003962784 0.9433634860709089
0.8268082375668384 -0.5642598145283948
0.6718104364662674 -0.7420725958118946
-0.280489400209871 -0.9608989001814431
0.9377962885479246 -0.35005588294690554
-0.9719651277531614 0.23934241252185295
0.4410055551266859 -0.898618439799342
0.10229465052848322 0.9957594109388349
-0.7653760942754343 0.645135981256418
0.3792343380730622 0.9263813020707437
-0.9557268642839222 -0.2976359536178743
0.9985986129925474 -0.06929509455481431
0.7134881845900534 -0.7020937333792334
0.08574134871555925 0.9973211223675336
0.047549715872601976 0.9998700038107128
0.4748797702147352 0.8811868155168915
0.9969014943891205 0.0904898363615416
0.6839535449189946 -0.7308957164963691
-0.5099321729391945 0.8613769087928418
0.49297590065466923 0.8711921495133652
0.8175489285409089 -0.577593931271453
0.7926166271923675 -0.6113590453229555
-0.516974761991075 0.8571686505374957
0.9315049960878052 -0.3664688830766645
0.14013206205753312 0.9911427773956201
0.5538772906059821 -0.8337991046714889
-0.26096629348188954 -0.9663837714212322
0.06575978616194397 -0.998837649732896
-0.937445044208114 0.3509954260238258
-0.6155754195010069 -0.789346503701739
0.9595190597011666 0.28517393651978296
-0.9198583270412759 -0.39479318405061803
0.8574748073547197 -0.5164667992736672
-0.8888891010540263 0.4603011688311959
-0.9482132529979045 0.32076880590096646
0.9766532182795362 -0.21942992326532063
0.9731493439024455 -0.23448103220141278
0.9436519772681929 0.3339490167642807
-0.9816170269536351 -0.19603319207396133
-0.9225001397956427 0.38858009737635785
-0.5669758628792338 0.8249481019508732
-0.865652213953695 -0.502640273433264
0.8603407271702354 0.5116784470467665
-0.8956266837997017 0.4470501574386807
0.3155058830395859 -0.9499773880295315
-0.9248534616217197 0.3829452630942473
-0.7120805352703625 -0.7035213651973008
0.4560117740287411 -0.8910972236221816
-0.9885069335411861 -0.15765482022761354
-0.8773886278160059 -0.4818611789500647
1.0005387611041023 0.030384001189240468
0.9847362647511617 -0.17970945685725612
0.8230010917264566 -0.5697983880435785
-0.705256301708886 -0.7103622659600556
0.8922388540131136 0.45377398271536656
-0.10338424607847758 -0.9956468739783121
0.9566584662043184 0.2946278653481391
-0.6317797654617285 0.776437587931653
0.971707514723352 0.24038615981409317
-0.17269853580592914 -0.9859899673579281
-0.9472700724112936 -0.32354352089618893
-0.9361047926055523 -0.3545543925280236
-0.9945232097315113 -0.11368634616932884
-0.6694068686034043 -0.7442415228046503
-0.7273239878287692 -0.6877505483304658
0.5979533054588659 0.8027782037965506
0.7030819848733225 0.7125143665545203
-0.6484862590681065 -0.7625395542526647
0.9480358772610303 0.3212926631996267
-0.9285636221683797 0.3738590638001684
0.04883904681964656 0.99980785529308
-1.000783677649491 -0.020809386112036792
-0.8069731721518856 -0.5922797476084448
-0.9269145990531519 -0.37792899605896174
0.3956126989721175 0.9195061676856751
-0.9310681304503381 -0.3675773883955762
-0.8786711227460918 0.4795185690378656
-0.6973957655052686 -0.7180808772382958
0.02851713042480587 1.0005937103901537
-0.8177572792974488 -0.5772989105792893
0.4465766035222882 -0.8958629008874611
-0.6130029229294451 0.7913459524632427
-0.9997504730494476 -0.04999991637398734
0.7362201270377828 -0.6782189355543466
-1.0008975933633888 -0.014318086442553637
0.729257953834584 -0.685699523675637
-0.12967844671010165 -0.992564607700101
-0.5453272348604619 -0.8394159915795283
0.010500771489433092 1.0009449204617238
0.9755002652881539 0.2244999608524269
0.837542516041307 -0.5482002679889869
-0.6312828052932392 0.7768416954187629
0.64498630694509 0.7655022298160432
0.19628500257260445 -0.9815667057134083
-0.9989788228744045 0.06357917464444816
-0.6324663274330613 0.7758784342043126
-0.16615231202381261 0.9871141824577042
-0.48722700847172495 0.8744202892292091
-0.799967494550992 -0.601708407504672
0.9744259700996902 -0.22911793643291548
-0.9785582521154079 -0.21077178942362682
-0.47654519613468294 0.8802872690440073
0.776127398950167 -0.632160786982907
0.8669152912787677 -0.5004586673712917
0.94738910552199 0.32319480617461005
-0.4370446139771687 0.9005515006891874
-0.9541748622766774 -0.3025745068562185
0.027589119527117775 -1.000619728210332
-1.0009279598643235 0.012009128271581375
0.833870882309806 0.5537692223624077
-0.9988784587688299 0.06513696805660353
0.846597873505581 -0.5341095773114616
0.6484740406700971 -0.7625499449721292
0.9955327909958027 -0.10447708864678128
-0.9779816243312466 -0.21343135306326602
-0.9990253992078486 -0.06284307231189924
0.20383185225819084 0.9800273343152196
0.64681679123883 -0.7639561758186814
0.9888990722015987 -0.15517610962650608
-0.4670163687899452 0.8853794165679785
0.9074871878161652 -0.42245473597713173
0.9985764764856331 0.06961336516458524
-0.8875779089387132 -0.4628244327647162
-0.7716759972611573 0.6375869785770396
-0.5346945061394024 0.8462285655213612
0.8512039122088709 -0.5267379802523383
0.5436997459038757 -0.8404710502474555
-0.2915148297425967 0.9576116666165595
0.9896553140194273 0.15027760788989433
0.5214306563744691 -0.8544653712075699
0.7276247039970906 -0.687432389499612
0.5483397136722769 0.8374512274812219
0.9525276506483188 0.3077207739987573
0.9807945261586841 0.2001077146367983
0.3178334569699812 0.9492011871202601
-0.3729453162939833 -0.9289309936988758
-0.4860590031981159 0.875070080285033
-0.24146595385489392 0.9714397527016002
0.8828150706932828 0.47184589746739775
-0.952155170766384 -0.3088713822658843
-0.005719258483550519 1.0009836612464753
0.731119321281346 0.6837145150200512
0.920013881480903 0.39443054887070145
-0.5877568134653668 0.8102733663554776
-0.5594846184850003 -0.830046963538024
-0.6510975909808853 0.7603110725347144
-0.5890732732591036 -0.8093167975099772
0.8212082235982403 -0.5723792916367804
0.9380532882714775 0.34936661025786137
0.7655176560469704 -0.6449679978730357
-0.855141200832878 -0.5203215608045696
-0.4543627310143007 0.8919391843983682
-0.945625884248876 0.3283179663657341
0.19420688495145855 0.9819799824016022
0.5456742730092075 -0.8391904359416121
-0.3092114840068274 -0.9520447773914289
0.7796765920741578 -0.6277781549015761
0.3853292175025963 -0.9238627571987286
-0.1889030946706731 -0.983014049148761
-0.6853537648375033 0.7295829062026195
0.19358500271692164 0.9821027679031811
-0.9443765779203652 0.3318943793971516
-0.04376692883518095 1.0000427270573673
0.5990544733271777 0.8019568180311817
-0.8907485951565571 -0.4566923912510695
-0.9990725286842352 -0.0620893100983423
-0.6325968915046736 -0.7757719850952496
0.6855541871956985 -0.7293945821148146
-0.9938618053504226 -0.11933026382941893
0.06077560167473446 -0.9991533046740495
0.6691668059692457 -0.7444573767442417
-0.9508807952454806 -0.31277262225668384
-0.9977513940035163 0.08058012015404216
0.5525050260804713 0.834709048804323
0.9995869694086711 -0.05316851124856122
0.9944129194976861 -0.11464704765535129
-0.9864945210466981 -0.16979269697147087
-0.8374313723297422 -0.5483700362327656
0.836314494939984 0.5500718730795817
0.6761740107416749 0.7380987110119602
-0.25741845702745914 -0.9673348634168016
-0.8404432408139372 0.5437427323377907
-0.8465479484398856 -0.5341887035423164
-0.6019967865152318 -0.7997505042357488
-0.4226661161811726 0.9073887558441108
-0.9148430202220513 0.40627976611073746
-0.9228497775792751 0.3877490013164218
0.9432823618768832 0.3349916204503759
-0.9075685621289719 0.4222798894514757
0.07587563526782345 0.9981201771193208
0.9791083503784537 -0.20820143664053598
-0.738064104853539 0.6762117842264685
0.26831843777447745 -0.9643682989139907
-0.7648585736531585 -0.6457494578466606
0.9872991801428003 0.16504947406567103
-0.923989233355279 0.38502583892970565
0.6075116447875966 -0.7955693567800793
0.9950569540284036 0.108915830987582
0.5320863410096357 0.847870936942043
-0.9753040842367562 0.2253507117164321
0.08953557912920126 -0.9969876529175267
0.9879878267266381 -0.16087589701373697
0.46164057409041764 0.8881942244540152
0.8703122092092092 -0.49452771257168765
-0.7433577621255333 -0.6703881245127475
0.8110239919111413 -0.5867206188165855
-0.994275844581045 -0.11582980999142524
0.04149211252583269 -1.0001396925420687
0.8855168862065468 -0.466755657965773
-0.9128282642875131 0.41078651379743
-0.9240359809052915 0.38491363445894683
-0.5393887381073446 0.8432442049625758
0.9483014565361424 -0.32050795236847224
-0.779938840954634 0.6274523124272811
0.8769748668739846 0.4826138030261432
1.0006500427518852 -0.026466808282267086
0.7964671808206806 -0.6063340909725903
0.870763939110756 -0.49373187292732035
-0.999087906818494 -0.06184136519385844
0.9783789359673745 0.21160259368766743
-0.8547151487744843 -0.521021126688171
0.12776608523339394 -0.9928125842595535
0.1649701061738294 0.9873124450086688
0.36474485547748625 0.9321814149631539
-0.9460008757722153 -0.3272359134297486
-1.0008814672990454 0.015404168828928866
0.9969514889817475 0.08993735940684965
0.715663331096185 -0.6998764151793603
-0.9746571652761112 -0.22813243999031574
-0.7453812820885583 0.6681375190123789
0.830805262981536 -0.5583579631402965
-0.9143540908845106 0.4073789347557873
0.6770453969499636 0.7372994849237765
-0.7311583935995815 0.6836727312602716
-0.982652669381564 -0.1907740321880485
0.9995743367959887 -0.053405479296221824
-0.02169961450501155 1.0007647709278809
0.7250986594929979 -0.6900963222633906
-0.820405690788053 -0.5735289901326501
0.24156138357952583 0.9714160272319708
-0.17151625440137477 -0.9861963163975633
-0.2511497843034603 0.9689813134649838
0.43225006881586 -0.9028626019548514
0.8961360348440495 -0.4460282581339265
-0.8969033164528956 0.4444833415728839
-0.8782615697292253 -0.4802682741309873
0.8217213408493867 0.5716424039490824
-0.8471429919001593 -0.5332445510968178
-0.9957792247429006 0.10210159435791291
0.5143060498359486 0.8587725467794967
0.557605932786681 0.8313101850218698
-0.40276432422281094 -0.9163961474893609
0.5355158394111758 0.8457090431937829
-0.9757185353028772 0.22354941258345537
0.012459721405339486 -1.0009224522122089
1.0009036784782404 0.013886194897356914
-0.23174667593240483 0.9738041272218356
-0.3929060375895193 0.9206659794006202
-0.6016011205527187 -0.8000481808926967
0.17024843143966573 -0.9864159729000405
0.9280929340719026 -0.37502600673260916
-0.9377608739794229 0.3501507435853148
-0.5028986239413277 0.8655021513768288
-0.09247459789983159 -0.9967193430165107
0.9762208013308673 -0.22134576356668617
0.806020695107781 0.5935753019272025
0.9964369324210979 0.09546957477244895
0.43752351572907056 0.900318928593681
-0.6891017587846802 0.7260439146772462
0.7984738725562444 0.6036890547666359
-0.6045651441294456 0.7978107460442875
-0.7713904862811395 -0.6379323770392495
0.941097592156037 -0.3410811077120944
-0.7591179768589479 0.6524882353035782
0.9988966115730589 0.06485799401663263
0.3102088687848296 -0.9517202623288192
1.0008881472557547 0.014963845860691055
0.6629516684113126 0.7499973902292306
0.07883757926929531 0.9978905932490583
-0.21161217636780014 -0.9783768633879703
-0.6249916011183406 -0.7819120785174846
-0.374323952679382 -0.9283763129520722
1.0008489132801381 0.017391169769934295
-0.9801726675281491 0.20313183362228643
0.8296681669246295 0.5600461880880229
-0.7961148576094692 0.606796616250828
0.6244593118495481 0.782337246872721
0.0543296631753256 -0.9995245308141545
0.8833355084244072 0.4708708735487831
-0.45606643524615376 -0.8910692490720717
0.3645574735341804 -0.9322547122382249
-0.8510592998824547 -0.526971600832138
0.005654343285906551 1.0009840300434394
-0.07408577758302398 0.9982546256140858
-0.8604493252357519 0.5114958051649487
-0.2590072884163224 -0.9669106600649431
-0.7764562023778326 -0.6317568882006701
0.24046558107924043 0.9716878636250549
0.41372125856740055 0.9115019035687233
0.699331989973178 0.7161953419285515
0.9159738635831295 0.4037237684761632
-0.3028131547300361 -0.9540991527731504
0.9987044262190878 0.06775300030553985
-0.5974305062951552 -0.8031673487810088
-0.3086459015627705 -0.9522282853646518
0.21698419355111528 -0.9771994984387641
-0.40167789527528414 0.9168728747472127
-0.6656351894082085 0.7476167431388213
0.03720388748719884 1.000308387826394
0.2722588249714577 -0.9632632725403586
0.9768070263584488 -0.21874421879621092
0.45633150820040813 -0.8909335298570488
-0.16320797856539684 -0.9876052631150752
-0.08865876238305868 -0.9970660077711527
0.06375128469520704 -0.9989678541873661
0.9378590818969864 -0.34988761410393177
-0.8849341550145787 -0.46785953157826493
1.000725805558633 0.023427805894389475
-0.9762132971812283 0.22137885718052416
-1.0006505421511385 0.026447920383892504
-0.5194652857648338 -0.8556616252265025
-0.4946085506319258 0.8702662705412555
0.9356925630211753 -0.35564086872414413
0.8960410293542714 -0.4462190871239572
0.24086723804899465 0.9715883766465349
-0.8938959834323317 -0.4505008000032238
-0.08625861830226912 0.9972765167036589
0.588390751680866 -0.8098131410000863
0.9856604591264909 0.17456935388135902
-0.22263157683138257 0.9759283687840886
0.9419664965790819 -0.338674060598875
0.89594867438603 0.4464044946748582
0.2813784446983842 -0.9606389388626293
0.5406181140947056 -0.8424565595404215
0.0005664999256598151 1.000999839699205
0.25078718078675244 -0.9690752240941014
