1000
0.2750743615879904 -0.9624630359639582
-0.991573997229218 -0.13704746629861736
0.787644910240494 -0.6177511597498171
-0.936702890553039 -0.35297123796363533
-0.9448503041056101 -0.3305433448604527
0.8135536088842693 0.5832079607407475
0.22849547249958183 0.9745721210085957
-0.9087529253050697 0.4197250537548103
0.589945648977348 0.8086811060317259
-0.5406504003710075 -0.8424358400368952
-0.35980728568905274 -0.9340983444825691
-0.7753428843467307 -0.6331227461502961
0.2510958580294815 -0.9689952889877425
-0.9820535669203014 -0.1938344440472669
-0.6404400105704734 -0.7693098159132586
0.5403500429089688 0.8426285249908618
-0.32274876708241146 -0.9475411512682619
0.9229848921738028 -0.3874272690698394
0.7851943737663942 0.6208629441395258
-0.9962012495214424 -0.09789826582691272
-0.8737450604674069 -0.48843686317558743
-0.9781802246359226 -0.21251928884507407
-0.9715558302004397 -0.2409984829901105
0.7602574176145694 0.6511602406182567
0.32413897046792467 -0.9470664854296101
-0.28245007687451035 -0.9603244004364272
-0.9185387247203757 -0.39785375603237144
0.5472501479569972 0.8381636329267959
0.5830831979242703 0.8136430324770233
-0.8214004071233723 -0.5721034619520828
0.12210466191649211 -0.9935247614117422
-0.13788329055276316 -0.9914581172123925
0.7096731699241304 -0.7059497091789444
-0.2220999013695689 0.9760495037710063
0.5705437258097543 -0.8224845633439718
-0.8387333505754055 -0.5463765795058879
-0.04258643179605167 -1.000093693524202
-0.9651152706316062 -0.265619115264097
0.906826936239516 -0.42387015430489156
0.9743485285120113 -0.22944704179064587
0.8068988085527049 0.592381053677635
-0.8443802615088395 -0.5376085694762165
0.9626854140694864 -0.27429508478618686
0.327916664380104 0.9457651194783122
-0.36466528651369035 -0.9322125448694026
-0.3556502200839089 -0.9356890086744993
-0.16991142037742948 0.9864740793479191
-0.2678882925495157 0.9644878758776106
0.6178557037306686 0.7875629050225005
-0.15653878899041837 0.9886842810227203
-0.9998387114284889 0.04820322737140056
0.49959490133985734 0.8674133585293797
0.6877760168805345 -0.7272999041688007
0.7699029329513059 0.6397268744026446
-0.056854802505394715 -0.9993840760348709
0.8492896862843154 -0.5298188641140374
0.9484415702557137 0.32009309241356043
-0.5253045339770323 0.8520892832228164
0.5820751846088347 -0.8143644635312809
0.1978010742556653 0.9812623171320219
-0.7447662993929245 -0.668822965581004
0.12829755040288654 -0.9927440448376503
0.3136766988232861 0.9505829414708248
0.2855637865789246 0.9594031080805953
0.7442412640444096 0.6694071562909821
0.9947231367872137 0.11192355042709358
0.541308000896354 -0.8420134489220423
-0.45424538952619953 0.8919989496037488
-0.8613589629068991 0.5099624858947484
0.1205564591798884 0.993713811995188
0.9974371653672333 0.08438069177352381
-0.23256094864394164 -0.9736099861678853
0.13001630968083086 -0.9925204074561783
0.5822948674012085 -0.8142073982703725
-0.8744183092136024 -0.48723056196427655
0.6914441769585515 -0.7238134774581855
0.9994239063736885 0.05615029268629679
-0.9955002062891565 -0.10478711408492389
-0.31662610986142864 0.9496046053774267
-0.1695121027170343 -0.9865427750647457
-0.9276849892665326 0.37603398874244487
0.16163666131115145 -0.9878636493566225
-0.17150425135165054 0.9861984038560953
0.7208456819907251 0.6945376179555189
-0.38117806928055986 0.925583210467619
0.8943819317769862 0.449535271264521
-0.6985076121865618 0.7169993833452215
-0.9677058513251242 0.25602028300725815
0.8349289797969958 -0.5521726167559812
1.0001115136320824 -0.042165866533788406
0.9916605896643206 0.1364194814042778
0.9382969941241468 0.3487115581932881
0.4761876747503359 0.8804807200705013
0.9473916448007471 0.32318736262690584
-0.7197235969075386 -0.695700326329142
0.8993565876115686 0.4394982688471878
0.4195903233944287 -0.9088151410016003
-0.9445957486774906 -0.33127008856884566
-0.1348318175145666 0.9918777046519993
-0.26523288007346957 0.9652214871872323
-0.5199030603430884 0.8553957024944017
-0.8656736148691656 0.5026034147509858
-0.8985747754506618 0.44109451699583935
-0.3601115106902802 0.9339811025220822
0.3251377280402816 -0.9467240663492209
-0.998829795962707 0.06587897006706261
0.8724121713333759 -0.4908136136145618
-0.43707865981934785 0.9005349771832979
-0.9931019136570456 -0.12549736686765192
0.3464147036614651 0.9391474075389546
0.7634149887803976 -0.6474554462705717
-0.049762988029584634 -0.9997622942591742
-0.7551089377137634 0.6571236506052661
-0.9981165766081406 -0.07592298400383023
0.7976165199602633 -0.6048213679149234
-0.6162371759432637 -0.7888299835740722
-0.9752609012691088 0.2255375233874967
-0.8384357470743118 -0.546833153738817
0.3749926036741314 -0.9281064309602083
-0.9901982480186301 -0.1466575249376439
-0.9828809752379672 0.18959427342423166
-0.9999878196521552 -0.04500400590312574
-0.9917691471317626 0.135628016270741
0.13806669355378837 0.9914325938414191
-0.3450130891966541 0.9396632206716307
-0.6174651075252712 -0.7878691775852165
0.2862977702581413 0.9591843340803771
0.8446201940566478 0.5372315402056272
0.9975464846126995 0.08307834276660346
0.6821361934061212 0.7325921195627255
0.3014597415423445 0.9545276445599796
0.998961417628333 -0.06385206410125771
0.8038677333789326 -0.5964877762638707
0.3518380090374809 -0.9371291348563129
0.8748696824926013 -0.486419611709165
0.999726228459985 0.050482354631827736
-0.7702736443960289 -0.6392804648578433
1.0000001829130092 0.04472844926831486
0.10401143261597562 0.995581549590576
-0.9476286310268813 0.3224918257229456
0.9696095967848943 0.2487131476674175
0.12560648759594473 0.9930881180810742
-0.05739653287234402 0.9993531097736345
0.6638108360057692 0.7492370612838916
0.9056880860960699 0.4262981242084441
-0.8306342367506993 0.5586123564132675
0.17430844395610742 0.9857066330128861
-0.7036434099117685 0.7119599368558168
0.7538870844951493 -0.6585250669727035
-0.059794063227499354 0.9992125249428901
0.9626303196045158 -0.2744883745773358
0.8028551780065579 0.5978499503621777
0.5999042345610559 0.8013213521151883
0.6058319433590399 -0.7968492055626392
0.9877547210611618 0.16230098897229897
-0.5804108056845848 -0.8155515291166899
-0.39856552874480833 -0.9182301014976427
-0.7319969566963852 -0.6827748204109685
0.29616343409655677 -0.9561841978950156
0.7162660104577231 0.6992596100612253
-0.7801719684213192 0.6271624189072589
-0.072600073448741 0.9983637760532167
0.7229809992580146 0.6923145778559647
-0.472169502120857 0.8826420346136603
0.9343397858295306 -0.35917984995824437
0.9664047650574943 0.2608885395608044
0.8604923581886295 0.5114234072654197
-0.91253276353631 0.4114425299756761
0.40610063793250634 0.9149225496569704
0.8956729999438774 -0.4469573549809141
-0.7020471533002929 0.7135340177895901
0.9973795836273779 0.08505860428715241
-0.12596084602113122 0.9930432343406006
1.0000517950064705 -0.04355923902384494
-0.720951998234469 -0.6944272577035886
-0.12638243740132415 0.9929896673765042
-0.9262230223311694 0.3796207487792443
-0.9945610667980458 -0.11335468410936163
0.7190921704028875 -0.6963529639954615
-0.14439618092731085 0.9905305360934651
-0.7885977300492447 -0.6165343625145144
-0.9729937608956023 0.23512579879339401
-0.9972368670812722 0.08671580556005448
0.9101255259959418 0.41674035913337015
-0.2542552879002191 -0.9681710843517155
-0.00353336939908445 1.000993763867033
0.8988445741202733 -0.4405444717330413
-0.8900523892718939 -0.4580477533526312
-0.6942277951509357 -0.7211440691289575
0.7220936074060558 0.6932400898269725
0.34876813059524553 0.9382759674430001
0.24955321850416617 -0.9693937234860828
0.15466689287287774 -0.9889788431756514
-0.4751116215374885 0.8810618293173405
-0.9527803954845389 0.3069373193020456
-0.2991169074693069 0.9552644009204981
-0.6770065552870038 -0.7373351504563072
-0.1373613998009146 0.9915305571916245
-0.9797610841959065 0.2051078201709089
0.8542420797084401 0.5217963867787885
-0.5816842968249379 -0.8146437128139378
0.845427385921219 0.535960385788366
0.44314801881484217 -0.897563832504675
0.4919005645505651 -0.8717997674895511
0.6077063699494536 -0.7954206232697628
-0.20207524779441968 -0.9803910414874383
-0.07732837999746418 -0.998008678142113
-0.37991661835267615 0.9261017023521051
0.8582502919590589 -0.5151770922238198
-0.9763848335111729 -0.22062107081908422
0.5947900672260964 -0.8051246958882678
0.41667949392710696 -0.9101533933028269
0.8750903456651771 -0.4860225168894966
-0.9842665234738578 -0.18226467230016313
0.1662601015952447 -0.9870960331282559
-0.4095493002668767 -0.9133840214558779
0.6776847787900603 -0.736711843664989
0.9674462501073545 0.2569995197528938
0.7239984642716965 0.6912504782871584
-0.8907135154719257 0.4567608054065538
0.20589816483869378 0.9795952969038072
0.518112774174614 0.8564812626304708
0.7652799720760225 0.6452500014252788
0.05932442471689293 -0.9992405179094819
-1.0003998328078876 0.034657964711603526
-0.666173736325739 0.7471369038066616
-0.9531126192181337 0.3059041272803439
0.5503308298347643 0.8361441130172356
-1.0003659289413278 -0.035623141542462274
0.5384898201229943 0.8438185312162239
0.6066204907987193 -0.7962490691631111
-0.96731177838847 -0.2575051909980366
-0.7168220222356918 -0.6986896223917551
0.13462081684184835 -0.9919063643675412
0.6455097000556789 0.7650609303408634
-0.9155261066161312 -0.40473812286997174
0.7572306956436402 0.6546775340387424
-0.0283280187496441 -1.0005990822271025
0.9389331315597702 0.34699506402737657
-0.08477559781079345 0.9974036785654155
1.0004246568757744 0.033933846156737515
-0.9612661275728887 0.27922827933614247
-0.9433704741615768 -0.33474340692560567
-0.5604032846222466 0.8294270061823387
0.9046646368571416 0.42846574521207204
0.8886670493891388 0.4607297204761183
0.4810550200166624 -0.87783088788033
-0.18376236711170874 0.9839880042121965
-0.8907838788356084 0.4566235661971336
-0.994205472012063 -0.11643229543932819
-0.9436026599713458 -0.3340883417525979
-0.9455588440648154 -0.32851099283100105
0.31751260406856435 0.9493085621954535
0.03644350493262111 1.0003363788987312
0.9850122819569437 0.17819035999170824
-0.8667369313950497 0.5007675026955054
-0.7065574854062825 0.7090680643043733
0.09196782270138441 0.9967662311633388
0.9168419760039842 0.4017484175912952
-0.3295173429122753 0.9452086122756362
0.9950915888469134 -0.10859894017036054
-0.9602535262696905 -0.2826909359824344
-0.02369267564210068 1.0007195696702038
-0.8694289279584773 0.49607896471123714
-0.525276654245776 0.8521064701692879
0.71256493005971 0.7030307393343485
-0.04699871656052257 0.9998960549185418
0.8359416030360365 0.5506383897927402
-0.010821221083266302 1.0009415073690704
0.9775690547188377 -0.21531312838774613
0.059034347390339276 -0.999257697407529
0.1649544192256381 0.9873150660138497
-0.7408394936022725 -0.6731699968946391
0.06300083149060676 -0.9990154629591537
0.9713978321736813 -0.24163454150487815
-0.9977851517923242 -0.0801610308240146
-0.3012154367570628 0.9546047667277028
0.9630883337806253 0.2728770077079763
0.6366733404560048 0.7724299693516509
-0.2143306166694626 -0.9777849389094146
-0.7731082505225241 0.6358495364266629
-0.9694049210593648 -0.24950971729751675
-0.7979381969756462 -0.6043969174369233
-0.6336310813563666 0.7749275145064611
-0.9664356502921958 0.2607741050110242
0.9081068795885328 0.4211209983413058
-0.38838546099700916 0.9225821013254814
-0.270123265588127 0.9638643168973557
0.32606736434752537 -0.9464042867123216
0.8420138835962623 0.5413073247528986
0.6722978730518231 -0.7416310200429825
0.8389399403051683 -0.5460593159728718
0.2720878448809529 0.9633115823387771
-0.1823385374522254 -0.9842528423935505
-0.5018157405755662 -0.8661304535175958
-0.9803715429023523 -0.20216982432415886
0.017063060619223153 -1.0008545608440342
0.8133518413518607 -0.5834893162428407
0.19763923961031638 -0.9812949255785723
0.7292484336276968 -0.6857096485040522
0.6788316805092525 -0.7356551838578889
-0.3947108098667542 -0.9198936767770126
0.4846537516199328 -0.8758491542729971
-1.0004386493089434 0.033518785313563934
-0.15825587036901229 -0.988410885964813
0.5928456315722157 0.8065575349134994
0.6848655134297021 0.7300412512417845
-0.8515382486017903 -0.5261973120115645
-0.06955213413112331 0.998580743173934
-0.4937396118888775 -0.8707595509966116
-0.9969616832655703 0.08982428457984343
0.6269383999817973 0.7803519991825894
0.08121366638776795 0.9977000252540121
-1.000976433181857 -0.006868785520577204
-0.9490486191106463 0.31828873458571433
0.9603587030345364 -0.2823334225801527
-0.02329825624866806 1.0007288300312784
-0.7118723131442518 0.7037320582285932
0.776703289060346 -0.6314530867474166
-0.5441841205852945 0.8401575107697423
0.9980535818589474 0.0767466464317852
-0.8695054266843146 -0.4959448688781123
-0.8977148958125792 -0.44284191969167735
-0.6181394623278587 -0.7873402092571075
-0.6518970152649329 -0.7596257509383629
-0.39541324332376837 0.9195919567961534
-0.3985015238659156 0.9182578807048394
-0.8216511624858264 -0.5717432703457821
-0.07171224854634534 -0.9984279410194945
-0.42426449294613255 -0.906642509495976
-0.6820267812722905 0.7326939808865357
0.23035674604653308 0.9741338560746429
0.39863739846590884 0.9181989024957131
0.42415585040148324 0.9066933409759854
-0.8848821527493913 0.46795787817452433
-0.218034297341852 -0.9769657338835609
-0.8447267388419059 -0.5370639968248836
-0.3710052848080418 -0.9297075231730159
-0.5375018936898659 0.8444481714586207
0.1354398054686963 -0.9917948674471964
-0.9946155200159189 -0.11287589354447276
-0.5140929007712124 -0.8589001626362871
-0.9114462413556352 -0.4138438704616575
-0.8181863421592892 -0.5766906532136641
0.9334838645905938 0.36139849826612425
-0.49184197212208997 0.8718328248345857
-0.9541243643223911 -0.30273370708659614
0.3884114123381423 0.9225711759888717
-1.0009961056839178 -0.002792204439311458
-0.39291799829436147 0.9206608749242862
-0.0610576370602025 -0.9991361093247629
0.4363740869436331 0.9008766043383025
-0.0298939489794592 1.0005535227135096
-0.9969998369233836 0.08939980522767633
-1.0001095831097089 0.042211630768356795
-0.27701758377458324 -0.9619055350083457
-0.8473685783133212 0.5328860032758045
0.36583256779641865 -0.9317550817352588
-0.08187798153134393 0.9976457267689532
-0.6483943990963162 -0.7626176651642204
0.5781125439804977 -0.8171822847397006
-1.0005044708916737 -0.03149291548542361
-0.6243501065273241 0.7824244017662787
0.9706459284460501 -0.2446374492818003
0.8675304603879362 0.49939153006343173
0.505389472316278 0.8640500455829362
0.9902910959641755 0.14602926163639943
0.3980523107781379 0.9184526976846357
0.5661189378659569 0.8255364002813691
-0.9203141622073759 -0.39372940306832016
0.6570305840345488 0.7551899175990233
0.8919798943128897 0.4542828063459657
-0.968972566124218 -0.2511835307074252
-0.8919056386499916 -0.4544285771651587
1.000596965602877 -0.02840268343510831
-0.8079807971214774 0.5909044182293293
-0.46111049770525026 0.8884695317826135
-0.07754476691150816 0.9979918883060322
0.7132889271662011 -0.7022961671418191
0.4337527323270923 -0.9021416558383621
-0.9867852993225827 0.16809453602315808
0.036429201407431194 1.00033689989164
0.42860171080497655 0.9046002285512906
0.8432153729835998 0.5394338094373846
-0.32463966237814496 0.9468949728512682
-0.9750242509042166 -0.2265584033945138
-0.9990253852111167 0.06284329481957286
0.9798958871347425 0.20446283372881247
-0.04355718417623298 1.0000518845073179
0.5148156375476166 -0.8584671568187341
-0.2258266807236788 0.9751939859706508
-0.2874493728855427 0.9588398500415531
-0.3866825633165252 -0.9232971326864182
0.1091966047906638 0.9950261813149399
-0.578679740160553 -0.8167807284257598
0.14393438748262768 -0.9905977448490385
0.09722464203305772 0.9962672176587684
-0.99780827522158 0.07987268556481492
-0.9742785978793531 0.22974380016497034
0.044719347757983266 1.000000589967876
0.7016460155665735 0.7139284759971071
0.9333269059375159 -0.3618036576005049
-0.35560520888857494 0.9357061159420264
-0.4659097625344792 -0.8859622413935401
0.21885142121846926 0.9767830134838833
-0.2723156404388558 0.9632472122837293
0.6555188489238744 -0.7565025040973222
-0.4505826833457381 0.8938547116108715
-0.8328094365104296 0.5553642430506134
-0.9736296125357282 0.2324787680488859
-0.24548232314108384 0.9704325989089899
0.9308468211880778 -0.3681374681882444
-0.2057431629612595 0.979627863474032
-0.9910187303732744 0.14100665250031041
0.9991884137820402 0.06019562910818775
-0.7956183122053483 0.6074475296546302
-0.17364730099965203 0.9858233182754079
-0.5812303319504665 0.8149676688192916
-0.900432554221916 0.4372896240449757
-0.9769532249698135 0.21809033958678928
0.9109149772020583 0.4150119327308236
0.9866867494792912 -0.1686720439254545
0.13424507870129526 0.9919572868044687
0.8193757472787143 -0.5749994650184019
-0.6727276109898727 0.7412412302427993
-0.9272993297458673 -0.3769840222779547
0.9453678452546668 -0.3290602333290191
0.21662849382456884 0.9772784125638398
-0.1736124273676741 -0.9858294604359844
0.5204825475196929 0.8550432256485111
-0.6549294641942796 0.7570128116024154
-0.9923389294237815 0.1313942508257615
0.550510551821847 -0.8360257964517634
0.30626683207003186 -0.9529961319825947
-0.6847198151147075 0.730177906259345
-0.9850384660019107 0.17804555736272273
-0.8273773021236064 0.5634250615038904
-0.06004120690004564 -0.9991977048982779
0.12462488528930651 0.9932117790112173
-0.24867764302696588 -0.9696187033357767
0.8645938903421766 0.504458526325981
0.07983683237947523 -0.9978111445537234
-0.48612736240954635 -0.875032106563375
-0.7341882290356556 0.6804179923734289
0.8979620422156814 -0.44234055968206515
0.3854975124155688 -0.9237925459330186
0.3381205757847018 0.9421653125810894
0.5919732272322387 -0.807198053912575
0.7151377939060305 -0.7004134034462903
0.9538194109825817 -0.3036931530885097
-0.8472083130606635 0.5331407640397654
-0.8845777146159323 0.46853310107702556
0.622249321788871 0.7840961557955057
0.47201519868906083 0.8827245619141492
-0.7856697345524756 -0.620261290270675
0.9936635033103892 -0.12097041865234658
-0.918125489309914 0.39880645165221573
-0.9468096929884479 0.32488829659303087
0.6426471776628608 0.7674670058327976
0.8583222346001697 -0.5150572216666526
0.6256647481432229 -0.7813735489065889
0.9350254864346373 -0.3573910179588595
0.4014905480760608 -0.9169549279029936
-0.6591737166025621 0.7533199926594044
-0.6834121562364608 0.7314019583705197
0.04625513813592183 0.9999307286987568
0.7546364572938832 0.6576661898888655
-0.09141612781683861 -0.9968169799792616
0.04274378204657429 -1.0000869807653507
0.9496072296682493 0.3166182391489676
-0.43530843995558616 -0.9013920135564957
-0.9705962523189414 0.24483446445389545
0.9953490004556499 -0.10621378108295959
-0.9140969240536909 -0.4079556513097726
-1.0009701883647828 -0.007725412932091358
-0.7237971804121088 -0.6914612365328089
0.9763227395428951 0.22089569541178553
0.619270054714962 0.7864512695223577
-0.6329535837627657 -0.7754809867442731
0.7476383236602446 0.6656109501762267
0.5640915983350074 0.8269230125518678
-0.2986870162664706 -0.9553989042875406
0.7180173778875892 -0.6974611423236644
0.4022912620292129 -0.916603916910103
0.7783039049426955 0.6294791748349993
0.9195247797079917 0.39556943701829306
0.19117841100442481 -0.982574076172287
0.7645743556952144 0.6460859498652234
-0.9957776672978504 0.10211678270907092
0.45747187280328355 -0.8903485191731698
0.9936510779945915 -0.12107243782209934
0.4067012002975877 0.9146557459921746
0.06555053912488555 0.9988514037735727
-0.9995840368749128 -0.05322361529295974
0.877058055585341 0.4824626069788837
-0.9509578890236877 -0.3125381469574738
-0.6086381424247087 -0.7947078781450452
0.5677873164034105 -0.8243898127290349
-0.7280394075290377 0.6869931739724695
0.8156326152732708 0.5802968523975334
0.434240170417171 0.9019071318024192
0.20245145157765113 0.9803134242445637
-0.9945531629667026 -0.11342400994907331
-0.93340255846507 -0.3616084399607697
-0.13791530534554888 -0.9914536643491939
0.9112325860695237 0.41431410075575276
-0.8369082001111298 -0.5491681569307795
-0.7082388728036549 -0.707388647809539
-0.5665539907383264 0.82523789029496
0.5406744152150952 -0.8424204275371144
0.7958657255483435 0.60712333746728
0.1857741695700829 -0.9836101656248506
-0.2620416050821662 0.9660927477245455
0.9927944767004349 0.12790671222852115
0.022799501357916505 -1.0007403173340377
1.0009972501370605 -0.002346320106663897
0.06326219413606442 -0.9989989463423327
-0.9202807932092518 -0.39380739156363015
0.020753705344375532 1.0007848338751337
0.7321147975581248 -0.682648462384869
0.5907674786707754 -0.8080809279675985
0.6133616937729096 -0.7910679064480037
-0.5500476892364901 0.8363304009574193
0.6832867012052426 0.7315191617148914
0.3592811339895347 -0.9343008438180895
-0.9892758040748014 -0.15275596051269144
0.36295260035466087 -0.9328807050720846
-0.9861433773144513 0.17182036951085813
0.20592301990259715 -0.9795900723640448
0.5988827790025429 -0.8020850435048588
0.9930924990999791 -0.12557184489907772
-0.5681310284563192 0.824152980037787
-0.7968170334959601 -0.6058742568641597
-0.26347813686257343 -0.9657019578500537
-0.880983849050956 -0.4752562021808474
-0.45388155519507334 -0.8921841367417948
0.39394443433215504 0.9202221376704205
-0.8801690031505299 -0.47676359539398827
-0.462307671859772 -0.887847180847919
0.9056661044110349 0.42634482208763885
0.9877939816092294 -0.16206187058214985
-0.24518128928573266 -0.9705086992831058
0.03343204441452834 -1.0004415517191723
-0.8595476007373126 0.5130096705391912
0.4571469151498567 0.8905154114157541
-0.8156962875473109 -0.5802073478348363
-0.43453166207622085 -0.9017667296220663
0.9751232993138385 0.2261317119187274
0.1134018286553882 -0.9945556923861096
-0.9971325115447802 -0.08790764710989982
0.9861341477723845 0.1718733330020484
-0.8593202755791206 0.5133903621793307
0.577962273296463 0.8172885724430415
0.8975104492770831 -0.44325612622776955
1.0004442071477613 0.033352486931072345
0.7754590169116113 0.6329804997711046
-0.46126838934074815 -0.8883875691357865
-0.04095129927391563 1.000161982424736
0.05597052566053861 -0.9994339899449504
-0.6651460154397971 -0.7480519889316257
0.22147603011124076 -0.9761912558951574
-0.8135514049949266 -0.5832110350728806
1.0009994667051614 -0.0010332743985227706
-0.9386989973860778 0.34762795098549315
0.8194393070113362 0.5749088815845352
0.8439211866364065 0.5383289243076204
0.2878677627405281 0.9587143219827078
-0.5944023970338864 0.8054109450462975
0.9366551722242761 0.3530978452858522
0.9879777995799961 0.1609374646782688
0.9534689124175559 -0.30479178639406124
0.22153836954938735 -0.9761771103736243
0.506964553554858 -0.8631268397164598
0.5525074357904795 0.8347074537802027
0.5236899697416727 -0.8530825373854314
0.9474107631957555 0.3231313135256876
-0.89678816930391 -0.4447156163173737
-0.3981614038290558 -0.9184054096644224
-0.8669700722307921 -0.5003637615336816
0.6610232780610981 0.7516975627613542
-0.21968844913504973 0.9765950979380537
-0.6381663364027722 0.7711969444196883
0.8986027688573034 -0.4410374857106682
0.7964970189454361 0.6062948942643618
-0.8360123611186332 -0.550530954676345
0.9907444930360215 0.1429207805702056
-0.2878485952145324 0.9587200770991605
0.3904950192018546 -0.9216911847134827
-0.8823025089568202 -0.47280364073101233
-0.3415982520838823 -0.9409100032273205
0.3460707864472888 -0.9392741936025684
0.9763650140540642 0.22070876586852442
-0.7571271593303405 -0.6547972698510351
0.9445115806027842 0.3315099909614042
-0.20024895898638148 -0.9807656980262262
-0.34184462009381117 -0.9408205225827708
-0.9353817800270069 -0.35645746673833056
-0.16541262276223612 -0.9872384029356426
-0.9214213400358364 -0.39113132593358385
0.9554998810177704 -0.29836383389249194
0.956439737881631 0.29533714260302085
0.8176951477155455 0.577386911353602
-0.974732662931925 0.22780964820138366
-0.9837559533830974 -0.18500060589985423
-0.6469693613632759 -0.7638269735072171
0.9916699643812505 -0.13635131735369926
0.8561195057464144 0.5187103159572933
-1.0009071028573815 0.013637134949949654
0.10133067966906527 0.9958579684662895
0.4537205958971732 -0.892266003419784
0.3809247229154073 0.9256875042214949
-0.672910426002255 0.7410752718701817
-0.7765487278376345 -0.6316431534448478
0.24942056373525573 0.9694278634256327
-0.021112566012860278 1.0007773276590315
0.37039361607570925 0.929951380003471
-0.9469899385016901 0.32436253849136953
0.9892757644114889 0.15275621737940634
0.5959850421679165 -0.804240529637811
-0.5620580313868365 -0.8283065672524599
0.8686104829796466 -0.49751063190434935
0.9986344052313639 -0.06877735592620504
0.37818913624927714 0.9268084900469059
-0.9788726767588999 0.20930667140553902
0.6159169233592108 -0.789080061539844
-0.5521951224270876 -0.8349140954420005
-0.9935924912655709 0.1215522986235823
0.8905634898227498 0.45705324700162125
-0.7098938180248839 -0.7057278279408096
0.9799113642522426 0.20438864501069737
0.936069744802772 0.35464691294987083
0.8153879206065892 0.5806406280384302
0.9919529803123471 0.1342768961863962
0.8024629355351808 0.5983763340008196
-0.5533106138370051 0.8341752601314166
0.4126685289512037 0.9119789938442933
0.9580062027360509 -0.29021563624183444
-0.39802186554614427 0.9184658918801324
-0.668757646412138 -0.7448249528347569
0.9766050067010941 -0.21964439643741443
-0.9459655891632919 0.3273379051056355
0.19312235299740638 0.9821938488774734
-0.9718346022280315 0.23987185310553585
0.589507657201707 0.8090004462919379
0.25238685265756594 0.9686598353424221
0.08937119710170202 -0.9970024017667203
-0.9540456409375618 0.3029817073818763
0.8268525348463737 0.5641949003829497
-0.9731993915791048 0.23427322559366473
0.7847977056293064 0.6213642741894456
1.0003088855530398 -0.037190502599935206
0.9136129205285793 -0.40903842294244175
0.6351335536665422 0.773696561325504
0.08307976703192795 -0.9975463659950452
-0.25344704898217146 0.9683829786619697
-0.5474162311187594 0.8380551711598305
-0.42803519844100374 0.9048684262894636
-0.36273826791823044 -0.9329640662896306
0.9249211008345837 -0.3827818663820711
-0.012892520856458105 -1.0009169710350434
-0.960233144191328 -0.2827601612611586
-0.849046734836984 -0.5302081120302256
-1.0009999975152857 -7.052941414525599E-05
-0.8761893392193018 -0.48403847144461926
0.49515960492687006 -0.8699528525435537
0.9714674411114765 -0.24135453354001848
-0.10441777588400246 -0.9955390138409637
-0.7742327361246093 -0.6344798423220405
-0.26368465889940534 0.9656455875014933
0.3786142333153683 -0.9266349131837284
0.476400536607825 -0.8803655653873431
-0.9552735792120733 0.29908759395761403
-0.04592404286158045 -0.9999459896850669
-0.9028992427783621 0.43217352694289407
-0.992235054566202 -0.1321763840101783
-0.44709298825598864 -0.8956053036088667
0.8059689156359312 0.5936456072680409
-0.7711776235068862 -0.6381896841866619
0.9761941521557164 -0.22146326398972385
0.9706074104364236 0.24479022612412432
0.3948394731119672 0.9198384589006182
0.12294564198765898 0.9934210432219777
0.920733352903672 0.39274812902261186
0.01613740246992735 -1.0008699137457993
-0.9994792216611632 0.05515691677020618
0.7561433406548373 -0.6559331127358509
1.0005386640474254 0.030387197076944275
-0.31956021744044927 0.9486212455081389
-0.6418982056798241 -0.7680935447880175
-0.8872113091532591 0.46352679848155515
-0.1752281237054063 0.9855435579733058
0.5199956714367019 -0.8553394073039624
-0.5584866902009654 -0.8307187351133781
-0.09013564035885682 -0.9969335817079786
-0.9470302568383884 0.32424480355530155
0.9424957149620237 -0.3371984983332872
-0.36033090120587635 0.9338964833621342
-0.17038842842567903 -0.9863918001781175
-0.8700727992246048 -0.4949488095242382
-0.4073784843472249 -0.9143542915582329
-0.15210698120530636 -0.9893757962819834
-0.8550587461057421 -0.5204570498207092
-0.9864311034495189 0.17016074208631238
0.5220785281400603 -0.8540696754100969
0.5737623053095452 -0.8202425354770845
0.9507898620554884 -0.3130489390055574
0.9771018127014292 -0.21742365928201407
-0.2545663605113494 0.968089338902152
-0.9501971799182095 0.3148433249657387
-0.6324129853100875 0.7759219136041867
-0.9081832977789592 0.42095617068209645
-0.8852664827820416 -0.4672304083241085
-0.9330737441769277 -0.3624560496496772
0.9474940761329037 0.3228869394897466
-0.3504826586549899 -0.9376368731988572
0.9895635308943501 0.15088080833527698
0.5211896674428993 0.8546123861440109
-0.9996850450355655 -0.05129142942284895
-0.346254929670421 -0.939206326468754
0.6628570888073794 0.7500809821731291
-0.4811797263406453 -0.8777625367710459
-0.7739208081127752 0.6348602860236803
0.9160157435794142 -0.40362873722599696
-0.10661066538814759 0.9953065688648379
0.8669120572172111 -0.5004642695052494
0.99725074637317 0.08655604460784622
-0.012410721558051044 1.0009230609744229
-0.47753509364604413 0.8797506660051265
0.9282582112765789 -0.3746167284006497
-0.8887000449307171 -0.46066607226942763
-0.31843258318421075 0.9490003635229182
0.8061902092361505 -0.593345048459808
-0.26704361465145404 0.9647220884140083
0.9551610612462224 -0.299446734961312
-0.8571342369497723 0.5170318170562925
-0.974852189261651 -0.22729762227477499
-0.896020543350489 -0.44626022217299904
-0.9814050492964628 -0.19709167718452097
0.9323664448038034 0.3642716192677056
0.543993116688904 0.8402811963831467
0.8951268656647341 0.448050102516704
-0.5553924390017647 -0.8327906331723905
-1.000976805481404 -0.006814314950397734
-0.44616874395298833 -0.8960660979634331
-0.985684249645616 -0.1744349735590858
0.32513237269697237 0.9467259055420619
-0.9903372037391031 -0.14571624099672026
0.4579074882843398 -0.8901245599201986
0.4367856997972094 0.900677107765409
0.6324343373916771 -0.7759045101608512
0.911527385693601 -0.4136651122956697
1.0008676486639088 0.01627728042329812
-0.9740353929387636 0.23077273084710026
0.017224855581365016 -1.0008517894025075
0.4694290605971332 0.884102571575772
-0.6493355792137886 0.7618164513628554
-0.4084574757634016 -0.9138727977639941
-0.14141300889190142 0.9909608271350281
1.0000598834727075 -0.04337314224902996
-0.9061737108276735 -0.42526486547186554
0.2359871627655304 0.9727852070266463
0.5414755392736411 -0.8419057194058723
-0.7129866041752128 0.7026030901346068
0.5185578748562965 -0.8562118490330074
0.6299768884466211 -0.7779010991270763
-0.9756647211905187 -0.2237841634795174
0.22058225316717034 -0.9763936038236293
0.012607966028748412 1.0009205958479515
-0.2490690936041816 -0.9695182239706438
-1.0007732345383678 -0.02130570420364764
-0.7486889269784243 0.6644289959204789
0.19338079272336334 -0.9821429982470392
-0.9423145200521811 0.33770452365763115
0.7961496093154374 0.6067510194362069
0.9027208660086463 0.432545995326046
-0.4962930390398938 -0.8693067464368066
0.06432924631039572 -0.9989308024428601
0.1841154689627964 -0.9839219959369795
-0.9610903097812865 0.27983283660877045
0.9884804207917878 0.15782096727396575
0.3906245224182989 0.9216363070568976
-0.15526219872012395 0.9888855594297009
0.9913653852248797 -0.13854844992971216
0.9555477780826724 -0.29821040189984616
-0.9212581935898926 0.39151544125805327
0.6353663178931257 -0.7735054247301252
0.9741286057538217 -0.2303789475019699
-1.0007269408123747 -0.02337926286917134
-0.2523133680959043 -0.9686789789605743
0.7894044110542541 -0.6155011582508081
0.890975708519732 -0.4562491499474401
0.386493374282706 0.9233763434459257
0.6856476854587211 -0.7293066922941944
0.5304311762360246 -0.8489073961727907
1.0009602752676365 -0.008917810052775517
-0.16846034607542237 -0.9867229154125027
0.8487913312095858 -0.5306168825654336
0.6144662838955132 0.7902102163067993
-0.7222230172172477 0.6931052686292429
-0.5006638194900921 0.8667968273209083
-0.9999730218473755 0.045331617855846086
-1.000984570874246 0.005557775787270993
0.9408183104816255 -0.34185070814977075
0.5417142302155588 0.8417521563868813
-0.9852618370847938 -0.1768052951251666
-0.8105385677033251 0.58739103692978
1.000958211095253 0.009146564436491826
0.9898072433183763 -0.14927364494269083
-0.34504188322861384 -0.9396526479599
0.26831664766257496 -0.9643687969792042
-0.5080511512136237 -0.8624876971589286
-0.41633509787676065 0.9103109832776644
0.9934150524004964 -0.12299403914059784
0.1300964435825957 -0.9925099069365305
-0.2619873827421366 0.9661074532803923
-0.9259320808092053 0.3803298328140134
-0.961733244990984 0.27761513913890207
0.1929869493642687 -0.9822204627144933
0.7394628409464673 -0.6746819301414404
0.7123694755505187 0.7032287894447148
-0.26135182381909094 0.9662795786864353
0.9164193111305424 -0.4027116166526885
-0.07240671755702563 0.9983778178889078
-0.2621872553703267 -0.966053229962705
0.9678931172472258 -0.25531140512215295
-0.36551457357898576 -0.9318798723555372
0.7878314700281489 -0.617513218347013
-0.5121959873066687 -0.8600327148352827
0.5826862344951882 -0.8139273629322328
0.023394457114493894 -1.0007265857247514
-0.9464001045774704 -0.3260795026611657
-0.93774456721358 0.35019441266447354
-0.929106009092074 -0.37250909233064244
0.4610005356990295 0.8885265927844861
0.5366255514859996 0.8450053357774416
-1.0008055707495283 -0.019728394681545865
-0.7383676999154092 0.6758802702562254
-0.8348626868389682 -0.5522728439132409
-0.994968535315061 -0.10972061671810893
0.1081022231881273 -0.9951456724227786
0.6759620462612529 0.7382928362203577
-0.943260373359369 0.33505353012607375
0.8840047332597374 0.4696132787458
0.955112699302714 -0.2996009539882733
-0.9720935917517206 -0.23882011823805602
1.0000580634579597 0.04341508623411148
1.0009151139811467 0.01303589675120821
-0.6417695848930082 0.768201015298897
0.957724410770911 0.29114421342954994
0.9998131471666938 -0.048730593600233414
-0.9492810947123418 -0.3175947153554952
-0.32234857726444943 0.9476773684833807
-0.9702986325269625 -0.24601130810657168
-0.4968948014441376 0.8689629199786324
-0.3909315681269465 0.9215061090637472
-0.17016061953139675 -0.986431124590405
0.3654697937531711 0.9318974352652842
-0.341214538870538 -0.94104922212569
0.7653499598284653 -0.6451669853538435
-0.9976753245367189 -0.08151654317101802
0.9833530313773522 0.18713047769129487
-0.9666746943620965 -0.2598865815696287
0.8665640086966373 0.5010666810232091
-0.98877898787421 0.15593945343771407
-0.9906796572691084 0.14336951096087974
0.9533158032930039 0.3052703378840052
-0.2764347411716005 0.9620731956942727
-1.0006311745057803 0.02717080431607808
0.9528904563868316 -0.3065954633175382
-0.9847551335552828 -0.1796060325727319
0.3551520351329695 0.9358782142677059
-0.9595532032581443 -0.28505902917998277
0.7873796020648367 0.6180892833986198
0.915445146245487 0.4049212074164293
-0.9474139404106038 -0.32312199788261536
0.8338681260681963 -0.5537733727144297
0.611792264530157 -0.7922822887462918
-0.5495615275052099 -0.8366499432176759
0.9995906066977511 0.053100084760967184
0.9090886512422962 -0.41899740355098
-0.9027758766168421 -0.43243116978161067
-0.2216360186607306 -0.9761549442748422
0.9400272996275549 0.3440198772671821
0.6536363914400765 0.7581295850876649
-0.2935974209789879 -0.9569752109613325
-0.6583990449632435 0.7539971469385603
-0.9227891919223177 0.38789316476493363
-0.7266479467088477 -0.6884647859867747
-0.19523303069865613 0.9817764835868792
0.9944483748438635 -0.11433909991948898
-0.015761500750153975 1.0008759039431925
-0.8850851664506643 -0.46757378896704616
-0.29399013485964876 0.9568546392243732
0.6164353421935646 -0.7886751352075853
-0.9584892269947131 -0.2886163573588259
-0.24059456577950003 -0.971655934432232
0.9954668977780052 -0.10510307049860404
0.9818664065077068 -0.1947802858906482
0.0428160569910555 1.0000838891131776
-0.5502213045253562 0.8362161897777484
-0.44276296355436257 0.8977538404844383
0.46778715209021077 -0.8849724178409912
0.8980542505386613 -0.442153325317636
-0.8188363674590375 -0.5757673170009635
-0.07147537408831998 0.998444926322396
-0.8015230840528936 -0.5996346768911367
0.781753553188849 0.6251898768187226
-0.9364679363265176 0.3535941235828919
0.12864677448024092 0.9926988503145504
-0.9641626224035219 -0.26905656944212214
0.834534258030788 0.552769004352634
-0.4656875522850588 0.8860790617358875
-0.939969392509236 -0.34417806604404316
-0.788223409533826 -0.6170128496740326
0.4554021808837464 0.8914089149466295
-0.3493861898317047 -0.9380459958631474
0.9208739414468241 -0.39241837872886526
-0.9879390183753761 0.16117535782959555
-0.2193808541468424 0.976664241607013
0.9791577127148948 0.20796916509650026
0.9888211606788867 0.15567180924515311
0.9928627545362203 -0.12737562818196138
0.9835059233434928 0.18632524989454227
-0.904519299979078 0.42877247575533417
-0.9808349673528153 0.1999093965225291
0.24141780047204175 -0.9714517206816001
0.5778986627971039 0.8173335521910985
0.9585608100142968 0.2883785246940819
-0.1917755789061619 -0.9824576974787294
0.9800131985241818 -0.20389980558696635
0.047585058282993926 0.9998683224446128
-0.614784104253289 0.7899629770802433
-0.8132915311213573 -0.5835733761972681
0.9197378852289763 -0.39507369246069846
0.9278836338312473 -0.37554355548740265
0.18083394677856626 -0.9845303873890774
-0.8459209893529803 -0.5351809785222891
-0.31810823333038457 -0.9491091359203226
0.6399848761549519 0.7696884813305517
-1.0009517242841566 -0.009830852077715628
-0.28520441501816346 -0.959510000809865
0.30775877015798864 -0.9525153748842285
-0.5572421768314679 0.8315540609967143
-0.8186422350680983 0.5760433064993539
0.14714693205436621 0.9901256386878323
-0.20260354892154717 0.980282001244741
0.5691511318463328 0.8234488381909578
-0.9988815297214214 0.06508985774598885
0.6062409389790726 -0.7965380869147265
0.41172772420081444 0.9124041216064394
-0.9751613718860291 0.22596747283925095
0.9998624027358728 -0.047709282065938295
0.9573295380546917 -0.29244000336477693
0.9802049431764198 -0.20297603152222604
-0.23670809934603024 -0.9726100326975812
0.9914627055522215 -0.13785029379391614
0.6890358283680686 -0.7261064847700572
-0.9584197385639512 0.2888470265227035
0.37976214169687456 -0.9261650585796266
-0.23713767560542734 0.9725053844624487
-0.6122114730776231 0.791958403094586
0.875493888387417 0.4852952208669284
-1.000592626735657 0.028555127774848855
-0.9975199984156964 0.08339575984874152
0.1735066353070775 0.9858480854089117
-1.0009404190514164 0.01092142431988584
-0.17729440486665743 0.9851739409885839
0.17626219635956292 0.9853591417013915
-0.059609445523029776 0.9992235555692414
0.16039659046529905 0.9880657537669784
0.4482397677061488 0.8950319048205699
-0.41885907070397205 -0.909152395855065
-0.7008354818375779 0.7147241617557714
0.8302924801324558 -0.5591201994522248
-0.965603035382313 -0.26384044053265154
-0.7558345395924281 -0.6562889217098687
-0.7647929975692573 -0.6458271215031387
-0.06451187536418176 -0.9989190247147144
-0.7857868231595039 -0.6201129482190277
-0.14519636188880114 -0.9904135583150386
-0.8556492980137916 0.5194855905686948
0.6766489967649713 -0.73766329390648
0.9507349671388964 0.31321561624446764
-0.8235710241596373 0.56897431239437
0.12396859618054205 -0.9932939077438387
-0.21153344200714058 0.978393889449751
-0.41024789623650915 -0.9130704592929937
-0.8396983040353244 -0.5448924280995284
0.6406115055435448 -0.7691670163009025
-0.5833215114048266 -0.8134721964101714
1.0003872341555782 0.03501973355913249
0.3596335769613531 0.934165237162025
-0.9618858310764015 0.27708599382585297
-0.28004280574917667 0.9610291498951157
0.8047258280507418 0.5953296075856197
0.46430052192467275 -0.8868066448445662
0.23353804589367214 0.9733760738379412
0.8905012166413133 -0.4571745653033869
-0.203821621008756 -0.9800294622149698
0.656433557290629 0.755708928664185
