1000
-1.00046307670103 -0.032781582602261425
-0.9672637781481639 0.2576854351385416
0.998111312643692 0.07599215467853347
0.8585432335471316 0.5146887565611236
0.7805836356514116 0.6266499722757708
0.8038453640618329 0.59651792150471
0.6287200671182253 -0.7789172466975259
-0.9334909031722618 0.3613803172485115
0.43778386237159267 0.900192362690892
-0.5669048759562169 -0.8249968858226474
0.6693298841597864 0.7443107591393846
-0.9947477958648232 -0.11170417459556348
-0.17370273690410323 0.9858135519417573
-0.9691538709065014 0.25048308227691635
0.059502841011037255 0.9992299094360694
-0.16221521324178562 0.987768811308052
0.02312827052168695 1.0007327730731495
0.36511478874057884 0.9320365824595741
-0.6125666557087498 0.7916837072428597
-0.8901042044629913 -0.45794705501543004
0.5874414759650425 0.8105020125305133
-0.5856403892936783 0.8118043695546044
-0.16862484494294078 0.9866948168851245
0.33536512770238175 -0.9431496334734829
0.8215068255346356 -0.5719506408773452
0.8619684758214071 -0.5089315736816888
0.2917817653209035 -0.9575303657985041
0.6348734981516991 0.773909969792756
0.19361824089710458 -0.9820962156489101
-0.8490478716090206 -0.5302062916603235
0.21956954559019692 -0.976621838097692
-0.8706436539284084 0.49394395215873427
-0.2164250924310797 -0.977323477343197
0.051379073418368774 -0.9996805443813888
-0.8729026350828566 0.48994080220512887
0.5222598784752324 -0.8539587925275057
0.9949339422723554 -0.11003386076290012
-0.8986500107975346 0.4409412184107887
0.9962015765257485 0.09789493821241883
-0.17787424232301824 -0.9850694157865283
-0.9866791739546596 -0.1687163527467049
-0.9211325487590045 -0.3918109590309339
-0.22307799113531043 -0.9758264240483726
-0.6466818144789115 0.764070435772948
-0.194346112493217 0.9819524370145296
-0.8992923591667531 0.4396296768239099
0.9080735791398731 -0.4211928001142715
0.5081975619691361 0.8624014366921161
-0.7259366252591932 0.6892147822756659
0.44088655449047176 -0.8986768307180953
-0.9925035221654521 -0.13014514393234927
0.4770027333494372 0.8800394266038117
0.9826899774421306 -0.19058176259753942
-0.9792470428350732 0.20754813682315779
-0.2691976460826636 -0.9641232428188592
0.9613430215186606 0.27896342946230784
0.636977367158432 -0.772179275639998
-0.2947256878013073 -0.956628333758752
-0.41444409655176884 0.9111734691228603
-0.6262853550007786 -0.7808762092108766
0.9876471634595859 -0.16295422826743072
0.7255846054484459 0.6895853684180248
0.06062195431980785 0.999162638740284
0.1415019794193202 -0.990948126705134
1.0002558028275397 -0.038591824391105985
0.9950059038065436 -0.10938122046367602
0.4508219612018499 0.8937340540105416
-0.5696777150848265 0.8230846256222571
0.9971267028984822 0.08797350946053123
0.671590958891851 0.7422712334010554
-0.7525819730637013 0.660016192088911
0.09006209280503483 -0.9969402286193377
-0.5173398527792177 0.8569483512595012
-0.8916498096994253 -0.4549303428690798
-0.05634968105273834 0.9994126842527338
-0.9702227402442718 -0.24631044296354185
-0.9309555846490077 0.3678623375813623
0.5915450296947293 -0.8075119056976571
-0.14584140129946918 0.9903187798214307
0.36628315586364607 -0.9315780427482004
0.07393101999783196 -0.9982660989345878
0.10934494158402044 -0.9950098912824873
0.940402965981291 -0.34299163484491985
0.6509043108451867 -0.7604765467278741
-0.9883399731088421 -0.15869813343329867
-0.009616088301749188 1.000953810545608
-0.9747778562973184 -0.22761619202597289
-0.15514896746905155 0.9889033309142442
0.31894869668031606 -0.948827027906524
0.8375255504830741 0.5482261871600295
-0.8792739850990263 -0.47841222719332466
0.9808863932282393 0.19965691468039803
-0.934703636698914 0.35823192423599637
-0.7805797178281698 0.6266548524628966
-0.18432432360534678 0.9838828912667561
-0.44283238167815236 0.8977196008427437
0.7204992902235006 0.6948969512002711
0.255313765371474 -0.9678924946562195
-0.7612788020935076 0.6499658340890498
0.2106330520291911 0.9785881244900063
-0.030080721967172434 -1.0005479249720792
0.6668742608644188 -0.7465117013125346
0.9623672544528072 0.2754092728231307
-0.7272136630058478 0.6878672025453876
-0.3535351895698261 0.9364901866735322
0.2763743682704845 0.962090540730492
0.8792887462064777 -0.4783850967522301
-0.7389874242260606 -0.6752026265023947
0.24081296331388455 -0.9716018303296807
0.6583518651770174 -0.7540383422730851
0.2887477803514486 0.9584496436131174
0.5717432483377752 0.8216511778000256
0.7815490638279565 0.6254454898947188
0.9337980881987975 -0.36058581568923503
1.000162769173544 0.04093207982876431
0.06054294913180239 0.9991674290680336
0.5464027341468334 0.8387163120607974
-0.07431911534226447 0.9982372809581614
-0.4494863022539781 -0.8944065429579803
0.22794747521408745 -0.9747004404141423
-0.6671463161114795 -0.7462685796004559
0.5227355772277974 0.8536676849338515
0.9878175670743982 0.161918047725437
0.9085247074279118 -0.4202188191799925
0.9988265990362517 0.06592742265305777
0.6798775450969596 0.7346887257015257
-0.4797356079013962 -0.8785526429938492
0.9930013535006788 0.12629058534118923
-0.9565304962686465 -0.2950430641585343
0.7907173796255561 -0.613813510406943
-0.6114957003911194 -0.7925112039606597
0.9430854292371367 0.3355456349896475
-0.47396320751223975 0.88168014490784
-0.5938322673193228 0.8058313956966385
-0.30623428457572344 0.9530065912418417
0.9717268455394017 0.24030800581346376
0.5890995642434209 -0.8092976605725557
0.8055235531282242 0.5942497836395743
1.0004477618433905 0.033245688781418134
-0.17501455520910356 -0.985581506251492
-0.306520067781101 0.9529147118433366
-0.9565596895586752 0.2949484027951514
0.36565915262059395 -0.9318231506593884
-0.9805320993714813 -0.20138967724825313
-0.3281116738043066 0.9456974830850171
-0.8272823802868425 0.5635644268998319
-0.35109845360891545 -0.9374064624662176
-0.4406096171455631 -0.8988126419220194
-0.37890981001005597 -0.9265140883322516
-0.1386447559832148 -0.9913519211855872
-0.16851117306583435 0.9867142365203699
-0.8685103186399589 0.4976854693638514
-0.8648129789943056 -0.5040828417661075
-0.31253003164346155 0.9509605561330801
0.9806165567184902 -0.20097803036544093
0.7826771241490117 0.6240332678101645
-0.9797627857424168 -0.20509969203843045
-0.02883730347822676 -1.0005845341239812
0.5482497018592681 0.8375101577958464
-0.7587628209858654 0.6529012034677005
0.6200951322205343 -0.7858008825372991
0.33211920879406986 0.9442975331694989
0.32221313183916006 -0.9477234288917838
-0.11804517102699232 -0.9940152602436283
0.6706019302057739 -0.7431648883015737
-0.9001460249148461 0.43787913153061
-0.4073750676221366 0.9143558138273413
-0.8940755269745594 -0.450144368025597
-0.7914241462833427 0.6129019666143045
0.26000149373077885 0.9666437933684588
-0.5569318722365427 0.8317619188728823
0.5268721508943074 0.8511208707416393
-0.058320193732186824 -0.9992996322440233
0.47494019759287137 0.8811542479670879
0.5924048356615109 0.8068813485791193
0.7940837867952668 -0.6094521634623091
0.9704175505907735 0.24554180398743458
-0.327246960287259 -0.9459970544260428
0.4040786885367043 0.9158173472207529
-0.8241402714104576 0.5681494636444686
0.7749589590460529 0.6335926229007549
0.7742339175916207 0.6344784006179653
-0.9494692741999197 0.31703169770588807
0.9825570102364886 0.1912661016362622
0.8165808433484574 0.5789617658156039
-0.9858535797787636 0.17347541392772917
-0.8919998524301098 -0.4542436166471273
0.897876955873308 -0.4425132451257045
0.9409656112030554 0.341445044675216
-0.19424014466859899 -0.9819734040182156
0.3319128070044033 0.944370101467882
0.8405157737247828 0.5436306044731383
0.8363946871081359 0.549949931700408
-0.8186571620515082 -0.5760220924771643
-0.9585473201947132 -0.2884233606134111
-0.9724680845911015 0.23729059073573577
0.7450185523437556 -0.668541963278009
0.9928740490008996 0.12728755956714402
-0.9360498756809892 -0.3546993518990481
0.9843499670529737 0.1818134823460831
-0.794945785999755 -0.6083273767645442
-0.7784499711762229 0.629298531998715
-0.9833950108089509 -0.18690974483975778
0.21189869776199916 -0.9783148480355233
-0.9076710054182824 -0.4220596473520826
0.9538646319385011 -0.3035510895003142
-0.7126413303886985 0.7029532944810957
0.9645214315090868 0.2677674516435148
0.10631850967045119 0.9953378192862231
0.5147282065783129 -0.8585195823932461
0.9983655368636263 0.07257585550996375
-0.9643440222510594 -0.268405675701257
0.9818666071813591 -0.19477927431368758
-0.35849345967063595 -0.9346033593848131
0.5854008787860101 0.8119771001183267
-0.9934606313102025 -0.12262534010853555
-0.9185503864071309 -0.39782683121090584
0.9942833631700358 0.11576525265934769
0.8856032756452938 0.46659172535132426
0.0797173060715292 -0.9978207008840306
-0.9997904477640595 0.04919411102704659
0.988853633368868 0.1554654037822833
-0.9880958001399485 0.16021139081162442
-0.07871714860630714 -0.9979001004686253
0.0007408162417156383 1.0009997258697407
0.1782953722027722 -0.9849932792923386
-0.8651971390583603 -0.5034231923195716
-0.011015192676696806 1.0009393915369178
-1.000987745455636 -0.004953125038089172
-0.9343304018104117 0.35920425979210574
-0.8916928299926661 0.4548460145364255
0.9991684664706079 -0.06052582598175541
-0.7300657191958279 -0.684839430563894
0.8737194851868535 0.4884826109543917
-0.6347734867529963 -0.7739920028756393
-0.356803874861537 -0.9352496965430102
-0.6664328559910208 -0.7469057828505891
0.9710402048602718 0.24306772830822576
-1.0002503705082042 -0.03873236757804003
-0.9986011437068318 -0.06925861525765149
-0.09351596654994636 0.9966221771565338
-0.7270168257598267 -0.6880752393903633
0.41069357477094426 -0.912870082564799
0.4939016993385076 0.8706676239475857
0.2718093824412658 0.9633901907414761
0.03338330207191408 -1.0004431793674118
-0.8113627631783211 0.5862520503398172
0.9977266565203805 0.08088583849267279
0.28026739252070665 0.9609636770917224
-0.7147684364593722 0.7007903268748966
-0.016245944056180586 1.0008681578018772
0.3233830658184565 0.9473248612497489
-0.5761890540851502 0.818539659364444
0.2836940839314557 -0.9599576379936211
0.30272034810832377 -0.954128602883896
-0.7227118422765986 0.6925955479449495
0.985533927809615 -0.17528227844295208
-0.9909016211652586 -0.14182727936494596
0.33688120768207613 0.9426091724095761
0.837218503594438 0.5486949765025101
0.7226777752139 0.692631094603677
0.018555850494406657 -1.0008279974163539
-0.2046351178579781 0.9798599229171746
0.563676491550615 -0.8272060280686967
-0.9636775793654092 -0.27078870550380346
-0.5598832763273733 -0.8297781130452442
-0.9822803680592498 0.19268180642028668
-0.9341315385816541 -0.35972109839022753
0.8193988083768587 -0.5749666014914119
-0.1712451716539089 -0.9862434238996087
-0.14027686508843257 0.9911222937261385
0.8973074770855813 0.4436668700346115
0.5444684490270829 0.8399732781547534
-0.0028421393288535035 1.000995965148729
0.709406502772259 0.7062176816141273
0.8112027616473474 0.5864734260780421
-0.3871541025295225 -0.9230995075800658
0.9626261625259409 -0.2745029530270681
-1.0009854577979382 -0.005395672066751264
-0.7954728016055254 -0.6076380681835665
0.9936148623273742 0.12136929332476719
0.6553081333078526 -0.7566850404366255
0.7672377094102066 0.6429209105784158
-0.24814161969015713 0.969756019098384
0.5821141582223767 0.8143366053402328
-0.8991616201109262 0.4398970117192141
-0.7619815298173587 -0.64914185523443
0.9473742933259367 -0.3232382222837857
-0.994164541884575 -0.1167812641626772
-0.6681355669685716 -0.745383031837716
-0.5649699914446749 0.8263231261237967
-0.012670569080244441 1.0009198053186792
0.7644955896404337 -0.6461791496329214
-0.8230629382662293 0.5697090482452961
0.9808687495965199 -0.19974357577894591
-0.85699999271354 -0.5172543015664464
-0.6331943270854185 0.7752844279016856
0.6103866442457999 -0.79336570667401
-0.45823171576800037 0.8899576926260677
-0.9545122053366167 0.3015086231991192
-0.26472580141136715 0.9653606839244642
-0.8227859575387141 -0.5701089966638848
0.9956187420269814 -0.10365481428573911
-0.9838584091661372 0.18445495578345875
-0.05693860493695396 0.9993793050027769
0.9002445763664185 0.43767648180231
0.44300883057018414 0.8976325395376651
-0.5992556412392324 -0.8018065081071346
0.9975171518597715 -0.08342980130366784
-0.7802546412406215 -0.6270595624200855
-0.991883212471699 0.13479129354977817
0.9760234441064678 -0.22221439322093595
-1.0009914350946496 -0.004140877582549595
0.06031155183738477 -0.9991814233235956
-0.31391506176282186 0.9505042524883536
0.36051600719421106 0.9338250417271661
-0.960712573096948 -0.281126931995925
-0.6988967488361029 -0.716620076795456
0.6758875029629907 0.7383610792413514
0.7835018911529996 0.6229974209895841
0.7902317290272285 0.614438617307406
-0.9304338305243484 -0.36918001979493464
-0.2828465407583543 0.960207703770925
0.576379598232693 -0.8184054977461475
-0.936609559889185 0.3532188164922517
0.2560699665848417 0.9676927054665846
-0.5113722929753125 0.8605227353052162
-0.8604862886626905 -0.5114336193715747
0.1524293171249558 -0.989326186493019
0.8978810570332076 -0.4425049236120766
0.6934155446601288 -0.7219251224494801
0.9300439180584 -0.370161195268467
-0.4125937884426542 0.9120128100737064
0.6900392779854081 -0.7251529458241045
-0.8157017502871 0.580199667854577
0.5576382418396777 0.831288512634424
0.41298202186109995 -0.9118370740540868
0.9959350186212872 -0.10057056569303072
-0.5805935556288685 -0.8154214389885932
0.25243896846385816 0.9686462549356721
-0.9709655951673634 -0.2433655953525229
0.7066546188700631 0.7089712614976759
0.414045939625024 0.9113544644538869
0.6157199152825377 -0.7892337967449599
-0.9880751943523538 0.1603384242954828
0.0007596619247406114 1.0009997117450935
0.5131236205250578 0.8594795809437572
0.8729976045857418 -0.4897715614320178
0.6101238388613075 0.7935678302786356
0.8096452543763963 0.5886217478702096
0.9633392245732066 0.27198996010642174
0.8946242893605801 0.4490527595796256
-0.14063228080395837 0.9910719255411671
0.10160929363182754 -0.9958295795203319
0.4997945243136722 0.8672983532015209
-0.4647251433746089 -0.8865841985482535
-0.0056849421586319775 -1.0009838567292946
0.44917271227801187 0.89456406955836
-0.9933423936534219 -0.12357948442557155
-0.7098465386113714 0.7057753832640062
0.3249470167674554 -0.9467895417113199
-0.323042842704078 -0.9474409331339175
0.11837272275077046 0.993976306814488
0.9432557624280611 0.3350665107799603
0.15011079130931188 -0.9896806304725239
-0.5496374775612927 -0.8366000497609712
0.9951817323625433 -0.10776975258340037
-0.9476921316207783 0.3223051716371697
0.14605538480809224 -0.9902872434645213
-0.5398928905804737 0.8429215068442972
0.6601629549962422 -0.7524532363214538
0.7037492290754832 -0.7118553382364027
-0.8796938016176905 -0.47763983857653164
0.7378540611835708 -0.6764409688915296
0.5933486308494627 -0.8061875726337315
0.25134254187328847 -0.9689313322649208
-0.5653114164986413 0.8260895849581326
0.9879195792735426 0.16129446638985112
-0.5455155610787827 0.8392936152628
0.7751211772531273 0.6333941589355919
-0.9739226374579691 -0.2312481270127678
-0.7656626904351644 -0.6447958161120352
0.9366332225672475 0.3531560651939777
-0.725361241011235 0.689820317212128
0.9826417228475567 0.1908304077425442
0.49462449639494904 0.8702572077070335
-0.13181339327781194 0.9922833412652804
-0.3820070501467133 -0.9252413812828555
-0.2196101894755894 -0.9766126994251589
-0.14930652392829036 0.9898022842529971
-0.997015870105396 -0.0892208202045914
-0.1709059296290904 0.9863022676733622
0.9752160822104042 0.2257312406340556
0.9931555058292721 0.12507254391353248
0.07154245100161138 -0.9984401222430327
0.8397952976598448 0.5447429283877051
0.8237439647989396 0.568723905297925
-0.2673988482655144 -0.964623686183517
-0.5746230608709529 -0.81963976106293
0.5388925066350418 -0.8435614182100799
-0.9550407937303695 -0.29983008906856845
-0.9936215400722472 -0.12131461208137914
-0.4101768096726724 -0.9131023955760648
-0.05516996113135886 -0.9994785017141511
0.9609365506241108 -0.28036038535184654
0.9018369158849714 0.4343859771529037
0.09559925342041431 -0.9964244992699945
0.8814275971880294 -0.47443270430624485
0.9915872760925831 -0.13695135593082403
0.9075731084843924 0.4222701182371036
-0.9947099717715723 -0.11204049293982009
-0.7562534759191245 0.655806130011181
0.8568121306268146 -0.5175654285312519
-0.9426245050945528 0.3368383030405678
0.3813441059413987 -0.9255148150428254
0.6936285910868487 0.7217204289937158
-0.7269476504485325 0.6881483223167504
0.6937978099884623 0.7215577585025427
-0.40495963892884507 0.915428146190961
0.9944309049596916 0.11449093964610903
-0.9124259473826631 -0.41167935404007033
-0.13464761079850024 0.9919027275425023
-0.7952763714476258 0.6078951332401815
-0.9960376978006742 0.09954850355446228
0.13508207077197545 -0.9918436540886648
0.03822224215928006 -1.0002699936538721
-0.9570570897971409 -0.29333040563335333
-0.9986463301995103 -0.06860398806957561
0.1158171170135398 -0.9942773231883909
-1.0008916437599855 -0.01472811771524265
-1.0008883623093194 0.014949454631146133
-0.12975205215293642 0.9925549883820551
-0.5963438421737545 0.8039745157039768
0.7736688170434929 -0.6351673492352408
-0.6249417439500928 0.7819519273386418
0.996297474135507 0.09691410130217848
0.09659790132171239 -0.9963281816049573
0.3137732527886963 -0.9505510748162883
0.931462498905869 -0.36657688570344166
0.0407224774933561 -1.000171325237233
0.07972770505368183 0.9978198700401155
-0.05652075981028351 -0.9994030236648617
-0.3369104686900822 -0.9425987142400679
-0.09838185532278843 0.9961536079055509
0.8532168887092614 -0.5234710506047949
-0.5252538174357818 -0.8521205473811428
-0.802142168697012 0.598806263492671
0.5820317231422467 0.8143955262991485
-0.07551015950705398 -0.9981478927549862
-0.7553296231019146 0.6568699722659878
-0.5070686584016396 0.863065684445142
0.2221410286089209 -0.9760401443632175
0.8403937020754555 -0.5438192949058634
-0.9553418475952652 -0.298869460188332
-0.994528043812169 -0.11364404987125604
0.7490512112465297 -0.6640205440572652
0.8466627063225668 0.5340067993223935
-0.6908382854731041 -0.724391788554082
-0.9647314112111652 -0.2670099328162038
0.9765783414123945 0.21976292472620698
-0.7420093786433983 -0.671880258680993
0.7202059587607867 -0.6952009615682763
0.9740536451051199 -0.23069567932111162
-0.6376932667572689 0.7715881657545318
0.4970557791843278 0.8688708490791142
-0.9606302832972047 0.2814079935117912
0.5947772727157772 -0.8051341477423387
-0.40484262925109066 0.9154798990371465
-0.17635165691137375 -0.9853431347021265
0.830664132874872 0.558567899503039
-0.9536602540977132 0.3041925701825823
-0.5412861619713238 0.842027488184533
1.0009974663888856 -0.0022521729577581156
0.3108043258775172 -0.9515259697012068
0.5986776525682233 0.8022381618418571
0.3001731400234674 0.9549330269754271
0.822820325515937 0.5700593933248075
0.628423916996927 0.7791561977846544
0.887723881330536 -0.4625443876164194
0.540387848129401 0.8426042805457823
0.030158157151060638 -1.0005455939422512
0.7031615223509522 0.7124358732441057
-0.6190898110187262 -0.786593164153362
0.5338576261320265 -0.846756774416761
0.9378197213240366 0.3499931003544306
0.48659300165910585 -0.8747732567565045
0.8695262599969317 0.495908341506521
0.7801130748219396 0.6272356738036022
-0.979255646486533 -0.2075075391985611
-0.25549129549230926 -0.967845647780503
0.9941602512797758 -0.11681778449933519
0.9472513342950465 -0.32359837712240475
0.9905378753894712 -0.14434582577585145
0.059154089038760516 -0.9992506160868726
0.9259444857149429 0.38029963104648135
0.016374560417031125 1.000866061854007
-0.21523051365290236 0.9775872472535164
-0.060739541881915285 -0.9991554974336952
0.6841011441167836 0.7307575689776382
0.4468749156909814 -0.8957141339323491
0.6883011318684854 -0.7268029663317024
0.9775580863896279 -0.21536292098281182
-0.8457968614125976 -0.535377128036489
-0.2663752540877019 0.9649068473224306
0.07912783626819525 0.9978676192399039
0.8600008386430754 -0.5122495071087985
-0.8730365110212267 0.4897022058597282
0.6052448155421135 0.7972952484866526
-0.28443852080296417 -0.959737322335347
0.7603419833300881 0.6510614935516215
0.657888589475751 -0.7544425782242191
-0.7029368270010069 0.71265757362548
-0.9918868214688378 -0.1347647335041544
0.37742135943971244 -0.927121414615518
-0.9143770903652834 0.40732730894836705
0.7322189254433259 0.6825367720662537
0.8631873939859689 0.5068614434573928
-0.273842206996529 -0.9628143360312362
0.6926165701912276 0.7226916954667048
0.4554207615688948 0.8913994222187985
-0.99356470561273 0.12177920906578885
-0.680721617360212 -0.7339067240858997
0.4620168631258436 0.8879985462754743
-0.821191560066388 -0.5724031985198298
-0.5948220587303626 -0.8051010610151828
0.9817101591812939 -0.19556626334886779
0.8247482652404734 -0.567266514949393
-0.9945432296194834 -0.11351107619103755
0.9004718346769739 -0.43720873156135004
0.4347672888366222 0.9016531509165002
-0.5981150784874285 -0.8026576810110132
-0.662633726372822 0.7502783114773264
-0.9618115197167929 0.277343830903219
0.13644544612054654 -0.9916570174374632
0.4195665301369976 0.9088261257186656
-0.8504465215348014 -0.5279599549296865
0.8124363790459084 -0.5847633110949876
-0.8495101039977633 0.5294653748883957
0.7013421819622822 -0.7142269553863009
-0.9654270839384744 0.26448354504213256
0.2788309868755293 -0.9613814439430473
-0.6271630568853791 0.7801714555648563
-0.8956636610794522 0.4469760689586773
0.0421332115527319 -1.000112889870065
-0.99871524265016 0.0675933731828204
0.9117845265439257 0.4130980236639594
0.8513008206690159 -0.5265813448350216
0.962292779486659 -0.27566937905367794
-0.6892508217404449 0.7259024071665016
0.65051751167861 0.7608074441009824
-0.9904676295117069 0.14482705164940726
-0.19495909355884242 0.9818309181517532
0.9766301151683373 -0.21953272682285907
-1.0005789369116573 0.02903086303810774
0.16027691557358512 -0.9880851736233156
-0.9095219544994481 0.4180559941963563
0.9829058086657122 0.1894654883909002
0.9825305046275533 -0.19140221387519385
0.7392599082127134 -0.6749042807015899
-0.5109752451357066 0.8607585601424504
0.996704143277496 0.09263827920181136
-0.9654528858420894 0.264389343997033
0.8753339153863308 0.48558370707266946
0.9058008091028774 -0.42605855727654673
-0.9517626346666402 0.31007884038162864
-0.2959025253674193 -0.956264971376231
0.969062858963256 0.25083495645136983
0.7218769713157326 0.6934656720300039
-0.7163777118098353 0.6991451737816006
-0.6419914473479119 -0.7680156128179513
0.9990336356206336 -0.06271199963818057
0.225143359167049 0.9753519712508799
-0.983998153957726 0.18370801018950522
-0.48787656928908213 0.874058037626058
-0.7563262792010287 0.6557221663097318
-0.5650918552032901 0.8262397927859102
-0.28659368683046976 -0.959095959051501
0.42596521314760477 0.9058447092013706
-0.2748601392497078 0.9625242354619603
-0.9648228899152327 -0.2666791913434919
-0.6358434055240247 0.7731132928954271
0.9927421631610079 0.12831210964832032
0.43795730370026137 0.9001079935961002
0.9014992891488212 0.4350862347445274
-0.7917244044043705 -0.6125140549167379
1.000834850895333 -0.01818244299637628
0.3024596537918405 0.9542112752572776
-0.9772961661130196 0.21654838651163663
-0.7794701028256581 -0.6280345203895706
-0.6795143892803039 0.7350246218739993
0.45430249983118887 0.8919698642034565
-0.5877255175237441 0.8102960669110069
-0.49581148611937004 0.8695814914268252
-0.8007113192619029 0.6007182228015586
0.3797729672412783 0.926160619629638
-0.9237559732650062 -0.385585142163467
-0.9629577953847386 0.2733373086641555
0.0021659607347598005 1.0009976566476544
-0.5118776061093113 -0.8602222482380938
-0.7786004278775561 -0.6291123696994732
-0.3918702879196103 -0.9211073104941692
0.7131513682250628 0.7024358518745473
0.9847800809933032 0.17946919534790137
0.9899590987692892 0.14826322121111668
0.3353962315036033 -0.9431385730067354
-0.4695167467379379 -0.8840560075767955
0.694000059598987 -0.7213632353236492
-0.6669323500219991 0.7464598050090397
-0.15735313577013813 -0.9885550013344246
-0.4479007358636788 -0.8952016146169393
-1.0009964813938947 -0.002654098159811362
0.4921837460628623 0.8716399257213543
-0.5665946117258859 -0.8252100011289203
0.794559171280822 0.6088322620669288
0.3592410929996576 -0.9343162404134969
0.41497205226025474 0.9109331456495106
-0.5678039868343875 -0.824378330947008
0.5126205198879827 -0.8597797407416472
-0.149921663365824 -0.9897092981545766
0.9911902372718697 -0.13979597110408648
-0.9034717178002618 0.4309754692961586
0.5014709013160522 -0.8663301536557909
0.7990690528547012 -0.602901027341877
0.8940565524534382 -0.4501820531907871
0.8821247925350688 -0.4731351291068566
-0.9406436277280273 0.3423310760282455
-0.7839859085076698 0.6223882190895034
-0.8895540800073348 -0.45901474784837154
-0.3044349079041607 0.953582920804156
0.14978061784462207 -0.9897306535204835
-0.9832456846324785 0.18769369635554745
-0.9954705290427579 0.10506867186431802
-0.9946550600574804 -0.11252693678426562
0.5613696637491618 -0.8287732504262871
0.3526028756563944 -0.9368416152577986
-0.16094234711597638 -0.9879770042388641
-0.2930488227865125 0.9571433473954877
0.31170563802054874 0.9512310945433831
-0.8746440454114565 0.4868252189711233
-0.9993780732425318 0.0569602205231404
-0.430559945469291 -0.9036698143445321
-0.24892418562667354 0.9695554392659026
0.6680327271443857 -0.7454752011060024
0.12225321463125743 0.9935064929391875
0.47480967399074653 -0.8812245874263841
-0.9791013829309303 -0.2082341997433176
-0.8369703747609605 0.5490733937940331
0.9908361861641526 0.14228370316967726
-0.6192413845971452 0.7864738441945864
0.01624389905783325 1.0008681909938986
-0.7075117005214342 -0.7081159464559942
0.12218315247820828 -0.993515111737354
0.9950217241220229 -0.10923721218173321
-0.10893499277608838 0.995054856452082
-0.844260235342099 -0.537797038872569
0.961955458869506 0.27684417124288235
0.7012565511003674 -0.7143110313713611
-0.9984049708384071 0.07203134182534371
-0.25475300641492366 -0.9680402397227905
0.9652062597728949 0.26528828865070364
-0.8671082084278362 -0.5001243394167775
-0.3293749633739804 -0.9452582364107647
-0.5174807400466545 0.8568632817904889
-0.6424383775916628 0.7676417986257601
-0.7101753186759155 0.7054445525649494
0.3855182040658671 0.9237839110602806
0.7258221498752815 -0.6893353369372734
-0.35502005291326566 0.9359282889353554
-0.9977932301037853 -0.08006041443219343
0.40560427638088936 0.915142705255052
0.28120950320644955 0.9606884069803183
0.9370421355386498 0.35206964683875647
-0.055808358115917805 0.9994430584902801
-0.9099370652116994 -0.41715169585406164
-0.26266413804169575 -0.9659236774128755
0.8638729007652685 0.505692210067943
0.5700738258120848 -0.8228103263352817
0.5149051943298164 -0.8584134440071253
0.9984587988869846 0.0712813224144994
0.7980929469955321 0.6041925586731327
0.9425784755265336 0.336967086633214
-0.7563954709587972 -0.6556423503046607
0.9328961645594168 0.3629128630268283
-0.38196920458873923 0.9252570057804728
0.9989622857873784 0.06383848035829258
-0.9553727644535868 0.2987706159251799
0.9547638327324517 0.30071086396410607
-0.3506679444906268 -0.9375675936735008
0.5445683011119171 -0.83990854586918
0.9407501655506757 0.3420381937976757
-0.9719140049658725 0.2395499258008606
-0.5202845376142244 -0.8551637269666861
0.13166313054213297 0.992303290358268
-0.961544116026106 0.27826949695497416
-0.07892216169611013 0.9978839072723906
-0.46163459822846403 0.8881973303936714
0.5571176399760294 -0.8316375022974489
0.4892108432620657 -0.8733119436002341
-0.7895778488878287 -0.6152786527628512
-0.5200603455208148 -0.8553000859445593
1.0009325601683257 0.011619380141862007
0.4363854441886902 0.9008711029332884
0.9027864376819544 -0.43240912101564943
-0.9439330487162797 0.33315371758572576
0.7461558503779725 -0.6672723933647522
0.05742652282782539 0.9993513868884685
-0.7871763982007176 -0.6183480558033195
-0.7110804312668131 -0.7045321995972952
0.6783389542877493 -0.7361095455812285
-0.14460369378245774 0.9905002633742553
-0.9424321071134998 0.33737623431653985
0.25023264880137935 -0.9692185622829588
-0.6522113243722563 0.75935590361871
0.5738515964705949 -0.8201800687825506
-0.4699439636919958 -0.8838289828860876
-0.20002581814644335 0.9808112316214808
-0.8544645964939002 0.5214319258911142
-0.9627471406958467 -0.27407835208562453
0.6698913140613938 0.7438055037071848
0.6999304516224389 -0.7156104826591131
0.9512902885337611 0.3115249379124464
0.8866874040675109 0.46452819878670304
-1.0003887434630705 -0.03497659149172599
0.4294361408859487 -0.9042044021685492
1.0003309007151049 -0.036593566026108026
0.6828918454665623 0.7318877833351727
0.13133665019842528 -0.9923465545436516
-0.22559291197877404 0.9752480905210412
-0.9996992381705512 0.05101404905729137
-0.6924985041147292 0.7228048296731714
0.9787573858065409 0.20984513272684233
-0.40675724170002503 0.9146308251554762
0.7765932397564964 0.6315884260849853
0.9646371526848442 -0.26735026399851675
-0.9703634762407676 0.2457554149513968
0.8656986265408919 0.5025603327016701
0.9402504848798122 0.3434094140865654
-0.9724498842969638 0.2373651670545234
-0.07491508067999583 -0.9981927322349676
0.7604009345910375 -0.6509926410283581
-0.14384202705815255 -0.9906111604720601
-0.7688562501363606 -0.6409844511579468
-0.3049440137668665 -0.9534202370768899
0.47870932088174706 0.8791122716132089
-0.7256690187212169 0.6894965375316876
0.037212898030834086 -1.0003080526618522
-0.9949385341580907 -0.10999233267528045
0.690356322543418 0.7248511212134036
-0.6270939239876028 0.7802270249727515
-0.19225770121333632 0.9823634644693193
-0.5804139378677892 -0.8155492999989677
0.1908822182771864 -0.9826316597512929
-1.0009903952615193 0.004385042096433227
0.7007195137852785 -0.7148378578394704
-0.9512127554266684 -0.31176159788146646
0.5007871992579962 -0.866725551174841
0.9200551270307468 0.39433432924922523
0.23987962012745173 0.9718326851096898
0.13430247523442443 0.9919495174382146
0.9933577739099487 0.12345579375902618
0.9347843734247104 -0.3580211937874231
-0.9203153826878143 0.39372655027084713
-0.5465422246020264 -0.8386254209878616
0.22403692348131793 -0.9756067122140079
-0.9928550313690443 0.12743581398168333
-0.997097792422594 0.08830057953371274
0.9506547937687976 0.31345886984484095
0.12308557828049285 -0.9934037147199303
0.2993841684841841 -0.9551806738314138
0.47617122410192225 0.8804896168253644
-0.6690556540207573 0.7445572723591226
0.7242519483039042 -0.6909848879519718
-0.2918786858325488 -0.9575008265044289
-0.2128568204499735 0.9781068315822805
-0.2671259280784547 0.9646992995479079
0.9017079397730959 -0.43465364527420997
-0.9235269386583532 -0.3861333883159162
-1.0009179255377525 0.012818203353137617
-0.6844597943406051 -0.7304216521511507
-0.8906814779820774 0.4568232752166445
0.35459223290295916 -0.936090459498917
-0.3822096134537981 -0.9251577224362871
-0.49333314297660674 0.8709899023759248
0.6547878575459236 0.7571352994085134
0.7473886836078245 -0.6658912490902423
0.012459209524443885 -1.0009224585840932
-0.371158974236986 -0.9296461777705259
0.12219464879621444 0.9935136978449617
-0.8751504669959198 -0.48591425181488923
0.8538455143676967 -0.5224450570099821
0.38399122265928887 0.9244196779172458
-0.8360256080041217 -0.5505108380053371
0.5158460248521448 0.8578484007353749
-0.5834434615925321 -0.8133847349962522
0.9755904071153294 -0.22410791495292123
-0.1833833628112288 0.9840587087384803
0.5837544290512141 0.8131615869943014
0.8649428366013263 0.5038599898900996
1.0007239889883963 0.023505273092478404
0.5711206699489324 0.8220840470153175
0.9684674958458962 -0.2531239014593029
-0.9861290146838568 0.17190278182346452
0.24400223710248833 0.9708058035925522
0.6447024911265301 -0.7657412734959808
-0.1599452741546981 -0.9881389119327193
0.875180704992581 0.4858597880136704
0.8571241542388086 -0.5170485317844031
-0.11652247668278118 -0.9941949066595095
0.007075266565082691 -1.0009749949938975
0.24679159990421395 0.97010046191965
-0.5990586047276668 -0.8019537318958875
0.6016898753400935 0.7999814334803169
0.969459938137195 -0.24929586508208715
-0.9973921010980322 -0.08491169923663516
0.427857823127535 0.9049523098973598
-0.768807620311267 -0.6410427777857939
-0.8539372055178707 -0.5222951742380261
-0.885392189557683 0.46699215268594385
0.7626483135276281 -0.648358349891065
-0.9098345548833553 0.4173752301469349
0.14872011572548552 -0.9898905632334305
0.8920014401228084 -0.45424049887569024
0.4818841668653449 -0.8773760024781236
0.7728856192428006 0.6361201298242908
-0.26990846608473745 -0.9639244887104924
0.8817268932580827 0.47387623458604633
0.6126652262720356 0.7916074282856594
-0.08259529864340917 0.9975865960617184
0.8431817370053056 0.5394863838696169
0.2786575684254159 -0.9614317238157033
-0.9916065971833152 0.13681138995904651
0.5902626696468105 0.8084497392054871
-0.4772133672059676 0.8799252253231193
-0.26773326070883363 -0.9645309228377367
0.9302509304482856 -0.3696406449514163
-0.9247069023668377 -0.38329902780352515
0.1392379603648417 -0.991268778078599
0.9896693575818182 -0.15018509467850458
-0.506336044531414 0.8634956919454098
0.8274658212351449 0.5632950511833449
-0.34430076517866537 0.9399244560587758
0.008260411390342339 1.0009659163046774
0.8942475628968823 -0.44980250805546473
-0.7546385207576772 -0.657663822168032
0.030381324873829354 1.0005388423739034
-0.7260509021684611 0.6890943966252837
-0.5022260372900997 0.8658926073525997
-0.8952430388237321 0.4478179333586916
-0.021691690569392214 1.000764942711445
-0.04739262079142423 -0.9998774622395088
0.9679485097595613 -0.2551013180174587
-0.46094381534775 -0.8885560191077766
0.9443493354824521 0.3319718852159787
-0.787036590288206 0.6185259942375215
0.6598800169640545 -0.7527013771818934
-0.9683458777191465 -0.25358876375804923
-0.8217524961318685 -0.5715976164235147
-0.9585349227555714 -0.2884645591021031
-0.9163150118513249 -0.40294887896097487
-0.9554432057072615 -0.29854527406715314
0.976687898743972 -0.21927550808762178
-0.1097056658370808 0.9949701839167056
-0.9333625037087316 -0.36171181439174455
-0.5576229574778165 -0.8312987653627865
0.872543369736972 -0.4905803378938559
-0.975045652226596 -0.2264662802141016
0.7979867660838852 0.6043327900709863
-0.507622847136381 0.862739847848211
-0.9754698475793028 0.22463209134852444
0.9868008843325929 -0.1680030198550386
0.9808139668315294 0.20001240578573995
0.666739587040037 -0.7466319863719214
-0.6252064929457154 -0.7817402645242978
-0.9886047010695153 0.15704058400061552
0.6002446694412491 -0.8010663747826178
0.6579368869449408 0.7544004591708572
-0.7702853209010115 -0.6392663954912894
0.9675552366435706 0.2565889008581709
0.5240991306791255 -0.8528312266922367
0.5272274006479216 0.850900856743038
1.0008186996503556 0.019050733061250824
0.5047497876595212 -0.8644238843632609
0.5396971251609843 -0.8430468629281346
0.9626078589697908 -0.2745671317721683
-0.7738513807450467 -0.6349449114049067
0.14850445658393416 0.9899229396143472
0.46444886378361383 -0.8867289624964948
0.9717021626811904 0.24040779321955721
-0.6030673875160282 0.7989435062096647
0.9915392776749716 -0.1372984370915975
-0.44736491309177656 0.8954695050834435
0.9726764762466843 0.23643492245506675
-0.5109838154334139 0.8607534724676461
-0.6580710369856093 0.7542834416057963
-0.5508573358188418 -0.8357973412105161
0.18517523490797705 0.9837230974094161
0.059157491348267005 0.9992504146696062
-1.0007283332631283 0.023319584138690716
-0.9523917681015367 0.3081410716740445
0.7549338802644092 -0.6573247572006722
-0.23446296626940988 -0.9731536967242891
0.0442564619968758 1.0000211825614091
-0.9983721796128782 0.07248441884316212
0.6151266716848698 0.7896962566594162
-0.8829855137502762 -0.4715268629751232
0.4191434607261174 0.909021319513758
-0.1471358881915586 0.9901272799019736
0.8850719493770777 -0.46759880712621543
-0.6993101370366963 -0.716216679670138
-0.9947409655060101 -0.11176498353317448
-0.8274724026272028 0.5632853831676838
-0.9168696381148955 -0.4016852831546861
-1.0008544306215206 -0.01707069726964463
0.32653655065506715 -0.9462425064888444
-0.9963880546441996 0.0959783546553479
-0.955149661206134 0.29948309584650584
0.6784681156186614 0.7359904999990575
1.0009997982340468 -0.0006355591219941942
0.9572468718378421 0.29271048214347545
0.3304958724241509 -0.9448669103691796
0.6357684544411814 0.773174929972171
0.0024582410929042224 1.0009969815392699
0.6332503731431846 -0.7752386502968087
0.3005098249422987 -0.9548271283919142
-0.9037165496406976 -0.4304618425662287
0.9155592560176236 0.40466312992470116
-0.3971173670275277 -0.9188573321278575
-0.6497771371900168 0.7614398676094823
0.21650838954227467 -0.9773050277461027
0.5802334894030206 0.8156776923363754
-0.13587045929509614 -0.991735961983299
0.8929188562748349 -0.45243443293900665
-0.0172346248072263 1.000851621224522
0.9579271665261407 0.2904764080458161
0.5442289833255107 0.8401284507195795
0.6360484275811148 0.7729446278819664
-0.999018200250557 -0.06295741074836193
0.9681002284726447 0.2545249450077793
-0.9373047673294932 -0.3513698523513431
-0.21062903111727982 -0.978588989949609
0.6492163978975956 0.7619180196719795
-0.8348025610860373 -0.5523637243738883
-0.9428247263689955 0.33627746779590917
0.997750682769924 -0.08058892623773287
0.8983098305344713 0.44163383969656295
0.9921672133126499 0.1326846668888708
-0.8913823945986492 -0.4554540883553227
-0.918781777964872 0.3972921399671891
-0.2955340755097218 -0.9563789051482755
-0.9109000864281805 0.4150446151260528
0.9810351931147411 0.19892448283286443
-0.2944337893554464 0.9567182154039886
-0.7337306151784657 0.6809114364951071
-0.7884424155547407 0.6167329708668131
0.1599779268096938 -0.9881336260514931
0.9222849558111456 0.38909055537809356
-0.9229850838827143 0.38742681235301574
-0.8255060505386191 0.5661631924844027
0.6203891144030315 -0.7855688045806187
0.974767881767389 0.22765890422893065
0.911643214870274 0.41340978312201504
0.9429517107866096 -0.33592122755879283
0.5924491864760869 0.8068487847445907
-0.7851021980129669 -0.6209794994001074
0.03603493938366927 -1.0003511799081437
0.39549067274012567 -0.9195586592358113
-0.6663081053834088 0.7470170739015087
0.09163743528969256 0.9967966595316857
0.17020677504835668 0.9864231615932576
-0.350685545189629 0.9375610104921454
0.7261741388333226 0.6889645274538321
-0.47534427540466256 -0.8809363313202698
-0.8942885324235073 0.44972104773493726
-0.13764362693489937 0.991491417998263
0.674599140915821 0.7395383689002459
-0.5921414480377094 -0.8070746591956687
-0.9999844769572533 -0.04507821918097952
-0.903614167021192 0.43067672001002955
0.45617112749025646 -0.8910156577997203
-0.728065677305024 0.6869653335725004
0.13817504912258505 -0.991417498231684
0.8164338055874039 0.5791690954238403
0.21645684140490984 -0.9773164460956388
-0.4734344338183393 -0.8819641925130003
-0.9996091709370318 -0.05274945856196019
-0.3768974321521876 -0.9273345273616674
-0.6055616796924588 -0.7970546104803911
0.9511539286481143 0.31194102650542427
-0.6096201632346321 -0.7939548202371345
-0.5901320547736213 -0.8085450871340841
-0.9917142996970972 -0.1360284814893406
0.5092522961639162 -0.8617790313367917
-0.9896079020391376 0.1505895090027741
-0.9996217856518129 0.05250986240965686
0.8695208056115591 -0.4959179051099337
-0.9922200906508808 -0.13228866810410378
0.9423229540490966 -0.3376809889114044
0.5895201800854963 -0.808991320887909
0.48651997289088267 0.8748138750490042
-0.5460789724999433 0.83892714570063
