1000
-0.7603948982736701 0.6509996917659601
0.5014691494057792 0.8663311677379755
-0.6877952452617042 0.7272817202400952
-0.25675260508789305 -0.967511808600071
-0.0819185799718066 0.997642393974616
-0.9524784762334298 0.30787294832778606
-0.9144904643371392 0.4070727092749443
-0.5276566738505136 -0.8506347245093
-0.3166281638895534 -0.9496039205015585
-0.006563693065212487 1.0009784802548682
-0.7697184772498125 -0.6399487993427521
1.0009471009547002 0.01029082554419092
0.938877472248419 -0.34714563529507214
0.8798539076023927 0.47734484523958176
-0.9892938542103344 0.15263901867367166
0.7805896630974118 -0.6266424641416101
0.9584753603855292 0.2886624040879413
0.45847611253552367 0.8898318123298996
0.43395877775141406 0.9020425595350249
-0.9889178663968127 0.1550562914595075
-0.3970517315586368 -0.9188856960831898
0.9203930522158332 -0.3935449522390325
-0.7917139390540051 -0.6125275819974079
0.8093401726768344 -0.5890411572135107
0.8077804508510912 -0.5911782668728678
0.5890546936360191 -0.809330320638845
0.8093709334391249 0.5889988897306002
-0.5961098192015452 -0.8041480482171807
0.24265130845190994 0.9711443468952368
-0.28210498826942 -0.9604258303448061
1.0009044687797926 -0.013829113371471953
-0.8742876312469106 0.4874650119225647
-0.17629898955900697 -0.9853525593819064
-0.9842746235325321 0.1822209248958313
0.04832784725789654 -0.9998326955943266
0.7135604659071699 -0.7020202714269316
0.20961508205064439 -0.9788066802882486
0.8080423368560113 0.5908202618802747
0.8863948570621838 0.4650861827378995
-0.5597438145537303 -0.8298721962259245
-0.18891969229490604 -0.9830108594838605
0.42748640752278116 0.9051278204669584
-0.08262028457625531 0.9975845270334431
-0.3032198236801795 -0.9539699882739294
0.2906914250354566 0.9578619396399751
0.9437298535929636 -0.33372887714041694
-0.8968405421635159 0.4446099885650915
-0.7995464982327376 0.6022677122042713
-0.9831827906072662 0.18802287162392967
-0.8500398390250073 0.5286144834095444
-0.17730334519153126 -0.9851723320231301
-0.6896400666586631 -0.7255326170883256
-0.6557612348413234 0.756292405673482
0.9976786157956306 0.08147625165724481
-0.9012045656153849 0.4356963746853828
-0.6112473999253534 -0.7927027286975207
0.9187972618471829 0.39725632987042403
-0.4055404620467524 0.9151709860145844
0.1555761306240048 0.9888362187845178
0.2884586549351144 0.9585366995545995
-0.2729336849212865 -0.9630722733187204
-0.7434233104288904 0.6703154343374094
-0.3808127071334501 -0.9257335913132314
0.057214973959811885 -0.9993635208245186
0.05240729413237012 0.9996271682591081
-0.44660021675642425 -0.8958511295930339
0.15186746077404328 -0.9894125905596939
-0.08548830894965637 0.9973428442781992
0.6994210736885706 0.7161083449313569
0.2824697045422822 -0.9603186273397991
-0.6484994818471752 0.762528309011505
0.5783176524430003 -0.817037142896709
0.9893746738741998 0.1521142816974159
0.9765040397987522 -0.22009284462861764
-0.8113097943784908 0.5863253512731058
0.34403475634701436 -0.9400218542274699
0.14283398960628366 0.9907570092677377
0.7628657448895315 -0.6481025036783458
0.9960836881596891 -0.09908726548952367
0.9483230462144346 -0.32044406691117766
-0.06025565192153197 -0.9991847959269152
0.19174649211672545 0.982463374768205
-0.938039585048607 -0.3494034013598568
0.2284371401495526 0.9745857956077001
-0.06613695434021022 -0.9988127468502797
0.013179019873310228 -1.0009132397142015
-0.17832800366347634 -0.9849873720558041
0.0693731584080561 0.9985931928931274
-0.8370663174213065 0.5489271174197287
0.0027422475751757345 1.0009962437882753
0.11116394149676082 -0.9948083122445774
0.9214323167316392 -0.3911054661885514
-0.9944641435246635 0.11420187057906532
0.8642114621996938 0.5051134017254613
-0.9860949427630209 -0.17209812275906597
-0.6809677030915217 -0.7336783950384917
-0.10366562556505342 -0.9956176163950727
-0.4298628767544543 0.9040016079567473
-0.9697775570786433 0.2480574324356732
0.8747884857902859 0.4865656226335136
-0.7836866186090747 0.6227650309812479
-0.427050163400541 0.9053337273843117
-0.08066588527440274 0.9977444637545713
0.06510973120931675 0.9988802345135529
-0.8098943185226031 0.5882790093355433
0.9095826292883338 0.41792396497080864
-0.4157567105865499 -0.9105752893650539
0.8551298452886489 -0.5203402230239474
0.7335074032144803 0.6811518842589733
-0.8897104680478077 0.45871154666756614
-0.565873951423919 0.8257043484806654
-0.9992030787706269 0.059951708693750105
-0.981885279556676 0.19468512472684746
-0.6767421297451236 -0.737577853401276
-0.9761562008490141 -0.22163048423901274
-0.4702442164940818 -0.8836692689314635
-0.9871036283309318 0.16621500213852464
-0.6935251968561416 0.7218197845207972
-0.3262769562730107 0.9463320494441789
-0.7825469214834756 0.6241965360979945
-0.9067135992013132 -0.4241125428744124
-0.7732656458935357 -0.6356581163493886
-0.5456142678557512 -0.8392294505748904
0.996978513291981 0.08963729153712459
-0.9825513174973167 0.19129534360325415
-0.5652301805668973 0.8261451706427343
-0.2865942456209492 -0.9590957920755148
-0.2808462614013864 0.960794659361127
-0.9498430331161483 0.3159101334884899
-0.4660188306127871 -0.8859048761093318
-0.49269192595297534 0.8713527793613491
-0.9917263691750079 0.1359404600660007
-0.5527135729178978 0.8345709714052674
0.5050575553635703 0.8642441008014888
-0.11005493582280905 0.9949316112683512
-0.14066247039478172 0.9910676411943017
-0.15685872672750292 -0.9886335720829161
-0.9690560672651557 -0.2508611936840568
0.009020156843427683 1.0009593582011809
-0.07965529018276214 -0.9978256534815588
0.8780261122095077 0.4806986023260908
0.49096194143243715 -0.8723287064317511
-0.47853140055975524 0.8792091325039333
-0.34556769387878994 0.9394594025008718
-0.8599943283657691 0.5122604368665512
0.36789127133084565 -0.9309441511060554
0.7585270972012923 -0.6531750476031529
-0.6242366330954247 -0.7825149365358389
-0.3472218476604825 -0.9388492895599595
-0.6727610575136548 0.7412108738362577
0.9998005705000096 -0.04898794982294387
-0.7431606726483336 -0.6706066019872428
-0.9908110780366582 -0.1424584417991271
-0.0928693455188078 -0.9966826398924125
0.32895445834667164 -0.9454046563952644
0.3984629016336681 -0.9182746408464506
-0.9163253888212739 -0.40292528066819194
0.9624082966524924 -0.2752658179550237
0.5642330838185297 0.8268264794529938
-0.8990617331553611 0.4401011247153072
0.0018484347848887845 1.000998293349617
-0.5086836753986825 -0.86211479420254
-0.9287764840794711 0.37332993801860564
0.830372288470537 0.5590016659547654
0.7641717512003225 0.6465620887953704
-0.16677112120669604 -0.9870098242324955
-0.810578341114663 0.5873361498458962
-1.0007988476394833 0.020066553353336788
-0.15178466197881363 0.9894252960117693
0.7309730795702177 -0.6838708627684266
-0.6350434577260716 0.7737705130071286
0.2844197656045206 -0.9597428806370327
0.673769404363581 -0.7402943939700916
0.9068953060510643 -0.423723853308433
0.3311186205911869 0.9446488549179476
-0.9912872457440668 -0.13910642122181918
0.3762482584895751 0.9275981069318555
0.9225312091224265 0.38850632967187776
0.6695429429690103 0.7441191084231051
0.7114256654166927 0.7041835858541549
0.4361133014577967 -0.9010028791805168
-0.346538012237726 0.9391019146367052
-0.5100871677652429 0.8612851335540588
0.6843331576257935 0.7305402996234437
0.04098240896032125 1.0001607081643475
0.1123049487112166 0.9946801488392996
0.9752808569546648 0.2254512143630517
-0.9892075424414414 -0.1531973824089822
-0.9439882885459262 0.3329971637839174
-0.04177032068282426 1.0001281119486913
-0.681959762631441 -0.7327563593389474
0.9516277758227523 0.3104924737938771
-0.11046481597812588 0.9948861866720831
0.7023234134954899 0.7132620996913007
-0.7389746995365368 -0.6752165529997656
-0.997443346148033 0.08430759885689573
-0.9914761660811144 0.1377534467557688
0.20940833478027254 -0.9788509331479197
0.9384057853139001 -0.34841868791642405
0.9942258744823875 0.11625794815724146
0.9732844550475495 0.23391957926346088
-0.5790144543745847 -0.8165434842219378
-0.20387492247468716 -0.980018375330759
0.9952806442913962 0.10685241737510305
0.785245426541815 -0.6207983731415242
-0.9220627982357144 -0.3896167297610875
0.9848306963237572 -0.1791912374488876
-0.9463868473641681 -0.326117977327394
0.48389460175928595 -0.876268802587552
-0.10766609645105711 0.995192951982173
0.30039559340486915 -0.9548630726250422
-0.2592955576300861 -0.9668333950548578
-0.26705431738421886 0.964719125738911
-0.18351732337793877 -0.9840337352043359
-0.1896950878394609 -0.9828615231300792
0.7593617933544892 -0.652204467014336
-0.5039835479950624 0.8648708477861354
0.9800093116318325 0.2039184864471632
-0.4767776121739284 0.8801614104979422
-0.9852801331859863 -0.17670330825710373
-0.3371556174473765 -0.9425110554384379
-0.6515740355664384 0.7599028070586826
0.8751315195083214 0.48594837540942204
-0.8853158127267721 0.46713693039186605
-0.8971152903912659 0.44405535211974956
-0.7004952449472331 0.7150576283113941
-0.3254063042984644 0.9466317853964208
-0.9997102914517607 0.05079697988498526
-0.637870764258813 0.7714414353039885
-1.0000122769613768 0.04445723705453139
-0.8315901498896876 -0.5571883187993507
0.989635468215275 0.15040824462220606
0.6607610265471541 -0.7519280988208588
0.9759499696538657 0.22253686600790126
-0.7836049518111804 -0.6228677865301734
-1.0005138985791098 0.031191966113580764
-0.9237596993737507 0.38557621531017416
0.33093893929297785 -0.9447118176775596
-0.8408152927877832 0.5431672333767881
-0.5344800800732645 0.8463640138881595
-0.7135349423906142 0.7020462135697499
0.5017018406064998 0.8661964344951151
0.9307317210964672 -0.36842836935394635
-0.08466331081865386 0.9974132161753343
0.7066986663303155 -0.7089273552395571
0.9137206806457812 0.4087976489171757
0.2762923602077151 0.9621140949444875
-0.6951145163047168 0.7202893926905072
0.95996111519722 -0.28368231758308354
0.9977084201695867 0.08111046987108025
0.30518836705779645 0.9533420480670072
0.8191511661414035 0.5753193608850469
0.15075868370282222 0.9895821437799858
-0.4022894056388962 0.9166047316650201
-0.5363911235969075 -0.8451541649465185
-0.1741367931260685 0.9857369716510428
0.6138072954389778 -0.7907222041057702
0.9706060662807422 -0.2447955557174673
-0.4489470236158354 -0.8946773552440469
0.740858210065541 -0.6731493984090624
-0.9885398269217217 0.15744843787593596
-0.8267064202425948 0.5644089782504121
0.3046699287199566 0.9535078576151204
0.020238966111734792 -1.0007953758140213
0.47985742953225474 0.8784861110585056
0.8864850641124455 -0.46491421908299757
-0.655499792007017 0.756519016733061
0.2375792044863492 0.9723976149680919
-0.265800470836311 -0.9650653396030734
0.9216007021983478 0.39070851757737807
0.9831027557650006 -0.18844089685432325
-0.9307446692858925 -0.36839565767784865
0.9600056567709093 -0.2835315484524695
-0.42439839602890717 0.906579837327133
-0.08736211571799873 -0.997180455452911
0.4390388471234796 0.8995809528422031
-0.5549004443699657 -0.833118537087019
0.5864486815814736 0.8112206505454305
0.40790172293441057 -0.9141209900375001
-0.9785512883309433 0.210804117857909
0.9296598141418007 0.3711248172378567
-0.859185584122306 -0.5136157435636216
0.2319696649883266 0.9737510331317771
0.6576581141377527 0.7546434952404841
-0.9993760577724716 0.05699557132930013
-0.9994598601612393 -0.05550664758815684
-0.24451848583579763 -0.9706759037312963
0.9676518540151484 -0.2562242951420609
-0.9852568350891726 0.17683316688355422
0.2740957756358573 0.9627421803258532
-0.8288714571939098 -0.5612246497163543
-0.1715639309222363 0.9861880234552183
-0.06866342350810031 0.9986422453872794
0.3525196150403915 0.9368729481694806
0.8802716167405089 -0.47657410836201597
0.4156435654599992 0.9106269414484174
0.6435864021188127 0.7666795569256831
-0.9246264418456764 -0.3834930808238969
-0.29066505387400554 -0.9578699423493888
-0.9376359099573288 0.3504852355784647
-0.5359048983824275 -0.845462559720843
0.6554066507338361 0.756599710662022
-0.9765197711998701 -0.22002303619337993
-0.9884760651159992 -0.15784824577039422
0.9969104758558724 0.09039083542493588
0.8135404699094387 -0.5832262886903586
-0.3538207230545872 0.9363823449516384
-0.8151837713365131 0.5809272062398004
0.9426968432099174 0.33663579994120707
-0.6093503521760634 -0.7941619156714249
0.5287160920992626 0.8499766431822019
0.9142644542720103 0.40758006287685766
-0.9348809435694772 0.35776894967373013
0.7285140852089175 0.6864897869977485
-0.47498698421480323 -0.8811290284779671
-0.8829813602893688 0.4715346407015458
-0.7053641672555694 -0.7102551594686639
0.39702987258917055 -0.9188951410644345
-0.9188234727750405 -0.3971957022396069
0.9700324827695509 0.2470586618031049
-0.5358427271369797 0.8455019643823452
0.969008407629777 0.25104522688711645
0.8406410984662451 -0.5434367889363627
-0.9351547200534408 0.3570527265849832
0.8377071013501994 0.5479487314954262
-0.1844965141179317 0.9838506168511213
0.31210445015904276 -0.9511003165759759
-0.31358271481179034 -0.950613949493309
-0.12379313928899828 -0.9933157900008309
-0.09529272704766707 -0.9964538605333509
0.023223596172890677 1.0007305654274774
-0.9908982637373058 -0.14185073465580872
-0.7353226177867546 0.6791919079105952
-0.9965434656733692 -0.0943510520540731
-0.8580105867679193 -0.5155762145349326
0.9476324234320683 0.32248068168537647
0.823477337015331 0.5691098974909319
0.994176800086293 -0.11667686218860533
0.796543686938535 -0.6062335810546667
0.9779787513522021 0.21344451715513219
0.33293681410661813 0.9440095750640113
-0.20851583613948205 0.9790414424727141
-0.8994157162700741 0.43937725171700626
0.5514904486486758 -0.835379725064765
0.5255604131228853 0.8519314832532615
0.86322488573924 -0.5067975894185724
0.926312640538263 0.379402018944326
-0.7848287130975359 0.6213251090191557
0.4414354003029585 -0.8984073615901457
1.0001030839373788 0.04236533369329861
0.8410372791111421 -0.5428234474903666
0.6114384667668324 -0.7925553616989951
-0.8539358365541108 -0.522297412446808
0.9635130404432452 -0.2713735817942002
-0.569252780295451 -0.8233785715731853
-0.2691898915302908 -0.9641254079723811
-0.16773456974355308 0.986846550438793
-0.6310335280846326 -0.777044198506791
-0.6690708755893282 -0.7445435940481455
-0.542676923479294 -0.8411318307631975
0.21112966887243956 -0.9784810999308132
-0.7084629984760538 0.7071641816369938
-0.4499964858137141 -0.8941499665913475
-0.9976894998456366 0.08134286629916268
0.9358361389811103 0.35526288995183253
-0.8763870204924284 -0.48368046302533635
0.5861883071162381 0.811408817181696
0.9148430183593792 -0.40627977030502094
-0.4547714936773405 -0.8917308386158239
0.1751843311924652 0.9855513432108186
-0.8286148099379584 0.5616035049316208
0.5843367042517109 0.8127432657760066
-0.32858703830649755 -0.9455324205213507
0.9792034861905179 0.20775353819450673
-0.6859055639003446 0.7290641654961175
0.9949552238109116 -0.10984126096954044
0.8096735338672671 0.5885828476560385
-0.20306248921201012 -0.9801870359655969
-0.049866671757718986 -0.9997571280305072
-0.9995485083627237 -0.05388672777089077
-0.47196831536712436 -0.88274963001381
0.9957648929535095 -0.1022412732769203
-0.609755518160366 0.7938508726914543
0.9628252200732268 -0.27380393640512624
0.06526283467039397 -0.9988702430299867
0.7353367839730499 -0.6791765706619832
0.45877533565981266 -0.8896775772099835
0.7733857097665766 0.6355120328749476
-0.10548303145021737 -0.9954267075360558
0.5257502810186436 -0.8518143236696699
0.9764719352318676 -0.2202352371999795
0.20332986498234876 -0.9801316064724471
-0.9951790029761916 0.10779495366348738
-0.9977618868805346 -0.080450090668658
-0.3301387158904949 0.9449917609535943
0.8992310326857047 -0.4397551021364061
0.6086491410255925 -0.7946994545919912
-0.5163935364337261 -0.8575189301289331
-1.0001090526118468 0.042224197847139606
-0.3840232298421018 0.9244063819239027
-0.13975611265903007 0.9911958580292981
-0.9610539463969103 -0.2799576970096099
-0.5541285609879218 -0.8336321358353785
0.9925116367158227 -0.13008324636047022
0.919853349744058 0.3948047808279881
0.5759376455499858 -0.8187165739365112
-0.12253222578554099 -0.9934721202147755
0.16962205385037205 -0.9865238764711077
0.9859803396173974 -0.1727534945752521
-0.5348306785767666 -0.8461425088323571
-0.18769759940252667 -0.98324493956416
0.7711794606683058 0.6381874641853608
-0.8510128789466297 0.5270465632816221
-0.34140493217846674 -0.9409801657230701
-0.09049278167130814 0.9969012270357525
-0.6335501790625822 0.7749936584319708
0.7675626354745043 -0.6425329568383502
-0.7079986466909197 -0.7076290810048907
-0.9407290653082051 -0.3420962228443203
-0.8035356578971068 0.5969350437760071
0.7957733031897025 0.6072444729518333
0.11977960946500284 0.9938077506019016
0.003977062433625606 -1.0009920993566328
0.1011441665422849 -0.9958769289297079
0.7794694366440033 -0.6280353472041842
0.9672864778693772 -0.25760021298720803
0.6388361037643274 -0.7706422208309207
0.5244365361003095 -0.8526237855016179
-0.3412177454735961 0.9410480594390045
0.5925606362282838 -0.8067669380885235
-0.7512446768395934 -0.6615379320342674
0.9974290131271688 -0.08447700143922106
0.9444453626854088 -0.33169859345801683
0.9929595291367521 0.12661900922262603
0.7248538676399675 0.6903534388756098
0.005466011698928894 1.0009850761705226
0.7697104752325368 -0.6399584238974455
-0.753106751755763 -0.6594173340608234
-0.6219486139318653 0.7843347000026402
-0.31432159260127907 -0.950369894527702
-0.09930212420302863 -0.9960622912894386
-0.8072562194366274 -0.591893906186644
-0.9112013904228325 0.4143827048653173
1.0008556403031785 -0.016999625681602393
0.8855549943929837 0.4666833529339167
-0.27272067622680896 -0.9631326143155946
0.6407913932036693 -0.7690171587137055
-0.9722920834606323 -0.23801072337141171
0.3814832371372906 -0.9254574759454125
-0.07992508671060951 0.9978040792231216
0.9976684070347357 -0.0816011617856806
0.8739827991033259 0.48801133887596865
-0.987336631333474 -0.16482529061727008
-0.9669293254973005 -0.25893759768201974
0.9594927007728985 -0.28526261087553895
0.7657539762565974 -0.6446874032019009
0.9856524235527367 -0.17461471857955296
0.2828984971215859 0.9601923975570459
0.1306077627816633 -0.9924427501378449
-0.08484603984705107 -0.9973976887492133
-0.749172771367485 -0.6638833923525743
0.5615514445983566 -0.8286500920590661
-0.17078747691526977 -0.9863227857699103
-0.9025677890337876 0.43286532108573933
-0.66923353569481 -0.7443973903107288
0.4577991412718207 -0.8901802886217957
0.9322694945423207 -0.3645196696281366
-0.4795145326347287 -0.8786733255266701
0.9412018452691963 -0.3407933192741019
0.06638625864055223 0.9987962077739931
0.14847981403796326 0.9899266360813067
-0.9706346501255262 0.24468219382639464
0.29294802866856623 -0.9571742017518028
0.8595701862876847 0.5129718265610257
-0.9352013947954124 -0.356930457053913
-0.8707269366508377 -0.49379712614660687
0.08002358505953049 -0.9977961845157658
-0.7545884526417626 0.6577212685778911
-0.6074590985327223 -0.7956094793363214
-0.218803626607783 -0.9767937207943558
0.3636967698259593 0.9325908318325691
-0.8844507989272393 -0.46877263601555086
0.3569593006652447 0.9351903857870757
-0.24907069026328107 0.9695178137877472
0.014199901569834701 -1.000899277048099
0.8582373133657936 0.5151987130677489
0.5108978130946575 -0.8608045216976362
0.8470518520106269 0.5333893137337559
-0.5314930534371363 -0.8482429688173486
0.17133308057051466 -0.9862281559062374
0.2079707410462567 0.9791573779881715
0.9736118424643735 0.2325531771727231
0.4483749094471481 0.8949642118980299
-0.6549448031131964 -0.7569995408684318
0.5866504381350214 0.81107475822885
0.9014231061756287 -0.43524405068039845
0.9976011841662977 0.08241891378804163
0.45933005871573696 0.8893913071085177
-0.9611642468939202 -0.27957877332308884
-0.9649282783976675 0.26629761085768994
0.8082909158372146 -0.5904801396956859
0.8876495974966077 -0.46268692661897237
0.3290185236190201 0.9453823623886582
-0.9507700441470982 -0.3131091233939456
0.1291539200594235 0.9926329960933618
-0.7722227209882256 -0.6369246966396743
0.964934697893089 -0.26627434874950484
0.1523124659401707 0.989344183143169
0.4284380628520747 -0.9046777472114375
0.40353937526882777 0.9160551143941309
-1.0009546899266242 0.009524112236613742
-0.9618857119780125 -0.27708640726775435
-0.9566901830526476 0.29452486083638457
-0.21363618871689882 0.977936899227408
0.9182015723941215 0.39863124871610706
0.7511924645091765 0.6615972198132558
0.32817954163784685 0.9456739334730406
-0.3737424775621007 -0.9286105537122344
-0.5134331443794059 -0.8592947144331078
-0.5267295770441903 -0.8512091121850426
-0.8423202383848334 -0.5408304873130929
-0.8067650471232755 -0.5925632107549195
0.9903980724020155 -0.145301955191154
0.8659235068877995 0.5021727593360027
-0.8759864317058099 -0.4844055857102832
0.871357895233337 0.4926828781422477
-0.6129997847022362 -0.7913483834285707
0.5799878566005147 0.8158523678925869
0.2868853740438111 -0.9590087497826819
0.0825156413944819 -0.9975931880908455
0.7337771589813764 0.6808612787912233
-0.9828007885873564 -0.19000949963638725
-0.9958921239259537 0.1009944429275828
-0.6069831346176345 0.7959726592601976
-0.9882331908978741 -0.15936172817777178
0.38583901918916297 -0.9236499614416409
-0.018674028796667384 1.0008257993519658
0.3964380917017043 -0.9191506075980753
0.8630095100135067 0.5071642590189566
-0.6001314808968808 0.801151175270009
-1.0004054082006861 0.03449665553091271
0.731908345282984 -0.6828698075805698
-0.30944677838775725 0.9519683247595154
-0.6570434648136698 -0.7551787108662742
-1.0008771478155043 0.015682314264844507
-0.7886889618919466 0.6164176517506647
0.526980599055866 -0.8510537281621652
0.3871000523748715 -0.9231221747154447
0.8124400499651017 0.5847582108980627
0.9468909533898056 0.32465138593350423
-0.7815148067898794 -0.6254882946691949
0.8672948629542788 -0.4998005809251513
-0.6963549794203597 -0.7190902187044894
0.840183294234422 0.5441443118230629
-0.21020396747778536 -0.9786803829936505
-0.4450128315671981 0.8966407194303326
-0.5479191067829864 -0.8377264782864
0.9945647102860194 0.11332271199404886
-0.17156542770455072 -0.9861877630636848
-0.8018668738570751 -0.5991748631331939
-0.5975241025127925 -0.8030977194067243
0.6704396299313028 -0.7433113093567041
-0.9975400037497072 0.08315612376147752
-0.9363379226549213 0.3539382638233209
-0.04066746912780922 -1.0001735634152398
0.5350091069609374 -0.846029701292372
0.4023258605638515 0.9165887310683872
0.5131589907079731 0.8594584633684018
0.8153103656237187 -0.5807495223472148
0.8916927428774603 -0.45484618531946763
-0.7246786589193953 -0.6905373569234229
-0.9825604446132199 0.1912484579845589
-0.40067918408363096 0.917309757629382
0.7030986949875986 -0.7124978772647226
-0.9040044752020201 0.4298568468859374
0.9522117448104565 0.3086969274952799
0.8969416675062198 0.44440594628240737
-0.17965502078501872 0.9847461975081369
-0.892849904706276 -0.4525704891682553
0.9912300281577003 -0.13951355231118037
-0.3241573135416707 -0.94706020720831
-0.4321992986794995 0.9028869066615978
0.18832257870593325 0.9831254275775536
0.7470540064348045 -0.6662666969537852
-0.8319948494442494 -0.5565838395949354
0.982973605267234 0.18911343513335047
-0.1851444659949346 0.983728888826312
-0.9954238352133571 -0.10551013358503192
0.6811147894370009 0.733541848574565
0.5470570387518378 0.8382896852234735
0.8960964147541121 0.4461078518305035
0.8908725574661751 -0.4564505300179599
-0.9900336136495194 0.14776482613962727
-0.9283635827261633 -0.37435552389118315
-0.2604634610406191 -0.9665194180474296
-0.6982219720645726 -0.717277545812121
-0.19383208127603538 -0.9820540332732208
0.033168203634427046 -1.0004503337335968
-0.739409037727156 -0.6747408946606105
-0.9593522198896323 -0.2857346989653771
0.837282173248269 0.5485978147611011
-0.7199183858760396 -0.6954987546197604
-0.8678431753639335 0.49884789562976506
0.289444038114844 0.9582396092834886
-0.6651959541111251 -0.7480075819362996
-0.5966833673151117 0.803722563556293
-0.15300503533925858 -0.9892373118523341
0.7473006153194401 -0.6659900827663925
0.9940239763055233 0.11797175310114034
0.9741961112642239 -0.23009332193191512
0.6740842600208409 0.7400077096842678
-0.9975041326164921 -0.08358531816664805
-0.5785663806741307 0.8168610305025188
0.9915829389702477 0.13698275491143347
-0.9038314577552263 -0.4302205201661847
0.9742353506624254 -0.22992712219236117
-0.9621461740906994 0.2761806287244448
0.2182179766107125 -0.9769247231409013
-0.9978517588580218 -0.07932759509749611
0.6237290170969829 0.7829196084089551
0.6128930661584232 0.7914310389761868
-1.000135032043932 0.041604298798120685
0.5942260396506859 0.8055410689723159
-0.5016748014055445 -0.8662120950637363
0.9963651642354806 -0.09621569257664662
-0.25875364271037243 -0.9669785687305138
-1.0009823033157301 0.005952180166595892
-0.5164090014643785 -0.8575096169761384
0.9996206572586446 -0.05253133904437847
0.8767821085462538 -0.4829639056215124
0.993180598450254 0.12487313106507521
0.9063347427041545 0.4249215623705087
0.9974470942973782 -0.08426324274389826
1.0009936163484494 0.0035749167337229856
0.7749650732804865 -0.6335851443928987
0.7244480072377764 0.6907793314867019
0.10814594497475696 0.9951409219731228
-0.9973960090531808 -0.08486578300344183
0.6696394426937405 0.7440322686475477
0.0429533747439882 1.0000780007569923
-0.7110558004509675 0.7045570584736439
-0.16429082868689615 0.9874257053618631
0.6639475615317956 0.749115902605186
-0.39271193982736013 -0.9207487889305268
-0.9965030757181275 -0.09477668534144804
-0.7172474811601657 -0.6982528558977742
0.7559561965896344 -0.6561487855949547
-0.7446575495015498 0.6689440439755383
0.500055723296098 -0.867147780714923
-0.9853214176487065 0.17647295521621195
0.994816647115546 -0.11108932721815991
-0.21972564965061353 -0.9765867288088733
-0.13083015298023368 0.9924134577237295
-0.8588087791619697 0.5142455452741688
-0.9626576661271076 -0.2743924522407827
-0.06361946775298621 0.9989762576372008
-0.3650493917836706 0.9320621983314055
0.9365981675044401 -0.35324902353343396
-0.8479202243347244 -0.5320077942701128
0.775232198133897 0.6332582719368823
-0.20005444987043022 -0.9808053920564668
0.28452996393068863 -0.9597102164849559
0.4521278290607368 0.8930741437242629
-0.9071011358461658 0.42328303692280883
0.999657736908928 0.05182093243198607
0.9033947617323655 0.43113675843579213
-0.9982370085000185 0.0743227748468401
0.9817258356499506 0.19548755361251513
0.37052415637442715 0.9298993760310946
-0.633867715111122 -0.7747339670750246
0.7697349171529357 -0.6399290252172994
0.7702411323786122 0.6393196367953304
-0.9552072419200465 -0.2992993902157133
-0.9913089899390434 -0.13895138166291693
0.9282492644132911 0.3746388969610389
0.9449515475315836 -0.3302538006104777
-0.8990570425306676 -0.4401107068409142
0.8240246901520223 0.5683170858067385
0.9341992468291596 -0.35954522277987655
-0.668527229663416 0.7450317732812194
-0.9607776663208732 0.2809043892484003
-0.8291299269859059 0.5608427267749366
-0.920222307445787 -0.39394403775047976
0.9938857884530586 -0.11913034672593646
-0.654353067344366 0.7575110977781246
0.9142263692208883 0.40766548274435993
0.275281348461587 -0.9624038545169956
-0.22407097635035372 0.975598891736455
0.9952646118725298 0.1070016465023905
0.5691613138499031 0.8234418005036251
-0.23118825268398618 0.9739368520704642
-0.8986860988617378 0.4408676623576182
0.293279749328344 -0.9570726140862582
0.8378763334879755 0.5476899211969734
1.0009991411737562 -0.0013112472697185415
0.1959629891501326 -0.9816310441725776
-0.7188800031618505 -0.6965719927286897
-0.9743780223639279 -0.22932175983574
-0.9744460693541145 -0.22903243857653952
0.24088861071896936 0.9715830778816008
0.5727947028244007 0.820918527270707
0.7376324989202238 0.6766825670406369
0.3392830934120779 0.9417473029028175
-0.8528987829993943 -0.5239891849629649
-0.15850946105192984 -0.9883702498340522
0.9492114050355711 -0.31780293980766927
0.6719047494500232 0.7419872018212319
-0.8832713077069613 -0.47099129183206195
0.015250142783069187 1.0008838259983504
-0.18507926176693182 -0.9837411584679212
-0.8530673750241172 0.5237146681824579
-0.15095599862358386 -0.9895520635517651
-0.98061153296877 -0.20100254080145125
0.3234970880968274 0.9472859304311837
-0.07907836460098604 0.997871540957068
0.5059008237291747 -0.8637507490880355
0.5697753375573167 0.8230170500733541
-0.8040592554751929 -0.5962295813566102
-0.5983020454851411 -0.8025183252538823
-0.03200335766471013 1.0004882733436633
0.48622661031046993 0.8749769616544143
-0.88320669396767 0.4711124448904938
0.296176622589395 -0.9561801128613474
-0.9706985977218543 -0.24442837883688087
1.0007790088535202 0.021032723032586704
0.9902636243545475 -0.14621543789968142
-0.5153785354615856 -0.8581293405923556
-0.5674621011325435 -0.8246137057909231
0.9827336119803272 -0.19035663341239184
-0.03893854922645441 1.000242365321595
-0.4792522063926494 -0.8788164328617083
0.3797046808826226 0.926188617569783
-1.0007119133881668 -0.02401387938243345
0.8427964087310288 0.5400881533880192
0.2908208525184749 0.9578226515072753
-0.5091945234605799 -0.8618131684290702
-0.9651040843092578 0.2656597569252613
0.9841576717498447 0.18285151663556137
-0.6423537369684532 0.7677126263144715
0.20950262544348086 -0.9788307565316328
0.8209908026658017 -0.5726911051676659
0.9275479095244554 0.37637199090369694
0.6094695519800434 -0.7940704409617859
0.755446201157356 0.6567358960472007
-0.6334443077876178 -0.7750801951614206
0.03608887369728582 -1.0003492356148733
-0.8282609785402955 0.5621252097419864
0.5634095867873204 -0.8273878398406281
-0.24848061603331453 0.9696692134205893
0.9958145752371114 0.10175623688664723
0.9742800792054952 0.22973751818833124
-0.5469236692809947 0.8383767052943523
0.6317321958076789 -0.7764762924777604
0.8986805803890622 -0.44087891130284096
0.07262787473149426 0.9983617539809838
-0.9463989572817619 0.3260828325073151
0.4578919345319622 0.8901325610776056
-0.9892373886118232 -0.15300453905835842
0.966249201275353 -0.2614641104143022
0.7573719537679301 -0.6545141126406278
-0.8607699355334623 0.5109560823414468
0.011227989477877542 -1.0009370271162341
-0.22863404618857203 -0.9745396210126307
-0.07733974344071692 0.9980077976070748
-0.45824005211172364 -0.8899534002635445
-0.534957740905908 -0.8460621817838494
0.7175587722298926 -0.6979329540836492
0.2959468069515648 -0.9562512679495768
5.7124435493326924E-05 -1.0009999983700295
0.5777250621225795 -0.8174562695309529
-0.9552062367759842 0.29930259809140053
-0.999620825484217 0.05252813777636349
0.8484725593106353 0.5311264596090659
0.9382554282859741 0.34882338122881534
-0.5649749066800446 0.8263197654793663
0.62476287098097 0.7820948504136924
0.15443541025893193 0.9890150171044702
-0.009339650012973714 -1.0009564280914705
0.7335519771312997 0.6811038810980019
0.9797717058359258 0.20505707606264206
-0.9222872216467125 0.38908518448687807
-0.7787169244069729 -0.6289681642516931
0.9588236169926778 0.2875035156255985
0.9390997479331696 -0.34654388384713586
-0.39364286043536123 0.9203511821192315
0.49288337474846955 0.8712445000667491
0.11968890047171621 0.9938186791884482
-0.4453609880122836 0.8964678412284083
0.24985055701780082 0.9693171303334605
-0.04206887605570618 -1.0001155981522385
-0.7904207606564667 -0.6141954258403856
0.9613891632455247 0.27880437011293385
-0.4937279386189998 0.8707661698912247
-0.12573100209879207 0.9930723614678003
0.9281235353385527 0.37495026756980204
-0.9522540876534005 -0.3085662855001984
-0.9829250583339495 -0.18936559798232094
0.998140975312374 -0.07560154365132121
0.211812166000318 -0.9783335864286036
-0.9001538313902033 0.43786308343309477
-0.7600653338774535 0.6513844396650531
-0.40933230623928135 -0.9134812877496896
-0.6094842199149267 0.7940591827280213
1.000100775187569 -0.042419800438283535
0.03154591273409064 1.0005028012903179
-0.4591633357305303 0.8894773921358611
0.7483961791329707 -0.6647587224393301
0.2694272451004812 -0.9640591058631027
1.0006656148643966 -0.025871359223264254
-0.4070157784843721 0.9145158041634712
0.23075046376477468 -0.974040668284616
0.28517458502861165 0.9595188669608113
0.509222957813676 -0.8617963676156283
-0.9270962631311163 -0.3774831372237971
-0.7162896529201525 -0.6992353917812852
0.7505755188143778 -0.6622970561285378
-0.9824257231501151 0.1919393094000636
-0.7982337146561097 -0.6040065701516071
-0.9836963889174817 -0.18531706459661693
-0.32895802249833767 0.9454034162377367
-0.8673713048228148 0.49966790928572524
-0.8234371771729441 0.569168002657786
0.8627062141232297 0.5076800056267374
-0.13329461587389438 -0.9920854526597146
0.07751790862985279 -0.9979939748523804
-0.5887806650477367 0.8095296958518229
0.9558854036711111 0.29712639574517286
0.6277137913858994 0.7797284117588249
0.9968305088814824 0.09126848614436947
0.9860010220971487 0.1726354089501283
0.9627383773066844 0.274109133121996
0.1290241518198426 -0.9926498719322792
-0.4010704890906669 0.917138736931645
-0.9978258083574261 -0.0796533500604281
0.7010383065332692 -0.7145252219291955
1.0003296990374206 -0.036626400638109805
-0.9006699972641007 0.43680036175383913
-0.014618472790428874 1.0008932511778044
0.044843610086306745 0.9999950253048399
1.0009279047676527 0.012013719550439785
0.7593073512866406 -0.6522678485730123
0.8778468228335902 0.48102594071522925
-0.9738760178202764 -0.2314443819031269
0.8351191408766335 0.5518849703891868
-0.9961234267798317 -0.09868697290121606
0.9655043665157187 0.26420128356819295
-0.12525924551062417 0.9931319758290481
-0.1891859389718611 0.9829596535439974
-0.29412412947957606 0.9568134595927681
0.9733346631369707 -0.23371057643170487
0.8326593141089963 -0.5555892967179406
-1.0009612964894858 -0.008802438871570586
0.4996916589106523 -0.8673576229071376
0.13472694994622075 -0.991891954276366
0.5994055109550044 -0.8016944763666332
-0.08906491900675376 -0.9970298090841218
-1.0009191055207105 0.01272572998381732
-0.8347807277471173 -0.5523967202853337
0.31447037744044753 -0.9503206730953834
0.35004764560636287 0.9377993632997637
0.6383345090317982 -0.7710577504824999
-0.8428735153968667 0.5399678111170405
-0.2018660971305017 -0.9804341277359223
0.06363387991101588 -0.9989753396993694
-0.797353582685165 0.6051679636093865
0.00863887030080945 -1.0009627215435777
-0.9911322392205395 0.14020657751218138
0.06323943735387579 -0.9990003871686763
-0.25307589911526013 -0.9684800407272226
0.9692560937339729 -0.2500872342994738
-0.4863824935501738 0.8748903188216881
0.9411639872718955 -0.34089785722774396
0.8760609715647282 0.48427076527606383
0.4557160740684955 0.8912484837774466
0.08698973910398032 0.9972130089858542
0.7101792086367198 0.7054406364961707
-0.2628534076751671 -0.965872189305372
0.39139810999581054 0.921308048098847
0.9468357641611934 -0.32481230842640313
-0.8169476848667275 0.5784440164708198
-0.6804301670979188 0.7341769457719973
-0.6781321735189608 0.7363000443015402
-0.7721317054724819 0.6370350299662936
-0.04759007829707086 -0.9998680835228609
-0.1170318992774122 0.9941350685653946
-0.3167844248784886 0.9495518038287354
-0.6734766390227068 0.7405607447675571
-0.8367229017386834 0.5494504397177217
-0.7478346100656297 -0.6653904086985231
0.86983100844323 0.49537361329670515
-0.5168009555519828 0.8572734524879196
0.9269794438735715 0.37776991758985307
0.29793014967801335 -0.9556351949948456
0.4477213139576519 -0.8952913632041993
0.23438837521679246 0.9731716650022401
0.394162059246967 -0.9201289426217341
-0.032607992141984427 -1.0004687495611586
-0.4407457401901925 0.8987458998539016
-0.5212372251651476 0.8545833810121382
-0.8694776096854199 0.4959936352976001
-0.6000923815877269 0.8011804625428468
-0.31238003944903686 -0.9510098374642705
0.09448176271337237 -0.9965310815597144
-0.4660569932312076 -0.8858848001068119
0.016885413959271494 -1.0008575736814025
-0.7278459017739 0.6871981834019486
-0.6669310604528225 -0.7464609571861569
0.9316400927774713 -0.3661253030447156
0.9783181271085124 -0.211883558047557
-0.9644044687542626 -0.2681884051311848
-0.9502838321147303 -0.3145816879943
0.036197968789706166 1.0003452939138062
0.997857978376511 -0.07924932170272828
-0.6775780042167594 0.7368100489282384
-0.8949590031774567 -0.4483853059943122
0.43535805860003035 0.901368049584637
-0.7981016350485873 -0.6041810822367509
-0.9069951213818448 0.42351015311268814
-0.6030306600781732 -0.7989712278960256
0.39662544767214153 -0.9190697765996189
0.5766693905423139 -0.8182013285320161
0.898905035448656 0.4404210908267798
0.9972550826111725 -0.08650607034297396
-0.5597506671747722 -0.8298675741330044
0.9996165151148962 -0.05261010083197306
-0.44206727738690843 -0.8980966107628544
-0.8541397456234598 -0.5219638827986964
0.21592230972003018 -0.9774346812780726
0.6274563726546654 -0.7799355745284668
-0.9743666176135365 -0.229370212713762
-0.823032907931381 0.569752430852221
0.5930236051296477 -0.8064266883970518
-0.7377532112489024 0.6765509583851999
-0.5153049710424696 0.858173517896538
0.7552237673996062 0.6569916751030759
0.5207273660065771 0.8548941515134212
0.9160786941135736 0.40348584385473757
0.03140890513696019 -1.0005071117578812
-0.4937753138749061 0.8707393062264607
-1.0000115002515597 0.04447470477276616
-0.822543668236216 -0.5704585119397463
-0.981854855498734 -0.19483850423763846
0.9990993919212274 -0.06165553553926577
0.4264571734402274 0.905613206187593
0.9254556783017088 0.3814875980934689
-0.05834862026656818 -0.999297972835424
0.6454259459652737 0.7651315888622242
0.5202626626953036 0.8551770353588739
-1.0004739848664719 -0.03244696604310568
0.842645190253115 -0.5403240540113791
-0.048645310135314875 0.9998173002113131
-0.8001520768171492 -0.6014629281719722
-0.9600588285153884 0.2833514527749242
-0.947720678915675 0.322221220213089
0.6237551318602718 0.7828988028334026
-1.000266067480634 -0.03832485155649765
0.47423515902280433 0.8815338983536682
0.912868310138672 -0.4106975144124512
0.7687663742064867 -0.6410922413267939
0.9220360318672367 -0.38968006869548777
-0.4903115990339749 0.8726944114939357
0.9324638712125715 -0.3640221543852309
0.9674381357387587 0.2570300634523422
1.000908681988664 -0.013520736655814687
0.9999678566758831 0.04544541357541446
0.3862168599164483 0.9234920341379662
-0.13935814802311017 -0.9912518885629267
0.03980015294056523 1.0002084521867967
0.49110740095489647 0.8722468232830238
0.5773625471098791 -0.8177123511325927
-0.9873933783790674 0.16448500336861033
-0.9943930105335754 0.11481960025175406
-0.014478674505129489 -1.0008952832262596
0.9734754388497647 0.2331235079443043
0.8602962238784638 -0.5117532678747211
-0.7094402507403589 0.7061837796419971
1.0009635524245626 0.00854205581811673
-0.4466727586543626 0.8958149622975168
-0.5402951032400954 0.842663753471558
-0.9852059114005227 0.17711666251785937
0.7319530654169563 0.6828218728385325
0.9900510575782023 0.14764790343341516
0.945689545371259 0.3281345513284167
0.8273932050056065 -0.5634017077632534
0.8802849247008872 -0.4765495266437198
0.5291218829245722 0.8497240922854639
-0.5171817026199907 0.8570438066254767
0.24316136762865906 -0.9710167605623294
0.9878888346138262 0.16148266298688674
-0.358602309966162 -0.9345615995144101
0.3547762754742453 0.9360207232538297
-0.8914153947971368 0.45538949693494757
-0.8603810607541252 -0.5116106237126102
0.32675562318507934 -0.9461668788944846
1.0009962190889297 -0.002751248746963355
0.5927566381534171 0.8066229403662278
-0.9999246542817645 0.04638626692776449
0.6064572399860746 0.7963734149684258
-0.6723015807322444 -0.7416276589670355
0.2724511056736334 -0.9632089051795643
