1000
-1.0009746197933767 0.007128150496801604
0.7604442703360194 0.6509420187029865
0.04855519682637893 -0.9998216805316593
-0.3379422509034574 -0.9422292900638913
-1.0002265500133678 0.039342707689686104
-0.659812984733371 -0.7527601378774251
0.9164306809021934 -0.4026857423613881
0.9388385336124562 0.34725092916277867
0.11964644996597916 0.9938237907247635
-0.30424439823325633 -0.953643720759322
-0.2619631871235763 0.9661140142819884
-0.9089061925021483 -0.4193930533893567
-0.18269186817175487 0.9841873202312221
0.8954888768847019 0.4473261353596224
0.8290642205162589 0.5609398526221577
1.0006251249512526 0.027392687277632048
0.9252695130359619 0.3819389064316358
-0.6868226049680679 -0.7282003222361806
1.000875390683667 -0.01579405976363529
0.5387145796811114 -0.8436750569022432
-0.6078128609812034 0.7953392521596331
-0.9952617812768961 0.10702797171552664
-0.9710613377349346 0.24298328822460016
-0.9863169324021573 0.17082127752946422
-0.9984505042450855 0.07139741292746217
-1.0001259643827198 -0.04182170928518381
-0.32328054593482425 -0.9473598517037134
0.6073473649139302 -0.7956947771175235
0.37203500600610234 0.9292959454910149
-0.981430821194312 0.19696330422151825
0.9964605584543821 -0.09522266245375124
0.7294439098463611 -0.6855017012291463
-0.062323039672544794 -0.9990579756580568
-0.7465541541307302 -0.6668267353294632
0.9232357299962629 0.3868291442720772
-0.828232906067902 0.562166570783356
-0.21189201373255612 0.9783162957430291
0.07586467285107364 -0.998121010405652
0.11495294750252437 0.994377604263331
0.8390803895234809 -0.5458434756568258
-0.9252068981874649 -0.38209055935253067
-0.5524587074448154 -0.8347397058774693
-0.995747774552612 -0.10240785845588454
-0.5464864021374792 -0.8386617985092879
0.3419057148975406 -0.9407983217036485
-0.9983125960622401 0.07330048119535597
-0.9411880130260829 0.3408315186951083
-0.9930899428132524 -0.12559205979348817
-0.5506039345870494 0.8359642978125682
-0.6315591702976463 0.7766170320131722
0.9425526209748274 0.33703939931925375
0.9156280763274701 0.404507386633244
0.49030724956535915 0.8726968551700256
-0.5335060252447955 0.8469783474372291
0.9346892645129972 -0.3582694220892321
-0.8382675942207429 0.5470908886824636
-0.0416583647661151 1.0001327815070422
-0.577535718856171 0.8175900521932039
-0.7111822981943349 0.7044293710053722
0.9922442990558195 0.13210696798892005
0.051665129276808296 0.9996658013640412
1.0009203965618552 0.012623777028233097
-0.9872873638200593 0.16512014183992782
0.7996910464292334 0.6020757678738762
0.9871321105226765 -0.16604576590520634
-0.9577706278033533 -0.2909921382394557
-1.0009342276934663 0.011474834712718075
0.34813372764764633 0.9385115383809378
0.49596434802319034 -0.8694943159618306
-0.06542816817494516 -0.9988594269511958
0.962782643660917 -0.27395361115578626
-0.23570296414047148 -0.9728541065829941
0.9911989322631686 0.13973430745652454
-0.2525343355373761 0.9686213963023407
0.5874760873879802 -0.8104769254872777
-0.7930703244968974 0.610770382715457
-0.1975263274252097 -0.9813176600744067
0.005896000725912673 1.000982635801161
0.8720649070619183 -0.491430359126385
0.2118765118624614 -0.9783196531405245
0.9932122054187299 0.1246214869405059
-0.5987004322346108 0.8022211618014637
-0.9505436386931873 0.3137957790345747
0.5415243455987562 0.8418743273932511
1.0001890987170734 -0.040283579874790386
0.992912920614141 -0.12698398354712456
-0.24892877874179073 -0.9695542600154571
0.9101501463031053 0.41668658627850724
0.9755093640825339 -0.22446042098171837
-0.7898782261367444 0.6148929889623641
0.3799286988790056 0.92609674644073
0.10492617159694348 0.9954855591689961
-0.8066537997961073 0.5927146423655328
0.9650968360276125 -0.2656860874970529
-0.37432994218252036 -0.9283738979450203
0.9700018031824698 0.24717908856284185
0.17713892580048052 -0.9852019087305159
-0.26308959851358604 0.96580788107882
0.9823467314813351 0.19234318066398318
-0.00800617386280368 1.0009679820953707
-0.8578901764541305 0.5157765457477695
-0.9958413334373926 0.10149403242376337
0.9305986936680558 -0.3687642490037613
0.17997149784779537 0.9846884075495258
-0.8211021417789673 -0.5725314600665998
0.5706054746198391 0.8224417257981674
-0.9935399896473871 0.1219806909779986
-0.6921844650922921 -0.7231055706360568
-0.982232988421999 -0.19292318796761856
-0.6923229579895329 -0.7229729744884129
0.8398572202714931 -0.5446474543756178
0.27723670883393897 -0.9618424025145313
-0.2368414374599859 -0.9725775719714533
0.9304720807650894 -0.36908360423714986
0.92968197981804 0.3710692878716984
0.5378327378336785 -0.844237493904606
0.11483652974336057 -0.9943910555895513
0.6172636955172985 0.7880269857031089
0.4668682469571094 0.8854575314396482
0.9603914136871465 -0.2822221332851203
0.39346883754865436 0.9204255938847586
0.6085121801210159 -0.7948043323009558
0.8882585134598585 0.4615168613020357
-0.9864895081365054 0.1698218193772392
0.7412970315359747 -0.6726661215164266
0.9842784037798413 -0.18220050453444825
0.5936755179191093 0.8059468837482264
0.6672309858066767 0.7461928782690508
-0.2681465860200691 0.9644160971312029
-0.9313180547184876 -0.36694370270570414
-0.9900494918142405 0.14765840226131383
0.34909737865430246 -0.9381535163376485
0.7626929540861463 -0.6483058366136676
0.9139385864141789 -0.40831025001002913
-0.20825125126520258 -0.979097756276909
0.4808303575791507 0.8779539664642482
-0.9724238700091323 0.23747171839286915
0.6062437985402176 -0.7965359105097071
-0.27516927667775964 -0.9624359039295233
-0.059718238148323666 -0.9992170595183311
-0.980895608468485 0.19961163615190475
-0.7183684750708332 0.6970995151514636
-1.0004148758754436 0.03422098956957147
0.9144374075122376 -0.40719188074211166
-0.6675245272396069 -0.7459302953584467
0.04449562124745691 -1.0000105697890413
-0.9983054881371227 0.07339722307622447
0.8874859927323115 -0.46300066166685283
-0.2987114840772389 -0.9553912545551029
0.6915474999249135 -0.7237147610402884
-0.9901686366299078 -0.14685731522287013
-0.5826533266326732 0.813950920488379
0.8130247794389059 0.5839449529008007
0.865368503322805 0.5031285655345445
0.013089883699320346 -1.0009144094000937
0.8976443797287685 -0.4429848389520282
0.8501135446706288 0.5284959424324267
0.42031085271053586 -0.9084821336128422
-0.29080801110247156 -0.9578265504143351
-0.9966178948554465 0.09356159283540541
-0.9959832461173957 -0.10009182510802257
0.9997718078420634 0.049571486201366005
0.7177038386315516 0.6977837774078269
-0.9754938842464139 -0.22452768603859075
-0.9777931086841601 -0.2142933424298716
0.691633617392544 -0.7236324614695667
-0.7999751897939767 0.6016981765919612
-0.6790521265823598 0.7354517043178124
-0.9114470547844005 -0.41384207896834513
-0.9901504095794152 -0.14698015651684448
-0.7835006398394446 0.6229989946791094
0.5061122405675231 0.86362688699908
0.8413722055565321 -0.5423041690019879
0.9871501806048492 -0.16593830459485118
-0.7330947112582967 0.6815960272222209
-0.9139912954038188 -0.4081922487334237
0.6309112166656341 -0.7771435109974794
-0.5109847719079584 0.8607529046585737
-0.8534749652422294 0.5230501732193339
0.7497117615912453 -0.6632746599499725
-0.6782929770407584 0.7361519118342255
-0.8750835817437137 -0.48603469522513854
0.14523491309362138 0.9904079058744878
-0.9420724709568784 -0.33837916523509776
0.7513336631330367 0.6614368651981022
-0.9244042743097189 0.3840283031729849
-0.8960470634036574 0.44620697009984267
-0.7863344469155783 0.6194183865481969
-0.9990236602274464 0.06287071103268867
-0.4939759774942453 -0.8706254841541252
0.9985197814438824 -0.07042191466625497
0.5934551427563659 -0.8061091697382069
0.7579789212341582 0.6538111003682193
-0.6006562338520555 0.8007578215257499
0.944727712086065 0.3308935629724897
0.9719970415823537 -0.23921277381267123
1.0004269609182197 0.0338658510587722
-0.9722017291002721 -0.23837952498996462
0.6757277367560511 0.7385072956840338
0.99861495336289 -0.06905921314374394
-0.8302769515066706 0.5591432587421491
-0.5690916570723054 0.8234899427744686
0.9122648829363542 0.41203614327036897
-0.3986433256684553 -0.9181963291693089
0.4583150383437533 -0.8899147855991404
0.05978584066476429 0.9992130169568486
-0.11957546379284127 0.9938323341785208
-0.6761356220348925 0.7381338771628687
-0.9307873871703947 -0.36828771345852634
-0.9839346088355064 -0.184048052246469
0.9988176587044135 0.06606273276389549
0.421169113709953 0.9080845652563272
0.8976610450760582 0.44295106744758955
0.985816153900581 -0.1736879693837947
0.4341653578799674 -0.9019431478851424
0.9411591792356707 -0.34091113114775035
-0.7515026497717402 -0.6612448618976584
0.36448564142942436 -0.9322827989359136
-0.9781780936026278 0.2125290972924153
1.0004019203290122 0.034597656019227235
-0.3760168875053704 0.9276919210119131
0.9294767944722333 -0.37158294974019174
0.7621424793991679 0.6489528804892455
0.4621418557272001 0.8879335026819406
0.7610583240033377 0.6502239825361954
0.7877079889248486 0.6176707247263468
-0.9999253548367604 -0.04637116296340876
-0.8100707961538327 -0.5880359727250499
-0.8792990109386445 0.4783662293288705
-0.9065370840412437 0.4244897116044149
-0.8226954148370029 -0.5702396464699482
-0.6200016372489751 -0.7858746527332399
0.3207326407355581 -0.9482254864570955
0.6461771793107655 0.7644972550231839
0.8104177027259357 0.5875577819316299
-0.8459392095484823 0.5351521781217833
0.869052118381182 0.4967387799811689
-0.22630914631802934 -0.9750821351521136
0.9359692285008387 0.3549121064426298
0.701417975586852 -0.7141525211911264
0.9714398588148156 0.24146552695126272
0.08954417745191608 0.9969868806982667
-0.3581752000708069 -0.934725374671212
0.6131235225229313 -0.7912525172971474
0.6065748907742146 -0.796283807371624
-0.1829989941114652 -0.9841302597492834
-0.5022261665126201 -0.8658925324022826
0.24972028832419424 -0.9693506989729163
-0.8129521990979196 0.5840459930363845
0.08090151819126214 -0.9977253852410235
-0.44310051718648485 -0.8975872835936735
0.11553847262119597 -0.9943097411492865
0.6586580030195822 0.7537709433629397
-0.9771063228535255 0.21740338966920905
-0.5105495360816112 -0.861011133033047
0.8652379668309457 -0.5033530180243794
-0.9957939155462382 -0.10195821576063126
-0.6607676920606922 -0.7519222414111624
-0.31951777008506976 0.948635543609802
0.5723259349613049 0.8212454104411593
-0.7988370867410232 -0.6032083461351601
-0.5467090199130673 -0.8385166948521021
-0.32581026877005537 0.9464928255216647
0.01925816518277122 1.0008147296446996
-0.12211119413265722 0.9935239585774953
-0.8534649823229565 0.5230664622669623
0.5876608245947385 -0.8103429861710608
-0.1052360986963976 0.9954528434492325
-0.20582538433261216 -0.9796105915946053
0.6508826891546711 -0.7604950525537847
0.9766808195740165 -0.21930703745257984
0.7067767966962022 0.7088494619112405
0.9986121041784122 -0.06910040078294773
0.9515083461280153 0.31085827518135806
0.8092994580773287 0.5890970948457834
0.8800135298674768 -0.4770505080703547
-1.000917685275667 -0.01283695066598701
-0.5529161876528165 0.8344367498088009
0.3483581955271738 -0.9384282431859409
-0.6165008373319555 -0.7886239392568538
-0.30705761751038274 -0.9527416331455488
-0.9820912763255586 0.19364329310677258
0.710072255530859 0.7055482917032104
-0.9911276583584087 -0.14023895620325177
0.9890757540382894 -0.15404594371027513
-0.007470913552015407 -1.0009721202164914
-0.9102288851415438 0.41651455755349315
0.9719081952913569 0.23957349587443477
0.08329978163135884 0.9975280178421897
0.03135836470683976 -1.0005086970950892
-0.446428360779335 -0.8959367827541606
0.9936091174081587 0.12141631605093173
-0.6536468372035644 0.7581205789409604
-0.335266658458574 -0.9431846413751773
0.9998259270670788 0.048467675459591984
-0.8543815320105771 0.5215680183439734
-0.9978262878353222 -0.07964734336298174
0.9295767326600419 -0.3713328669766265
-0.6401807820762478 0.7695255462037915
-0.9654465242323685 -0.2644125731648147
0.5406031741254728 -0.8424661465753172
-0.9462984719723038 -0.32637432794704146
-0.10227041396192182 0.9957619004702164
-0.6941692388362298 0.7212004352837907
0.9734272009189571 0.23332484760754588
-0.7845759662256726 -0.6216442336425653
-0.7633764284842136 -0.6475009099875354
0.5115821603276614 0.8603979853733289
0.990818672112359 0.14240561433279822
0.5589490161472954 0.8304077295810597
0.42648079692142865 0.905602081411733
0.6927277030727256 -0.7225851710321668
0.8738412852466332 -0.4882646907144856
-0.9967169549313065 -0.09250033379650023
0.561783590260856 -0.8284927264096061
0.9541069853336506 -0.3027884749086947
-0.5737988945622339 0.8202169399611048
0.9241960159674788 -0.38452922394772493
-0.9645105747692734 -0.2678065554803424
-0.9821932462922671 0.19312541763801583
0.6393082916661306 0.7702505489819099
0.9258523453314801 -0.3805238949713904
0.40845787761858704 -0.9138726181538209
0.7788241024987699 0.6288354453805747
-0.9998562424577427 0.04783821085997521
0.16078757509298197 0.9880022042969938
0.9602127621169362 -0.2828293681139994
-0.837500864773808 0.5482638976835188
0.8766273354201695 -0.48324477730662935
0.6704939190229646 -0.7432623389848474
-0.07118770624183922 -0.9984654778609151
0.16444146939299412 0.9874006295034823
0.5071879445550245 -0.8629955903120533
0.4818659186096062 0.8773860247818633
0.9853902553156684 -0.17608817316595124
0.3324731827677449 0.9441729623010212
-0.14729005656016647 -0.9901043577514963
-0.594456610427007 -0.8053709321298067
0.9459785550102339 -0.3273004330286625
0.782044216373441 0.6248262507584413
-0.7541613759028138 -0.6582109229543177
0.7897376717824298 -0.6150734994841405
-0.2343018084696888 -0.9731925105280216
0.9080421185103248 0.4212606212444753
-0.3140382205115066 0.9504635690324834
0.6783755284307542 -0.7360758401321801
0.4276517795563679 0.9050496977748083
0.23838471320370852 0.9722004569587414
-0.3093753761791708 0.9519915317974191
-0.9998303720736186 0.04837589357447927
0.5466994836728458 0.8385229123594916
0.9709826737914746 0.24329744593143365
-0.9996322687767101 0.05230991512445074
0.4388579120206419 -0.8996692353620205
0.9538221784838669 0.30368446096613266
0.8840910880541565 0.46945068753088176
-0.996055715384641 0.09936806252308086
1.0006507651343346 0.026439482522744636
0.5004225029312168 0.8669361675233398
-0.534512795943882 0.8463433528847816
0.5801148066014152 -0.8157621045144243
-0.5325045763840359 -0.8476083270768747
0.18222430062247597 -0.98427399857085
0.46754336312596606 0.8851012391793727
-0.9885220425304135 0.15756005658636688
-0.665461350615216 0.7477714830330002
-0.994825629910478 -0.1110088558324099
0.46713825430907086 -0.885315114160531
0.04391147840515911 -1.0000363903700071
0.8207513778808054 0.5730341837157356
0.915688155166309 -0.40437136704781845
-0.9941817601853908 0.1166345905581965
0.5979638112571204 0.8027703783940081
-0.6134518002697977 -0.7909980333387335
-0.5079092907689121 -0.8625712447969853
0.602455625499324 -0.7994049157368363
0.9914014208030508 0.13829035696566896
-0.9615042071902384 0.2784073626100271
0.6936716573950648 0.7216790365022278
0.26915052424012786 0.9641363987015864
-0.520329569381469 -0.8551363278608243
-0.13800196333551382 0.9914416060038753
0.09853557020550992 0.9961384147819393
0.6256714811265971 -0.7813681575959249
0.35840779064308026 0.934636215650959
-0.976312749019435 -0.22093984724832633
-0.8336868469330343 0.5540462446861772
0.16653243022627015 0.9870501252129662
0.95802913206094 0.2901399354148996
-0.17869581281463234 -0.9849207107592559
-0.04452636507482481 1.0000092013642792
-0.9592104307527443 -0.28621032394925017
-0.8992705442919618 0.43967429782605966
-0.17084843899080648 0.9863122278945976
-1.0003470622410973 -0.0361490672854237
-0.538909416995515 -0.8435506151225036
-0.06882343364204428 0.9986312307261972
-0.8525215641275632 -0.524602690326206
0.3634243978709586 -0.9326970070886532
-0.2229819437079706 -0.975848375917189
-0.2747844197761894 -0.9625458548288819
0.20538500946739247 -0.9797030151459569
0.48929941948302214 0.8732623191765333
-0.7671909838254501 0.6429766670237248
0.9471502892637189 -0.32389400974339355
-0.16938281907045913 0.9865649804264006
0.26638315488096254 0.9649046661694952
-0.5842290771248112 0.812820635467562
0.12340374193222241 0.9933642415937497
-0.585580725979377 0.8118474076829129
-0.9975844704450071 -0.08262096784082543
-0.5329939672871388 0.8473006732179058
0.2709118837736056 -0.9636429583773424
-0.9943627513497497 0.11508135699650042
0.9966939857966303 -0.09274749957182947
0.4007527574756018 0.9172776173960103
-0.7037539347915704 0.7118506860749536
0.14307217104148515 0.9907226422533584
0.9584041957441661 0.28889859393908085
-1.0003815565080794 0.03518154911984741
0.5499830678408906 0.836372898346379
0.38360009266792616 -0.9245820509317485
0.2757902639697292 0.9622581411967929
-0.9950958811618038 0.10855960249933315
-0.9980011274683641 0.0774257681387408
-0.5133742918030788 -0.8593298764244656
0.2659832958641971 0.9650149668897468
0.08396219678898505 -0.9974724805779696
0.47904212494394005 -0.8789309657357594
-0.9821896446340483 -0.19314373397457626
0.18939008498534815 -0.9829203404697873
-0.4568962414253293 -0.8906440504328355
0.7860282351808069 -0.6198069163042198
0.8747181943842391 -0.48669197693528543
0.7289130156174166 -0.6860661889814449
0.1773614241315867 -0.9851618776779862
0.5794746588767067 -0.8162169562804513
-0.34334908352105636 0.940272517329551
-0.11812604876408792 -0.9940056521989119
0.7833374563734603 -0.623204163530987
-0.8980424675379735 0.44217725687591375
0.3760400086414622 -0.9276825490979816
-1.0001105747179193 0.04218813029031936
0.49756569381572385 0.8685789430660159
0.4454921935216195 0.8964026469791886
0.9968556734813798 -0.09099322089026475
-0.2909485804739527 0.9577838605448474
-0.979313346935549 0.20723505618956714
0.8715141614963445 0.49240640360511523
0.14397372486098636 -0.9905920283091587
0.6991818739767405 0.7163418926060192
-0.23943548979243354 0.971942203131368
0.3211514759370344 -0.9480837143962891
-0.42403529530861367 0.9067497275061829
0.66984281039076 0.743849184558139
0.6734467282534234 -0.7405879449496593
0.9052226468074016 -0.4272855716110739
0.9884955655531267 -0.15772608180578154
-0.13948675664598212 0.9912337992221535
-0.8743060666320709 0.48743194586563243
-0.7304588710520712 0.6844200740052366
-0.8215857241923841 0.571837300115405
0.9136744414759225 -0.40890098433931554
-0.8692165970851518 0.49645091132125946
-0.6929037158206298 0.722416390042449
0.3690779979974214 -0.9304743045319496
0.6366709743184097 0.7724319196281618
-0.9987323329322911 -0.06734038279979646
0.9820838588244779 0.1936809082909906
-0.9801651102984994 0.20316829613286203
0.1317035932870061 -0.9922979207452219
-0.7740302605878062 -0.6347268354925392
0.9464002325260752 0.32607913130801663
0.944515128297773 -0.3314998829813393
-0.021972600250640892 -1.0007588145193753
0.7393504879778321 0.6748050503122672
-0.22251947138084172 -0.9759539358270916
-0.6700627939577156 -0.7436510284761124
-0.4543351360361083 0.8919532410183009
0.9977964757062754 -0.08001995418729116
-0.9504066715582745 0.3142103732493919
-0.06765570258656324 0.998711022221903
-0.9050343714399823 -0.4276842135410612
0.06047632175050802 -0.9991714640178277
0.6053751189002956 -0.7971963154809818
0.42261960849727004 0.907410417900089
-0.6372700648408546 0.7719377335366713
-0.7130893451945219 0.7024988154936974
-0.9851041774456618 -0.17768162420212705
0.9239816421229122 0.38504405594664937
-0.7515163825065216 -0.6612292543621399
0.8640345806311438 0.5054159113775143
-0.8162365035997747 -0.5794471245862
0.9571665488048414 -0.292973032631041
-0.9885960443673445 -0.15709507013665092
-0.855363319170563 -0.519956336837544
-0.9712704221647442 0.2421461687244285
-0.9753881206094511 0.22498669777114128
-0.03717683745763997 -1.0003093935161502
-0.9890026619752881 -0.15451451260575577
-0.39428105039711214 0.9200779604456081
0.8659449256320806 -0.5021358240277728
0.7406986441766159 -0.6733249724426705
0.4306960929986677 -0.903604933295344
0.942743309661151 -0.33650564941637917
-0.9975639004768814 -0.08286895960099104
-0.0011280123571461352 1.0009993644294297
0.977050731800583 -0.21765308977348602
0.66947516020907 0.7441800923587246
0.5943843270167123 0.805424280610468
0.03222998756725975 -1.0004809982710388
0.0648177054280486 0.9988992266805711
-0.7126764556273003 -0.7029176833701857
-0.9541643227465653 0.3026077414700233
1.0007453157946111 0.022579037072997677
-0.8479252947902564 -0.5319997128334346
-0.3875428510860052 -0.9229363675639455
0.25216622643025377 0.9687172932532618
-0.9888333917708241 -0.1555940979568563
-0.7369657879313102 -0.6774086118575576
0.454556497630708 0.8918404512364889
1.0008733889037227 -0.015920407795584297
-0.18498713871529998 0.9837584858642524
-0.05998513151944468 -0.9992010728560067
-0.14860795021434703 -0.9899074083635753
-0.08783436749774726 -0.9971389691945004
1.0001674036335761 -0.04081868088107586
-0.12185277619162051 -0.9935556858749262
0.9383686946012602 0.3485185690782156
-0.7643700855892515 -0.6463276044362335
-0.873950770195678 -0.48806869524113233
0.8767544909847211 -0.48301403969048623
0.873751237523758 0.4884258131238575
-0.6974162398171464 -0.718060992144339
-0.8945945226393546 -0.44911205735725374
0.9923499116877863 -0.13131128197242928
-0.8253598171152309 0.5663763521648062
-0.9900877177307846 -0.14740186972574693
-0.3649447347580394 -0.9321031812907755
1.0008416697646652 0.01780314754971639
-0.7223805328087385 0.6929410983763072
-0.6690959795212906 -0.7445210340805991
-0.71553876058933 0.7000037729143219
-0.9283208551181177 0.37446146657936213
-0.2785620014515353 -0.9614594174208888
-0.9837289886454231 0.1851439356248347
-0.9667471535839038 0.2596169120789705
-0.4683663985616554 -0.8846659916026979
0.195571258711489 -0.9817091640429989
-0.4387259743235134 -0.8997335824864402
0.5927883490236757 -0.8065996362891473
-0.8063125124503602 -0.5931788366639421
0.26726746699339254 0.9646600961410894
-0.694544021921377 0.7208395116898614
-0.9880463968461929 0.16051578638643474
-0.5144764909261013 0.8586704491738174
-0.11431671037452217 -0.9944509488804099
0.3228194709540269 -0.9475170653729474
-0.8050778703324349 -0.5948534464059119
-0.9995977831344665 0.05296481806501458
0.22943239147708053 -0.9743519783636239
-0.820802898015828 -0.5729603848511854
-0.8731398220312704 0.4895179784065152
-0.9469361126221969 0.32451964287537693
0.8964664776661091 0.4453637327184597
-0.9926846298272808 -0.12875645888527112
-0.33817226969223974 0.9421467592743707
0.3514889542268084 -0.9372601106718159
-0.48286228088693856 0.8768380795201947
-0.19912302014707542 0.9809949147918695
0.437583873296295 0.9002895944256004
0.293780897121905 0.9569189017290068
0.8653020429403792 -0.5032428583529092
0.9885870704532211 -0.15715153239061316
0.9711285195122419 0.24271464436650958
-0.7671572720103317 0.6430168893595765
0.10598518685236433 0.9953733672184872
-0.9966084961538694 -0.0936616538073235
-0.5066820311788269 0.8632927193487144
-0.4341680476811995 0.9019418530995752
0.848368720909798 0.5312923050279132
0.6804100589399464 -0.7341955813632621
0.472567815267038 -0.8824288413088835
0.9707953676086506 -0.2440437547440724
0.9741508548413381 0.23028484972288196
0.25984131842560315 0.9666868620390184
0.655580755135772 -0.7564488571579779
-0.9589028445448065 0.28723915945406664
-0.5690966729484541 -0.8234864764153691
0.8595158145506245 -0.5130629245398426
0.9806433591960225 0.20084721074672832
-0.5648312065186936 -0.826417998438222
0.9874265844392857 0.1642855451418842
-0.8254246197298386 0.5662819060713941
-0.4214997467243423 0.9079311446972812
0.5161948390479878 0.85763855331965
-0.9179413003942916 0.3992302205876165
-0.9519574988356531 0.3094800807977272
-0.45016263983363697 -0.8940663273482629
-0.757628431152604 0.6542172118717483
-0.38646748709785217 -0.9233871784989607
-0.994477272158147 -0.11408748906383662
-0.9524579290266569 -0.3079365087712914
0.9494131379633548 -0.3171997690140644
0.8611571446925164 -0.5103032158874099
1.000982742354736 -0.005877882951557502
-0.8436331482451908 -0.5387802067465989
0.8603794339436721 0.5116133595272572
-0.9061494594541084 0.4253165375705805
-0.8693680148171092 -0.49618570597404205
0.32382869845514817 -0.9471726210447834
-0.31202005813974787 -0.9511280057481581
0.20979165473764388 -0.9787688499346723
0.8215467013127246 0.5718933620546586
-0.226867426871647 -0.9749523940299023
0.36555022419300964 -0.9318658882008937
0.9718169754631185 -0.2399432562122063
-0.9735872688476922 -0.23265603352952505
-0.2851065749775202 -0.9595390773202452
0.9826000539981389 0.1910448478312211
0.6022251602149584 0.7995785492395776
-0.19048599586887396 -0.9827085454893751
-0.9873213517393984 -0.1649167923514373
-0.0690345311918054 0.9986166599366985
-0.2044949641702611 -0.9798891823206355
-0.7618203406811741 0.6493310161423217
-0.9902923206416528 -0.14602095629795653
0.7965190643433772 -0.6062659318628675
0.8870333953810869 -0.4638671743923042
0.6618492244988325 -0.7509704415157058
0.8187012419907158 0.5759594398591444
0.5519274386311823 0.835091074366157
0.9678937329391655 -0.2553090710043174
-0.9274683871590771 0.37656790997181383
0.37024117382815785 0.9300120822883688
-0.29785117902588176 -0.9556598114145494
-0.6604374170805318 -0.7522123490876733
-0.056979951763624526 -0.9993769484518917
-0.6311200860009175 0.7769738972746731
-1.000772581679457 0.021336348296617933
0.849895909780197 0.5288458589597647
-0.8502630552963845 -0.5282553708179949
0.8595145065003995 0.5130651158628644
-0.9099539350472814 -0.4171148955527336
-0.40739975195072964 -0.9143448157618022
0.5133614199579482 0.8593375660930687
-0.8968222345117556 0.4446469157492737
-1.0009999676315562 -0.0002545616302661508
-0.546704105733889 -0.8385198988537534
-1.0003241680829638 0.036777149823314925
-0.2523827499457352 0.9686609043054378
-0.9621129006832276 -0.27629651886859835
-0.7179978848315449 0.6974812093364433
-0.23302040831283766 0.9735001229120203
-0.7607555971956538 0.6505781439116166
-0.8051601993247542 -0.5947420057666365
0.2887587872693349 0.9584463275399113
-0.9675466750943418 0.2566211829017323
0.9947303896138558 -0.11185907195514594
-0.4490538575630183 0.8946237382317622
-0.052123869442190114 -0.9996419870305435
0.952010680783446 -0.3093164458515579
0.9966121244087789 -0.09362303926609485
-0.6960411643304607 0.7193939793725664
0.5835274604035019 -0.8133244758121075
0.42401743333133 0.9067580803230325
0.38078829619399635 0.9257436326984233
0.8801125455245796 -0.47686780894734854
0.6021009894607966 -0.7996720568397584
0.9893474512044586 0.1522912367644358
0.947363464812644 -0.32326995767961836
0.7620677134450955 0.6490406767873366
0.5773763247673825 0.8177026229614957
-0.12706716326272063 -0.992902279189833
-0.57837206567437 0.8169986252421495
0.061487035484169984 -0.9991097759842851
-0.9471997703121313 0.3237492781777985
-0.29379503378930405 0.9569145615574787
-0.9767102333812305 -0.2191760023551441
0.5801457952193023 -0.8157400666200989
0.8749742895270138 0.48623141883952464
-0.79530813926053 -0.6078535708753822
0.8939490208858981 0.4503955462225886
-0.5217163967560566 -0.854290934843556
-0.9955248805820337 0.10455243728449169
1.0006531343772973 0.026349661494805724
0.7609641453986143 0.6503341982532954
0.3243495918983374 -0.9469943728636311
0.10653888293712561 -0.9953142551086614
0.4093475463025898 -0.9134744585022885
0.15703495281629895 0.9886055955708438
-0.6458646121824287 -0.7647613371048779
-0.7467942520308439 -0.6665578333000765
-0.35359294612844533 0.9364683809121407
0.9341702696883742 -0.3596205044631772
0.38983499754244716 -0.9219705389496349
-0.08756496771019265 0.9971626629742577
-0.4863504352284346 0.8749081404085302
0.9204916275585614 -0.39331433179403813
0.674070486506081 -0.7400202559534809
0.8870681702058496 0.4638006699085781
-0.9051559906956081 -0.4274267568927478
0.09714528226436459 0.9962749591020427
-0.9688797238035208 0.2515414097169951
-0.019422020731627337 1.0008115632379055
-0.5946211704296964 -0.8052494418978617
0.8813896953222636 -0.4745031137724254
0.8130053523596399 -0.583972000214546
0.9631475747592216 -0.27266783681877405
-0.92913089535595 0.3724470154197114
0.9293462109921887 -0.37190942461096904
-0.8395551061520986 -0.5451130375747204
0.4464880771333854 -0.8959070247395833
0.49202886964412407 -0.8717273607250868
0.1931491797005019 0.9821885737377641
0.9704190773214787 -0.24553577004283883
-0.897072480248112 -0.4441418300289904
-0.04311854317452345 1.0000708931043372
0.6092667538992982 0.7942260525776097
-0.722397171710203 0.6929237521582727
0.20463577724466167 -0.9798597852098397
0.7087585113741535 -0.7068680022144828
-0.25907857807310025 0.9668915608193199
-0.9419421765668998 0.3387416951076607
-0.6707512081139835 -0.7430301587510642
-0.9869003906861256 -0.16741749867792408
-0.5972149325266515 0.8033276569166451
-0.03042728726869834 1.0005374456708096
0.2502820014738477 0.969205819079851
0.1418282893545796 -0.9909014766053957
0.3608755435584792 -0.9336861582252208
-0.07808571548088865 0.9979497086716533
0.5202258888458277 -0.855199406322624
-0.40760547974472855 0.9142531229818521
0.7011205216509099 -0.7144445493668183
-0.9969798649280881 0.08962225687836223
0.8446532845506209 -0.5371795127309378
-0.79016048219856 -0.6145302371500845
0.6121366040115693 -0.792016273841127
-0.7100023371656424 0.705618651411175
0.793950639196863 0.6096256084835122
-0.7342680902275086 -0.6803318099821933
-0.7981536053737867 -0.6041124251567961
0.5810793263500377 0.8150753440563555
-0.595124363605618 -0.8048776253835163
0.831586011421722 -0.5571944953135411
-0.9268399834901074 0.3781119477139771
-0.32587098372796214 0.9464719234949182
-0.8157384774596873 -0.5801480297232346
-0.7194390438159148 -0.6959945849166085
-0.13372696150859864 -0.9920272676522948
0.9850554166913541 0.17795175202009939
-0.9879627954715731 0.16102954624538524
-0.969877100774763 -0.24766794179453336
-0.5210348614640468 -0.8547067761163132
-0.9631741056203869 -0.272574104166863
0.054536845244987586 0.9995132477915059
-0.3045968938745958 0.9535311910168163
-0.5554303244709775 -0.8327653659093085
-0.46045250877128285 0.8888107150379273
-0.22151013233323774 -0.9761835182350251
0.4973276178854556 0.868715281601733
-0.665085685720317 0.7481056280031154
0.21837824830640512 -0.976888909071357
0.6018911981823746 -0.7998299729008569
0.4665085578274046 -0.8856470885594302
-0.8099823480254312 0.5881577984582108
0.534191084834673 0.8465464457920517
-0.33042342720621665 0.9448922471654099
0.9507625433705779 -0.31313189892361676
-1.0009702434843966 -0.007718267861877014
0.9837755509493613 -0.1848963638211434
-0.9363241563581985 0.35397468019634926
0.1589337628189475 0.9883021091934442
-0.9145783062848017 0.4068753146520728
-0.5148466038186619 -0.8584485858433165
-0.0330533388838523 -1.0004541352748906
-0.7365406572670655 -0.677870828545232
0.8495984042586909 -0.529323673645045
0.4429800911717414 -0.8976467227286443
0.6934297198065555 -0.7219115068268421
0.1364703766911466 0.9916535868365407
0.7173436571504549 0.6981540500104619
0.9218619284675611 0.3900917646427175
0.991263652077136 -0.1392744487359356
-0.9130277453523021 -0.41034294951527045
0.2581819002640416 0.9671313801009915
0.6853915081182849 -0.7295474491760924
0.8209908234830744 0.5726910753247193
0.9035518081036612 -0.4308075325160931
0.06341214045797156 0.9989894396051133
0.2752994248546534 -0.9623986838492128
-0.9728440169727569 -0.23574460468971586
0.9253682472813314 -0.3816996291895984
0.9967883070494664 -0.09172824499279787
0.17395360998143483 -0.9857693145835018
-0.9347880082886336 0.3580117031044786
-0.3638329305263474 0.9325377197007154
0.7022669778393649 -0.7133176654453225
0.5729474919696782 -0.8208118977242322
0.12765714824086496 0.9928265973990674
0.7537292814469622 -0.6587056780455487
-0.7793581454668755 -0.6281734482564767
0.9704299761128331 0.24549269125912124
-0.47522364213669405 -0.8810014131398062
-0.710363098112621 -0.7052554635306548
-0.22788485929021385 -0.9747150819117756
-0.9829056596231573 0.18946626158967145
-0.2895857865983521 0.9581967815643161
-0.3289750440512032 0.9453974933283401
0.4482149582351826 -0.895044329189473
0.21792537559153524 -0.976990036117712
0.8452863353238391 -0.5361828151990645
-0.8157579844798655 0.5801206001835719
-0.5990397960244743 -0.8019677816339982
-0.6932537772244097 0.7220804666822724
0.9372932603391196 0.3514005465602796
-0.8966384653696936 -0.4450173731659031
-0.1086801289377439 -0.9950827249902771
0.860662167343245 -0.5111375878411097
-0.9424962627470533 -0.33719696722811343
-0.22082571384427666 0.9763385704278847
-0.7118457528841478 -0.7037589247041922
0.7643225561460085 -0.6463838102601516
0.3230885827778362 -0.9474253362025998
0.631217250591424 -0.7768949623699484
0.6889818911400414 0.726157664478653
-0.9138169199967454 0.40858247236960826
-0.7308594630594406 -0.683992284500685
0.29815628221353696 0.9555646662453576
0.982537037364172 0.1913686761401554
0.9174515889290061 -0.4003543205357497
-0.29926720912564364 0.955217324770729
-0.9946980977357629 0.11214586198721195
0.4353715262707811 -0.9013615446160606
-0.34053275322662446 0.9412961510491238
-0.8743212810878279 -0.4874046547140675
0.8363807855158807 0.5499710734391751
0.22352245513172994 0.9757247112028493
0.3237128727740727 0.9472122127592935
-0.8631241577439501 0.5069691196895495
0.10633357552049821 0.9953362098894154
0.561036772577621 0.8289986367996554
-0.5396098957508823 -0.843102698612525
-0.4139336495816108 0.9114054716447824
0.379669421570998 0.9262030718605633
-0.6496002816338918 0.7615907523737198
-0.9809518663841156 -0.19933498397802699
-0.9153614559769858 -0.4051103613975982
0.8902142652841959 -0.4577330683755755
-0.1429509962461273 0.9907401337748661
0.46200509691540853 0.8880046680193657
0.5318694341985014 0.8480070194080742
0.9570564444583366 0.2933325111895489
0.9749791312466837 0.2267524942166279
0.6912321736783522 -0.7240159404819071
-0.5311936706216583 -0.8484304828867767
0.08469664683145425 -0.9974103859573089
-0.34706983319266616 0.9389054962495507
0.5665180159820199 -0.8252625870399044
-0.751756355819878 -0.6609564142093011
0.8917851523539637 -0.4546649778034566
-0.9223899903339242 -0.38884149178268396
-0.9984237647945305 0.07177036918893542
0.40446943950290637 -0.9156448397212779
0.8513649149710926 -0.5264777123072393
0.1526601413018961 0.9892905949505864
0.9475773174836978 0.32264256909217587
-0.2190170057256567 -0.9767458989947015
-0.9079460607051222 0.42146761542264505
-0.44077234706656343 0.8987328513309352
-0.5316888809212521 -0.8481202355236589
0.5086993291421225 -0.8621055576496155
0.2919443514177202 -0.9574808069487799
0.6568611248915673 -0.7553373171015615
0.9005543656253753 0.43703871058875093
-0.5562857529849717 0.8321941846864487
-0.9740716471814798 0.23061965691839634
0.5760692640419195 -0.8186239692472981
0.7272821436362128 0.6877947975580471
0.9864792347290434 -0.16988148647925377
1.0008015305781173 -0.019932295213989017
-0.9905545695816792 -0.14423121950830986
-0.3154794864279627 0.9499861544481314
0.8669863138786505 -0.5003356189070592
0.9308801314719531 -0.3680532309744872
0.8614174898554559 0.5098636172263379
-0.925327274107015 0.38179894682107374
-0.9198233710504469 -0.3948746206954708
-0.5942128802999179 -0.8055507761064323
-0.6719790796926034 -0.7419198854697735
-0.5473561290287013 -0.8380944266696418
-0.5620219543268655 -0.8283310466562331
0.382680102102632 -0.924963209784432
0.007907649626687621 1.0009687652856014
0.931342117788744 0.3668826237814722
-0.5145402269225686 -0.8586322582330992
-0.7368057246534886 0.6775827064778495
-0.5954151750518385 -0.8046625188972011
0.7795951057412372 0.6278793443841811
0.7801871378730268 0.627143548079301
-0.9496600548582294 -0.316459760801693
0.7127404853332752 0.7028527588100423
0.16158622147783258 0.9878719011230742
0.7883178434577452 -0.6168921929203918
-0.9960060984348633 -0.09986416714999138
0.848984839778949 -0.5303072145704903
-0.3055405207098223 -0.9532292432591285
-0.9933087243774424 0.12384982065250709
0.05596880159831469 -0.9994340864947765
-0.69980285568714 -0.715735260534315
0.3663980365578188 -0.9315328651242398
0.49820078998435163 -0.8682148195342947
-0.8227831424809963 0.5701130593567355
0.9344135627243592 0.3589878741639751
0.7115436178355011 -0.704064400404939
0.47714934510756396 0.8799599436698371
0.988887332566013 -0.15525090495863658
0.8219263023949216 0.5713476642390445
0.8700803927050552 -0.49493546067160804
-0.7077535917781819 0.7078741790213022
0.840165603755994 -0.5441716257444208
-0.9387311050744395 0.34754123836707734
0.9152023310558057 -0.40546971925165926
-0.9901919946370213 0.14669974013868314
-0.491723208794545 0.8718998141603176
-0.9690809754714049 0.2507649556445045
-0.9239085426226229 0.3852194243141708
0.11276849081855932 0.9946277029514633
0.8649815480939863 0.5037935305826494
-0.23380164067908774 -0.9733127928963878
-0.9507002000889485 0.31332112847816884
-0.11607338337774964 -0.994247438855762
0.9916248517218961 -0.13667901611998676
-0.7578874724742962 -0.6539171041244624
-0.9800082137183035 0.20392376282488492
0.982010635588849 -0.1940518270730396
-0.09309424603329008 -0.9966616584154792
-0.8666210873697471 0.5009679539911482
-0.0868655641200027 -0.9972238333343793
0.8626567180768088 -0.5077641054239156
-0.7631309046166219 -0.6477902611331976
0.8145535001449168 0.5818106181582329
0.44203204366204596 0.8981139528901414
0.9184818631362768 0.3979850086243374
0.5267641809641427 -0.8511876982506126
-0.7805097605235333 -0.6267419833771284
-0.7056068306702038 0.7100140847275851
-0.8403109066493822 -0.5439472218571331
-0.6947897958047308 0.7206026225636571
-0.9315708028761605 0.36630156869533864
0.13545432634538 -0.9917928843636252
0.7928130642867046 0.6111042833234975
0.6293836369189607 -0.778381164712162
0.8153828329400953 -0.580647772532182
1.00088245248468 -0.015340023085131401
-0.9596023558862222 0.28489352147357083
0.7652370135855862 0.6453009476504845
-0.7496274155348008 0.6633699856630649
-0.003051719128261347 1.000995348146215
0.23891840083556945 -0.9720694408025459
0.3744296988728186 -0.9283336687861807
0.985882581766169 0.17331051604006292
-1.0008896523955708 0.014862830399137054
-0.9743633484187301 -0.22938409983745725
-0.409181191099992 -0.9135489876574718
0.2180231265221275 -0.9769682268638609
-0.44417632741030166 0.8970553997208291
0.4938006435463879 -0.8707249418921988
-0.42943288250789974 0.9042059496712883
-0.11893005309839291 -0.9939097758197237
0.7378768077566734 0.6764161563525972
-0.9659376323778963 -0.2626128145315535
0.567958897208122 0.8242716124446686
0.8343723300463387 -0.5530133948224433
-0.7702805476835891 -0.6392721469454695
-0.8305416843639394 0.5587499534979046
0.9990713800672639 -0.062107789612034184
0.9633372282033034 -0.2719970307881625
0.14962590852938773 0.9897540540441122
1.0008335452521875 0.01825416933025506
0.9975614531929056 -0.08289841436154569
-0.187770973272394 -0.9832309299428786
-0.02089290275707769 -1.0007819375939913
-1.000999989983286 -0.0001416102441198988
0.4800365854260712 -0.8783882266130838
-0.9934481257508628 -0.12272661260744461
0.9887497170616275 -0.1561249403860623
0.9253733052034873 -0.38168736685509214
-0.6724345771529094 -0.7415070730945106
0.9697641348484322 0.24810990057164564
0.8206786048320692 0.5731384017590241
-0.5029569469712841 0.8654682602460502
0.8771328802190027 0.48232655995571766
-0.8313527472740658 -0.5575424733595309
0.33415355283924314 -0.943579569048054
-0.9995990507616854 -0.05294088888881123
-0.8127466206177311 -0.5843320380352749
0.42233752501065014 -0.9075417428239201
-0.5296041366151681 -0.8494236036749288
