1000
0.9450222019853481 -0.3300515683264718
0.4275997208153256 0.905074294607164
-0.06025895186132967 -0.9991845969191948
0.864599910554506 -0.5044482081137174
0.3537296455948121 0.9364167543499896
0.19139426240866783 -0.9825320535824987
-0.9750788314297659 -0.22632338035996702
-0.8185032131872506 0.5762408263930509
0.5298933169652223 -0.8492432352604254
-0.06784269109873493 0.9986983374695692
-0.4873675209065037 -0.8743419809007507
-0.5500519277216938 -0.8363276133248553
-0.785197359687396 -0.6208591678794331
-0.9684673043270916 0.25312463422080556
-0.7848198328181282 -0.6213363260065561
0.40616864321900353 0.9148923615735536
0.5033147249188833 0.8652602427477115
-0.9929692806794629 0.12654251312072942
0.8926650674654272 -0.45293495926782273
-0.3859140658812567 0.9236186083849746
-0.9103839272473774 -0.41617556993370225
-0.25196120078459194 -0.9687706401926033
0.9873594035125944 -0.16468882261784995
-0.9974851638428952 0.0838113829578807
0.5934580951422989 0.8061069961922389
-0.931167710698164 -0.36732505298868523
0.5029037750826129 0.8654991582940199
-0.035873227221744346 -1.000356992062682
0.29621250642821256 0.9561689971106133
-0.9699298421524574 -0.2474613127381918
-0.6158199724636492 -0.7891557270367303
0.10977960495310785 -0.9949620285902068
0.9461353266234754 0.3268469729324251
-0.1836922800530612 -0.9840010905730276
-0.9456398870898528 -0.32827763241605507
0.6240342004794011 0.7826763805252045
-0.9547805649546803 -0.30065773361884673
-0.12180464630128657 0.993561587491897
0.813072740580145 -0.5838781709616248
0.39279587792533827 0.9207129836625867
0.6065116553580053 -0.7963319734350067
-0.41143408490766903 -0.9125365711993076
-0.12885239338586657 -0.9926721819003158
-0.8756507143273174 0.4850121921127949
-0.6777670107471666 0.7366361918497151
0.5932735181679442 -0.8062428496679088
-0.24472026405255726 0.9706250524080071
0.20974794365612448 0.9787782180514784
0.5740523740648424 -0.8200395550401933
-0.9257376960327058 -0.3808027286457617
-0.8092294046902461 -0.5891933219111278
0.7292416950071408 0.6857168149193311
-0.2135170779989609 -0.9779629120793824
-0.5103462293257555 0.8611316544019174
-0.4281676100393184 -0.9048057790007854
-0.9105882994116964 0.4157282152735303
0.5166622037691667 -0.8573570826653198
0.9593862080484781 -0.28562055914510504
-0.9930412007368743 -0.12597687739846067
-0.9790250109959009 0.20859297170440874
0.013929019631215074 -1.0009030834262191
0.9860542628403821 -0.17233104982652034
-0.7415907451384469 0.6723422987771951
-0.688432941603509 0.7266781164416193
0.2715649292731487 0.9634591268906376
0.5042605294453112 0.8647093838067993
-0.931384988766856 0.3667737759161133
0.956500372960044 -0.29514070632038664
-0.9646152580829765 0.26742925022052555
-0.16926787046117162 0.9865847089984419
-0.8418169566414596 -0.5416135259674659
0.9767576197064256 0.21896472854192173
0.39137346109160576 0.9213185192717974
0.9939295187353078 0.11876494342439411
0.99945818388382 0.055536822628381916
-0.5462408290001655 -0.8388217669643605
-0.3894441032453859 0.9221357223572879
0.8544739680682863 0.5214165684878426
-0.06583739547270029 0.9988325371939839
-0.733730061667279 -0.6809120329423846
-0.4837327995982747 -0.8763581337517302
-0.8438902363119115 -0.538377441074035
0.5232880442643449 -0.8533291409122256
0.27150456226826875 -0.9634761401651397
-0.8582581278532228 -0.5151640379276112
0.20657504196644438 0.9794527819331373
0.5589096448201394 0.8304342291398071
-0.7304881393242016 0.6843888356093091
-0.3644735654491634 -0.9322875200756333
-0.02693018527872367 1.0006376792430183
-0.5546019083227515 -0.8333173004832928
-0.7396105951772957 0.6745199533753516
-0.6140599560391032 0.7905260086735
-0.7465774167434258 -0.6668006904680837
0.7933064507852055 -0.6104636558736158
0.03585772638877151 1.0003575478088962
-0.9665469950093213 -0.2603611077685204
-0.7585046856069048 0.6532010731102411
-0.9678628876195396 -0.25542597904043823
0.19729308190308714 0.9813645804863663
0.9253744201019574 -0.381684663853509
0.4161475656988134 -0.9103967286644608
0.9918798600821148 0.13481596034403473
0.46159365863480056 -0.888218607274211
-0.8178665191366032 0.5771441387343168
0.22084595303510837 -0.9763339925599307
-0.9107956943287947 0.4152736485645685
-0.9395758251632398 0.3452510228352946
-1.0003429705514928 0.03626211891513343
-0.9960675568764225 0.09924929288531434
0.8764313052234274 -0.4836002142517717
0.8315277393099216 0.5572814538077964
-0.9834332564529159 -0.18670840929752855
0.3565257365644642 0.9353557607494414
0.14268972737093685 0.9907777963311489
0.019301195279581327 -1.0008139007132042
0.9954949681563652 -0.10483686553573321
-0.7588899057560834 -0.6527534840516156
0.11301622057095907 -0.9945995847012286
-0.8348850249802201 -0.5522390741914024
0.5407753241919668 0.8423556545456753
-0.8121428641886821 -0.5851708879869228
-0.6121192631911926 0.7920296759782877
-0.7898691718359667 -0.6149046197445294
0.29818058215995463 0.9555570838117159
-0.5174376018714251 -0.8568893325100673
-0.29549057540520934 -0.956392346187849
-0.47463170830398865 0.8813204533383061
-0.3589076582936764 0.9344443765244401
0.44435309619344276 -0.896967851097965
0.38716628899738414 -0.9230943963994116
0.9418090110615944 0.3391117613459929
-0.9888410589638645 0.15554536350281545
-0.18993197235987264 -0.9828157741283402
-0.7177046747684166 -0.6977829174002192
-0.5067511306838043 0.863252159887646
-0.8388802574649473 0.5461509989330275
0.3668708525959019 -0.9313467547136007
-0.9393455440448988 -0.34587707192439493
-0.31623115049816575 -0.9497362051931086
-0.9176669299702181 -0.3998604827174532
0.959783386134546 0.2842830485627045
0.600783187094185 0.8006625769354738
0.38345909290756286 -0.9246405377585979
0.7308339288634365 0.6840195672800841
0.7871126922415057 -0.6184291468812969
-0.9926083071773442 -0.129343529109605
0.9878683501303387 -0.16160792929421072
-0.998036257730561 0.07697160681171425
-0.8760864954094122 -0.48422458896802617
-0.9983141902402101 0.07327876612657663
0.18760627150768514 0.9832623693048488
-0.8232529155055612 -0.5694344888673264
-0.6156255916510297 -0.7893073741606115
0.7658229312618897 0.6446054901670066
-0.240983157481033 -0.9715596316286879
0.9665140524516176 -0.26048337070444993
-0.7760398812704545 0.6322682205185856
-0.7353822380084671 -0.6791273547882298
-0.8478078561901562 -0.5321868459312495
-0.7643116158860194 0.6463967464504303
0.6893424620591916 -0.7258153828641082
0.9072279147099723 0.4230112418967081
0.06970641932241957 0.9985699850812897
-0.14729886739627787 0.9901030469924703
0.0791100184857455 0.9978690319752311
-0.44389504958993886 0.8971946193271256
-0.9459003972616363 0.3275262408728172
-0.5416025774016676 0.8418240006984065
0.14871830352900053 0.9898908354942256
-0.4909567745627383 -0.8723316144167611
-0.9796616706162482 0.20558212744638468
0.9933682368664476 -0.12337157689210763
-0.9445638383310729 -0.3313610648782847
-0.8289082956048113 -0.561170239301343
-0.9629950574027059 0.273206001797104
0.7320781197229959 0.6826877958648763
-0.9924736288308283 0.13037291158583125
0.47133145520679254 -0.8830898365017272
0.8959116222245205 -0.44647885186538006
-0.9884156982566549 0.15822581154732399
-0.5129022341335724 0.8596117136363313
-0.7644081088081497 0.6462826341379969
-0.6927639400602323 0.722550429625658
0.5391202786088318 -0.8434158672877429
-0.1714908743892754 0.9862007300753745
0.18578279566634262 0.9836085363773528
-0.9980308305447588 0.07704194495298539
-0.7690421253338989 0.6407614294430647
-0.9172018995191656 0.4009260225009525
0.22679241427279748 0.9749698461123378
0.9036391023748289 0.43062439858792656
-0.00014747364215977941 -1.0009999891366257
-0.9940253151296686 -0.1179604716901513
-0.805606737737332 0.5941370078628444
-0.9494122222391405 0.3172025098622912
-0.31360768024913405 0.9506057136840473
-0.49111375565309856 0.8722432453211137
-0.6336464545790327 -0.7749149441063979
0.6794200664413487 0.7351118100784625
0.18533401512191092 0.9836931954826115
-0.6190107355544289 -0.7866553942282256
-0.6355235090488951 0.7733762793402568
0.40398027152471944 -0.9158607646464685
0.258814958294634 0.9669621592197633
0.5325208762472675 0.8475980865721928
0.7473875114131059 -0.6658925647457888
-0.7123654146145071 -0.7032329031416984
-0.09220436535820227 0.9967443779670349
0.9662186849791643 0.2615768582981578
-0.7235538089872414 0.6917158994125078
-0.5018037634975352 0.8661373926460569
0.980474294098551 0.20167091662395986
0.7078002085376143 0.707827567133486
-0.9656654781165838 0.26361180621108304
0.7610757191532436 -0.6502036217335099
-0.08598723791292572 0.997299952329341
0.6051384301944733 0.797375996818169
0.9487429227875981 -0.31919878831293474
0.6764841832046612 0.7378144413563091
0.7981366923506658 -0.6041347700004849
-0.7609921575565601 0.650301419449021
-0.9048149985438755 -0.42814812671556407
-0.5744147626347715 -0.8197857527837619
-0.8737760153267701 0.48838148515240837
0.9803453452911728 0.20229682144297567
0.8604792453083027 0.5114454696188577
-0.5299162224266493 0.8492289427528186
-0.7695907250631776 -0.640102426098146
0.9957917970314939 -0.10197890450866791
-0.998326912497959 0.07310523772133258
0.7190201035252956 0.6964273764912414
-0.29826933845070736 -0.9555293829810664
-0.6649905778337114 0.7481901706066355
0.0781744074534851 0.9979427649015231
0.8831920865748341 0.4711398287256034
-0.4514293572931704 -0.893427409123917
-0.9518856319807834 0.30970105525901026
0.9009132535109236 -0.4362984181135229
-0.7220733907796414 0.6932611472800068
-0.4699467223227589 0.8838275160788419
0.2742610885337766 -0.962695099871329
0.45462277744117485 -0.8918066663978645
-0.31605792339481953 -0.9497938666149378
0.4591515680953418 0.8894834666904095
0.2848529921808479 0.9596143875774361
0.8961862878892761 -0.44592727815108985
-0.6093738008808604 -0.7941439232280341
-0.3805099480014922 -0.9258580773919411
0.8931085672430994 -0.452059826922254
0.21495783360235704 -0.9776472419911906
-0.644362737324551 -0.7660271945222388
0.7704952101646284 0.6390134044864513
-0.16355311390594887 0.9875481653730454
-0.22159563465030652 -0.9761641125875955
0.7330219869507142 0.6816742379222109
0.3810572920286467 0.9256329403126246
-0.9310168577424021 -0.36770723490225743
-1.000303095342326 -0.03734591608946823
-0.8734950327512062 -0.48888385917206273
0.7792417960153791 -0.6283177725822551
-0.40223397850902254 -0.9166290561251063
-0.9993378998462715 0.05766074861500891
0.049795911130250704 -0.9997606549743334
0.1749179386934815 -0.985598658036436
-0.8970248482308131 0.44423802365003223
-0.03147818992588462 -1.0005049343001713
0.5068547038540825 0.8631913514285174
0.9886847963435338 -0.1565355342379008
0.9041159518675933 0.4296223290036909
0.4233564592773942 0.9070668709572123
0.9763609655707651 -0.2207266746673888
0.5338941701330144 -0.8467337332939913
-0.9368381353344348 0.352612121435295
0.8272151202365914 -0.5636631483891434
0.2602941094071601 -0.9665650400298644
0.9750592709857229 -0.22640763694007893
-0.4588762480019266 -0.8896255330304288
0.6169582763513942 0.7882661259000774
0.46732501944036015 0.8852165419856698
-0.7756929347774597 0.6326938208457006
-0.7740810014616856 0.634664953480239
-0.30172079751467523 -0.9544451583758536
-0.4703400521258299 -0.8836182633729747
-0.3235430273500575 -0.947270240983617
0.013147497707881636 1.0009136542699482
0.28292404235306456 0.9601848708757086
-0.9266489886655915 0.3785797826152849
0.758148286986632 0.6536146991456323
-0.17121419628043313 0.9862488017696373
0.3452961102430483 -0.9395592563808951
0.7819580154285475 0.6249341262141533
-0.8703032227291086 0.4945435274142486
0.9504797233890664 -0.31398932374563926
-0.9182741509309583 -0.39846403066277847
0.8454550876221675 0.5359166864483631
-0.9955879278556763 0.10395036271240517
0.9923591269408737 -0.13124162135979242
0.9728375086921851 -0.2357714607020596
-0.0937709597743993 0.9965982174893692
0.05246743722646702 -0.9996240133324562
0.96859090559058 0.25265125688826506
0.4773242386043167 -0.879865086954136
-0.9702179417615377 -0.2463293435301717
0.703411535808682 0.7121890277807369
0.48850166818644064 -0.8737088303199554
-0.919587946667827 -0.3954225693397505
0.8274609780353817 -0.5633021656524406
0.6907590182035389 0.7244673759186696
-0.7690283111176633 0.6407780089075423
0.03294069999672113 1.0004578503284014
0.999779731243458 -0.049411425751125476
0.9532382092352412 0.3055125471302132
0.5492533946938228 0.83685226200167
-0.5558954152673119 0.8324549761307112
0.8725194003872822 -0.4906229672037556
-0.18690185340072302 -0.9833965106687
0.7873340072961841 0.6181473618441903
-0.08768676615655921 0.9971519598541663
-0.2867647690330614 0.9590448202463818
-0.14709871057760598 -0.9901328038937028
0.608527137224419 0.7947928807314854
-0.8550589587954186 0.5204567003927365
0.9949548387794553 -0.10984474857428636
0.13065136319091808 -0.9924370112487517
-0.9638260606630354 -0.2702597357853636
-0.6486728594093538 -0.7623808244346737
-0.09388286627063952 -0.9965876817524935
1.0001127864023684 0.04213566748599711
-0.5957507024987752 -0.8044141349281575
0.878776296195935 0.479325798642379
1.0008000032771445 -0.02000883406067062
-0.3526199928064737 -0.9368351726281217
-0.1549712319869821 -0.9889311994554711
-0.5011713141262 0.8665034990679598
0.6913182517860794 0.7239337502475202
0.8989364005698258 0.440357068446239
0.9565950415102451 -0.2948337269682907
0.3278536356542695 -0.9457869705109483
-0.33673383679080154 0.9426618286321696
0.14839461763898512 0.9899394110024003
0.23507807190277052 0.9730052929509047
0.6554841648644512 -0.7565325568750846
-0.37604331558098414 -0.9276812086093262
-0.31752818528880034 0.9493033506457255
0.5363619859998914 0.8451726569016844
-0.042264754383809354 -1.0001073395075533
0.9516911639991498 -0.31029812820244906
0.9646702013944247 -0.26723099098278263
0.27714598233644183 0.9618685484382825
0.9600009870631118 -0.2835473590740198
-0.8610647155883465 -0.5104591615092827
0.6655671523536034 -0.7476773138914375
0.29318162364453443 0.957102677646006
0.4277924464951454 0.9049832168176922
0.2442769259536696 -0.9707367220037704
0.9994449491152645 -0.05577448958068886
0.37564489500575243 0.927842612114855
-0.2694953072021077 0.9640400818410206
-0.828472748802082 -0.561813051194365
0.8893138675347321 -0.4594799723713941
-0.9905472023041529 -0.14428180761071518
0.38794592742691164 0.922767011435104
0.3224663208074194 -0.9476373103381517
-0.7120033071886231 0.7035995242696396
-0.8498580713901046 -0.5289066633094084
-0.9930335780624541 0.12603695029823572
-0.9955435521885496 -0.10437449734396213
-0.2432449716010416 0.9709958206865817
-0.3788074916481781 -0.9265559261432714
0.9772459602096093 0.21677484460609991
0.9818919830816828 -0.19465131276187292
-0.7298801082163188 0.6850372454327828
-0.5769483405248363 -0.8180046530219969
0.4085497337525574 -0.9138315572635444
0.2680323297338362 -0.9644478576975803
0.8523040949824109 0.5249559311753832
0.5711824610015585 -0.8220411159085677
0.9041072926100787 0.4296405514488517
-0.9693280793424695 -0.2498080755264713
0.5488511873176352 0.83711610555527
-0.4855219023075389 0.8753681981770121
-0.292551714240842 0.9572954060762774
0.9603010668076549 -0.28252939862619597
0.7188753922815433 0.6965767512428601
-0.8640563614637946 0.5053786740790992
0.9416029106400781 -0.33968361555149107
0.25053707823177185 0.9691399137539879
-0.060890006156488034 -0.9991463392067564
-0.9875001487402139 -0.1638427790232318
0.030440623528356057 -1.0005370400136142
0.9319588651185856 0.36531311737587235
0.8066713213244323 0.5926907957381273
0.6271881713759062 0.7801512659004963
-0.7413237865278431 0.672636635582705
-0.8713164250971371 0.4927562149338606
0.9670523186194314 0.25847787729858346
-0.36385333811579323 0.9325297573493267
0.3186925351642208 0.948913098250099
0.11635648688434103 0.9942143470901706
-0.5248141941820776 -0.852391378173792
0.45592317420628403 -0.8911425583045994
0.5333166635332452 0.8470975955565966
-1.000236715274175 -0.039083416144562226
-0.5332439141343934 0.8471433928436387
0.2734977972855659 0.962912225947902
0.7180693450641666 0.6974076395330917
-0.2501702448759448 0.9692346715727362
-0.9800502849085421 0.2037214742011394
1.0009133389656701 0.013171479817902395
-0.6816771881475407 0.7330192433758218
-0.8244091643196025 0.567759218142563
-0.45684526369738543 -0.8906701999265869
0.16298312145831179 0.9876423958699349
0.7995867906899569 0.6022142178279546
-0.7792451518094611 0.6283136106925028
-0.4241205861620765 -0.9067098369343616
-0.9969030075360635 0.09047316489186824
-0.9588295759211346 0.28748364186314546
0.9993208579017024 -0.05795535318333885
-0.8181041815720437 0.5768072018398666
0.8969634528316224 -0.4443619743906694
-0.8417152891784345 -0.5417715126907877
0.950283236531759 -0.3145834871170528
-0.8632691151653247 -0.5067222462076018
-0.9563831163748636 0.29552044719968873
-0.906427947044957 -0.424722705792691
-0.48115874056757263 -0.8777740406137716
-0.24362071605239352 0.9709016153607527
-0.8767311339458357 0.48305643435322254
0.2954647554110248 -0.9564003232485355
-0.10579557681497437 0.9953935382181195
0.11980601143409599 -0.9938045681240619
-0.49657803738942263 -0.8691439770155859
0.9094238928050716 -0.4182692711582691
0.7084993104766227 -0.7071278010756967
-0.5390147817359041 -0.8434832927036526
0.4713226908690628 -0.8830945142349973
-0.9825399622222701 -0.1913536585389992
0.8196879690918087 -0.5745542910170858
-0.9927930630731295 0.12791768413269886
-0.9644668960953792 0.26796381534853764
0.6325723170789539 -0.7757920234607748
0.9067642995966847 -0.4240041332073708
-0.13658414279047668 -0.9916379238099915
0.570937904802526 -0.8222109880436418
0.29896504747923236 0.9553119387853061
0.9410744085529051 0.34114506821409535
0.025962792682745293 1.0006632467499308
0.9975307031807802 0.08326761802560693
0.8434955305355928 0.538995630748969
0.16526629144677638 -0.9872629097213311
0.8043958627349092 0.5957753737902912
-0.8068194614567162 -0.5924891194061663
-0.2978318375007221 -0.9556658393868348
0.9979125506863364 -0.0785591572172855
-0.9918431815186143 -0.13508554058459823
-0.5855818142954498 0.8118466226858675
0.8572918300124054 0.5167704695452141
0.6767811072484313 0.7375420888814328
0.9535270151269111 -0.30460996606014623
0.7892177581358913 0.6157404731239922
0.7128806319812752 -0.7027106122337827
0.9947032799719907 0.11209988765812137
-0.13851678932776015 -0.9913698094426363
-0.9303108309021678 0.3694898617095174
0.6587556099170313 0.7536856416323985
0.548123163635797 0.8375929784124776
0.9069657886402154 -0.4235729668383385
-1.0008666128079953 -0.016340849618376653
0.4784627847442805 -0.8792464748946954
0.2887765117150585 0.9584409873756875
-0.6666637740403883 0.7466996801808784
-0.921801029174361 0.390235650105278
-0.887550327464675 -0.46287732307529195
0.7096976088878633 -0.7059251404638098
-0.6770466801925907 -0.7372983065491142
-0.05528280074594659 0.9994722667196344
0.9360570428981865 -0.3546804370707563
-0.3411721672502056 0.9410645845497522
-1.0009563966502426 0.009343019049646094
0.9532934674950679 -0.30534008061705536
0.8127818573140281 -0.5842830242452358
0.1778958854072618 -0.985065507443625
0.9547650452707677 -0.3007070141002847
-0.9981621798523722 -0.07532106420092957
0.9948362781561996 0.11091338812028366
-0.7173795169635475 0.698117202653786
0.7955315727725983 0.6075611217992442
0.2721779184385171 -0.9632861364695726
-0.320945203891504 0.9481535614545995
-0.9858337859269519 0.1735878639909269
-0.4319085293349779 -0.9030260363287963
-0.8303523912599933 -0.5590312212469094
0.887716574717279 0.46255841033562617
0.582400190223808 0.8141320644878645
-0.9591828530514804 -0.28630273210715634
1.0008254341917424 -0.01869358913933796
-0.8273494976154576 -0.5634658896467912
0.08020000375224605 -0.9977820199813884
-0.937187253643143 0.3516831693567708
-0.06767584746327872 0.9987096573429772
0.9411147919287337 0.34103364703931516
-0.974399703428302 -0.22922961841532843
0.1566195480248299 -0.9886714910305131
0.9318659600824204 0.36555004095153487
0.003457527952394214 -1.0009940287036974
0.9543917099856872 -0.3018898208131502
-0.4752746445787168 0.8809738998520753
-0.7153947964893026 0.7001509017033607
-0.1410522514837606 0.9910122412722066
-0.05300266929977034 0.999595776825362
0.6439675575569335 -0.766359435783339
-0.8414136149724026 0.5422399178768319
0.1263388790970407 -0.9929952102747038
0.9819476906847435 0.1943700922438923
-0.9441969457062661 0.3324050657239721
0.5908772314093935 -0.8080006790850922
-0.3571969312964428 0.9350996483115607
0.6214294428650883 0.7847461038707908
-0.9702876549311831 0.2460546010302298
-0.4725589864267339 0.8824335693678804
0.7749861079976846 -0.6335594150595515
0.9951100710190854 0.10842945428429865
-0.6459179131536842 -0.764716319603021
0.860238162743116 0.5118508604665506
0.7098647302266761 0.7057570862415824
-0.31934197446749457 0.9486947366477808
-0.9948832066641408 -0.11049165171032811
-0.7784180325368258 0.6293380384352253
0.9977488237389971 -0.08061193911231648
-0.3977487433762611 0.918584202532683
-0.7321465198429473 0.6826144398427714
-0.8100495053206298 0.5880653015863145
0.928527230878182 0.3739494371137565
-0.2807534911957288 -0.9608217718085961
-0.8309791683252493 -0.5580991146825776
-0.9943660257100453 -0.11505306129612394
-0.5369001877233119 0.8448308637962231
-0.7989445631851321 0.603065987232673
0.14673164068240072 -0.9901872679562442
-0.7404707457351429 0.6735755894555869
0.07107411631184726 -0.998473570000974
-0.8128989181500115 -0.5841201493447569
-0.49780419705484963 -0.8684422729200695
-0.8997673200274939 -0.438656779054583
0.7031801461477901 -0.7124174914076524
0.5249797966066221 0.8522893951908997
-0.9957642838440103 0.1022472054416417
-0.27123144397203297 0.9635530622653046
-0.5555024619058389 -0.832717247819782
0.6720522953910149 -0.7418535652402486
0.6128718556073474 -0.7914474642099795
-0.9377039584721523 0.35030313482133757
-0.7748131325127969 0.6337709441791308
-0.46201820255579773 0.8879978493820296
-0.4892048250245493 0.8733153148621063
-0.46491596414914216 -0.886484148915971
-0.07766159912286724 -0.9979828034699191
0.9652590956763141 0.2650959792492984
-0.4889841567442838 0.8734388899362575
-0.21156439703322732 -0.9783871963123633
-0.6305989683143308 0.7773969006632979
-0.9996439892819762 0.05208545567062062
-0.8677331655561981 -0.49903923031543285
-0.5637693941544064 -0.827142714538896
0.2435505503552759 -0.9709192187930169
0.6136720805751381 0.7908271476894184
-0.5274699971646266 -0.8507504934416135
0.6899620074880305 -0.7252264668523115
0.9077304236498505 0.42193184044400217
0.7161413875173825 -0.6993872411509079
-0.7508301824364775 0.6620083361577903
-0.9870107053885496 -0.1667659061331114
-0.4296571484528694 0.9040994053661073
0.9689624334309728 -0.25122261562114107
-0.33145371416893027 -0.9445313310651061
-0.9758118574590128 -0.22314170126265356
0.05579773315349595 -0.9994436517257645
-0.7792014070330195 0.6283678598382978
-0.9423868318649246 -0.3375026801783809
0.9701534421361839 0.24658324904849876
0.40742575370108747 0.9143332298572008
-0.7809588852591186 -0.626182257441741
-0.8615671120480453 0.5096107450174016
0.9777243365174713 0.21460690059145496
-0.9745688045992338 0.22850961708869175
-0.48881019991690533 0.8735362548041122
-0.6211841501884255 0.7849402853432124
-0.9927577680300134 -0.12819131802141004
0.588285365555549 -0.8098897015477936
0.667821466418056 0.7456644613975091
-0.5417043887439781 0.8417584898386906
-0.9532248884263539 -0.30555410663999455
0.8679581673925129 -0.4986477911879594
0.9907793458092649 -0.14267896802880659
0.19017048714131854 -0.9827696504371884
0.9074153100266807 0.42260910440877014
-0.4877251491806862 0.8741425392100978
0.2942608226093113 0.9567714294842271
0.8394229856305769 0.5453164688463462
-0.7628875909516962 -0.648076788329838
0.3629325435883869 0.9328885082390411
0.8381031470832313 0.5473427763743517
0.9601233532751701 -0.28313273653119464
-0.028299253952160805 -1.000599896175165
-0.9576396442388331 0.2914229088148723
-0.2552930251993134 0.9678979653272254
-0.8508738074593744 0.5272710534246949
-0.9326938487255455 0.363432503430182
0.3192626990366776 0.9487214180168043
0.09862901825901393 0.9961291667034265
0.6291809421137446 0.7785450160914658
0.15580880889270834 -0.9887995828637043
-0.07302407015444674 0.9983328528993115
-0.6196836359133535 -0.78612542980189
-0.05118209412418308 -0.9996906487714404
-0.9978475025082617 0.0793811170116962
0.9398719505922573 -0.34444406873962186
0.3310922786968665 0.9446580878748227
0.13490589862139582 0.9918676315502758
0.7390639163007858 -0.6751188988779273
-0.9446304830607076 0.33117102903559376
0.9280620025307629 0.37510254525741393
0.8044609795497036 0.5956874452109353
-0.9940728103888155 0.11755954935981314
0.8811418297012553 -0.47496323642017185
0.0049086885494723075 1.0009879643515822
0.6563789058493537 -0.7557563972312806
-0.24616860712952504 0.9702587370716688
0.06485100743363183 -0.9988970651848182
0.9985288215874432 0.07029361606285481
0.627671140302268 0.7797627457320917
-0.2703262356938854 -0.9638074114134909
0.46014475264314775 0.8889700819571918
0.08474072893804152 -0.9974066416758259
0.44786338687132776 0.8952203006523832
-0.8560311276838017 0.5188561538966256
0.757643581325556 -0.6541996665209985
-0.43635295620582665 0.9008868395145063
0.992416820593719 0.13080464136510564
-0.650112023617279 0.7611539638918308
-0.7997255229652134 -0.60202997260769
-0.7088096944912731 0.7068166784925127
-0.32350061125838514 -0.9472847272681277
-0.6976126897880707 -0.7178701380101091
-0.9496359590536234 -0.31653206041774823
0.4618680288731447 -0.8880759674176731
-1.0009731622255489 -0.0073299730003035645
-0.44611508228386154 0.8960928151474397
-0.8138811355505218 0.5827508019685543
1.0009566307807236 -0.009317901915247626
-0.7160983347074104 0.6994313225966319
-0.8425132850901693 0.5405297072747909
0.9544173961340887 0.3018086048419196
0.08288869563263955 0.997562260781912
-0.15277620297189343 0.9892726781860959
0.9940195518757351 -0.11800902714946333
-0.4054678668538927 0.91520315173679
0.41656550317541957 0.9102055710465683
0.26842474412522693 -0.9643387147373615
0.23679927158814187 0.97258783920802
-0.853228688103721 0.5234518180279855
0.9702249111152006 -0.24630189169289982
0.505197774633371 -0.8641621424857083
-0.5846715176929481 -0.8125024408570258
0.808323208531944 -0.5904359326367455
0.8748162001903979 0.48651579201957446
0.0014697135568388386 -1.000998921049399
0.24681906129668088 0.9700934753829783
-0.7954365131353033 0.6076855713040671
-0.711514092498844 -0.7040942381354547
-0.7990953042494766 0.6028662328630094
-0.5445338784913611 -0.8399308633305217
-0.7591046446107629 0.6525037459895286
-0.9784389682454775 0.2113248338902112
0.7875654929986585 -0.6178524048976259
-0.8694652077141714 0.4960153753408787
-0.411718522693871 0.9124082737847002
-0.4329814805284164 0.902512070567159
-0.6099040540976013 0.7937367603905656
-0.7825608575059816 0.6241790642912519
0.655150540838889 -0.7568214907351081
-0.9389060198756215 -0.34706841665775195
-0.8943217401305623 0.4496550067883631
0.8088722540860362 0.5896835393410391
-0.9723964831089938 -0.23758383707074895
0.8815147036197084 0.4742708374992686
-0.9426519117101207 -0.3367615972008309
0.9760296724877189 -0.22218703477817098
0.3967839215917503 -0.9190013708184943
0.9831469228766958 -0.18821032925449221
-0.9135843084714567 0.4091023237708757
0.6350490652495685 -0.773765910806136
0.9892256017125862 -0.15308072679593504
-0.08798060187069502 0.9971260771309063
-0.6575057882682961 0.7547762174271831
0.3034735742610023 0.9538892963679024
0.8282374897506021 -0.5621598176422977
-0.15786789936659143 0.9884729264626217
0.5905178792792297 -0.808263344617063
0.9998101250465137 0.04879255941713643
-0.9000403672695773 0.438096264861097
-0.4724637686497839 -0.8824845535833721
-0.6717725259268923 0.7421069150801675
1.0002537553831676 0.038644855309215666
0.24084833244282156 -0.971593063354979
-0.8518130300566986 -0.5257523769091548
0.534991664785511 -0.8460407310585155
0.33980512583498307 0.941559066897171
-0.888287466110646 -0.46146113330455896
0.10784641471115934 -0.9951734275160027
0.5195841684237475 0.8555894412178091
0.6689044501363667 0.7446931157112741
-0.7649764070932402 -0.6456098640748275
-0.2914793928261729 0.9576224535576041
-0.238416279329942 -0.9721927163636164
0.8201814242622995 0.5738496591399753
0.38372021488780356 0.9245322042451836
-0.22036094640182258 -0.9764435740486458
-0.8544992632724783 -0.5213751135859783
0.9842020063702023 -0.1826127341038091
-0.36661684871359956 -0.9314467704809061
-0.9988871983595329 0.06500280727355776
0.7596518966268324 -0.6518665476546992
0.9862557515088546 -0.17117415872644007
-0.4151444661619688 -0.9108545834627467
0.7783591383349333 -0.6294108767494411
0.80758271519495 0.5914483562563619
0.7842425138632395 0.6220648514821157
-1.0005087664937886 -0.0313561504186577
0.530986541362337 -0.8485601292142254
1.0001087976761533 -0.04223023574122178
-0.9718662068050937 0.23974377170278874
0.593841743308953 0.8058244125762035
-0.906827240928456 0.42386950245338967
-0.5847994035032706 0.8124103997747807
-0.09565131193360668 -0.9964195032843245
-0.4712178695552047 -0.8831504511757066
0.2864517219852234 0.9591383690436434
-0.5971021269241745 -0.8034115072754603
-0.6746341060671944 -0.7395064725415981
-0.9718519328628132 0.23980162758166146
-1.0009782423885658 0.006599868536395362
-0.8077445871882696 0.5912272675275151
-0.41183312937851707 -0.912356549571656
0.9580364958892319 0.2901156192697692
-0.356897266108483 -0.9352140618298523
-0.9283152075082879 -0.3744754671655333
0.06383259426474103 0.99896266191957
-0.811675375999943 -0.5858191563915875
1.0000081951724584 0.04454895720353412
0.9765801242661086 -0.21975500196444162
0.6431008246690141 -0.7670869111841461
0.8624893173031741 -0.5080484007827447
-0.7099054460973052 0.7057161310338499
-0.8987400293465923 0.44075771082317594
0.840637639104901 -0.5434421401769818
-0.2332190807496073 0.9734525465446727
-0.6052031900196752 0.797326845647385
-0.2388961806333828 0.972074901887083
0.046167628610516785 0.9999347729069539
-0.9743554076608548 -0.22941782747216824
0.5693309191225434 0.8233245438653459
-0.8405472389045592 -0.5435819525792976
-0.8253200092213295 0.5664343584025465
-0.044867407901489395 -0.9999939578358468
-0.5156600831127844 0.8579601847895485
0.12613913420479755 -0.9930206034227408
0.8053745383557286 -0.5944517246743397
-0.9962882341849654 -0.09700904300426547
0.7531061937446286 -0.6594179713531304
0.9555880700853369 -0.29808126460846457
0.013751517405822549 1.000905537885088
-0.6509011761538072 -0.7604792297502875
-0.8886428515922203 -0.46077639079497895
-0.9925607139731024 0.12970824598769765
0.9744184134571952 -0.22915007203918292
-0.9231648546150142 -0.3869982573651201
0.6615027076385078 0.7512756935951828
-0.9967547661125776 -0.09209199873963296
-0.7970215274559413 0.6056052218828684
0.993597669364688 -0.12150996433651194
-0.6255088849201206 0.7814983268606448
0.9971836140938808 0.08732605443203122
-0.8045560480954537 -0.5955590360938419
-0.05685867994441613 -0.9993838554404301
-0.4628757518470055 0.8875511468935575
0.1700319863889349 -0.9864533053341314
-0.8376483889929295 -0.548038480781733
0.38779268349796064 0.9228314226474142
-0.7594773306848847 0.6520699227657739
0.6607891662883884 0.751903369932531
0.6862759523624236 -0.7287155255715693
0.32635104663683706 0.9463065012769599
0.9415823973733386 -0.33974047294468196
-0.2701919374916332 0.96384506893718
-0.47120246065797405 -0.8831586726460146
-1.00059069960534 0.02862257611215619
0.4115310211042512 -0.9124928595166607
-0.9851719999931464 -0.17730519008056117
0.322435880722951 -0.9476476680826134
1.0004261342538077 -0.03389026264256983
-0.0011894018138389607 -1.000999293368045
-0.6493578818696493 0.7617974410916347
0.7489616190024034 0.6641215952378743
0.920469627704295 0.39336581508046253
0.5590260436480053 -0.8303558770330095
0.8203793236173433 0.5735667052585516
-0.6024035982551743 0.799444122380807
1.00036984247783 0.035513071690320606
0.95877807503431 -0.2876553542583606
-0.9393151959322257 0.34595948128473736
-0.964659131282402 0.2672709494753991
0.8558318581769964 0.5191847749398181
0.9497387668189772 0.3162234570697886
0.06867604121428858 0.9986413777543635
-0.8956035452891897 -0.44709651045991655
0.5442495457202824 0.8401151301954193
-0.6807420699363261 0.7338877531467642
-0.5058812164769576 0.8637622328024035
-0.4223434817712436 -0.9075389707364325
-0.7743651982852797 -0.6343181691269764
-0.5526620180982841 -0.834605112464291
0.7627597656293613 0.6482272286297773
-0.21497181729681505 0.9776441672551955
0.8836120503332296 0.47035172425101834
-0.7058776942061707 -0.7097447997852324
0.9662789983777342 -0.26135396934831995
0.0566475408620462 0.9993958455558452
-0.6956955551124049 -0.7197282088377825
-0.37523784058849596 -0.9280073076169618
0.21495291758736387 -0.9776483228751942
0.9020261023124965 -0.43399298467478215
-0.9277596941906303 0.3758496372690921
0.8353850136781092 0.551482437546315
0.867508010807523 0.4994305268851459
-0.9788363576236031 0.2094764545101852
-0.5198889959302782 0.8554042505801611
0.991193644629332 0.13977180991323493
0.8943389295004733 0.44962081711142726
-0.7690465518781753 0.640756116665529
0.9937561243836266 0.12020717636661311
0.48209724001130333 -0.8772589419170852
0.973477902530777 0.23311321988312697
0.948086747139671 -0.32114252271867927
-0.9110395629252876 0.41473836907730244
-0.39200676941642276 -0.9210492346947038
-0.5646314241560763 0.8265545080970044
0.8451810682827817 -0.536348731532364
0.7907552104280775 -0.6137647734929456
-0.6618222671057515 -0.7509941988877167
0.7675033599229489 0.6426037601095906
1.0009962962707053 0.00272302264596428
0.9883784154479205 0.15845853677431795
-0.9937603049125571 -0.12017261077342727
-0.988072122637336 -0.1603573523944231
0.4093786930128408 0.9134605003540648
-0.47307687075104227 0.8821560374221794
0.5234858776353425 -0.8532077917578784
0.9481421243541808 -0.32097899000579644
0.9647972995741901 0.26677175775248474
0.361308215911771 0.9335188124053275
-0.9711498829986716 0.24262915066344865
-0.9983720692456187 -0.07248593898282242
0.7034450469483287 -0.7121559280971154
-0.5855565689814417 -0.8118648314360477
0.896465879711223 0.44536493633152463
1.0009715422898242 -0.007547948458416479
-0.49598994789102907 -0.8694797131566983
-0.041899385699306985 1.0001227132097443
-0.3676310179887924 -0.9310469561802586
0.8743296943733838 -0.48738956240049436
-0.3983141972205159 0.9183391531959073
-0.9859415670707693 -0.17297464069058124
0.9969153222672911 -0.09033736894941846
0.3565853561289697 -0.9353330336272614
0.7548360620759847 0.6574370839780944
0.7972378442858631 -0.6053204272436458
0.8184766296042519 0.5762785843597383
-0.2921845914139613 0.9574075227092466
-0.7238252010149893 0.6914319043663016
-0.9873786198354754 -0.1645735734915903
-0.40053396696228516 0.9173731745094006
0.7711674118521612 -0.638202023576578
-0.8095794808809351 -0.5887122082448738
0.7181707595238757 0.6973032053310092
0.20743719980209305 0.9792705489997473
-0.9120874870998645 -0.41242867974457664
-0.7738736880043459 0.6349177230276002
0.9797801741540237 -0.20501660989956655
-0.26568996554544355 0.9650957684128871
0.4643295969699309 0.8867914215742851
0.818932679980279 -0.5756303203101085
0.47447297539974853 0.8814059198889633
-0.9512100571547955 0.31176983043195633
-0.8927915705545907 0.45268555482439166
-0.07815840418422929 0.9979440183975123
0.22915554319508874 0.9744171268111843
-0.1998886976876252 0.980839185869297
-0.4934061466526797 -0.870948548678597
-0.6392846496250386 0.770270171273555
-0.11360749303826917 -0.99453222045621
0.9432712901157374 0.3350227951101122
-0.8993416556761208 0.4395288231341988
-0.5677141473081784 -0.824440202165171
0.9949388652130559 0.1099893380676361
0.8173219641121657 0.5779150516986313
0.5818239927119385 -0.8145439469449994
0.11851217121123159 -0.9939596899647388
-0.19866984885586997 -0.9810867908373784
0.8677393316542598 -0.4990285085044927
0.8036193948438318 0.5968223087576682
0.8916003806925512 -0.4550272092401705
1.0008155195870776 -0.01921706933035909
-0.9350930231622447 -0.3572142746773896
0.34082945253237606 0.9411887612410599
-0.7459247406701901 -0.667530734315739
-0.6208709495633286 -0.7851880437120338
0.08131663690037935 -0.9976916380140769
-0.9751834735397659 -0.22587207205610146
-0.2857484745914646 -0.9593481168317637
0.8820290446769777 -0.47331360042388176
0.7614065228377522 -0.6498162101549356
0.3296352967374052 -0.9451674831186496
-0.1913811283998914 0.982534611956436
-0.44978325849710676 -0.8942572450786882
0.0027648491613560247 -1.0009961816156518
0.05791567492753287 0.9993231582414611
0.18258749599007734 0.9842066888149428
0.48680083739344343 -0.8746576157063072
0.07868685587606745 -0.997902489581191
-0.6977941169270254 0.7176937859435825
0.2565995347691045 -0.9675524165420079
-0.6891320930808846 0.7260151226289704
0.8540312443455429 -0.5221413924231669
0.9982768602926632 0.0737855690783956
0.9708137532402245 0.24397060585166508
-0.3832897650968641 -0.9247107417846895
0.38872774808248345 0.9224379317172084
0.59134643498206 0.8076573492725788
-0.9908314125046063 -0.1423169420488184
0.09496204364087467 0.99648542902922
0.3925633395784776 0.9208121547954244
0.6175117784343022 0.7878325986495516
-0.3969772211265796 -0.9189178885551302
-0.3095203224455336 0.9519444153905274
-0.14011276760903502 -0.9911455051368273
0.7068113913212816 0.7088149667568217
0.8822777846290417 0.4728497760918051
-0.36367856267706467 -0.9325979321492968
-0.9836189756893866 0.18572751724976522
0.04449774785939968 -1.000010475162856
-0.3728828777856556 0.9289560589469708
0.9488746431342291 -0.3188070131237542
-0.9514824969604838 -0.31093738594424924
0.3489736667281865 -0.9381995416382832
-0.7448200370993108 0.6687631212435247
0.022846724096557018 1.0007392403608724
-0.9012817348934893 0.43553671986111814
-0.9997030809066009 0.05093868889017718
0.9397319751224708 0.34482577475069953
-0.9539847432444029 0.30317339866306
-0.41227010789322144 0.9121591736850052
-0.524539782603834 0.8525602714564658
0.7855236207392854 0.6204463242381595
-0.7937331614548225 -0.6099087377689654
0.8640410625258547 -0.5054048300809876
0.8614754876308233 0.5097656169370736
0.21531188082901795 0.9775693294973358
0.3665471847340542 0.9314741871697461
-0.6589619816693986 -0.7535052134619502
-0.7966777402881764 0.6060574049785423
-0.594954715673313 -0.805003034962035
0.867414503507335 -0.49959291338561185
-0.9500637589186905 -0.3152457041567548
-0.3362611697615705 -0.9428305392331011
0.994620285771811 -0.11283389176661855
0.1048709072322366 -0.995491382592681
-0.9655248975251964 -0.2641262430334384
-0.6967094092703718 -0.7187468254080358
0.9806696912059457 0.20071860090692928
-0.2861110585689519 0.9592400440789332
-0.9910908685830012 -0.1404987196076607
0.5405363767296569 0.8425090061429458
-0.9992919239312097 -0.05845212370702571
-0.9887767216239225 0.15595382257145263
0.9998963679936759 -0.04699205542488707
-0.004985378469389767 1.0009875853383583
0.24918907158635892 0.9694873937302787
0.6724501159448296 0.7414929814676504
0.49155911473821684 0.8719923375338688
0.6926460767060594 -0.722663415722495
-0.9427130363277024 -0.33659045015835487
-0.2883824854674595 0.9585596184252758
-0.8137202336714683 -0.5829754551554045
-0.21853380641672282 0.9768541218897622
0.9768581095754997 0.2185159805519517
0.8791856841794008 -0.47857447981897133
0.3472172781226859 0.9388509795345976
