1000
0.9780472489151104 0.21313042694459206
0.9330933242265786 -0.3624056405242513
1.0007341689414548 -0.02306779384891084
0.46499614589933974 0.8864420930318911
-1.0009806168246154 -0.006229345183270822
0.8417871091052376 -0.5416599144705531
-0.639606938222061 -0.7700025743971253
-0.6943667132472437 -0.7210103102828835
0.13071377423824132 0.9924287930246654
0.6780073437553669 -0.7364149929311541
0.498239634128017 -0.8681925287538357
-0.6907134432422121 -0.7245108276102487
-0.988205135875873 0.1595356055197311
-0.4085108564249471 -0.9138489372883005
-0.7659335491354672 -0.6444740478163158
-0.9962827656288735 0.09706518897567198
-0.2614333635977219 -0.9662575207458834
-0.7663500768255821 -0.6439786951052219
-0.9115438332633468 0.4136288675123677
0.9804898198936544 0.20159541930537345
-0.7635262735123246 0.647324207531576
0.9315354201182767 -0.36639154065707574
-0.22347638713558732 0.9757352634771509
0.9969235366255946 0.09024667374433679
-0.054658350871911045 -0.999506610623443
-0.2989334156595118 -0.9553218373941516
0.37436953975481274 -0.9283579308132018
-0.9501055209409541 0.31511981701809566
0.7466258445978939 0.666746464691401
0.8392788593729442 0.5455382628282363
-0.7341250562396271 0.6804861510722788
-0.16680286389074084 0.9870044602725192
-0.742029401281513 -0.6718581454695621
0.947197612615308 -0.323755590926027
-1.0007548038618836 -0.022154515281600933
-0.5264434149945767 -0.8513861232183949
-0.9043998920887548 0.429024282750812
-0.9918980776950762 0.13468186019213016
-0.8102441832669207 -0.5877970427640143
0.36550879455992025 -0.9318821390601679
0.6120060357750857 0.7921171707360374
-0.392466520229036 0.9208534250896347
-0.32542676499348727 0.9466247517500658
0.823515904509432 -0.569054087956507
0.0774039657492412 -0.9980028186765257
-0.8356345160427612 -0.5511043055520255
0.7921681101754153 0.6119400993733871
-0.4217751363716492 -0.9078032464904919
0.9941880622867917 -0.11658085952005334
0.9703778801112329 0.24569853436850161
-0.5581710791672948 0.830930831285744
0.985563758132357 -0.17511447300558855
0.5055968466226061 0.8639287173634623
-0.0736258189991515 0.9982886550375618
-0.7493547040414779 0.6636780300197598
-0.9089671616814724 0.4192608960834864
0.800467257259756 0.6010434011409189
-0.6297988878400824 0.7780452177575512
-0.6797031886085341 0.7348500359906037
-0.14272069742449073 0.9907733355953151
0.9545477377592702 0.30139611201649474
-0.3419303562099644 -0.9407893661719008
-0.13297712535734438 -0.9921280583330445
0.4501615920507839 -0.8940668549064458
-0.7731267322125969 0.6358270644902366
-0.4725334406912351 -0.88244724909113
0.5224970301704779 -0.8538137112175176
-0.9000862770275201 -0.438001933679223
0.5969124533075202 0.803552439537332
-0.08898190847645987 -0.9970372209521001
-0.6244029853458887 -0.7823822032045092
-0.13691997243114076 -0.9915916100640705
-0.5822400280562838 -0.8142466148096766
0.6200855345919672 -0.7858084561709642
-0.9846668177829826 -0.18008958314443016
0.9243441341652501 -0.384173036058355
0.9567087694145864 0.294464480922959
-0.11673350463424398 0.9941701508775079
-0.892632557679489 -0.4529990253527857
0.9940357428853391 -0.117872566216198
-0.8548560589965757 -0.520789898516516
-0.8852505163214 -0.46726065889682467
0.6019246001737925 0.7998048360103982
-0.42002444615930223 0.9086145853047768
-0.43700650931286755 -0.9005699921817197
-0.4091644035477658 0.9135565066646951
0.06876930986562703 0.9986349593423041
0.9816106605843665 0.19606506835008533
-0.08702772269815627 0.9972096948395421
0.4826130706192194 0.8769752699292542
-0.7876461202338911 0.6177496169812642
0.8884301767321273 -0.4611863192590615
-0.8912651680710875 -0.455683442954883
-0.024131662086008674 -1.000709080045228
-0.5079658037363254 -0.8625379656771689
-0.9339483261855543 -0.3601965075000051
-0.9554012244819383 0.29867959464686067
-0.662190622452762 0.7506694209408185
0.8478702418527528 0.532087448621516
0.9363296998562229 -0.3539600163396362
-0.17028707075691757 0.9864093032474038
0.9422214858607563 0.33796400930032267
-1.0009848512646053 -0.005507044468295471
0.5482640523938422 -0.8375007634937907
0.5962474591627982 0.8040459983371021
-0.8585268873853624 -0.5147160223233791
-1.0003864040181656 0.03504343955155262
-0.9640988106410876 -0.26928513386453434
-0.9953480152921997 -0.1062230128262186
-0.9904138800460979 -0.14519416727965917
0.8131398464816469 -0.5837847120846894
-0.2836626593695299 0.95996692426323
-0.7617227185958607 -0.6494455327238238
-0.9769663702161704 -0.2180314460499691
0.6538402467309116 0.7579537794317412
-1.0008241175971695 0.018763945103493603
0.988831988542729 -0.1556030155062305
-0.40850323952059353 0.913852342176339
0.9973331865258156 -0.08560090568599514
-0.42459468775088993 0.9064879211184913
0.9391920300761502 -0.34629370574909374
-0.8945661262225877 -0.4491686162401746
0.09543614893213886 0.996440134417017
0.6899400061565039 -0.7252473977235377
-0.9182170266526635 -0.3985956497067447
-0.9510138317456042 0.3123678789961343
0.5183542643792156 -0.8563351310088138
-0.742330668798145 0.6715252624895794
-0.9088003577975868 0.4196223417157126
-0.052648397066478655 -0.9996144988375921
0.7569136669243205 -0.655044044949024
0.6349007584716699 -0.773887606110925
0.4965397335697264 -0.8691658604584657
0.7976885647916058 0.6047263460448107
-0.9742643714053011 0.22980412226553634
-0.9867995009092443 -0.16801114547930016
0.686440239019473 -0.7285607718336808
0.7215056589789836 -0.6938519900247478
-0.7253339828650109 -0.6898489786186394
0.9897996017317017 -0.14932430616535458
-0.4153887189174207 0.9107432196816752
0.7803472318865543 0.6269443338024455
-0.5610049776963476 0.8290201535547375
-0.9562187372286355 -0.29605189844497487
-0.5300801940748308 0.8491266029571737
-0.9145550592383206 -0.4069275655710631
0.03407887263633678 1.0004197271344846
0.9909183348689359 0.1417104569909204
0.9699515427740059 0.24737624111932424
0.7535364549558312 0.6589262561566344
-0.9915534742874653 0.13719587321948493
0.9893555811502966 -0.1522384118636249
0.6287965801018821 -0.7788554813649176
-0.7049518428183273 0.7106644069510196
-0.6275440731352199 0.7798650115711422
-0.9959866492221018 0.1000579560621246
0.1713727723667079 -0.9862212596021992
-0.09602928952670799 -0.9963831469635542
0.3060971769652679 0.9530506378225102
0.5405905532640751 -0.8424742451384737
-0.6487474396419249 -0.7623173614434128
-0.19937111500201332 0.9809445236621968
-0.8370724805628909 0.5489177190474807
-0.2781575640294575 0.9615765021948063
-0.7554980583526435 -0.6566762397295836
-0.27334056344323376 -0.9629568715038777
-0.09469767080392523 -0.9965105875726115
0.3101111951874788 0.9517520930470252
0.6954040504214384 -0.7200098656667544
0.636474321579546 -0.772593967080935
0.587234322141544 -0.8106521145959968
-0.7839883171659937 0.622385185031933
-0.16300765082134006 0.9876383476625987
0.626808045215322 -0.7804567088912406
1.0007111224631204 -0.024046816392233657
-0.9986158123640699 0.06904679063105477
-0.229451702630107 -0.9743474309301302
0.9696999083370558 -0.2483608015994184
0.5673154592554197 0.8247145989309346
0.8422698099400676 0.5409090193956119
-0.7815859371253656 0.6253994106871736
0.04870698323832896 -0.999814297649229
-0.9842471359103542 -0.18236933802661218
0.7319980462216736 -0.6827736523384983
-0.986186334708367 0.17157363793565952
1.00099982940264 -0.0005844107162096619
0.9471745274392306 0.3238231223527286
0.9819747661791346 0.19423325819085124
-0.6545745766375456 -0.7573196971027348
-0.9421736396105325 0.3380973718073576
0.9491965817604983 0.3178472104237914
-0.2672732850948735 0.9646584841665958
-0.6805869211279181 0.734031636095898
0.9478943567303666 0.3217099446375949
-0.747139565479011 0.6661707511560642
0.10750133522482677 -0.9952107630672407
0.3589851362318873 0.9344146145927799
-0.5698512466522442 -0.8229644929697046
0.8466862954283477 0.5339693971884725
0.7614976596504521 0.649709407617655
-0.39271983694170837 0.9207454206633221
0.7866421319300907 0.619027589266005
-0.6988150400145052 0.7166997557202914
-0.35417091843600557 -0.9362499455456306
-0.4751910677908163 0.8810189833890208
0.9371878394039197 -0.35168160838095114
0.5443135998664542 0.8400736307017508
0.01513019880305268 1.000885646357355
0.32513507366664274 0.9467249779486051
-0.602481006975447 0.7993857868600438
-0.9953142551267328 0.10653888276829775
0.9488628570146197 0.3188420903488959
-0.4714781910574832 0.8830115035248202
0.9673049537102145 -0.2575308263639127
0.6957441150542308 -0.7196812672061189
0.5353448867269284 0.845817268832537
-0.9011433519233328 0.43582296782567614
0.6618925647612817 0.7509322424251955
0.9946021272785901 0.11299384236719817
-0.686192424483544 -0.7287941798487387
-0.9220687686032802 0.38960260005091124
-0.2804213679999551 -0.960918756383199
0.20674779129385282 -0.979416331697156
-0.9979340808706268 -0.07828518529643543
0.5919693193852307 -0.807200919787996
0.9757672214166433 0.22333680755496518
-0.7497350478570607 0.6632483381168557
-0.8138268343733196 0.582826632588029
0.34169393043485785 0.940875261606967
-1.000989390434008 -0.004608713329502411
-0.9607211151270525 -0.28109773913895647
-0.4920047565343798 0.8717409704422213
1.00051182260255 -0.0312584841686787
-0.9988806702507435 0.06510304600727589
0.43047506334831537 0.9037102521468172
-0.9594464119213972 -0.28541825914113594
0.967942051005673 0.2551258236536065
-0.9898116381207133 -0.149244500872864
-0.9642321630517037 0.2688072464362387
0.941264601993262 -0.3406199480865234
-0.7458628819723574 0.667599851180248
0.06947432741474524 0.9985861594425736
0.12935597585232958 -0.992606685203808
0.4029220357001473 0.916326815687094
-0.9104050334320611 -0.4161293970648647
-0.47178028892842605 -0.8828501339290893
0.2210300202232087 0.9762923384725131
-0.8434058270476337 -0.5391359855380616
0.31791068878736267 -0.9491753230856481
-0.4291327666013216 0.9043484221410991
-0.30971382077708226 -0.9518814785568954
-0.9872310325472791 0.1654566057177325
0.9886837803068916 -0.1565419514317933
0.05675390759901199 -0.9993898108207041
-0.4466390805133268 -0.8958317541582292
0.9502042600756908 0.31482195624512727
-0.12071946949717371 -0.9936940221639259
0.7388032478728178 -0.6754041463691023
-0.7901760702735529 0.6145101935420154
-0.08323395755151528 -0.997533512374553
-0.9561637291131144 -0.29622951090075866
-0.9856446170776366 -0.17465877826745238
0.7558877224690508 -0.6562276670642219
-0.4499750188139431 0.8941607699085169
0.70145760651013 0.7141135947936291
0.08677369562641982 0.9972318314952313
0.9737693052468823 0.23189294978287758
0.9507879513212781 -0.3130547422133815
-0.002346439382739247 -1.0009972498574724
0.6284709088666964 -0.7791182944253513
0.8291787889774488 -0.5607704841643248
-0.08806054141226932 -0.9971190205016541
0.4806390085286079 0.8780587357806063
-0.9695128375898145 -0.24909005951371438
-0.429178800284777 0.9043265767332725
0.5202654001525077 0.8551753699704822
-1.000739605381396 0.022830729753730756
0.8870978008761423 0.4637439936869394
0.8288761448459455 0.5612177264710401
-0.8638016602741365 -0.5058138903862223
0.9846699852567028 0.18007226364591722
0.8286160253529986 -0.5616017116499904
0.6940349542986671 -0.7213296626450676
-0.7964172296587909 0.6063997001175188
0.9349097727799918 0.35769360737992517
-0.1257409129768153 -0.9930711066201438
-0.42272791484808836 0.9073599671619789
-0.4044813872692341 -0.9156395619198396
0.9851399206362668 0.17748334222898224
0.5334593197918724 -0.8470077650926188
0.8980589687757793 -0.44214374201314216
-0.618069209224307 -0.7873953597836604
-0.3132315472444898 -0.9507297185903167
-0.6107633247657128 0.7930757600135893
-0.2966435582100743 -0.9560353546665867
0.7811218745897712 -0.6259789269914456
0.005218391829301677 1.0009863977031437
-0.6885550253872255 0.7265624384827482
0.990684619076311 -0.14333522081339392
0.8986921422037701 0.4408553431015648
0.0294608097323351 -1.0005663699574932
-0.9013433285690448 0.4354092374353983
-0.8917355961954572 0.4547621647388143
-0.6152490786790882 0.7896008936067215
-0.7289806717299913 -0.6859943004457768
-0.7003610946593435 -0.7151890219288647
-0.5499327044420149 -0.8364060141971073
-0.8373149870314216 0.5485477303686255
0.985728789322946 -0.17418310451912122
0.49028644201634314 0.872708545148353
-0.6582943944049644 0.7540885162200796
0.1332047356925453 -0.992097524636101
-0.771496637641345 0.6378039966228648
0.3496234472466949 0.9379575923970856
-0.9740111877200233 0.23087487129661755
-0.7554723369435214 -0.6567058307287171
0.9370734383548933 0.3519863223617331
0.2539251821893338 0.9682577145833198
0.963000575332843 -0.27318655147831344
0.7406993174705166 0.673324231777463
0.8269029013140754 0.5641210790232575
-0.7138893619029534 0.7016858121422963
-0.49036743370684266 0.8726630391850941
0.9382129428321097 0.34893763612186157
0.8807827420840616 -0.4756288061575763
-0.3706449462000607 0.9298512374871338
0.28299897749979763 0.96016278762201
-0.9979886307766306 0.07758667953061346
-0.6452622208161068 0.7652696690627859
-0.9867282029124224 -0.16842937266766
0.47985276701111695 0.8784886578617703
0.9891658553658195 0.15346631740680663
0.6905193398402688 -0.7246958267484085
-0.3893015048292832 -0.9221959327266931
0.9455604071089456 0.32850649385965747
0.20341688681508818 -0.9801135496249695
-0.7716031206414387 0.6376751713971569
0.8924780966244203 -0.45330326167550566
0.3286664388611651 0.9455048238725808
-0.26185841121453923 0.9661424183194718
-0.9977547554912626 -0.08053848703924668
0.19983800681391098 0.9808495149780333
-0.2317495678658625 0.9738034389926881
0.6131590500832416 -0.7912249865247032
-0.20061723586399746 -0.9806904326413557
0.808547126938908 -0.5901292600090572
-0.3822415583563391 0.9251445244205455
-0.9802254481697549 0.2028769843042899
0.6436949465602881 -0.7665884265841403
-0.9698853705877898 -0.2476355546358108
-0.9011210150244378 -0.43586915041251434
0.9039529812599705 -0.42996512378472224
0.9866559480736201 -0.16885212504124952
0.9924482989876907 0.13056559208474222
-0.8869061174537697 0.46411048126828597
-0.7031170048688457 -0.7124798084607477
0.9808941675411578 -0.1996187167670889
0.8895396721267966 0.4590426687275935
-0.0006063519083789406 -1.0009998163523124
0.8291102984536222 -0.5608717438043617
-0.9983153845156285 0.07326249408403138
-0.20820428674023397 0.9791077443177489
-0.769620140216806 0.6400670588092031
-0.4570983851163251 0.8905403226828349
0.2667278477821363 0.964809439846807
-0.9884814819692975 -0.15781432065494377
0.9989722027668041 -0.06368310685919219
-0.6587472048826324 -0.753692987932964
-0.07940609414886264 -0.9978455152036422
-0.9981470261751619 0.07552161371210557
-0.4745079940428446 -0.8813870679726562
0.806690754173207 0.592664346094366
-0.6764768792503717 -0.73782113810847
0.2192885232396482 0.9766849766303229
-0.9215728600434272 0.39077418496028843
-0.366603514616776 -0.9314520186625972
0.4976997911477108 0.8685021116217997
-0.04638415398994479 0.9999247522982102
0.23032540131528886 0.9741412677373602
-0.9901477975475017 -0.14699775172373045
-0.17853922649289483 0.9849491076209566
0.5718440295406891 -0.8215810403597855
0.8547366664776332 -0.5209858260823447
0.8897040453072822 0.45872400391069307
0.5818649039082495 0.814514722764324
0.09988997163699655 -0.9960035108202983
-0.12188337828396711 -0.9935519322602555
-0.9832666444943733 0.18758386344452893
0.9690244611151425 0.2509832539443772
0.6629833564898797 0.7499693787198335
-0.7702765054822549 0.6392770174987098
0.16122960588419025 -0.987930166654723
-0.2355283977574527 -0.97289638392267
-0.9024643199565527 0.43308099843488496
0.575378021452187 -0.8191099635761774
0.9947208794915219 -0.11194361037421062
-0.9512559497174305 -0.3116297773435482
-0.9099415537393499 -0.41714190484584235
-0.9171755565757266 -0.40098628208456977
0.14451366396828585 -0.9905134026990555
0.30608633049865797 0.9530541213812919
-0.869890661127788 -0.4952688539396152
0.22149472901259198 0.9761870133430574
-0.385468222591026 -0.9238047679962013
0.6492380979013195 0.7618995289626295
0.7234215677792176 -0.6918542008775106
1.0008301917604685 0.018437116387984717
-0.5621127738987782 0.8282694183777529
0.2619103383305651 0.9661283427555414
0.8998333610858706 0.43852129056284733
0.6500462453785679 -0.761210141070931
0.14824679083096562 0.9899615593589076
0.47380660379889067 -0.8817643121586183
0.6053288371252555 0.7972314588277271
0.9960720793546837 0.09920389473219716
-0.6962064317502269 -0.7192340400659695
0.6819391575201976 0.7327755355090965
0.9713047792491464 0.24200831764170233
-0.5577209074614453 -0.8312330535898954
0.613199197193728 -0.7911938729293647
0.3263376176696043 0.9463111323944822
0.9872452302994792 -0.16537186958769132
0.9697478629703555 -0.24817349226786592
-0.9593191248647382 0.2858457917632384
-0.19989732332514665 0.98083742798052
-0.7994809877156002 -0.6023546715028351
0.09006247578897437 -0.9969401940210659
0.9148405409511394 0.4062853487786957
0.16577919921471493 -0.9871769127708203
0.3323402391462279 0.944219765438231
-0.9437860260652638 -0.3335699881643088
-0.9361259545219434 -0.35449851518783587
0.6579807716857492 -0.7543621836305331
-0.6505094772705269 0.760814313733138
0.998759480444368 -0.06693653876991276
-0.8586363936583996 -0.514533325922916
0.7925347086058842 0.6114652366692535
0.41155744358965696 0.9124809426097327
0.11486187560169231 0.9943881282141603
-0.9761659773271569 0.22158742001502835
0.9891304198982357 -0.1536945426225015
0.12937398070667894 0.9926043386546867
0.5313494714127189 -0.8483329176858719
0.361340041780403 -0.9335064939282086
0.3809069214112082 0.9256948294233017
0.8981408378705673 0.44197741497632587
0.8163882641803307 -0.5792332881565306
0.8089605701757783 -0.589562376598846
-0.9856412379404833 0.17467784653799595
0.8437989316047986 -0.5385205316630003
0.759164199593053 -0.6524344549885752
-0.05946264602274321 -0.9992323021840187
-0.8707606285259509 0.4937377115524912
-0.840087339728707 -0.5442924412735713
0.6103363720600135 0.7934043817251205
0.09209409112615864 0.9967545727909387
0.650006927148826 -0.7612437156775357
-0.8676496805661035 -0.4991843665556229
0.9994520086678352 -0.055647842454397016
-0.9631656857983107 0.2726038548895993
-0.6593160762252712 -0.7531954006968659
-0.9985551659223217 -0.0699183853492382
-0.9037645969329466 0.4303609570240177
0.11854952347297551 -0.9939552356541669
0.2640445456111697 0.965547242724555
1.0009346561607835 0.011437399017884162
0.6494887164089747 0.7616858980297734
0.9977235882869759 0.08092367623731075
0.6637776034073967 -0.749266503465044
-0.997229144500582 -0.08680456991793387
0.9003965114216227 0.4373638327751525
-0.9156851146392418 0.40437825217006734
-0.6506988581148658 0.7606523490057793
0.9813273593929176 0.19747813475654383
-0.6185466850571731 -0.7870203290924461
0.004905872917065339 -1.0009879781550435
-0.013696489897775077 -1.0009062923992835
-0.7707082156576783 0.6387564843645485
-0.42335690021980726 -0.9070666651554758
0.6405141840287497 -0.7692480614587112
-0.6359678819033223 -0.7730109010792809
0.2868396366360272 -0.95902243084013
-0.9875925241814121 0.1632850457971792
-0.6735249407493217 0.7405168156015248
0.7483764292768925 0.6647809564832377
-0.7421174034306584 0.6717609392673388
0.1911325837473105 -0.9825829916246654
0.6551349336529001 -0.7568350009794804
-0.8060079905883695 0.5935925531100428
0.9240311681800436 -0.3849251878376162
0.300192487544858 -0.9549269450704752
0.13164355511832712 -0.9923058875144336
0.6740752314901612 0.7400159338091886
-0.5403852306407806 0.8426059592154036
-0.8646443932313668 -0.5043719592260871
-0.8107203642783913 -0.5871400948192113
0.8266473120239808 0.5644955460617269
-0.5192434297208885 -0.8557962728895755
-0.44745966708711876 -0.8954221609555377
-0.35818603748253036 0.9347212218370584
0.5887082500596424 -0.8095823591900415
0.22799140668284715 -0.9746901653750163
-0.9856885168948287 0.17441085878371546
0.9805077346860085 0.2015082683686004
0.6819689904121868 -0.7327477711437835
0.9713166138337002 -0.2419608143700845
0.2629286736780508 -0.9658517031914894
0.47782763178105503 0.8795918111865916
0.3881136789478482 -0.9226964680833923
-0.6932798663690196 0.722055418155251
-0.9727472030110473 0.2361437677225132
-0.7932695944416202 0.6105115482400211
0.374998754174368 -0.9281039458851966
0.40083719243306637 -0.9172407236720234
-0.9951541852238347 -0.10802382899844606
-0.884510902680529 -0.46865921845118524
-0.8759854479078699 -0.48440736478056196
0.7300184647584349 0.6848898021665514
-0.8550166903627033 0.5205261369049676
-0.003845516929040037 -1.0009926133591338
0.35971981684016063 -0.9341320320877993
-0.4654009365734032 -0.8862296362888116
0.09643056578047492 -0.9963443912539768
-0.5096694770375723 -0.861532369778552
0.7010633677193909 0.7145006329192061
0.9531184687907697 0.3058859010316405
0.49927257504596023 0.8675989256603399
0.19514995946195504 -0.9817929992223398
-0.9375336288393326 -0.3507587415808086
0.7090977586778441 0.7065276842686761
-0.22263469050649354 -0.975927658478372
0.11342373464792439 0.9945531943634374
0.8464062079384005 0.534413258783254
0.9785746054003476 0.2106958510876616
0.7607283803908662 -0.6506099686201322
0.9306759866388973 -0.3685691358398248
-0.3051457463297207 0.9533556909657999
0.6513805476222221 -0.760068669384138
-0.9474802094635595 0.3229276276116516
-0.28340602035047263 -0.9600427217728946
-0.5528111029120745 -0.8345063717534671
0.8193613570223351 0.5750199706258187
0.9783975645544146 -0.21151644303455525
0.58596783241186 -0.8115680497521734
0.9578430542575107 0.2907536472869142
-0.2570004153916531 0.9674460121828595
-0.6329347446677466 -0.7754963629781733
-0.9951012391451802 -0.1085104780734422
0.053756469729899184 0.9995555222008322
-0.732698841511233 0.6820215595185369
-0.9201999252915211 0.3939963165988727
-0.9944360294824565 0.11444642094520521
-0.5174624851686288 -0.8568743060934355
-0.4641788779418835 -0.886870322692452
0.12738343568659755 0.9928617528702969
0.6556247235456961 -0.7564107494447905
0.7774293325681141 -0.6305589844437209
-0.556334634519556 -0.8321615074214813
-0.8553399090562711 -0.519994846104853
-0.9219259471185597 -0.3899404416440371
-0.06695140177101952 0.9987584842197315
-0.8666051212719321 0.5009955726204174
0.03405667389602963 1.0004204830785601
0.13025224584927986 -0.9924894722117806
1.0006749834433515 0.025506420969009895
-0.44374810976246243 -0.8972673041419941
-0.9900752257295928 -0.1474857531983879
0.6148566628226003 0.7899065034437021
0.7872744757543454 0.6182231796250611
0.7569321066595819 -0.6550227369396326
0.5904571063487137 -0.8083077418671082
-0.13932521166595424 0.9912565184624195
-0.9228587718615106 -0.38772759406349255
0.6572715197674002 0.7549802310674446
0.3066002954223458 0.9528889016285845
0.9646445749076026 -0.2673234821360268
0.8850758452066363 -0.46759143301792694
-0.9979294196324722 -0.07834458138248694
-0.5280954482799652 0.8503623918694797
-0.65306441360767 -0.7586223511598312
-0.8031030054619566 -0.5975169977648942
-0.8021458585932072 -0.5988013205912011
-0.8620425145210645 0.5088061547959108
-0.11495836491710279 0.9943769779794714
0.8782696269559834 0.4802535396710759
-0.21421820577489697 -0.9778095726237209
-0.31550682635602106 0.9499770747353599
0.508585510736545 0.8621727079123114
0.3546715150271126 -0.9360604234921871
-0.5490692852195285 -0.8369730700736531
-0.9775262376182654 -0.2155074355280548
-0.984398473203959 -0.18155067048544443
0.7327465538239297 0.6819702983702111
-0.02367528296851782 -1.000719981301643
0.615751331685087 -0.7892092862657166
0.4468336391426745 0.8957347257589795
0.332812758638156 0.9440533182440812
-0.9381626359869276 0.34907286981096014
-0.418867998724718 0.9091482825394049
-0.9394222564634522 -0.3456686622491484
-0.11757551648753531 0.9940709219782508
0.2266753367874127 -0.9749970726583301
-0.642257321667945 -0.7677932877825371
-0.7695604381744716 0.6401388380630528
-0.2993934293977211 -0.9551777711156556
0.9883991929677052 0.15832888346978619
-0.47627894971124396 0.880431349999507
0.9001093377643448 -0.437954541099225
-0.7144159941306334 -0.7011496183628275
-0.7432670922464343 0.670488649854366
-0.9170501267271389 0.4012730554992926
-0.3399085933102722 -0.9415217194488038
-0.03617047181062315 1.0003462885266265
0.5635123081049678 0.8273178824455639
-0.8185228351475745 -0.5762129539866112
-0.9580232079408901 0.29015949587536505
-0.38943095833498903 0.9221412737158511
0.8597161880405645 -0.5127270970223836
-0.5138200368265613 -0.8590634259212477
0.08572826015463515 -0.9973222475262744
0.888318766109833 -0.46140087752095144
0.40916621200049086 0.9135556966913235
0.1909178914365203 -0.9826247293496297
-0.8739334176346086 0.4880997659715612
-0.748378801204602 0.664778286278638
0.18929814974103096 0.9829380501865935
-0.9491739481165476 0.3179147939571943
0.0052231625067438465 -1.000986372821043
0.09359768811414118 -0.9966145056036902
0.9039203939060645 0.43003362831376934
-0.9428705314988389 0.3361490158115849
-0.7814725023345803 0.6255411482028417
0.0036496139234733138 -1.000993346790182
0.7787791062481569 -0.628891169974044
0.7814841508928904 -0.6255265956801663
-0.9454652581217919 0.3287802391943488
0.29983367773597813 0.9550396670794976
-0.08233296010735551 0.9976082816817233
-0.9675452132414141 0.2566266945070731
-0.32717443959667797 -0.9460221382581909
-0.35839700016003306 -0.9346403534388451
-0.9274018716029974 -0.37673169304859094
0.8297106966990458 0.5599831781251862
-0.9265053744864249 -0.3789311164945016
-0.06509190275047531 0.9988813964612229
-0.7948210066474822 -0.6084904004106252
0.9166425807458223 0.4022031565808984
-0.900837052460616 -0.43645573076094374
-0.5742777378613069 -0.8198817474470937
-0.9951813292315367 -0.10777347516412271
0.6263824350565463 -0.7807983382747631
-0.9918632258208999 0.13493828687277185
1.0005265145570346 0.03078463364004861
0.602818907252807 0.7991310061926841
-0.841223381201342 0.5425349969542809
-0.9655221955672775 0.2641361199589028
-0.9929249524201613 -0.12688986902594135
0.9767400284470816 -0.21904318484991517
0.7664676413082846 -0.6438387646199278
0.2708228702308002 -0.9636679785901112
0.9777938150558582 -0.21429011932077094
-0.907701135930231 0.4219948433701155
-0.8209942264809769 0.5726861968695443
0.955715767004519 -0.29767158530663285
-0.8917501983963074 -0.4547335303891131
0.08249517227963604 0.997594880976518
-0.5287665003027955 -0.8499452853904972
-0.6667083294839684 0.7466598980772278
-0.39719172651884155 0.9188251914183577
-0.0005993463857927985 1.0009998205713675
-0.9145926914511717 0.40684297799532176
0.961777057358746 -0.27746331638317784
-0.551107540893292 -0.8356323823132684
-0.9945585941790132 0.11337637648410209
-0.8764874091115057 0.4834985229232868
0.15240718291794184 -0.9893295965425359
0.33665460039485595 0.9426901293813253
0.3188339873815562 0.9488655797795479
-0.9193388606846503 0.39600133741573273
-0.0589334961427507 -0.9992636504108374
-0.09474114805953503 0.9965064550038606
0.8276647055726688 -0.5630027843175445
0.9193752524430154 -0.39591684126258336
0.8449867153830174 -0.5366548712405576
0.9906763796984547 -0.14339215706433636
-0.013107811570887053 -1.0009141747801467
-0.9903243394700159 -0.145803644170085
-0.7955910983360639 0.6074831719878464
0.6793960190335911 0.7351340349360165
-0.9998045142683726 0.04890739462068655
-0.8882694919530906 -0.46149573092868207
0.13845296933216328 0.9913787244454598
-0.9953049864620035 0.10662543750846284
0.41448232250850403 0.9111560812110933
-0.9874350376083693 -0.16423472989400978
0.9899257830102284 -0.1484855014187795
-0.05362455047125927 0.999562608137557
-0.7892098564265224 0.6157506009085398
0.993804690426395 -0.11980499691789627
-0.9896919490319019 -0.1500361490489387
0.5126489918277634 0.8597627644751649
-0.9907872867746399 -0.14262381416070588
0.9249902610880217 -0.38261471076307757
-0.8508546213766283 0.5273020133491191
1.0005326634547886 -0.030584135758045153
-0.8875284746743929 -0.46291922258872087
-0.5981891619928518 -0.8026024710118265
0.29637453710225303 -0.9561187864263652
-0.979565796071878 -0.20603847011193777
0.5102702590300693 -0.8611766733658002
0.6757669270822362 0.738471434966737
0.9944118998371908 -0.11465589152847229
-0.9758118314773907 -0.22314181488179305
0.13560241996831146 0.9917726471821744
0.9811539303279445 -0.19833800695284556
-0.9024563890897266 0.43309752457285183
-0.658229683824938 0.7541450015293626
-0.9932370338193345 -0.12442344895464881
0.8435679090014867 0.5388823460671721
-0.009345152686975888 -1.0009563767324015
-0.9278854334483537 -0.3755391090077845
0.9688585522187854 0.25162294369257976
0.9470346703684623 0.32423191255658007
0.15433611448350285 -0.9890305171055821
0.7934215754038703 0.6103140205530598
0.20246499710780114 0.9803106267638528
-0.8419581518654154 0.541394006715418
-0.9901204756295243 0.14718166916829187
0.6755665695179394 0.7386547299989104
0.7479628782282055 -0.6652462196755263
0.9713782569383204 0.24171322253337837
-0.9980148731298848 -0.07724838517108225
0.9924423211562974 0.130611022421159
-0.7825274622864945 0.6242209310552307
0.8761349846453202 0.48413684912485694
-1.0000575230831399 0.043427531875701995
0.9963785195766668 0.09607729037712166
0.14746570979838958 0.9900782112710375
-0.9978002195951016 0.07997325662974526
-0.8440718051934998 0.5380927314853701
0.9974426776122707 0.08431550793100794
-0.2257680451657171 0.9752075624102033
-0.7872590766709744 0.6182427890393587
0.9443229933625472 -0.3320468102644544
-0.9908560961496126 0.14214498486809105
-0.9468811682299568 -0.32467992431234827
-0.3988563947659023 0.918103793889529
-0.1416265964543419 -0.9909303240777119
0.7988502417373573 0.6031909243980431
-0.9099173276651741 -0.41719474686849584
-0.9017359112505969 0.4345956124503049
-0.2551261298064923 0.967941970311217
-0.6899129456379873 0.725273139886702
-0.8509042948027857 0.5272218518670995
-0.8883156328861472 -0.46140690975546045
-0.7867308400419583 0.6189148449721292
0.8577175220674336 -0.5160636126859766
-0.3128990773562002 0.9508391911304659
0.0660310934058733 -0.9988197508577935
-1.0000924478493836 -0.04261567498735702
0.48689787242008736 -0.8746036026868357
0.5684046247234522 0.8239643090528809
-0.07511012385010062 0.998178074942153
-0.7130724690855361 -0.7025159456071136
0.7981694636591616 -0.6040914726115957
0.988846514044306 -0.1555106802197968
-0.05782497366655631 -0.9993284106941333
-0.6057941640521325 -0.7968779271634885
0.2620849985229838 -0.966080976703924
-0.756223475666233 -0.6558407236908076
-1.0008615291800598 -0.016649306512658214
-0.15233823145287825 -0.9893402161227498
-0.9003138722304828 -0.4375339203643006
-0.9987133435816004 0.06762142672304751
0.9807945022903704 -0.20010783162331428
0.9936563883873175 0.12102884704512551
-0.9708933902685615 0.24365349316769283
-0.32118590960527454 -0.9480720497256695
-0.6923606778885937 0.7229368518160123
-0.18032433282321148 0.9846238545718176
0.9996755189493165 0.051476759935088386
-0.9840311698487031 0.18353107847498976
-0.6588664321236898 -0.7535887635976264
-0.7870116282282937 -0.6185577556166036
0.5400201158645617 0.8428400052570033
-0.7217017550274263 0.6936480208220397
-0.7868628805861249 -0.6187469653709063
0.5521546814660132 -0.8349408408594978
-0.732728046789667 0.6819901828089607
0.9981900731011335 0.0749505034162794
0.6156734897702325 -0.7892700133630717
-0.6968166470265965 -0.7186428601375036
0.6867121621545906 -0.7283044736571149
0.4194865312418866 0.9088630535491306
0.5572776390245103 -0.8315302959262925
0.7579596869674233 -0.6538333984527294
0.9895048095911487 0.1512654349016474
0.4996713977887387 -0.8673692951862246
-0.13683147519368152 -0.9916038258277955
0.5158398115465544 -0.8578521369231502
-0.138048084264829 0.9914351851890323
0.9945508083306119 0.11344465456303555
1.0006450307946884 -0.026655625032949583
0.13155079878255796 0.9923181885563072
0.25616222624707 -0.9676682870922995
0.7650053695859454 -0.6455755451569328
0.3142486197868399 0.9503940261607635
-1.0001669587512645 -0.04082958023597857
0.8005019310920739 -0.6009972198919563
0.08992022430854571 -0.996953034631171
-0.9098313442034842 0.4173822290238063
0.9717776327795676 -0.24010254565360156
-0.9287478497077282 -0.3734011671959145
0.6615132357160133 0.751266423429485
-1.000992798179632 0.003797103173555468
0.20787421236342968 0.9791778754824292
-0.9007903208292345 0.4365521708803711
0.6095604216896774 0.7940006878520337
0.8461329466599887 0.5348458063558923
-0.775125810292198 0.6333884891745851
-0.050928642282121225 0.9997035927690265
0.617418036353293 0.7879060657119248
0.5644655948275114 -0.8266677641326192
-0.8432984038856448 -0.5393039977637138
-0.47576195104546615 -0.8807108299194528
0.6854500960267278 0.7294924028781586
-0.9849355127649169 0.17861420910585543
0.7679164506055212 0.642110056679864
0.4865047912594351 -0.8748223180061272
-0.36700064113394326 0.9312956186986356
-0.27075487161548956 -0.9636870858823832
0.003519785365070538 1.0009938117246198
-0.7880488975816649 0.6172357207909492
0.7027687584232682 0.7128233106347028
0.5890138939510592 0.8093600142906805
-0.3036128611181311 0.9538449719758775
0.990698903693738 0.1432364556250454
-0.08983664351514183 -0.9969605696726092
0.5662833655150016 0.8254236184778111
-0.7577804624625605 0.6540411078135899
0.5058253990791846 -0.8637949210584557
0.9065294048835183 0.4245061107705448
0.6360241545997948 -0.7729646012370919
-0.9998394209201891 0.048188508733731546
-0.46671385140326077 0.8855389211707947
0.7282939514715874 0.6867233214693536
0.9992063282783299 -0.05989752522883055
0.8434131562843356 0.5391245197600409
-0.13071508736298146 0.9924286200708281
-0.9223955075512805 0.38882840386115763
-0.615850459428339 -0.7891319354974197
-0.8347570482676464 -0.5524325029969599
-0.9452933670999178 -0.3292741260969345
0.7779028605128521 -0.629974713465487
-0.9662444963016592 0.26148149717858205
0.9873316188967225 -0.16485531331072428
-0.984261233111466 -0.18229323902409675
0.18463791348694858 0.9838240904263251
0.15446471146100804 0.9890104412559392
-0.778091666962132 0.6297415007795585
0.7544462168045972 0.6578844168615265
0.23559693996343856 0.9728797879902039
-0.15426181727237656 0.9890421081692244
-0.7760471616085038 0.632259284597217
0.986690919832148 0.16864764665061183
1.0003517587221766 0.03601886757587126
-0.6410676355430094 -0.7687868928768852
-0.20711664171628238 0.9793383974521621
-0.003983018727092161 -1.0009920756738384
-0.05101940980728136 -0.9996989646003025
0.9496270622092294 -0.31655875081865664
-1.0008254830172174 0.01869097491715087
-0.9235835134658206 -0.38599804876984856
-0.13889418259041056 -0.9913170058273699
-0.02196489785596667 -1.0007589836030335
0.6924434078580252 0.7228576117839285
0.6956206072753885 -0.7198006465222295
0.9853856871990143 -0.17611373445397832
0.07709389382916264 0.9980268190455894
-0.39915268285367483 0.9179750191430667
0.9339810185947381 0.36011172836320593
0.8572520074523945 -0.516836527074896
0.680843088842067 0.7337940367541789
0.9306518913132743 -0.3686299732726916
-0.9966651159744822 -0.09305722217846425
-0.9444161516021669 -0.33178175446059877
0.749397879812179 -0.6636292773326166
0.27650960034062033 0.9620516830812523
0.923741819712617 0.38561904843254674
-0.4526880468030036 -0.8927903070047757
-0.5244586399511524 -0.8526101893483256
0.21167805198146508 -0.9783626128942848
0.003551441753825251 -1.000993699910978
-0.8721327301052784 -0.491309984713433
-1.0009978843739393 0.002058027914655486
-0.9134466828583708 -0.4094095230634465
0.9647809137325122 -0.2668310111240048
-0.816822380806991 -0.5786209451901988
0.911590061923625 -0.4135269749388564
0.7644762749274383 0.6462020002081916
-0.8104446766043981 -0.587520575098092
0.9977374274052933 0.0807528696373533
-0.710412242014926 -0.7052059602664502
0.5981860917650955 0.8026047592799339
0.9893977333747944 0.151964223397546
-0.20806506186584633 -0.9791373397183674
0.8562162126757187 0.5185506698011761
0.4596871489483613 -0.8892067954597103
-0.9446053679230791 0.33124265862189944
0.3456184103987672 0.9394407455467478
0.9832691235104254 -0.18757086860981348
0.7249396377079801 0.6902633712430515
-0.8593603963879728 0.5133232014237289
0.41947980895364856 0.9088661561969454
-0.6464315316449862 0.7642821958511903
0.17762994037936988 -0.9851134981720744
0.47048290287246486 0.883542210709086
-0.5217071265835389 -0.854296596078872
0.6881101595606975 -0.7269837744470996
0.41400270574505577 -0.9113741052036605
0.9972598496890068 0.08645109714896335
-0.5108722398627518 0.860819699203971
-0.9283770284785712 -0.37432217806763507
0.06133830570956589 0.9991189179735713
-0.22304725616147883 0.9758334496822886
0.8933186909801724 -0.45164445789301033
-0.823187593971747 0.5695289150965087
-0.3309862031279696 -0.9446952595090813
-0.9508266781797902 0.3129370992093869
0.6254448520236021 -0.7815495742927473
-0.842080418614972 -0.5412038142744686
0.7013380910783131 0.7142309724470284
0.0360065923478082 -1.0003522006311072
0.5664435568221432 -0.8253136960784544
-0.33541250221491736 0.9431327867049942
-0.9776569226929033 0.2149138001865925
0.9060168814383912 0.42559888457167294
0.20364917807366703 0.9800653102063759
0.008996125345501992 1.0009595744727995
-0.7788716596050117 -0.6287765404848806
0.6164500428674278 -0.7886636448123792
0.652656147992061 -0.7589736177813858
-0.14047420184686457 -0.9910943439529288
0.9955230826426713 -0.10456955544341269
0.1635847007385957 0.9875429335903649
0.9204838210587777 -0.3933326012028906
0.09539105780263278 -0.9964444520851601
-0.08564424510952823 -0.9973294657632547
-0.3515599960312445 -0.9372334656799828
-0.03604241640119809 -1.0003509105408774
-0.8577773641515095 0.5159641397900523
-0.5090166459886994 -0.8619182409639646
-0.3334040803346498 -0.9438446478188062
-0.9986630762573859 0.06835978437747364
0.736316080614358 0.678114761252629
0.9365934995752941 -0.3532613997499635
0.6883935139479652 0.7267154669844124
1.0008366058479898 -0.018085585273231883
-0.008651891891907019 1.0009626090752295
0.8701451474386275 0.49482160663112645
0.3647452941775255 -0.9321812433080545
0.38315365525511685 0.9247671471590256
-0.9854808750096649 0.1755803092325144
0.09788832898037216 0.9962022259809654
-0.4147255698651047 -0.911045389484006
0.9917573256614511 0.13571443179281367
-0.5116852516420306 -0.8603366801735421
0.9646502139895623 -0.2673031325104363
-0.5678241422024618 0.8243644482460646
-1.000211358963319 -0.03972703614354416
-0.9126925596743058 0.4110879364748663
-0.8878085065844112 0.46238193697024677
0.2664001739929667 0.9648999675077811
0.30682290592233863 -0.9528172460663019
-0.24499528550699767 -0.9705556707780058
-0.6356713354767378 0.77325477900445
0.9606194164840183 -0.2814450864270047
0.9991045479050135 -0.06157192830761958
-0.7868240655733267 -0.6187963233848931
-0.1423624640568537 -0.9908248729355057
-1.0009221229492244 -0.012486143953110722
-0.7111714280931328 -0.7044403451421377
0.926881694264713 -0.3780096888136269
0.9799774385494268 -0.20407160491872547
0.15432425418922674 0.9890323678065035
-0.1815355502023061 -0.9844012616879084
-0.8994114374301155 -0.43938601049634407
0.9885313172421422 -0.1575018565970423
-0.5767468049189602 -0.8181467612939447
0.5830890237160103 -0.8136388574926285
0.19422616889524552 -0.9819761684054636
0.9701343629236155 0.24665830185661855
0.1810596053436178 -0.9844889127424511
0.07515202271069757 -0.9981749212850877
0.8590376401621582 0.5138631459684868
0.1401710465151722 -0.991137264822003
0.4149597258215447 -0.9109387608100274
-0.9340714936224936 -0.35987698565182485
0.9757066367548729 0.2236013394246432
-0.0937263919137706 0.9966024099202382
