1000
-0.989312383598475 -0.15251887640126396
0.2262980392562851 -0.9750847129499882
-0.7443498936600617 -0.669286363082541
-0.9744785411846465 0.22889423926923788
0.3990086516692052 -0.9180376331573357
-0.6730898484785791 -0.7409123132159995
-0.737706108450684 -0.6766023186145225
0.7519236351854739 -0.6607661060083684
0.9484002615072036 0.3202154649186509
0.4871963879817028 -0.8744373502644898
-0.7585857238144018 -0.6531069587938718
-1.0009722800719327 0.007449464920145066
0.418212254273335 -0.9094501142864381
0.01880825911003993 1.000823285794875
0.9100794729176686 0.4168409204647483
0.5665411984425901 0.825246672496917
0.7685636033984097 0.6413353159863038
-0.7756882430721489 0.6326995729093254
0.9896006493788627 0.15063716257595067
0.021394614162035166 1.0007713377614578
-0.625889776394315 -0.7811933101384537
0.8190422021605446 -0.5754744747423691
-0.8375969800058595 0.5481170487086348
0.8144146131889938 -0.5820050152912959
-0.16626181773308804 0.9870957440715108
-0.7627418625982014 0.648248294282543
0.09868063625747464 0.9961240545372951
-0.6564100868342769 0.755729315232787
-0.9823892084340112 0.1921261126250067
0.8625693245589324 0.5079125518531188
-0.5975915092616115 0.8030475627622745
0.7127396732404928 -0.7028535823263872
-0.01251137503843876 -1.0009218078824378
-0.234627539476382 0.9731140312004851
-0.919112926920812 0.39652544378268834
-0.8868010594096349 -0.46431118986079695
-0.8452876456572022 0.5361807494672893
-0.9075993314836222 0.42221375331753724
-0.5104522844930529 0.861068792406172
0.4016773084737495 0.9168731318221099
0.5702203116497965 0.8227088161567304
0.7794887236907204 -0.6280114088446258
0.833222253621767 0.5547446944942003
0.22456063285074393 0.9754863003516109
0.8392629246068408 0.5455627767547674
-0.446147439350752 0.896076705623334
-0.7868906910012026 0.6187115971239346
-0.8679891038017853 -0.4985939386729181
0.9655552644687674 -0.26401521027518193
0.4142398493088279 0.9112663426488435
-0.9820579611437726 0.19381217958151242
-0.8641746244398043 0.5051764231180264
0.5686713421733443 0.823780252610347
0.862145843084691 -0.5086310502238213
-0.583633719551815 0.8132482286498467
-0.31646869530273936 0.9496570775250305
-0.6752019477194026 -0.7389880444201552
0.8945510410539886 0.44919865866810543
0.6788109700123854 -0.7356742940940946
0.8959496685385608 0.44640249937208326
-0.9955548044346617 -0.10426711546342089
-0.9517494970046172 0.31011916250283234
-0.4871468034674302 -0.8744649746396164
-0.14166543113883284 0.9909247729370019
-0.9243227212173606 -0.38422455288715407
0.024079268478491116 1.0007103421218053
-0.8688664772328952 0.4970634212461212
-0.08527691297727272 0.9973609417422895
-0.9798361466307156 -0.20474893346699208
0.10924261984351609 0.9950211304337838
0.9835915751115997 0.18587257293501447
0.8851536103565353 -0.46744420637418416
-0.6197176078832812 -0.7860986493306191
0.051076564307752294 0.9996960460952699
-1.0008586718671943 0.01682019465510444
-0.8413054492429904 0.5424077258613209
0.8100974248160198 -0.587999287675124
0.973631149572607 -0.2324723307878249
0.9865921291219354 0.1692246162786207
0.9849307389089385 -0.1786405316614691
0.10287546762135866 0.9956995722413898
0.27307073767218193 -0.96303342217556
-0.6226036617323716 0.7838148253238406
0.4471474800094255 -0.895578098839638
-0.18548891743819734 0.9836639982776667
-1.0009593158411456 0.009024856277291994
0.9593977865128708 -0.28558166473743357
-0.5446215857474636 0.8398739955123734
-0.25623438425471545 -0.967649182465219
0.7781665723837397 -0.629648938397058
-0.9959564172352392 -0.10035843247055067
0.34183500448523874 -0.9408240163327979
-0.6435577046470473 0.7667036459998243
-0.3619735523029329 -0.9332610285623181
0.8254479309910208 0.5662479255791079
-0.9744322200138804 -0.2290913542646704
-0.21836227816280263 0.976892478973787
0.8897602937682879 0.45861489251153853
0.9076967640937366 0.4220042469617571
-0.5635937367689228 0.8272624129469694
-0.8676172207368249 -0.49924078186873677
-0.9131067131704416 0.41016719805839297
0.9053088404227932 0.4271029190398229
-0.5985252751799282 -0.8023518523508195
0.172237499879407 0.9860706078345968
-0.8561190481500885 0.5187110712088053
-0.9911047850828552 0.14040051633048722
0.13256241873531502 0.992183554156711
0.5534025200810918 -0.8341142911903001
0.06451727246697957 -0.9989186761460723
0.6519006789971725 0.7596226067745914
1.0009993971660955 0.0010985777685407808
-0.56752203231582 0.8245724606340679
-0.9910094568737925 0.14107181287100162
-0.5167143177131204 -0.8573256754992613
-0.8898337643079328 -0.458472324025752
-0.5729481435097257 -0.820811442932394
-0.10081877383162755 -0.9959099230568431
-0.06067805709756179 -0.9991592332490677
0.02043261539339204 1.0007914409247243
-0.2565753917587963 -0.96755881906157
-0.8684033123621091 0.49787215937278223
-0.6123994924106924 0.7918130219282367
1.0007856277601395 -0.020715387245808153
-0.9705189222842076 -0.24514081971042742
0.6032135147868535 -0.7988331838240638
-0.811300746675929 -0.5863378705516813
0.18750129195335002 0.9832823935756322
-0.9712626957492944 -0.24217715797699332
0.9996894735240657 -0.0512050439427244
-0.9718035819706015 0.23999749596424644
-0.4366547867973511 0.9007405826135291
-0.9992594810940365 -0.05900414768197859
-0.17553595240608255 0.9854887769086411
-0.3177754690493419 0.949220602004861
-0.8856238910491512 -0.4665525946803438
-0.6232704529043844 0.7832847135852732
0.8192725439314748 -0.5751465019975778
0.7658978165991523 0.6445165122234272
-0.9750937989358793 -0.22625888552009385
0.9980896237137908 0.07627649070888985
-0.6910781558809295 -0.724162952976893
-0.5607040539186002 0.8292237116238581
0.7019636677912492 0.7136161496918751
0.2669570224311457 -0.9647460537233085
-0.13323704225636587 0.992093186435012
-0.27013970975704893 0.9638597082627623
0.6118509334020065 -0.7922369817769764
0.9152675849224157 -0.40532240005986425
-0.8363592582982298 -0.5500038100402896
-0.5125315199127207 -0.8598327983369536
0.1662687819908302 0.9870945710190517
0.6007557095968584 0.8006831941453343
0.5126007695315146 -0.8597915160524084
0.6369701031475206 0.7721852677280479
-0.5770927716785108 0.8179027649277231
-0.31175463490630206 0.9512150375253948
0.8182754415279738 0.576564221741342
-0.42244758466941934 -0.9074905168688948
-0.9965087498266271 -0.09471700754865944
0.4577100071351822 -0.8902261226049881
-0.5321756671204328 -0.8478148732623899
-0.0873309206816483 -0.9971831879313328
0.9845986897502118 -0.18046168607814225
0.5064899316778537 0.8634054372709052
-0.704961815227266 0.710654514564903
-0.7086931567648489 0.7069335255557436
-0.864533355114225 -0.5045622636453716
-0.9169013605242813 -0.40161286716030664
0.8254120374674991 0.566300245809369
-0.8596376436807063 -0.5128587735108789
-0.5587515540404904 -0.8305406075908252
0.005383555702097898 1.0009855230361737
-0.9487891405487022 -0.3190613840264202
-0.20435483462567947 0.9799184157699615
-0.1960224946239841 0.9816191632203347
-0.3621410219764757 -0.9331960566793206
0.7051558926937074 0.7104619391630635
-0.8334353513002454 0.5544244900823164
0.7303070841058864 -0.6845820351899089
0.8471903457611488 -0.5331693146169472
-1.0002495803424818 -0.03875276796164638
0.29766959806473176 -0.9557163859576652
0.2543224984873606 0.968153431416295
-0.28290930888376153 0.9601892120550576
0.602978707825808 0.7990104366707101
1.000942596696588 -0.010719986860614473
0.41355003475198043 -0.9115796008888285
-1.000990606294029 -0.004336601331962502
0.18455336396864042 0.9838399543868193
-0.9740252195880351 0.23081566586018348
0.9621803334369217 0.2760615981030578
0.663575151722159 -0.7494458072582123
0.6298812871731427 -0.7779785113157721
-0.5156155864667527 0.8579869270522406
0.3532905518521099 -0.9365825035585662
0.9808653741610882 0.19976015061024682
0.9500840854238668 -0.315184439057982
-0.9941006219240637 0.11732413856572589
-0.3912957770375214 0.9213515153689185
0.7927847661611837 0.6111409939962771
0.7545910376846803 0.6577183028059638
-0.4856621589051296 -0.8752903903320364
-0.990437979725948 -0.14502968081183396
-0.6909363059775847 0.7242982956503828
0.9683305485431147 -0.2536472920379606
0.6509086722625073 -0.7604728136978073
-0.9865179507917835 -0.1696565140676309
0.9822033341770836 -0.19307410580246162
0.49995800210905667 -0.8672041259859875
0.9954029837587938 0.10570666925076458
-0.5546390725327739 0.8332925652014329
0.9996058062657641 0.052813180928359876
0.9447483971319063 -0.3308344995865665
0.37454634859837316 -0.9282866113176608
-0.9864404668332765 0.17010645312200137
-0.9941065597068984 0.11727381612156546
-0.7761958870360173 0.6320766922995739
-0.5739762662566172 0.8200928275348547
0.00927857438508168 1.000956996107915
0.010933004349825571 -1.0009402926328257
-0.8083114056130932 -0.5904520908217579
-0.435506479879065 -0.9012963474814183
0.9988732087898947 0.06521742682580649
0.6028444993521942 0.7991117003278093
-0.9543419293503804 0.3020471517558038
0.7293683155874899 0.6855821323642176
-0.22192876548558135 0.9760884299335004
0.29222036902208454 0.9573966032572899
0.5382286637307307 -0.8439851334820015
0.8225047982815145 -0.5705145544189782
-0.4152248805958178 -0.9108179283117942
-0.3633842888063885 -0.9327126345497178
-0.08018419412962352 -0.9977832906056219
-0.8124334578948229 -0.5847673695522528
0.6293662213278494 -0.7783952462929772
0.9827830610648081 0.19010117012813388
-0.7090791226941396 -0.7065463875495431
-0.8630979760302376 -0.5070136918984609
0.9342680292862922 0.359366455659829
0.9421311848023468 0.3382156569748451
0.5525822990026615 0.8346578956847729
0.20821608956697815 -0.9791052344081489
-0.6325263158396927 0.7758295300968283
0.37554928896836043 -0.9278813132913922
-0.24310770606640342 0.9710301968791347
-0.9172465900306991 -0.4008237681039568
-0.49749751409417575 0.8686179962849695
0.9510914303135969 -0.3121315286606539
-0.9932941544289441 -0.12396661960902636
-0.31320045174436484 -0.9507399628852916
0.0770842151963937 0.9980275666370925
-1.0009126582310148 -0.01322310829281648
-0.9094205433608071 -0.4182765536261078
-0.022749795062480642 1.0007414485393393
0.8167454658552568 -0.5787295084967411
0.8850256778969818 -0.46768637938578855
-0.9942037000554628 0.11644742502961365
0.5281081988252873 0.8503544733424473
0.28315006256682745 0.9601182437952117
-0.8437083616987393 0.5386624178459355
-0.9788262974567118 -0.2095234578923915
-0.8629829229437511 -0.5072094978482361
-0.908354730953852 -0.4205861181182223
0.8787183545437918 0.4794320112256283
0.8341836186487733 0.5532980122664799
0.654553118015688 -0.7573382439147919
-1.000110023445837 0.04220119670302381
-0.9618137555132215 -0.2773360771799317
-0.017666177447249534 -1.0008440968374657
0.6719488719081246 -0.7419472444462604
-0.9785933211741386 -0.2106089071083395
0.48854717302808987 -0.8736833864314129
0.36134866291537715 -0.9335031568287646
0.8809964083429607 -0.47523292024732805
0.32277911689614314 -0.9475308130587342
0.7925952824080268 0.6113867174747422
0.9900525069221209 -0.14763818455001296
0.860324978461246 0.5117049261397202
-0.4427717407452019 -0.8977495116108188
-0.7349243433492965 -0.6796228436071033
0.1153981111219294 -0.9943260410697745
-0.45478477980156023 0.8917240627351303
-0.9918867116850353 -0.13476554152544976
0.9962378036742937 -0.0975255788509839
0.8812790951020012 0.4747084963808821
0.8591821999938603 -0.513621404551748
0.908234510393227 0.4208456654532339
-0.9604769282221294 0.2819309673536813
-0.05632616095653471 0.99941401010387
0.5139274412296527 0.8589991764554503
-0.2506804646536938 -0.9691028349153706
-0.8329296999538732 0.5551838568751353
0.5824156117558174 -0.814121032269218
0.423669818909389 -0.9069205502938422
0.5932508975660103 -0.8062594945407607
0.7065417090616618 -0.709083784440334
0.6254887701581126 0.7815144262303108
0.7594307188725318 0.6521242084394273
-0.6414903343805727 -0.7684342202793294
0.95213943911236 0.3089198738941872
-0.4875691858969667 -0.874229540203126
-0.6581352395844864 0.7542274235381996
0.6046392088147645 0.7977546158837664
-0.4325099217207561 -0.9027381500817973
-0.13388805264833212 0.9920055389754825
-0.14339128324026962 0.990676506176819
-0.21144417395211215 -0.9784131853678736
0.9489401381433117 -0.3186120120468663
-1.0000979658239064 -0.04248598304011027
-0.3299349541581675 0.94506292172778
0.9965972077243548 -0.09378169094241802
-0.8642111746247798 -0.5051138937444289
-0.04884162413045543 0.9998077293921563
-0.9831868846859474 0.18800146217926525
-0.02434369112978776 1.0007039445821013
-0.7915977504365892 -0.6126777305433351
-0.11644420541303228 0.9942040771520341
0.4558050808205005 -0.8912029669487288
0.36097358486623415 -0.933648258729603
-0.6702951549733641 0.74344159502898
0.6276046470263504 0.7798162649181729
0.17781544395711354 0.9850800312108324
0.7996578233121435 0.602119893057591
0.7031413424419712 -0.7124557898907851
0.9700702306342218 0.24691040406849582
-0.9837160355684366 0.18521274622854264
-0.4224580787238808 0.9074856316884182
0.8972099533213893 -0.44386405538298584
0.9776543127586625 0.21492567260424555
0.9092383510513349 0.41867245070275355
-1.0005221459797173 -0.030926289854119934
-0.7688937327368042 0.6409394883747326
-0.31332143517191013 -0.950700099012204
-0.4283510769812141 -0.9047189369351313
0.8901399550003238 -0.4578775606120281
-0.6667728590914788 0.7466022732211408
0.12001262198564518 -0.9937796388355572
-0.30889494061222744 -0.952147528308596
-0.13764726122648657 -0.9914909134615644
-0.8256618530904019 -0.5659359542839839
-0.2604332489467573 0.9665275592775595
0.579788077952542 -0.8159943533285614
-0.28544087844895666 -0.9594396827890163
-0.9528202990178597 0.3068134250314291
0.9973292643961467 -0.08564659000241087
-0.3145905929421394 0.9502808841770486
0.8708596360805199 -0.4935630600497818
0.6766126671938051 0.7376966169048663
-0.7136525214298098 -0.701926690372203
-0.9427486733684521 0.33649062224974924
-0.6730947754365548 -0.7409078372375432
-0.9682234196618345 0.254055918290331
0.9822798036433388 0.19268468375665906
0.33549588053382723 -0.9431031301744427
-0.9073373575586164 0.42277644160779276
0.43622748821325164 0.9009476003226587
-0.14580474215462488 0.990324177815135
-0.8137839801952548 -0.5828864671422465
0.49248307520441503 0.8714708375139139
0.8842605207574359 -0.4691314649752119
0.46649641358123584 0.8856534853518303
-0.8707853876444407 0.4936940435785317
-0.9945245642211974 0.11367449652687033
0.4863568407873747 0.874904579608156
0.9989779007951447 0.06359366102785756
-0.9579957448618559 0.2902501556012984
-0.22224410488408064 -0.9760166790809847
-0.1320297127793044 0.9922545817195375
0.07987264839199815 -0.9978082781971936
0.8759722442382801 -0.4844312410695155
0.6885940467096302 0.7265254564267212
-0.7518696901737657 0.6608274880768849
0.9200380982269752 -0.3943740582377226
0.9369051814078745 0.3524339385630698
0.5304728469329664 0.8488813572383562
-1.0009662013133953 0.008225802588879316
-0.7598993071094688 0.6515781173846688
0.9871579164630523 -0.16589227819378957
0.448026216238465 -0.8951388213919919
0.8903522419953257 -0.4574646272378849
-0.9056332753150607 0.42641455256840777
0.9570004672721448 -0.2935150858829856
-0.3704855963715524 0.9299147395762771
-0.8944264684704085 0.44944665144992824
0.6902548584639665 0.7249477431973214
0.17752993688074464 -0.985131524980862
0.04233897603476662 -1.0001042001253306
-0.9125442542144546 -0.4114170440078837
0.7258933896675489 0.689260318629294
-0.5685623910580427 0.8238554530221678
0.7058729029757013 0.7097495648781027
-0.5140481244817114 -0.8589269618057375
0.9494349207639677 0.3171345632912288
-0.3297164326777617 -0.9451391823547741
0.729443424906181 -0.6855022172547224
0.04908353589776323 -0.9997958824198933
-1.0009995923959731 0.0009033399669738535
-0.9383754876405945 0.3485002786157801
0.04558354358121616 -0.9999615695388395
-0.9713564885586707 0.2418006867959001
0.9418733386531846 -0.338933052289539
0.4351871690822651 -0.9014505687313997
-0.27164972539159676 0.9634352218466326
-0.9131867985199982 -0.40998886693274533
0.4296581314258775 -0.9040989382250282
0.21259322391123672 -0.978164158588438
1.000796745965008 0.020171099768017717
0.20449882853392462 0.9798883758511744
0.9540594049296209 -0.30293836314560363
-0.7674877599956197 -0.6426223916553999
-0.9558580034436738 -0.29721453068898507
0.9898701207884201 -0.14885611835030052
0.801334070129693 -0.5998872461132844
-0.645027615416342 -0.7654674227883951
-0.3136162717449132 -0.9506028792807335
-0.5293351857047135 -0.8495912318138391
-0.914776772069051 -0.40642890803057724
0.03225827989141732 -1.0004800864477248
0.4149810006837119 0.9109290691769283
0.07498472826499786 0.9981875026902634
0.24817020367258957 -0.9697487045668611
-0.9876580050953577 0.1628885047235022
0.6402409831949778 0.7694754599319773
-0.6568324329015642 0.7553622674509312
0.8635335495911443 -0.5062714773029571
-0.6850670572241531 0.7298521268765606
0.9816054139841112 -0.19609133391632
0.9495607416554508 0.31675763275215674
-0.5969918035946146 0.8034934887358136
0.9625337640858811 0.2748267690649247
-0.2872734243944262 -0.9588925798214835
-0.9445196468669982 0.3314870083159234
-0.7716813661512187 -0.6375804805159806
-0.5387779745553575 0.8436345738138206
0.25034071607824926 0.9691906550691816
-0.3143383221236759 0.9503643613080576
0.8233174307012675 -0.5693412055204361
-0.4934725783845766 0.8709109107035449
-0.6322336827012861 0.7760680192212339
-0.9991025600359256 0.061604176235541735
0.9549686273310505 -0.3000598620499737
-0.4731519430584997 0.8821157740228696
-0.5230210861872107 0.8534927904812966
0.9974168113522204 -0.0846209455865941
0.43151750945121586 -0.9032129533155622
-0.6460703066832789 0.7645875743315307
0.6701597360917522 0.7435636678331138
-0.919578080428145 -0.39544551330883504
0.34296425263267044 0.940412952599077
-0.5541675327522686 -0.8336062293692769
0.17521184789375105 0.9855464516488592
0.8048816846707433 0.5951188735719833
-0.16293378649678633 -0.9876505359780957
0.5543754579630659 -0.8334679667559163
-0.19720628445813074 -0.9813820262111075
0.8480136310468687 -0.5318588925257387
-0.7650307656960188 -0.6455454496304371
-0.08300969308687337 0.9975521995633226
-0.8414782849359688 0.5421395539722412
-0.618657116017426 0.7869335250203799
0.9724709058306608 -0.23727902838829693
-0.38295201971940307 -0.92485066394139
0.2171660194235933 -0.9771591068028336
-0.3192757650963406 0.9487170209404627
-0.9887506307639166 0.15611915373828167
0.9910700994960129 -0.1406451488141808
0.9816220241214069 -0.19600816758439452
-0.2500477310226622 0.9692662855017802
0.7331146940418878 0.6815745339872002
0.432618595631601 -0.9026860753959493
0.37074295859667833 -0.9298121631012265
0.6187638521894095 0.7868496014002437
0.3826811901101479 -0.9249627596481281
-0.7884351307564701 0.6167422837693455
0.02331787701354118 1.0007283730421463
-0.8605595981967938 0.511310256059247
-0.21786933624134253 -0.9770025344520642
0.179565113721095 0.9847625957226088
-0.37686131488395047 -0.9273492057169942
-0.4810709967733424 -0.8778221323613928
0.2451016878560194 0.9705288056570657
0.058014452454935785 0.9993174287013882
0.3419069748551664 0.9407978638078365
0.8871979459170497 0.46355237542328237
0.9239750014601849 0.38505999101003907
-0.8701810607401516 0.4947584476581928
0.8628499566087404 -0.5074356632917072
-0.311703297579752 0.9512318614711708
-0.4564373105254913 -0.8908793305270115
-0.9974304643370838 -0.08445986509762676
0.34378599372582 -0.9401128605215177
0.9333502140662393 -0.36174352503190055
-0.13548754683280664 0.991788346701668
0.9866040578157773 0.16915505638745262
0.32217704231665995 -0.9477356980741461
0.5318724869748453 0.8480051047011409
-0.15042254829769927 0.9896332941871075
-0.946708038135362 -0.32518439465923643
0.9764276773774939 0.22043137447104175
-0.20026145288565933 -0.9807631469871433
-0.44758820629023705 0.8953579159140149
-0.18244176541337326 -0.9842337132169633
-0.8638857854621329 -0.5056701985251589
0.3310323951842701 0.9446790742567368
0.5821694334598624 -0.8142970899770077
0.6781925117763073 0.7362444682104873
0.1268941061074899 0.9929244109372984
0.9232396779150905 0.3868197217351253
-0.13223349269736695 -0.9922274454020386
0.9739855105671844 -0.23098317082675351
0.74286929258765 -0.6709293659770188
-0.5969387973252854 0.8035328694259133
-0.7418427255899694 0.6720642606843823
0.554192548873003 0.8335895985277433
0.6211834116934734 -0.7849408697710019
-0.8402553149072749 -0.544033092532133
0.195018797103645 0.9818190611188231
0.5993873876740423 0.8017080263395691
0.35577709672984836 0.9356407737173922
-0.6554005524818626 0.7566049932471166
-0.990384876656346 -0.14539187078511048
-0.5343300932404901 0.8464587121990116
0.06394172269840594 -0.9989556827499206
0.550732685333771 -0.8358794825242774
-0.11843734171146134 0.9939686092067106
0.9203588240163991 -0.3936249929249296
0.9635953468519592 -0.27108118253625085
0.017795637385288537 1.0008418033286035
0.9883122358326232 -0.1588707792626488
-0.9959001396416801 -0.10091536979906471
0.2918501834059316 0.9575095145458995
0.6252113094021703 0.7817364124790553
0.9976921137703803 -0.08131079953112384
-0.9998893771461803 0.047140571382023946
0.9724422790214104 -0.23739632257397195
0.8367842063911956 0.5493570714337416
0.8935207036041025 -0.4512446700303835
0.9107923842758845 -0.4152809082356781
0.28556199878041016 0.9594036402122607
-0.985547298203582 0.17520708605424556
0.7538017909307675 -0.658622699266862
-0.33850869138938694 -0.9420259369326541
0.4453076246710103 0.8964943499040373
0.31330779453508323 0.9507045944369692
0.46897342805847175 0.8843443468327739
-0.44212317394773476 0.8980690948130778
-0.037411341152592655 1.0003006505811962
0.020807348532775518 1.0007837200149867
-0.3713912167444225 0.929553421877999
-0.5342868486391816 0.8464860089636521
-0.14861829030941004 -0.9899058560214238
0.009975517335053911 1.0009502929985574
0.7123748529296107 -0.7032233421278873
0.896227337539763 -0.44584477057198707
-0.8449448047721162 -0.5367208556490147
-0.9299207230725518 0.3704705775095
0.5632190061740602 0.8275175835499231
0.4331913304654371 0.9024113647387119
0.45719496177923347 -0.8904907449960866
0.9698817129551067 -0.24764987961892498
-0.38389898221873353 0.924457987932075
-0.1303956922510391 -0.9924706360605196
-1.0008667611961966 -0.016331758406119282
-0.9202015201937253 -0.3939925915967927
-0.08024280563746886 -0.997778578715452
-0.9140993047958503 0.40795031679328697
0.9570067521455415 0.29349459338775236
-0.27062166052700487 0.9637245025699028
-0.12309731573181648 -0.9934022603455368
-0.4369031188334557 -0.9006201556447643
0.5237816177371419 -0.8530262697717242
-0.9963106513612346 -0.09677854092799915
-0.6459588630179811 0.7646817294067624
-0.9689110100720516 -0.25142087137140545
0.9989715762984037 0.06369293326486497
-0.7703999150000735 0.6391282899135974
-0.9835019978274807 0.1863459692865776
-0.6679541859222774 -0.7455455757422933
-0.3322795636064995 -0.9442411194231451
0.949978030696638 0.3155039479843912
-0.7012727832283406 0.7142950955334754
-0.5459728805132676 0.8389961941177356
-0.3096985642247328 -0.9518864424484357
1.0009505016558753 -0.009954558496063037
0.15877804092873257 -0.9883271390176603
-0.9962311715588527 0.09759330312309236
-0.7962628315882029 -0.6066024258368385
0.9764300186779401 -0.2204210031385338
-0.6689160434246119 -0.7446827021283379
-0.9974745954558973 0.08393706821240504
0.5571595869215794 0.8316094003204719
-0.6924879010728716 -0.7228149879932547
-0.9315377115662927 -0.36638571469127224
-0.7953393659368719 -0.6078127121006393
-0.882050019598739 0.47327451117281205
-0.8492456264433828 -0.5298894846727817
0.19529911452280455 0.9817633400502427
0.9935144967888933 -0.12218815274122213
0.8857484267576725 -0.46631612077678397
0.2322066695733749 -0.973694542762586
-0.8220670278773231 -0.5711451669032527
-0.5775744548666509 -0.8175626881686143
0.8564416197543293 -0.5181783013139211
1.0006910569980485 -0.02486781944860917
-0.5747177675817513 -0.8195733570741841
0.7419370579169154 -0.6719601194189964
-0.7395937601480843 -0.6745384125088932
0.1904941147520529 0.9827069717086736
-0.4068521896674825 0.9145885937200261
-0.24381571770415578 -0.9708526643113297
0.7024110363072414 -0.7131758100733557
-0.7817052603693331 0.6252502586252269
0.9994758350735712 -0.05521824973672756
-0.12860332126293023 0.9927044805782552
0.9912063539484496 0.13968165195264845
-0.388863606816112 0.922380667237754
0.19566592519416298 -0.9816903003075421
-0.026719275542038703 -1.0006433332184395
0.9371752390087821 0.3517151850415788
0.11657902167107852 -0.9941882777956166
-0.06819448811029044 -0.9986743772578605
-0.9592897007476023 -0.28594452266055975
0.9656137405493795 -0.26380125864414566
0.9189919201147192 0.39680580989176756
-0.4411384909137703 -0.8985531880942393
-0.5292073651212308 0.8496708566859548
0.974443204919728 -0.22904462531517494
0.3896172297498172 0.9220625869658079
0.8425860158826147 0.5404163263994364
0.37952309366067816 -0.9262630411380064
0.06403501664098528 -0.9989497067639536
0.4622558021584094 -0.8878741878052799
0.942775546569094 -0.33641532187364204
0.8032014179801158 -0.5973847019758133
-0.5040359480963833 0.8648403107086187
0.8853219737544215 0.4671252538533702
0.10761127514838892 0.9951988813603729
-0.014640510789730674 1.000892929060754
-0.9949136440880009 0.1102172436941462
-0.3529669247486604 -0.9367045158605106
-0.8156022930032135 0.5803394693176572
-0.9975600322440218 0.08291551163266196
0.8483851269018582 0.5312661070045009
-0.9989699484206384 0.06371846006038737
0.23053513549059604 0.9740916544680652
0.7275644826080101 -0.6874961262780602
0.8351761825030684 0.5517986445974669
0.27156411884223847 -0.9634593553219765
-0.9809039836120461 0.19957047610811285
-0.056692302221024685 0.9993933073964824
-1.000686138987201 -0.02506494043256408
0.6643830079918867 0.7487297367486166
0.8285911593121369 0.5616383985357205
0.8331166312292857 0.5549033057832387
-0.8935193838993272 -0.45124728320087076
-0.9930639766798738 -0.1257972107033985
0.9418258799404207 0.3390649080551573
0.5967081525624567 -0.8037041624039905
-1.0000327446620976 0.04399442696060729
0.5328749102122441 0.8473755543242281
0.9923532794562695 0.13128582845222486
0.5497981902490522 0.8364944411045819
0.6826453468645627 0.7321177025616583
0.99798080426736 -0.07768728540677193
-0.3004505131830871 0.9548457933760925
0.9345799361126834 -0.35855451888884693
-0.4009871668924895 0.9171751697399656
-0.9769192926023669 0.21824228678533222
0.675608917010954 0.7386159971563613
0.7107702792988893 -0.7048450965037487
0.7415219736334137 0.6724181456644421
-0.8408970396501787 0.5430406694784157
-0.7404860404534785 0.6735587753815767
-0.0153389251929678 1.00088246931092
0.9099078254703535 -0.41721547088742134
0.18436991290937604 0.9838743493016723
-0.5982829111858795 0.8025325901064386
-0.6770870254587792 0.7372612562418986
-0.02422963315397779 -1.0007067127171796
0.903393368517254 -0.43113967773686623
0.9975616400431139 0.08289616586123207
0.9315024330743198 0.36647539777810806
0.9623440102081996 0.2754904826239932
0.9801972681040648 0.2030130921919271
-0.20946087238239086 0.9788396921563857
0.5424017570261124 0.8413092974495089
-0.7740297500906325 0.6347274580279578
0.3614720312839704 0.9334553929350028
0.9291398667709204 0.3724246339555378
0.9607819298651769 0.28088980623110293
0.9730332800376423 -0.2349622010860199
-0.1505992135702666 -0.9896064252378404
-0.6735565664109421 0.7404880497649521
-0.2845255969757113 -0.9597115111665667
0.3077598758292507 0.9525150176399132
0.982443279191794 -0.19184942838297675
0.10462064708083278 -0.9955177146612649
-0.57154763922152 0.8217872572024388
0.9373708036516095 0.3511936452465162
-0.9689336622119826 0.25133355970199367
-0.975795798527885 0.22321191629330006
-0.5103313361283389 -0.8611404806217533
-0.2816338725473709 0.9605640852301169
0.1922329194348485 0.9823683141701767
-0.5813735658433102 0.8148654962253797
0.8547400526181957 0.520980270691937
0.46682475949221675 0.8854804593693945
-0.7582236419308489 0.6535272823816308
0.8516832733040373 0.5259625480717428
0.9637901069405937 0.2703879245888004
0.8617807227806435 -0.5092494338177231
0.9910811930492314 -0.14056695480841916
0.8575925704949049 0.5162712301028808
-0.8730712849175569 -0.4896402061232371
-0.02787547797781032 -1.0006117917192003
0.6750588614980725 0.7391187546754081
0.6787848561272396 0.7356983886704678
0.3759135664991247 0.9277337929179406
-0.9054991081314955 -0.4266993850160396
-0.34298025433556734 0.9404071166978212
0.17703215963756208 -0.9852210992736913
-0.9935360274322202 -0.12201295912403118
0.7725150035881152 -0.6365701604939195
0.9973610184381073 -0.08527601597226131
-0.9458465591638163 0.3276816847459882
0.28772946951869643 -0.9587558356382971
-0.44879624923004746 0.8947529975792431
-0.34429857583554335 0.9399252580272628
-0.603538998223363 0.7985873011910091
0.07617301811224086 -0.9980975259520847
-0.960544415094849 -0.2817009524834702
0.27017658793195043 0.9638493717036127
-0.9593053431604137 -0.285892040084856
0.5569682726102128 -0.8317375447252551
-0.7045825676446688 0.7110305235158655
0.9833436085320045 -0.18717998706927994
0.9478502547700127 0.32183985852038577
-0.19225323822442547 0.9823643379073888
-0.7123315973701301 -0.7032671579052436
-0.9842927674492505 -0.18212289243007204
0.8711697278794803 -0.49301552229761714
-0.06766650614441629 -0.9987102902975455
-1.0000885078025357 -0.04270803860279351
0.05910906585524156 0.9992532803717588
0.3240520122955047 -0.9470962429063026
1.0006262482845414 -0.027351622328546335
-0.5250507393839724 0.8522456929033693
0.6171811002390244 0.7880916758269607
-0.6721276232182263 0.7417853180718921
-0.9986603220660686 -0.0684000082667851
-0.511565914163299 0.8604076449371357
0.15287878104443184 -0.9892568313165033
0.7371602232958196 0.6771970209550964
-0.932964624415902 0.3627368324122805
0.8566307557863484 0.5178655696615769
0.95144624568881 0.3110482945856941
0.4920208766161398 0.8717318721796774
-0.8148396175059589 0.5814098362968608
-0.3597031581966957 0.9341384469035213
-0.8740675446788629 -0.4878595364846975
-0.1658686068424708 -0.9871618941511762
-0.9859223467960445 0.17308415897528068
-0.37683626993264463 -0.9273593832292047
0.7319652698290384 0.6828087900460149
0.9925331567103757 -0.12991894715759064
-0.6937229752974622 0.7216297066670944
-1.0002266162311721 -0.039341024169938434
0.22687447049631063 -0.9749507549804856
-0.5972155649470615 0.8033271867582736
-0.33282341818312927 0.9440495603033231
0.8021172322648112 -0.5988396661075808
-0.9840931322384147 -0.1831985455214806
0.8140240750983131 0.5825511180663341
0.9713613005431624 -0.24178135537525686
-0.5694896405957496 -0.8232147649636297
0.9231863734521945 0.3869469212594736
0.9804330207685542 0.20187147343457823
0.7592829381832741 0.6522962668786128
-0.46555957898437617 -0.8861463075677122
-0.984086376338853 0.18323483267180807
-1.000714609596918 -0.023901258110989834
-0.9601852222076667 0.2829228500033426
-0.9663927540238698 0.26093302774880806
0.4857330825675462 -0.8752510339893517
-0.9014886255617298 0.43510832902028357
-0.8158591876987961 0.5799782632542884
0.36080261023177584 -0.9337143441384722
-0.9239906241486111 -0.3850225012716269
0.17194168106836938 0.9861222329464959
1.0008520387040083 -0.0172103637971522
-0.6320872967711763 -0.7761872514158598
0.9408740485986191 0.3416972705095013
-0.8915372489543884 0.45515089116340424
-0.3841103292519264 0.9243701936789053
-0.9847572024303642 -0.17959468884552968
-0.6669670087369318 -0.7464288373693164
0.5751842281797747 -0.8192460580638988
0.15200661242629038 -0.9893912218019136
1.0008816710999942 -0.015390921222701252
-0.11035021047970665 0.9948989049381272
0.6163959188529057 0.7887059472461725
-0.2511978641036449 -0.9689688504125232
-0.06446838498038895 -0.9989218324463733
-0.9612675144721209 0.279223504778145
-0.3851477633686313 -0.9239384180626655
-0.03240471117142078 1.0004753543660616
0.22896369556854249 -0.9744622240557075
0.6114152727687635 -0.7925732548005253
0.2934598829955832 0.9570173964313391
0.7215307070991022 -0.6938259426636263
0.653951512217895 0.7578577832733053
0.841820406500961 0.5416081638957787
0.19000709141173894 0.9828012541776955
0.8798361696527356 0.4773775388210075
0.6508498967040318 0.760523117308311
-0.7296242970219348 0.6853097002051317
-0.25963491934682087 0.9667423176088702
0.9900546975923556 0.14762349330411248
0.48060970160084604 -0.878074777412007
0.24671552784382564 0.970119811322675
-0.6862128778439768 0.7287749215506029
-0.9869035707144246 0.16739875182067157
-0.5016469205519698 -0.8662282419205263
0.08014292320213905 -0.9977866063746376
-0.9868606214749039 0.16765176343291582
-0.2566369445217768 0.9675424945223473
0.7306105236777705 -0.6842581842340608
0.8961533062393837 -0.44599355568911686
0.94321659860635 0.3351767416057798
-0.22244227230227764 -0.9759715341612168
-0.8111016332481411 -0.5866132802299979
-0.963770766130966 -0.27045685487953675
0.9170887893056546 -0.40118468631029364
0.849722816845867 0.5291239311650202
-0.5640017158803837 0.826984319370073
-0.5557820945446101 -0.8325306381050526
-0.7740114832229672 -0.6347497332326989
-0.11145000807871869 0.9947763043515128
-0.8746195035381712 0.4868693089840877
-0.2478250864005539 0.9698369587464473
0.6379869576629479 -0.7713453453881575
0.9949522616150296 -0.10986808957626283
-0.9106204892690946 -0.41565770114760875
-0.7143033788828808 0.7012643459612784
0.952771526178733 0.30696484962133364
-0.9799636497447041 -0.20413780928343217
-0.6653912746036345 -0.7478338396203736
0.6860728798530007 -0.7289067179894901
0.6568559935879857 -0.7553417793870136
0.9067247384837508 0.42408872729839653
0.4543465741716171 0.8919474146711314
-0.575793354844777 0.818818058250181
0.4560453420995367 -0.8910800446364606
0.9841608555567153 0.18283437967153285
0.9477621070768234 0.3220993455275871
0.863993490345575 0.5054861507899804
-0.9431769516826809 0.3352882906016343
0.335504233562876 -0.9431001586583405
0.03824404279200537 -1.0002691603718088
0.9300624691646509 -0.3701145815167957
0.3416138568630629 -0.9409043377512629
0.5402200670632578 0.8427118600934541
0.9881178832613837 0.16007513479314184
-0.4957368499434903 0.8696240426805744
0.7691178443358159 0.6406705405465649
0.8080637840991192 0.5907909281864542
0.8001571089681533 -0.6014562336261274
0.27090331740532436 0.9636453666254977
-0.7330817362175989 0.6816099823390138
-0.24234332418351426 0.9712212483382374
0.013146309393333855 -1.000913669878344
0.2074028139798832 0.9792778322586629
0.6709336599714816 0.7428654144037616
-0.6264599121410738 -0.7807361772584885
-0.9364986935617226 0.3535126545927132
-0.6999688967137774 -0.7155728779329869
-0.15001572225674345 -0.9896950454942106
-0.2492275264268979 0.9694775088010706
0.6675230568491864 0.7459316111914803
0.9998923870836315 0.047076684804660124
0.40312880810960966 -0.9162358670517791
-0.29457879814343757 0.9566735763489905
-0.8876337452005135 0.46271733745485466
0.20271909392715995 -0.9802581134361251
0.418116836710427 0.9094939861589334
-0.7696242580239384 0.6400621075029378
0.9177870809891453 0.3995846267931537
0.4369907725469648 -0.9005776283634892
0.9495474157041361 -0.3167975778467954
0.8156267651120365 -0.5803050749673613
-0.87876081639851 0.4793541775791925
-0.9349544232760203 -0.35757688179831243
-0.12468094236073021 0.9932047435509157
-0.5821976815223803 -0.8142768937099745
-0.9973102946877066 -0.08586720043136285
-0.4532465172025559 0.8925069157400144
-0.9856391872097527 0.17468941764313586
0.6764120243886094 0.7378805955318946
-0.9637088909674938 -0.2706772496354344
-0.4083578149097996 0.9139173348843395
-0.21460725467964184 -0.9777242587963476
0.808361889303408 -0.590382973943037
-0.2931167023629375 0.9571225620556006
0.5125335143770056 -0.8598316094680143
-0.7656509643761394 -0.6448097399620198
0.7808850755919878 0.6262742999019643
-0.8040095407587055 0.5962966194512389
0.7131693899480371 -0.7024175547643614
-0.6803010828478342 0.734296559079548
-0.23051028730069736 -0.9740975348744858
-0.42124360338171457 0.9080500132756943
-0.278298608265228 -0.96153569077681
0.34990770848710784 -0.9378515850289433
0.49604031237059176 -0.8694509810813291
0.025391361792549166 1.0006779095924523
0.05826246454681606 -0.9993029997077618
-0.05346913906148383 0.9995709335349962
0.7303396144026301 0.6845473304558405
0.8267073251741718 -0.5644076527682506
-0.5409546723626609 -0.8422404896756069
-0.8607254338646306 -0.511031043576164
-0.7221756605715 0.6931546113805475
-0.7525467622131988 -0.6600563390214742
-0.9094823567557377 -0.418142132234996
-0.46631647488336336 0.8857482403326318
-0.1820155082175568 -0.9843126306048828
0.2094344930940661 0.9788453366607165
-0.302124575385383 -0.9543174214841736
0.9797318643028277 0.20524734850834442
0.9082670989916434 -0.42077532828019304
-0.9101485847667035 0.416689997056765
-0.5766364789535614 -0.8182245236730801
0.9040581575837449 -0.4297439327160825
-0.9035860194897677 -0.4307357721186356
-0.655827538296995 0.7562349106007362
0.6345290545104844 0.7741924043685979
-0.9794274342786524 -0.20669518858051786
-0.43136530753180663 0.9032856533002115
-0.44666674611076307 0.8958179602568946
0.8910630130559626 0.45607861905994845
-0.2659842131675345 -0.9650147140565513
0.9944563940919805 -0.11426933206059987
-0.6189742615889482 0.7866840938333609
-0.554687199578158 -0.8332605298609438
0.26112746888204613 -0.9663402325243713
0.7905308518934335 -0.6140537209435688
-0.05866622913739479 -0.9992793771307396
0.005019418381279222 -1.0009874152251435
0.5797845352062256 0.8159968705428353
0.3775921226632747 0.9270518803727451
-0.8516853777959681 -0.5259591402842422
-0.09651865738874268 -0.9963358614322153
-0.6725982883933651 0.7413585788606722
-0.7946322666710552 0.6087368567494668
0.018434978065215758 -1.0008302311499861
-0.14028796573952068 0.9911207225503194
-0.9943253896526633 -0.11540372390906387
-0.8816190309654525 -0.4740768758751439
-0.9942339343084056 0.11618900063960097
-0.8313545145265645 -0.5575398381966084
0.8366949222471141 -0.5494930455300556
-0.9961799017197345 -0.0981152557437437
-0.9525651664669078 -0.3076046222570009
-0.603662970270592 0.798493593164082
0.5486831129557664 -0.8372262785873181
0.9911913927943752 0.13978777790045405
0.5024496961461907 -0.8657628444571878
0.9609327449114606 -0.2803734291207456
-0.9576925128263911 0.29124912167468037
0.6816437456291863 0.7330503420943293
-0.11569052640096687 -0.9942920607653806
0.5447413836556422 -0.8397962996661372
0.9597268835237133 0.28447374051370866
-0.8834383730660805 -0.470677852670334
0.6164987454695651 -0.7886255745500854
0.7184761148826603 0.696988574040578
-0.18158514178369514 -0.9843921151062698
-0.688129634669922 -0.7269653402254055
0.8395901553701868 -0.5450590527690241
-0.0037794244409638583 -1.0009928650849091
0.9556866672201609 -0.297764998106932
-0.9757003429705017 -0.22362880120245077
0.09614172647687688 -0.9963723041263469
-0.9186582650102045 -0.39757765546926893
0.9642647077530214 0.26869047877061114
0.15254339740970416 0.9893086029681057
-0.3232074405951425 -0.9473847952885551
-0.9550821180999371 0.29969842790001033
-0.44812046505603337 -0.8950916426813315
-0.5937533428177901 0.805889550678441
0.1385610771501654 -0.9913636204233973
0.6360170866387433 -0.772970416965336
0.9674318226199873 0.25705382429010776
0.32206488624129326 -0.9477738174535013
0.9895342269181243 0.15107287565128927
0.37529551550123114 0.9279839847996652
0.8414456757643428 -0.5421901647369568
-0.980825719076155 -0.19995476688177113
0.3758968823451897 0.9277405530875358
