1000
0.9579401285703281 -0.2904336586462789
0.4808232477298742 0.8779578602885768
0.29468006705479993 -0.9566423877711977
0.1608774808054879 -0.9879875688335759
0.667656341686134 -0.7458123151345036
-0.7138676921761136 -0.7017078580628476
0.7660578185247524 -0.6443263293371594
0.8200808668975347 0.573993355143235
0.1456451849880944 -0.9903476561742265
-0.6584718762778055 -0.7539335435906712
0.43494074106568636 0.9015694935839563
0.6627722468734953 -0.7501559496359796
0.5092814599510116 0.8617617968732231
0.9935741035999951 -0.12170250882979479
-0.38255622677640994 -0.9250144503490721
-0.8590005356949976 -0.5139251693347071
-0.6542431376849197 0.7576060432653577
0.7970292416314161 -0.6055950693197969
1.000737215697145 -0.022935237490074718
0.9608040911258815 0.2808139926637718
0.9607666916643315 0.28094192315917443
0.9732305645062423 -0.23414369158886358
-0.987799871768187 0.16202596500176564
0.8958652466450306 0.4465718977428365
-0.8826147537095147 0.4722204956736764
0.9948482504336512 0.11080595024231908
-0.4806031803977951 -0.8780783467274001
-0.3643228321541163 -0.9323464345248517
0.9841162494088114 -0.18307432274771404
-0.31781842727199316 -0.9492062195784206
0.920247770607111 0.3938845524930392
-0.9716695400619559 0.24053961194736065
-0.6810078455282016 0.7336411345671923
-0.13140507973364676 -0.9923374955226644
0.4483481478475346 0.8949776188942857
0.785369228143614 -0.6206417448779158
-0.8897943008657534 0.4585489092199708
-0.4623964210389807 -0.8878009629474062
-0.9836423659499381 0.18560359885629374
-0.9371525754675929 -0.35177556807495547
-0.7975131759681983 0.6049576300511613
0.3643819026573223 0.9323233500325033
-0.9206030472725562 0.3930534688213346
0.9450090747193814 0.3300891526512474
0.8498400894276136 0.5289355560006017
-0.5202259716727425 -0.8551993559382227
0.8129226536390806 -0.5840871161054618
0.8474120626298767 0.5328168504367875
0.12254411816916104 -0.9934706533673466
-1.0009633452152837 -0.008566302319484088
0.709048515188342 0.7065771034425101
-0.5916160953767575 -0.8074598415346483
0.8529247303568974 0.5239469480258605
0.3444027143642444 -0.93988710510281
-0.9949034793647293 -0.11030896041553294
-0.1809306065910498 0.9845126284606993
-0.8420773164992693 0.5412086409485619
-0.9090934857756551 0.4189869140203174
-0.029391074665875896 -1.0005684208138816
-0.876785900830466 0.4829570209707157
-0.7652011362122094 -0.645343490816746
0.8928367863714931 0.45259636863526076
-0.7002246545674807 -0.715322607734337
0.23152542861359557 -0.9738567532780634
0.48543176630214074 0.8754181859344617
0.9781961572711685 0.21244594112366416
0.3832195832960085 0.9247398288050718
0.46546418555324637 0.8861964183899939
-0.9886331190110784 -0.15686158227694563
0.972594123314889 -0.236773459858453
0.7468787318401353 0.6664631722194942
0.015822565189272438 1.0008749404550157
-0.3921747506872787 0.9209777222731127
-0.8620392706732154 0.5088116506303595
0.772103016640958 0.6370698012729314
0.5020950294934721 0.8659685798907195
0.5870468076804611 0.8107879165306916
-0.5243278016454073 0.8526906569335062
-0.9900405800498677 0.1477181432814584
-0.7386300221366278 0.6755935837457642
0.42708296485696257 0.9053182540570949
-0.9771616682544779 0.21715449360795086
-0.3579696739120106 -0.9348041038417241
0.9946498779880332 0.11257273301466324
-0.9753246337282018 0.2252617562813295
0.6281608096953958 0.7793683321529203
0.28159870642248386 0.9605743951101257
0.7024220232636864 0.713164988788814
-1.0005179878813457 0.031060520373354234
-0.19784852358836172 0.9812527511879422
-0.9717304339856634 0.24029349484751822
-0.5061005497642992 0.8636337380674022
-0.1981044823308792 -0.9812011078675026
-0.38505232729613015 0.9239781952209879
-0.4138806658439439 -0.911429533447635
-0.827113365949798 -0.5638124509685782
0.32664055310564144 0.9462066101369407
-0.7175839900108036 -0.6979070262435927
0.9762281248843683 -0.22131346137266572
0.8472746380953208 0.5330353530868692
0.7348777970673317 0.6796731739427898
-0.5625142793774675 0.8279967907525055
-0.8530340272091564 0.5237689838309713
0.22913435162517556 0.974422110230115
0.991389376369095 0.13837667586156624
0.9166838306434648 -0.40210913274485993
0.9148311474559212 -0.40630649963356813
0.9293602981088173 -0.37187422107359147
0.9956067101818163 -0.10377031676226421
-0.9352329250778229 0.35684783290693994
-0.9198360869178542 -0.39484499895990804
-0.5433251899426661 0.8407132317108883
0.820164465079413 -0.5738738974905552
-1.000749738705681 0.0223821464679156
-0.9696736055736743 0.24846347549237566
-0.45597911888586645 0.8911139338715723
0.4542998558479937 -0.8919712108451102
-0.17341706485154418 0.9858638453753518
0.7276757822880509 0.6873783207750106
0.6125182005354072 0.7917211971476238
-0.43134376659989304 -0.9032959398864898
-0.5385932808593188 0.8437524979596771
0.312274862933269 0.9510443785544437
-0.8056122018368471 0.5941295988684516
-0.9765742022379179 -0.21978131750304497
-0.44881640351553903 -0.8947428881725615
0.21534401097678568 -0.9775622522051626
0.9987526579168644 0.06703826000127867
0.9893073343409591 -0.15255162476743986
0.6559201749714524 -0.7561545636081418
-0.7812213745498876 0.625854746683593
0.9634525538118024 -0.2715882481874278
0.32151540410659635 0.9479603604171284
0.9396636709346515 -0.3450118628766479
0.8028296235961718 0.5978842659548995
-0.787617222205596 0.6177864609111637
0.5926035071392582 0.806735448165166
-0.7355270382579175 0.6789705266000402
0.2172675654525644 -0.977136533449812
0.7274172850837503 0.6876518693069815
-0.7790225703519988 0.628589559953206
1.0007971633174528 0.020150382024662364
-0.9826188144912107 -0.19094833177560838
-0.05875923802992286 -0.9992739123714492
0.5710902572524493 0.8221051745800724
0.9162916223176644 -0.4030020631094372
-0.702592145748868 0.7129973890078432
-0.9441813716506694 0.33244930053748123
-0.9948390328606768 -0.11088867704519409
0.5681165656620007 0.8241629497984082
-0.6743715786426855 -0.7397458846921503
0.09096284619786145 -0.996858445623843
-0.7660196046770049 0.6443717601280219
-0.8555952774960902 -0.5195745578128209
0.9848887000198046 0.17887215706559656
0.5753585240387612 -0.8191236590502916
-0.7762410635788642 0.632021211047504
1.0001624022365785 -0.040941044837139534
0.12961129992726717 0.9925733781092277
-0.23792748783652343 -0.9723124551972998
-0.8962400685386573 -0.44581917808212634
0.9321107860931284 -0.36492531078133
-0.4361620872280679 0.9009792637263386
-0.9889837828447304 -0.15463530408715578
0.10588198227887129 -0.9953843508056055
-0.9082506800001049 0.42081076777970766
-0.002613426856141575 -1.0009965884058085
0.8770014702354846 0.48256545794824407
0.9370029613816498 0.35217389222090034
0.9025859910433788 -0.4328273660158768
0.9992480932096137 -0.05919669092906539
-0.4770460934486358 0.8800159229953715
-0.9232224357618605 -0.3868608717690863
1.000719336962793 -0.02370250258407035
0.5923893025656761 -0.8068927526045527
0.7152005625329335 -0.7003493095253079
-0.5589732261220499 -0.8303914332883665
-0.6262109393242316 0.7809358869143251
-0.15863105994945137 0.988350740789581
0.6407260866170034 -0.7690715713953158
-0.6003209134691041 0.8010092389302512
-0.5744014979015735 -0.8197950470748336
0.5318430668244715 -0.8480235564362235
-0.8316766565692909 0.5570591879842984
0.9914641838608962 -0.13783966091458227
-0.5884038138463594 -0.8098036501838324
-0.9105051923320966 -0.4159102003272964
-0.9244152400637803 -0.3840019061643101
0.011647610798484666 -1.0009322320530432
0.5908630897315136 0.8080110204650239
0.9163052349210113 -0.4029711111932841
0.8477508193929383 0.5322776984043215
0.5332453009217629 -0.8471425199131835
0.5843661426112612 -0.8127220997177541
-0.9685175862991715 -0.252932174760798
-0.375594450434965 0.927863033428133
0.5346199200916022 -0.8462756885561872
0.9774864144741989 -0.21568799113157558
-0.8876545734615352 0.46267738026925415
0.979895420117697 -0.20446507191293536
0.6831067731802356 -0.7316871848237374
-0.6365497876812217 -0.7725317908041012
-0.9612982936186834 -0.2791175212805666
-0.1884535648634891 0.9831003274794707
0.6759955722550836 0.7382621392781308
-0.4079369167031857 -0.9141052849593958
0.8182277513206312 -0.5766318990211895
0.7946780890561421 0.6086770365095748
-0.5988177792304006 0.8021335719676438
-0.36411015293368243 -0.932429512901973
0.3737421517142039 -0.928610684857781
-0.3889941820345629 -0.9223256075504254
-0.9669497101201964 0.25886146507054325
0.9789761674638902 -0.20882208584753012
-0.0644465925522232 -0.9989232386466979
0.4533176627452736 0.8924707819548843
-0.3426186981255944 0.9405389028077057
0.832947280456305 -0.5551574803426913
-0.6631296211001567 0.7498400533577562
-0.9655196999717893 -0.2641452421801044
-0.9738702243652352 -0.2314687583558666
-0.8153458128567389 0.5806997549999343
0.6371360776799925 -0.7720483265434585
-0.6856039505900952 -0.72934780656094
-0.9456074093315269 -0.3283711732435084
0.9855255990741519 -0.17532910074923097
0.8980431062518273 0.4421759596739395
-0.5621674764638471 0.8282322913327335
-0.2925223599540052 0.9573043763228806
-0.4216490666062148 0.9078618092144354
-0.9704091168596536 -0.24557513293423466
0.813637995749503 -0.5830902261852206
-0.9559138545914646 -0.2970348508173547
0.9627558536689795 0.2740477444280733
0.8665699300331596 -0.5010564402962253
0.6355099726030595 -0.7733874027433202
-0.31181077832900206 -0.9511966350433867
0.9599074916419776 0.2838637128792734
-0.5838096552204879 -0.8131219382548568
-0.09816733833678143 0.9961747706521541
-0.7776461824818923 -0.6302915316512981
0.19240225959494459 -0.9823351620006074
-0.21788530771767725 -0.9769989727122405
0.997909611784867 0.07859648024801055
0.9476148624548988 0.32253228125969535
-0.6304595207597874 -0.7775099952305046
-0.8330351539234516 0.5550256141186021
-0.20518288880099636 0.9797453659718315
0.3988379934133675 0.9181117878613685
-0.25825864115550023 -0.9671108903680666
-0.4900556504718852 -0.8728381633731292
-0.1492291376224938 0.9898139544805613
-0.764054980642647 -0.6467000746522026
0.7516396306013062 0.661089151105607
0.7181960887120786 0.6972771171913446
-0.13622374683517063 -0.991687496542226
0.5721659805043872 -0.8213568595643755
0.7344474401278078 0.6801381901420549
0.9611432235075893 -0.2796510395214725
-0.663664045587465 -0.7493670893457219
0.8431368075778267 0.539556599169606
-0.8632819443322096 -0.5067003893722597
-0.7142001635815507 -0.7013694649327743
-0.9562253714009972 -0.2960304698658991
-0.9350984788717014 -0.35719999273772435
0.38100030340042446 0.9256563988915025
0.11345099751240534 0.994550084793843
0.9491993499102844 -0.317838943696164
-0.3150741061998625 0.9501206805466124
0.28415722369479074 -0.9598206458615425
0.9258479192433465 0.38053466390430957
-0.9201948085220719 0.3940082668790432
0.7894009183938112 -0.6155056376988008
0.7943878439506289 -0.609055788399939
0.9810392025580107 -0.19890470845191766
-0.8805165433659156 -0.47612143079149416
-0.6932803783177539 0.7220549266084901
0.9368847644337129 -0.3524882099758602
-0.7157335618363269 -0.6998045930551505
0.9996580391473119 -0.05181510173830873
-0.8550372289544557 0.5204923986975081
0.1974740923964309 -0.9813281728515726
-0.07893589228713216 -0.9978828212314481
0.8289319154377287 0.5611353487071886
-0.7729925966574545 0.6359901300435141
-0.865038264940708 0.5036961387467342
0.4960732052686437 0.8694322141573166
-0.9644065828099034 0.26818080287918605
0.6092305526710042 0.7942538219562955
-0.9639100666713544 0.26995996623504215
0.6377085299924139 0.7715755509183236
0.3413290062079795 0.9410077095970432
-0.9187644054297084 0.3973323134548642
-0.9814918277780661 -0.19665907557209542
0.9301824944117786 -0.36981282710295704
0.39652515653321907 -0.9191130508464701
-0.19138255191393497 0.9825343346789007
0.374658756639691 0.9282412488535514
-0.9998006399316786 -0.04898653276366755
-0.7451096873832826 0.6684403890905956
-0.9847257643462118 0.17976698538043323
0.99996705828165 -0.04546297781209736
1.0002514431240588 -0.038704657707279363
-0.9598393640588981 -0.28409399008604536
0.6045888150888109 -0.7977928081084134
-0.3230152262334824 -0.9474503488950395
-0.23361115163380364 -0.9733585309804029
0.8190332955730625 -0.5754871508059312
0.826102670193794 -0.5652922945686449
-0.9514154310163374 -0.31114253586418733
-0.9496276912348757 0.3165568638332135
-0.91100826980819 0.41480710256827563
-0.9996070430790953 0.05278976630624279
-0.3991470422144745 -0.9179774717777319
0.002136930680533985 -1.0009977190419899
-0.7097870704075064 -0.7058351894616258
0.9453465436003232 -0.32912142516542753
-0.9638472592679085 -0.27018412388913826
-0.7909208070256132 -0.6135513646093151
0.9083027906275984 -0.4206982773177435
0.9559811969524428 0.2968180437126
0.9956482287440711 0.1033711981104696
-0.857030490800593 0.5172037681978879
-0.7411338766462211 0.6728458790000454
-0.7657824117493517 0.6446536262640166
-0.8636941719776122 0.5059974083845755
-0.8247263344200867 -0.5672983988290529
0.9964221830880621 -0.09562339175128899
-0.37402948554313975 -0.9284949886479378
0.7712248735691504 -0.6381325837067466
-0.4086203604193428 -0.9137999786883159
-0.16049996052964857 -0.988048967749059
-0.786653275649633 -0.6190134278912716
-0.7493601297020734 -0.6636719038899354
-0.21486066465131431 0.9776686017181873
0.9272711109951272 -0.37705342686927346
0.7486784181174455 0.6644408372798585
-0.4063875452476773 0.9147951481438711
0.5103057482742075 0.8611556440494954
0.27586826698454603 0.9622357815374272
-0.7788300800245943 0.6288280420344533
0.8835059822648755 0.47055093167709017
-0.48568359221102564 -0.8752784975406366
-0.6429268160058115 0.7672327608103224
0.6153635886702171 0.7895116552267686
-0.9987287249500885 0.06739387182504523
-0.26439886269301255 -0.9654502790960504
-0.9807873158222501 -0.2001430516460309
-0.8181115784090023 0.5767967105255811
-0.9547892028662791 -0.30063030135030544
0.4235974473279546 0.9069543553108065
0.5857899295335821 -0.8116964694126992
-0.9432666985445098 -0.3350357225982636
0.7606187799591392 0.6507380975273162
-0.7842231149240475 -0.6220893071085728
-0.9737047176082801 -0.23216400002450738
-0.4855125812729013 0.8753733680126009
0.48064249225342104 0.8780568288217
-0.8801750983429014 0.4767523426864977
0.46763356555769936 -0.8850535850239762
0.08922206158631685 0.9970157590160186
-0.936394769474068 0.35378783995723634
-0.883337085762008 -0.4708679145126401
-0.7347823606955419 -0.6797763473457181
0.95435429665511 0.3020080734946177
-0.21352620905088 0.9779609184667657
-0.9370640103816403 0.35201142090488635
-0.1129452675973681 0.9946076445148403
-0.194449071138136 -0.9819320540309885
-0.2498707903005288 0.969311914790378
-0.9983853663722982 -0.07230256021505527
0.6523559009012614 -0.7592317028149599
1.0009912550098208 -0.00418418377514098
0.7902368060238816 -0.6144320877079698
-0.8906340761725047 -0.4569156840822484
0.7285923446843635 0.6864067272888148
0.7260825401292412 0.6890610603708998
-0.9980650965327306 0.0765967563484976
-1.0008979803258287 -0.014291010449827394
0.9947663070972156 -0.11153920505440332
-0.278936715985827 0.9613507728581915
0.9344732613259573 0.35883244539315173
0.9152205496786194 -0.4054285947561737
-0.9473896724666669 0.32319314427057616
-0.8881254104917139 -0.46177294771231975
-0.2451856557552614 -0.9705075961639159
-0.00017166064496033592 -1.0009999852810303
-0.279877771016456 0.9610772254563419
0.9622917855185065 -0.2756728487239987
0.8805031762658744 -0.47614615044722003
0.9946664157138427 0.11242651578243022
-0.7322083886340487 0.6825480756796036
-0.9595279064738484 0.28514416826916433
0.5125943222880532 -0.8597953598142126
0.879581518108268 0.4778465789375859
0.9255748184146094 0.38119844637244116
0.9997269214605443 0.05046862893939879
0.9699755056710215 0.2472822646253589
1.0008111887538151 0.01944130821666497
0.7415580139940781 -0.6723783993267175
0.9222982117730938 -0.3890591324723705
0.08983083866238789 -0.9969610927339202
-0.975895351883811 0.22277626034111578
0.6326262079655214 0.775748078305815
-0.19864769060524629 0.9810912776175326
0.9763707428735457 0.22068342135412072
-0.4475610625410184 0.8953714845231306
-0.2841333409398491 0.9598277160857356
-0.9767928778308425 -0.2188073897722401
0.12957235997605845 0.992578462153111
-0.9290343460098123 -0.37268778345167186
0.5758582363151933 -0.8187724297190002
0.7311114055310204 0.6837229795044596
-0.7416158198283949 0.6723146404625276
-0.27747477998204884 -0.9617737501480863
0.6067384643768936 -0.796159177454841
-0.9615580292309355 -0.27822141618056534
-1.0009508789085417 0.009916552436109411
0.9772281421161287 -0.21685515501426134
-0.5862630584337228 -0.8113548091408205
-0.8525731250810705 -0.5245188904029073
-0.6603323639233096 0.7523045720686894
0.9368987862775633 -0.3524509388150766
-0.9931820325780016 0.12486172417610328
0.43322196237141836 0.9023966596342528
0.9443238019253886 -0.33204451074694724
0.3838003876227135 -0.9244989250727417
0.9839939062921165 0.18373076057095525
0.08610296285803704 0.9972899677561524
0.815621070956042 -0.580313078098813
0.9994749517203275 0.055234236517299515
-0.3061997409135304 -0.9530176906356391
0.99946031941899 0.0554983775158386
-0.5344347389961713 0.84639264514414
-0.6701680167021321 -0.7435562045935269
-0.9129990870413726 0.4104067093282225
0.9407012602396776 0.3421726742209004
-0.9815769425638583 0.1962338039864386
-1.0000862831739095 -0.042760100647626
-0.9731660994726169 -0.23441148188016034
-0.19842695414510356 -0.9811359456613018
0.9902939802653871 0.14600970053437234
0.6718780557314199 -0.7420113733808714
0.2987551699950728 0.9553775946719785
0.24273280869455696 0.9711239795120146
-0.33650527610361375 -0.9427434429124557
-0.9959402339346433 0.10051890583471333
0.9946568146701795 -0.1125114262205046
-0.7475710141499995 0.6656865469594089
0.9881958166105422 0.15959332076695285
-0.5641479504085131 -0.8268845687578611
0.6537044116922567 -0.7580709347640764
-0.6214142155166968 0.7847581619542215
-0.615028396533541 0.7897727973647747
-0.36401134383342365 0.9324680914436617
-0.9341259328471905 0.35973565514467154
-0.8949281634278834 0.44844685560676595
0.9366834558048421 0.3530228089252853
0.7153281395338495 -0.7002190034489506
-0.7477626949039725 -0.6654712256062981
-0.9980563609911554 0.07671049657701746
0.5037018062074053 -0.8650349648559863
-0.32904973998849507 -0.9453714976735357
-0.9612934983810988 -0.27913403585057234
-0.9046537297888589 0.42848877369087063
-0.8121308923988738 0.585187502952181
-0.8081075346167995 -0.5907310830619616
0.027598801444472458 1.0006194612133168
0.991521072901462 0.13742984389256147
0.17849949070309107 0.9849563095989269
0.16507256450851077 0.9872953197734625
0.15968263334917163 -0.9881813885146158
0.3913644481805978 0.9213223478784699
0.537381063874613 0.8445250690115652
0.3036479160970838 0.9538338131194021
-0.5492155576356136 0.8368770944714653
-0.8124160519456921 -0.5847915513590928
-0.9982429515635287 0.07424290978763208
-0.9371709832117691 0.3517265247687271
0.9955653279364125 0.10416658682544698
0.6487852649523861 0.7622851697236817
-0.8484196989517522 -0.5312108944954143
-0.04030907824701716 1.0001880714200084
-0.6706327910368453 0.7431370395735439
0.32112744568812945 -0.9480918540024577
0.8887805306320358 0.4605107690048486
0.9728723463269513 0.2356276676290213
-0.9996297487214518 -0.052358050680743354
0.9544455404790233 0.30171958879016303
0.5809395776694407 0.8151749549006347
-0.929655833830782 -0.37113478767746044
-0.788113300759719 0.6171534859057517
-0.5342286851075269 -0.8465227179516702
0.05086838958422006 -0.9997066604465071
-0.9991590686898527 0.06068076676201565
-0.21449230823967536 0.9777494820791347
-0.9427256570874186 -0.33655510019771634
0.6176735209978882 0.7877057962577598
-0.033109577610915604 -1.0004522756585776
-0.4813084582093116 0.8776919551050786
0.22553658684055625 -0.97526111785322
0.18393319821692164 0.9839560857038767
1.0006293903675143 0.027236430249515328
0.9299823491511207 -0.37031585203358924
-0.7943643824178803 -0.6090863879170668
0.9226166244111313 0.3883034436625685
-0.8811603935545144 0.47492879553766104
0.17993614848953676 0.9846948676959535
-0.9393469634213216 0.3458732171058383
-0.6231634966900819 0.7833698081959697
-0.04924214971441657 0.999788082891321
-0.3423739211145799 0.9406280338904573
-0.31113969982376494 0.951416358485378
-0.2811831548465784 0.960696119191977
0.5714360576907408 0.8218648501857616
-0.16375258390396294 0.9875151093855605
0.9994651639035441 -0.055411065169889105
-0.355258501083923 -0.9358378050750056
0.8641452527515447 -0.5052266641290509
-0.4194629912362525 0.908873918089377
-0.9511399840665233 0.31198354237032094
0.5161662676762298 -0.8576557491868114
-0.5784055088030113 0.8169749490567809
-1.0006050369822297 -0.028116898224923508
-0.016162371651463028 -1.0008695108467436
-0.7877979485917639 0.6175559830449451
0.12819114636262782 0.9927577901956929
0.9547784307755661 0.3006645109183116
-0.9717555375909404 -0.24019195482226788
0.969293663886101 0.24994157947460074
0.7007876482025825 -0.7147710627373588
0.9693308743828442 0.24979722970479615
-0.07851988307847783 -0.9979156417059221
0.9954370613742796 -0.10538527811102759
-0.9936507230108563 0.121075351166133
-0.1345186270818944 0.9919202281272432
-0.5352764224200988 -0.8458605982082036
0.8833350882146054 0.4708716618452371
0.21533911132558467 -0.9775633315205248
0.1547889319422071 -0.9889597497108721
-0.8491740398311634 -0.530004198169054
-0.7708624566144564 -0.6385703351881649
-0.6664465134889244 -0.746893596610961
0.9223388978472025 0.3889626685403212
-0.8345962247058789 0.5526754397534724
-0.3474371392659717 -0.9387696385475394
-0.873085358954705 0.4896151100394409
-0.9912873880637995 0.13910540703240237
0.6599946668203464 0.7526008502311833
-0.9962535226462643 -0.09736487361933611
-0.8243042137457566 -0.5679115804427569
-1.0002422662683847 0.03894109359386124
0.9917533535019295 0.13574345589263923
0.7976552421883341 -0.6047702990470598
-0.43306642361067876 -0.902471314082091
-0.7273785044677883 -0.6876928902047802
-0.6508698292604054 0.7605060587257216
0.26038859498369477 -0.9665395902923053
-0.4131989219275641 -0.9117388063024953
0.09009855243049887 0.9969369342390363
0.9929710744086926 -0.12652843707106526
0.17687274917411208 0.9852497300682662
-0.7246155312577255 0.6906035996576358
-0.4479295566363578 -0.8951871939943935
0.9856148959198188 -0.17482641945931668
0.7223579435197565 0.6929646465974353
-0.6376648643994544 0.7716116385270674
-0.05455313524545347 0.9995123588204856
-0.07063890593534876 0.9985044541554419
1.0002398729977262 -0.039002518707035305
-0.47695889901131217 -0.880063184466841
-0.3018170668500904 -0.9544147202123445
-0.595320715720706 0.8047324061039088
-0.5424683829099438 -0.8412663392428528
0.9968601206564326 0.09094448771004568
-0.9186518901134835 -0.39759238522753976
0.4144245241062305 0.9111823713282234
-0.7786866926672058 0.6290055919171217
-0.9035675356655608 -0.43077454485062755
0.990943691935758 -0.1415330329383549
-0.6174345368711793 -0.787893135316378
0.12498028917912177 -0.993167119530597
-0.6725406058041526 -0.741410907354743
-0.08052909345052792 -0.9977555136946306
-0.8784206530759993 0.47997724555392723
0.20003945163777692 0.9808084511200225
0.8954412667458915 0.4474214319950633
0.8807729376805522 0.47564696177897536
0.9572966881258819 0.29254751905155185
-0.4038851480094506 -0.9159027171143146
0.04735109588432772 -0.9998794295906648
0.9279508358341653 0.37537747171969993
-0.11900050787455857 0.9939013427526884
0.5433833220506875 -0.8406756600004301
1.0002399333772671 0.039000970211527305
-0.20625174599554608 0.979520912116627
-0.9168043997304688 -0.4018341606121297
-0.5374036955884829 0.8445106677643813
0.6992076314769748 0.7163167512241765
0.42158262236531074 -0.9078926657483184
0.060072874456258175 0.9991958015096754
0.49059205772168285 0.8725367802565145
0.4566174907241504 -0.8907869931497543
0.1771288712888699 -0.9852037164748877
0.16812263122131904 -0.9867805130175709
0.18654214746819023 0.9834648073103358
-0.7346602493901404 -0.6799083158529662
0.6216090986392955 -0.784603803514132
-0.4081616432289043 0.914004963332629
0.9766878085704256 -0.21927590973451608
0.9795349217559272 0.20618520087680833
-0.9253726613341685 0.3816889278657667
0.9472081443229459 0.3237247771306383
0.8143407025635743 -0.5821084264535811
-0.6345469753021258 0.7741777161188014
0.044126998419139064 -1.0000269036433556
-0.7193479402590952 -0.6960887449492321
-0.14440662887943234 -0.9905290129701794
-0.8669407944397306 -0.5004144871366224
-0.7161791969856887 0.6993485238455389
-0.9995434304767353 0.05398083540294355
0.9306622161396794 0.36860390590711434
-0.6497002655187913 0.7615054595896289
0.9661464807499415 -0.26184342217153933
-0.5813236725811847 0.8149010907445907
0.855884898625792 0.5190973322068971
0.7458080778008064 0.6676610750126641
-0.003863030971364355 -1.0009925459221534
-0.8640059626831078 0.5054648320586074
-0.5738899384475056 0.82015324089387
0.9795172376034695 0.20626919604649688
-0.09432598180420602 0.9965458389641054
-0.01963942409652025 1.000807320627281
-0.6840634132094686 -0.7307928890651658
-0.44353752231852683 -0.8973714204806961
-0.927592591944844 -0.37626185478871793
0.9885844065300888 0.1571682893129275
0.10690264387461387 -0.9952752507385167
-0.28701906156954843 -0.958968747298751
0.6039894864558223 0.7982466412399316
-0.6375368259124847 0.7717174324877171
0.15635517714089697 0.9887133348859206
0.3798513003814032 -0.9261284951876586
0.320127454433358 -0.9484299725957728
0.24801537524893147 -0.9697883138294314
-0.7106173130492497 -0.7049993151731885
-0.7025318112838699 0.713056837940851
0.19142145523612866 0.9825267561116505
-0.8147964734608796 0.5814702974664434
-0.818800352147758 0.5758185333268697
-0.9814828024467731 0.19670411409329672
-0.06285233211122832 -0.9990248166828388
0.8891118950744537 -0.45987067533939774
-0.9184023378754455 -0.39816848919134235
-0.9258179047157794 0.380607681619386
-1.0007029530528073 -0.024384416158502065
-0.7120056433860492 -0.7035971601608538
0.804191750070756 0.5960508611839552
0.8810381634234481 -0.47515550569412285
0.9358377437588474 0.35525866260564243
0.41611825406390685 0.9104101266104226
-0.09251078572535902 -0.9967159848845993
0.7199385782924429 0.695477852620956
0.8788475226944508 0.47919519181000436
-0.09347676295062111 -0.9966258549667841
-0.7824784069653118 0.6242824221720711
0.5333695777197258 0.8470642794753426
0.9996055127068618 -0.05281873688429243
-0.6433188741140035 0.7669040528049719
-0.004979740535961898 1.0009876134019813
0.13736253464138876 0.9915303999761648
0.6894084759051432 -0.7257526805669736
0.11031726249764877 -0.9949025588443448
-0.3851978690869382 -0.9239175296804807
0.8052205604757992 0.5946602803172916
-0.027810504656916833 -1.0006135996630905
-0.9332097757621415 -0.3621056674811561
-0.8024581834020972 -0.598382706878304
0.5038878933584003 0.8649265812349817
0.9971610804541297 -0.0875829870896898
0.7344005192086601 -0.6801888542059848
-0.0462153239906711 0.999932569640792
0.6559878761291258 0.7560958314734969
-0.9287663608066439 -0.37335512187993747
0.20610068054743613 -0.9795527088819078
0.9290060277855098 -0.3727583672276031
-0.8416755038932486 -0.5418333195236761
-0.37816982925815695 0.9268163681327906
-0.9987672279877235 0.0668208373018366
-0.9654565952865619 -0.26437579809369793
-0.37532487945864423 0.927972108880086
0.9812792308839774 0.1977171490684352
0.1968102327127398 0.9814615286905327
-0.8946481531465673 0.4490052138577415
0.3128001388268884 -0.9508717437961228
0.9913479421356897 0.13867320441719563
0.9998776014630514 0.04738968339729047
-0.8767862568436847 -0.4829563746447914
-0.7248216562612202 0.6903872584388718
0.6073711429805547 -0.7956766269499781
0.9547564589288915 -0.3007342749564205
-0.9870241332169257 -0.16668641350564936
-0.2574298680797872 -0.9673318267380762
0.5557161596507951 -0.832574651249347
-0.03821933603139357 1.0002701046983855
0.399493250112943 -0.9178268590067505
-0.6127408347040313 0.7915489053028922
-0.9169503606901176 0.4015009788658844
-0.2354577819749257 0.9729134765781838
0.6399508344138101 -0.7697167852743424
-0.9778320374246549 0.21411563834981406
0.9583292255447481 -0.2891471865102674
0.2937276081331765 0.956935260203303
-0.9755248810461039 -0.22439297328567287
0.5134535416792412 -0.8592825266098711
-1.0005097963634078 0.031323272192606014
-0.06012324251881075 -0.9991927720460273
-0.2359183437792766 -0.9728018991903968
-0.8125757925720959 -0.584569569277969
0.880328021959329 0.47646990854950666
0.18347404745638024 0.9840418049605281
0.7045370464760261 -0.7110756289895175
-0.8164882785921167 -0.5790922991386452
0.8642882043041641 0.5049820787915978
-0.7389853852542801 -0.6752048580842582
-0.20220970939648505 0.9803633170543404
0.5392564574845056 -0.8433288048331218
-0.14537465157552915 0.9903874043420047
-0.9952123941443095 0.10748623419560067
0.6159866858796326 0.789025603398918
0.30391468258230203 0.953748848340536
-0.9249493647606135 -0.3827135647307754
-0.17482493805446161 -0.9856151586873315
0.9387535140203918 0.34748070437704315
0.8940858966252062 0.4501237712628616
0.5864058831926091 -0.8112515886931108
-0.21750747218890656 0.9770831589695894
-0.9676851297496115 -0.2560985936343218
0.3145634152535218 0.9502898809226795
0.5077235763659066 0.8626805724033743
-0.9898571633923005 -0.14894225753945298
0.7908545151208649 0.6136368110804156
0.1618046087525844 -0.9878361547273026
-0.8000953498182317 0.601538387136882
-0.7004014450002826 -0.7151495059367071
-0.4346811630720808 0.9016946747487772
0.9806589043441424 -0.20077129608224895
-0.5050587059247016 -0.8642434284214522
0.9793241370831054 0.20718405953748237
0.42208918155270597 -0.9076572716704069
-0.5124793437131959 -0.8598638975252374
0.47420051026007537 0.8815525373278011
-0.992936330322337 0.12680080412209926
-0.9544477415268517 0.301712626010732
0.6956688085668676 0.7197540613203617
-0.8846472299881514 0.4684018344053434
0.9676200784029951 0.256344268263173
0.450609203047446 0.8938413428170267
-0.4185392478681977 -0.9092996744714712
-0.8428581487666128 -0.5399917972133637
-0.14297389691547321 0.9907368292340826
-0.9192886158726103 0.3961179631461067
-0.9001485494650252 0.4378739417869154
-0.9016001005082339 0.43487729161631616
0.9857288885860204 0.1741825427732905
0.12281141857190289 -0.9934376454857934
-0.9972219539097348 0.08688713737056154
-0.8114131979008115 0.5861822432250731
0.9699540669967863 0.24736634354008974
-0.2964323519653822 0.9561008632504585
-0.5216282217525722 -0.85434477716625
-0.8711327756763617 -0.4930808119795351
0.9808613788550558 0.1997797674204241
0.9539411104694393 0.3033106621210884
-0.3580403566283092 -0.9347770338564556
0.6877459396561862 -0.7273283457190634
0.6401514393242451 0.7695499559684851
0.10506514910332848 -0.9954709008524033
0.7070915756852207 -0.7085354638936514
0.633147142336838 0.7753229624812461
-0.6610424087489276 -0.7516807393005462
-0.9587907734096839 -0.287613026173121
-0.7508999822325136 0.6619291628892102
0.8462159742097894 -0.5347144331249878
-0.04783440305204968 0.9998564246353844
0.47781801988848066 0.8795970326631687
-0.9892150220473606 -0.1531490782076077
0.7935614134836579 0.610132184882767
-0.8413762717944044 -0.5422978602773098
0.901056486645264 0.4360025319588099
0.9983847968325514 0.07231042423900591
1.0005461201906556 -0.03014069294867392
0.9795446219418871 -0.2061391123118691
0.6196297757772731 -0.7861678834512424
-0.24596945618215385 0.970309242780597
0.9868288922177065 -0.16783842672157684
0.37340906946497027 0.928744672577617
0.9139410294629667 -0.408304781583773
-0.42207735061212676 -0.9076627733361371
-0.7836762528310235 0.6227780750385532
0.7741855160787224 0.6345374588579639
0.9718957016704186 -0.23962417464555752
0.9742149467294445 -0.23001355953279287
0.8748992698910786 0.4863663922847235
0.2656608712772902 0.9651037775660144
0.748592256710999 -0.664537909522349
-0.8014051024851385 0.599792348826479
-0.966504343282809 -0.2605193935496284
0.8671442456068943 -0.5000618534849967
0.857657089439554 -0.5161640407216225
0.9970462645585573 -0.08888051715549058
0.6796887551796607 -0.7348633859992776
0.9889862393002303 0.15461959279078336
0.8991723019319229 0.4398751771110151
0.7149861229145658 0.7005682293963932
-0.9856348648537104 0.17471380364701566
0.7150845529629666 0.7004677595105675
0.0848987032600023 -0.9973932074085776
-0.2841887564204593 -0.9598113099584693
-0.5479405205924981 -0.8377124720886171
-0.6420887541893459 -0.7679342626446445
1.0004971663591775 -0.03172412500379611
0.6363611764973868 -0.7726871637647811
-0.060291540853029194 0.9991826310047466
0.6191450248845318 0.7865497048252783
0.9936843608744302 0.12079896917430635
0.4056516708661844 -0.9151216978760108
0.3825553777236728 0.925014801489521
0.07293381718199436 0.9983394504432165
-0.6511486729636913 0.76026732515453
0.9469982836525392 -0.3243381734534879
-0.39041379345500954 0.921725593590668
-0.21973756104212538 -0.9765840487470897
0.9590357707141335 0.2867950321932863
-0.48515171671481616 -0.8755734188340044
-0.4386147753926088 -0.8997877965427689
0.14614379116832893 0.9902742005641407
-0.5155408367173479 -0.8580318442090461
-0.45746474458964986 0.8903521816997623
-0.2906873697640891 -0.9578631703221686
-0.3392331973325554 0.9417652774590554
0.3887807966087531 -0.9224155745585952
-0.6141778235165831 -0.7904344382049867
0.9925633675498663 -0.12968793852193505
-0.8281554992914362 -0.5622805963158893
0.8033031581447054 0.5972478849813889
0.9830260363859199 0.18884070479477694
-0.9641242738189069 0.26919395355981834
-0.1986315192994157 -0.9810945517842844
0.5023523060284475 -0.8658193579655638
-0.2911677468084089 -0.9577172564063541
-0.8748846748478387 -0.4863926456232574
-0.8983437677475316 -0.44156480266113723
-1.000299375936322 0.03744540694671097
0.8659176918209108 0.5021827864349254
0.7284033605039076 -0.6866072708664062
-0.40066325524399815 -0.9173167151520148
0.11227751820667511 0.9946832455135403
-0.6337770371265069 -0.7748081486478743
-0.9577577562206233 0.291034500359042
-0.39423986399066924 0.9200956089671435
-0.9964772827307116 -0.09504748813944291
-0.8042919359399155 -0.5959156666693893
0.9627323531417556 -0.2741302905812085
0.029106758341401327 -1.000576731999528
0.7725828219291616 0.6364878500489805
0.19244439511809308 -0.9823269083088538
-1.000095738492689 0.04253838089024043
0.9751285081582096 0.22610924920742337
-0.4003766224062918 0.9174418565939367
0.9874269453391492 0.16428337596420647
-0.8656773335105259 -0.5025970097862759
-0.6211694051289933 -0.784951954027565
0.7611417776335304 -0.6501262910703345
-0.799301027874721 0.6025934507098585
1.0009384569174014 -0.011099795665304633
0.7241914268503093 0.6910483176135465
0.43673336240274174 0.9007024870424171
0.3388889197253013 0.9418892185854015
-0.46720300109716006 0.8852809473640598
0.6035199741573126 0.7986016784312169
-0.9124192017865232 0.4116943043220828
0.277228639069332 0.9618447284670046
0.5725528186014103 -0.8210872486597149
0.867619444340199 0.49923691750791477
-0.9237916620080058 0.38549963061523995
0.28932845249029154 0.9582745152510177
-0.6022248054528662 0.7995788164385407
-0.8184697757146747 0.5762883186752705
0.5632427654053448 -0.8275014122154353
0.304126757485791 -0.9536812441173302
-0.521128248892853 0.85464983952837
0.9945767215538562 -0.11321724666844338
-0.02499873698471361 -1.0006877950435735
0.8115729194388654 -0.5859610878151184
0.20384847808587872 -0.9800238762306105
-0.9869080945035382 0.1673720795216312
-1.0008455976456658 -0.017580946313834465
-0.33044827188213083 0.944883558757434
0.9764811862626731 -0.22019421626156027
-0.8896876880338268 0.45875572776917356
0.5973229823552093 0.8032473185453396
-0.9827818646871519 0.1901073550445764
-0.03574961021029578 -1.000361417373647
0.9698445061732568 -0.24779554847807816
0.25008665936588265 0.9692562420780239
-0.42518389091139613 0.9062117075548329
-0.9979747723741251 -0.07776473304019714
-0.9560595071826773 0.296565707265045
-0.39540099350151775 0.919597223972546
-1.000676501335733 0.02544680086919637
-0.7779099995123698 0.6299658980124756
-0.28515035441465875 0.9595260681071642
-1.0009057436369833 -0.013736533569183454
-0.9031524032675551 0.43164422441640465
0.965940086158832 -0.26260378891300895
0.9989974114054362 -0.06328642828630414
-0.017168334339459974 -1.0008527605477284
-0.8759859498313052 -0.4844064571185503
0.30438997628617565 0.9535972642245265
1.0009020106239914 -0.01400589621735653
0.847296349037805 0.5330008413757017
0.3770163669797964 -0.9272861796820632
0.2986599344294283 -0.95540737047953
0.11307994055107129 -0.9945923421407216
-0.8390421709485537 -0.5459022214370791
0.843512116528288 0.5389696737943314
-0.7558940624617907 -0.6562203641575065
-0.8193660222214758 -0.5750133230012641
-0.09020577183103554 0.9969272384323579
0.9003482797681722 -0.4374631128660943
-0.3546734767620553 -0.9360596801921959
0.15817777521527468 -0.9884233867265313
-1.0008163272993154 0.01917495791676581
0.4923107878204689 0.8715681775946098
-0.2874055075069396 0.9588529992937804
-0.41562523826658426 0.9106353064294427
-0.07258449825309603 -0.9983649085446394
0.5806986245461443 -0.8153466179792592
0.5452578833726809 -0.8394610417523518
0.023581149742129746 -1.0007222038991836
0.9207227924655389 0.3927728853096406
-0.4256409188963078 0.9059971347422169
-0.04690095050198291 0.9999006454853455
-0.19707652097772163 0.9814080929355116
-0.9654460131887611 0.26441443912526114
-0.3165358568815091 -0.9496346936102792
0.15023826433326645 -0.9896612874767445
-0.9349119078874822 -0.3576880267638098
0.9557991592675087 -0.2974037107090689
0.9270834573565372 -0.37751458660010695
-0.9712404655315402 -0.2422662958689821
0.9818106231555731 0.19506127308839472
-0.19683970858056377 0.9814556175018403
0.7656189927351732 0.6448477013707802
0.547057488245276 0.8382893918896801
0.9651021944861309 -0.2656666222882626
-0.14458979659659707 0.9905022921327111
-0.43265686088598976 -0.9026677355086318
-0.2126164463068054 -0.9781591111674345
0.9845904593657203 0.1805065852704546
-0.5829824303888154 -0.8137152363437409
0.8514815553960674 -0.526289046836711
-0.17879986110973003 0.9849018274260339
0.04754013760070492 0.9998704592680524
-0.5826345766263288 0.8139643420442069
-0.1929399174174233 -0.9822297023949937
-0.5072896855020118 0.8629357884473619
-0.2523624809029773 0.9686661851393876
-0.1044629479339478 -0.9955342749041588
0.9948422021823435 -0.11086023974800463
-0.3322751901095359 -0.9442426584505023
-0.9633029212651497 -0.27211850705534285
0.40012122871281075 0.9175532694799527
0.5345582752841717 -0.8463146284480799
-0.4024527355141698 0.9165330303252369
-0.9807852349222845 -0.2001532486832008
0.46181993646979413 0.8881009775239724
0.19558276149281903 0.9817068724455601
-0.9878583627190324 -0.16166896797491068
-0.3552188065191821 -0.935852872782409
0.954970085439592 -0.3000552214434838
-0.20278781712953728 -0.9802438988455053
-0.6109470298715086 0.7929342511779788
-0.2524315567447876 0.9686481864740175
-0.2520844633345285 0.9687385732721407
0.8396912588386777 -0.5449032848404538
0.2713934525904225 0.9635074436095706
0.9700339817814753 0.24705277612116913
0.8662888296130852 0.5015422850444329
0.83849063949472 0.5467489803188803
-0.8021250702644841 0.5988291673367259
0.8553868396890424 -0.5199176420230346
0.9670440858761594 0.2585086767827015
-0.7218057299870355 0.6935398244930733
0.8814905268185032 0.47431577153752535
-0.7857411158492766 -0.6201708626370105
-0.34573845163800565 0.9393965739020739
-0.3194490238639151 -0.9486586958186762
-0.9573028254178507 0.2925274353748721
