1000
0.32091528319662216 -0.9481636889328929
-0.9980177026155638 0.0772118207656839
0.06123524108286663 0.9991252400222523
-0.7437897258131039 0.6699088324353306
-0.9779783754960042 0.21344623927864526
-0.785837229585857 0.6200490695072649
0.6905581342933063 0.7246588598515497
0.7657661697465805 -0.6446729196047025
-0.478616239648861 -0.879162951417076
-0.11315201072398767 -0.9945841454945472
-0.5919220186114743 -0.8072356061788388
0.9378497973860997 -0.34991249983796174
-0.2224526375783195 0.9759691716619172
0.02364353126498689 1.000720731987362
0.4520244145197661 -0.893126490861212
-0.8073922549227419 -0.5917083290699653
-0.5554986020912387 0.8327198226742771
0.9995802644317201 0.053294417705916114
1.0004644197790202 -0.03274056743900979
0.6195677348672386 -0.7862167779381709
-0.5190021414845379 0.8559426249080387
0.3463050486981735 0.9391878476887122
-0.19687443271084426 0.9814486526277283
0.634436436530673 -0.7742683049190774
-0.9933077507875817 -0.12385762885392104
-0.9184206180539649 -0.39812632208053395
0.6179368747069499 0.7874992183344738
-0.8654988650403708 0.5029042797728311
-1.0008585445550469 0.016827768454354016
0.8480517443895994 -0.5317981184977599
0.8066690187209293 -0.592693929643128
-0.4778390919070382 -0.8795855855148248
-0.13546668490361025 0.9917911964124434
0.0199079788437507 1.0008020145754888
-0.5393182155888672 0.8432893111702771
-0.2583513816525927 0.9670861200524989
-0.24326159239793496 -0.9709916568457326
-0.07937458118223369 0.9978480224273358
-0.19373379949901529 -0.9820734264461468
0.18863826134728634 -0.9830649044472459
-0.8125289019916134 -0.5846347436034768
0.5138112053581001 -0.859068708106899
0.9178258935643994 0.39949546818795323
0.8464546491589403 0.5343365296488863
0.8751788072338103 0.48586320643654957
-0.4734571320009317 -0.8819520078538584
0.9458924845797675 0.3275490919167911
-0.9561606604897521 0.29623941556079436
-0.676497411635611 -0.7378023123102276
0.7557133657724872 0.6564284491037992
-0.6690356614293114 -0.7445752371223769
0.27048400306296744 -0.9637631472965921
-0.9650148283254775 -0.26598379858921695
0.8490891062872735 -0.5301402546348268
-1.0006014290003054 -0.02824500455915836
0.9867426435946756 -0.16834475136395316
0.9591071077243518 -0.2865563747548266
0.9162362999275416 -0.4031278242630842
0.6731311238863924 0.7408748140242332
0.5024413029682477 -0.8657677154246222
-0.9495556302692904 -0.3167729550070377
-0.2881440042836521 0.9586313330970267
0.5401825633176257 -0.8427359006756502
0.33247315665492944 -0.9441729714961696
0.4125919440492823 -0.9120136444733894
-0.41904985236714165 0.9090644758382525
-0.9398796684892194 0.3444230084657454
0.5565447514860069 -0.8320209970868396
0.3430820244017384 -0.9403699934240803
-0.5251294659235172 -0.8521971861129802
-0.5183713910709816 0.8563247636960731
-0.533748788718083 0.8468253837373908
0.4864168647402824 0.8748712097767498
0.5904762776696323 0.8082937371459804
0.34254974216771894 0.9405640191612845
0.6577586470139675 0.7545558708792577
0.4232556516111665 -0.9071139142242317
0.17897449124596393 0.9848701089398786
-0.3678224403449823 0.9309713488495024
0.9940381075333897 -0.11785262309951791
-0.3764268444663873 0.9275256496534628
-0.8703274441438971 -0.49450089986768664
0.9922616332413393 0.131976707025255
-0.8756107307371754 -0.4850843722672475
-0.4777540407681568 0.8796317846290562
-0.9621598017766639 -0.27613314876177153
0.4955183319306381 0.8697485744286552
-0.49129542077444044 -0.8721409344401084
-0.49951317705647336 -0.8674604232741389
-0.4217320158720844 0.9078232794924725
-0.39730996626610565 -0.9187740694564829
0.3699743656867103 0.9301182552421581
-0.36227807330984874 0.9331428602303636
0.9721409371116132 0.23862732113434626
0.006288079908890991 1.0009802495809093
0.9760804984710902 -0.22196364680827324
-0.9765386194999893 -0.2199393657921541
0.3517588046361739 0.9371588677278415
-0.9577890107226091 0.2909316258831369
-0.5012822868769898 -0.8664393047775333
-0.9145936754844435 -0.4068407658579171
0.5012392367422555 -0.8664642101956902
0.3021474432395659 -0.954310181515315
-0.4787340487113683 -0.8790988059395947
-0.7990089586300351 -0.6029806663807281
0.9962791016699095 -0.09710278871277711
-0.9351664158577709 -0.35702209266616897
-0.1361238183990202 -0.9917012181420726
-0.6954926577394057 0.7199242759003046
-0.7416126885159581 -0.6723180945297639
0.9872323344504342 0.16544883745601213
-0.13790583312503202 0.991454981928121
-0.3545583647012454 0.9361032881153547
-0.7196132888666006 -0.6958144253222942
-0.7744069661541235 -0.6342671761741784
0.9659779694999546 -0.2624644022353214
-0.03861398673396209 1.000254947515137
-0.9888771265275733 -0.15531589947770877
0.5377232117917159 -0.8443072589409625
-0.8478981328383083 -0.5320430023309305
-0.9857442807712218 0.17409541328486142
-0.30702646584325594 0.9527516724056694
0.9773788077063579 0.216175082390405
-0.7743424529911632 0.6343459351928001
-0.2552070144973749 0.9679206474455108
-0.4620439718250257 0.8879844413615335
0.6183169718303548 0.7872008144981434
-0.5907911924830781 0.8080635908667229
-0.5779660095779684 -0.8172859302426048
-0.5305827776854306 -0.848812650720766
0.9813390481910612 -0.19742004076451308
0.40516307490270004 -0.9153381248125685
0.8860153804937215 -0.46580870057199003
0.878396735834601 0.4800210146182334
0.8022515786362336 0.5986596734169347
-0.6481517474787613 0.7628239064425211
-0.7993719093460476 -0.6024994195420061
-0.703982539399246 -0.7116246090608369
-0.6570765043878423 0.7551499635049015
-0.22530755959935544 0.9753140538243992
-0.2517495204333704 0.9688256700570893
0.9119478741111176 -0.4127372952668723
0.9949168198717566 0.11018857262107763
0.03152090848419045 1.0005035893630423
-0.27665677200830585 -0.9620093713171116
-0.4399154190247356 0.8991526144678061
0.5370262533005512 -0.844750734398007
-0.9720979922860837 -0.23880220558731236
-0.21806035966853218 -0.9769599170596666
-0.7727081047317145 0.6363357485493972
-1.0002437416098828 -0.03890317943641861
-0.34989048044680215 0.937858012543853
-0.1774690240705468 0.9851425000960256
-0.9226999360543553 0.38810543413522147
-0.9955426502213044 -0.10438310011846562
-0.9440299761745798 -0.33287896311395576
-0.3680708271728029 0.930873174059887
-0.7872975088609981 -0.6181938470587252
-0.8575425759903875 0.5163542682730242
-0.40300345042631047 0.9162910121486996
0.13581656049778607 -0.9917433447694778
-0.9048539246341225 0.4280658536653278
-0.8802322517422069 -0.4766468115836338
-0.20639059427463016 0.979491665403522
-0.9498065459965804 -0.31601981770459564
-0.3598952757632847 0.9340644466434151
-0.9240546774242882 0.38486874792621817
0.8841864724474692 -0.46927101118745956
0.950152208127537 0.314979017381104
-0.6592952412981089 -0.7532136382207032
-0.9470757233632426 -0.3241119778965145
0.1986835940477879 0.9810840073389504
-0.3491406762198782 -0.9381374036934708
0.5644925669493019 0.8266493463730482
0.13743737469375925 -0.9915200290651154
-0.9694285002166217 0.24941808869396695
-0.08645340281363068 -0.997259649811394
-0.7633023774286579 0.6475882029590708
0.8371430597403399 -0.5488100741864911
0.7985654064239114 0.6035679677244422
-1.0009947557167675 -0.00324022029017768
-0.28766383504647286 -0.9587755305629967
-0.9583604036913934 -0.2890438316872884
0.7156145425178693 -0.6999263007895479
0.4124373383025963 -0.9120835718144855
0.22507140572536363 -0.9753685776796425
0.6241148502236962 0.7826120710353588
0.2748979168230019 -0.9625134468288606
0.9032730958320299 0.43139160208101
0.0005205051893656643 1.0009998646724922
-0.3251828497414547 0.9467085687971915
-0.7211523260555142 0.694219217988613
0.9195119097803568 0.3955993525931016
-0.3377984920800754 -0.9422808385764974
0.20723163080523613 0.9793140717838187
0.33700852521674995 -0.9425636604130414
-0.9485224097284247 0.31985346370327494
0.42545326344588635 0.9060852722692524
-0.5153971922204698 0.8581181353702159
0.999818717968243 -0.04861616192521761
-0.06792070008970975 -0.99869303517113
0.6744693012849788 0.7396567863706466
-0.07936885795369603 -0.9978484776693934
-0.9508030020462128 -0.31300902750545273
0.5647194970826477 0.8264943373155812
0.6192219724266222 -0.7864891282554918
-0.8293813925304558 -0.5604707893585908
0.4337139892919561 0.9021602825953141
0.05906509062449182 -0.9992558806779775
-0.5129059050282779 -0.8596095233227253
0.13570019597276317 0.9917592736208488
-0.7469592357788603 -0.6663729436919398
0.9929480198809623 0.1267092333434165
-0.973826768619319 -0.23165151568780015
0.8794519808191338 0.4780849437425339
-0.4621702148945479 0.8879187420391167
-0.8101817764014657 -0.5878830574076491
-0.9063884575467387 0.4248069726664617
0.9971172598538595 -0.08808047514364946
0.9998391330259047 0.04819448173813248
0.031686395796118184 -1.0004983619783951
-0.31046395023591444 -0.9516370818772835
0.20485295973057832 -0.9798144032874909
-0.6772994907030769 0.737066075663066
0.9594578933779009 -0.28537966086398087
-0.19579330633507508 -0.9816649027007024
-0.9320494372836099 0.3650819722463793
-0.9991587726144613 0.060685641691945534
0.9673840902602286 -0.2572333996808925
0.4130835064312442 -0.9117911036605195
0.8240094412068897 -0.5683391952011663
-0.3666932380762883 0.9314167000591768
-0.7238339723869435 -0.691422721942617
0.9991038064867385 -0.061583957843823346
0.9908392811264944 -0.14226214878431848
0.19010417348671588 -0.9827824801159881
-0.8709951232663271 0.4933239252725086
0.27633485539361374 -0.9621018904952794
-0.9606929547250842 -0.28119396640324135
-0.9240658627599614 0.3848418912770387
-0.9905621209531641 0.14417934849613137
0.5780259006378596 0.8172435733560658
-0.11752117039325373 0.9940773483534366
0.6171302713515092 0.7881314789942174
-0.9954120717143334 -0.10562105607017301
0.908726564137121 -0.4197821240018954
0.17279508625606368 -0.9859730514399263
-0.6566432078221545 -0.7555267683021104
-0.03759035496673987 1.00029393940655
0.277154244695648 -0.9618661677422619
0.6620934611173105 -0.7507551190273034
-0.27875182738243814 -0.961404399163511
-0.03249155484741582 -1.0004725377858192
-0.9764391963578992 -0.22038034353349165
-0.34664138204089706 -0.9390637636799627
-0.7489906082179426 0.6640889012785234
0.003476401951504709 1.000993963333182
-0.9468593024331253 -0.3247436856905075
-0.4870840029012259 0.8744999566139032
-0.79585777498242 0.6071337595621179
0.4837730990519128 -0.8763358880210875
0.9374541779082555 0.35097103060275064
-0.9719100904544459 0.23956580739502642
0.6679620941816674 0.7455384904459603
-0.5357581493610698 0.8455555602047695
-0.6349580527444765 -0.7738405980917148
0.1456873326623046 -0.9903414568227178
0.8996952017092014 -0.438804676389666
0.6991621001852968 -0.716361192182048
0.4139914198799772 -0.9113792318600202
0.8784867701911572 0.4798562228408722
-0.7917294789482598 0.612507495598476
-0.014416038071023797 1.0008961873472866
0.9035652968634768 0.43077924079975927
0.42168118912923525 -0.9078468894778206
0.7867633703298528 -0.6188734920056045
-0.8193351382082694 0.575057328704918
0.36389322477931985 0.932514193436061
-0.7071571380510976 0.7084700290791285
0.6818249678523922 -0.7328817866566779
0.28284074784565455 -0.9602094101591125
-0.458366295054453 0.8898883860114447
0.858723738500192 0.5143875396393793
-0.4596990545764387 -0.8892006405876732
-0.46439911186619975 0.8867550196632016
-0.7064101062375935 0.7092148911334221
-0.9847405171877149 0.17968615363703364
0.4388225481934624 -0.8996864849473935
0.6733432098436302 -0.740682065232767
-0.289560026879104 -0.9582045662768325
-0.7063375014692734 -0.7092872013635549
-0.6858367335903938 -0.7291289151158795
-0.9929921003535968 -0.1263633199759823
0.588076610606056 -0.8100412952795019
1.0009970133858048 -0.0024452387815881377
-0.3840939354898945 -0.9243770057286609
-0.6278680443241516 0.7796042065795727
-0.25446055114230404 -0.9681171560882261
-0.7068931015208912 0.708733478129949
-0.9325730116991064 -0.3637424608847011
0.8894177756793583 -0.45927880454641345
-0.7283910121284841 -0.6866203706928906
0.7734070149713848 -0.6354861046419916
0.6079117089024841 -0.7952637010320924
-0.22097400441115939 0.9763050186158508
0.9877873972888234 -0.16210199800549094
0.9024242659034236 -0.4331644541149089
0.781502311102668 -0.6255039070550948
0.2587842129270508 -0.9669703879332225
0.8492375047579435 0.529902500949469
1.000585984597586 0.028786931529416797
0.4549784319190548 0.8916252724595002
-0.12914377157212859 0.9926343164852431
-0.7798808380150233 0.6275244047023071
0.4581576696857612 0.889995814432918
-0.007304844388988296 1.0009733459230832
-0.9482377378771726 -0.3206964179182276
0.705418382544656 -0.7102013134091496
-0.1027671721189199 -0.9957107553575387
-0.8043445807057162 0.5958446068307957
-0.9019930618445905 0.4340616504417557
-0.9961419203775524 -0.09850012419546436
-0.7619937107875132 -0.6491275565867433
-1.000272772195458 -0.03814945876959655
-0.9346601658378846 0.35834532841366606
-0.5416665414996307 -0.8417828448120268
-0.5056135187226072 -0.8639189601374331
-0.2434807145487502 0.9709367341092981
-0.9964500787428815 -0.09533226407311038
-0.4586743599825702 -0.8897296395504534
0.8321100792449314 -0.5564115527368155
0.8619291492007584 -0.5089981746117138
0.8322314773161185 -0.5562299597866255
-0.9408650323309238 0.34172209606188736
0.44090258994560483 0.8986689636230117
-0.9064806270788768 -0.42461025980384204
0.9096979645691052 -0.4176728543475468
0.9838414763624471 -0.18454525024763016
-0.9820865526386892 0.19366724846048533
-0.8921814324056495 0.4538868710048833
-0.5239334670008848 -0.8529330115292951
-0.8227740900271989 0.5701261235725957
-0.7495751405880569 -0.663429053186846
-0.8908497933047749 0.45649495700263754
1.0000819344047158 -0.04286169008942445
-0.5271957488202919 -0.8509204677440846
-0.4224815187253874 0.9074747193919455
0.2574261090815459 -0.967332827088555
-0.8756794992533047 -0.4849602195927842
-0.2819628023969502 -0.9604675830367512
0.4693117131516633 0.8841648691837122
0.9976550559858639 -0.08176422974530294
-0.999882929363833 0.0472771357719578
-0.21627281880999766 0.9773571853953794
0.08523041408535698 0.9973649164246948
0.5249841431553812 0.8522867178569722
0.4411327204881935 0.8985560210218867
-0.9984242139157814 -0.07176412102613709
0.7493768108226743 -0.6636530685540735
0.5697602647059125 0.8230274848158161
0.9956878658839117 0.10298870681556056
-0.9605460596458841 0.2816953448297746
-0.5472414661809842 0.8381693013300395
-0.4746628571361372 -0.8813036775455774
0.9550777798963195 0.29971225258290235
0.5335739958145133 0.8469355294179916
-0.42419722650518826 0.9066739838692329
-0.8448132518703615 -0.5369278996887992
0.6663227357379639 0.7470040239775657
0.9942293935653793 -0.11622784937620628
0.8180380092907409 0.5769010446823976
-0.72913412044137 -0.6858311996462318
-0.09419061525326229 0.9965586425284826
0.827668050184857 0.5629978674055497
0.960910081459417 -0.2804510926162644
-0.6836961417687759 0.7311365028026503
-0.7644489917236713 -0.6462342756714954
-0.5432399689230111 -0.8407683011178085
0.8598134267328165 -0.5125640166944727
-0.9622578984642303 -0.2757911108850378
-0.9573267080393798 0.29244926752256395
-0.8902089119795591 0.45774347950808586
0.15503957189091488 -0.9889204877784067
0.4826162682138105 -0.8769735102358425
-0.6246659399762456 -0.7821722722224265
-0.398760777536975 -0.9181453274390211
0.7065317167359929 0.7090937408030694
0.7302582578322456 -0.6846341189772925
-0.9644525668142462 -0.2680153845685205
-0.4250338282615438 0.9062821000291998
-0.5314484656960375 0.8482709050234645
0.29675243552925656 -0.9560015648561746
-0.46518821542922417 -0.8863413136178262
0.9566694875490357 -0.2945920765951884
0.43623775875677095 0.9009426273824929
0.9940371350650252 -0.11786082517832919
-0.28604480005261657 0.9592598044132041
0.5106050132289905 -0.8609782346060917
0.9947102793742553 -0.11203776196975326
-0.11408926762809712 -0.9944770681177543
0.2908154241546756 0.9578242996884847
-0.6563393741516731 0.7557907289310911
-0.6821377139705217 -0.7325907037214372
-0.7652807467255467 -0.6452490826736521
0.5709265021063549 -0.8222189058837082
0.2326273951177605 0.9735941120614511
-0.6734768197183199 -0.7405605804403159
0.5282263104042905 0.850281109396575
0.8800306842234065 -0.4770188621273617
0.9244736354609354 -0.38386129960917065
0.3021232799058164 -0.9543178316153124
-0.8870785753458063 0.463780768426694
-0.9668720709609007 -0.2591513040595765
1.000640014855483 0.0268432611658639
0.9190525307533438 0.3966654077631098
0.7430081822493706 0.6707755519624178
-0.992332212463384 0.1314449698829338
-0.5829733986266015 -0.8137217070311874
-0.06088544165640827 0.9991466173661923
-0.4483516884604136 0.8949758451794642
-0.9676519254638666 -0.2562240253100239
-0.650547335731127 0.7607819424599485
-0.4757269672340785 0.8807297273546897
-0.8272475846368301 0.5636155016609554
-0.37114302904673574 0.9296525436903907
0.6564105705308263 -0.7557288951041868
-0.4337913175830589 -0.9021231029020118
-0.7739050679460511 0.6348794734494242
0.011787013445681815 -1.0009306001486973
0.9270681334092052 0.3775522162789831
-0.9711486653302153 0.2426340244634737
-0.09284574927800145 -0.9966848382718614
0.9704531192878095 0.24540118839272296
0.9051776490333934 -0.4273808883073491
-0.9410259090222851 -0.3412788281578305
0.058762053974080346 0.9992737467845071
-0.8074777547693871 -0.5915916459455707
-0.2495284921965575 0.9694000884991255
0.08983395500831722 -0.9969608119317247
0.6662655386604205 -0.7470550394673338
0.46478732130750505 -0.8865516036598174
-0.7500883138938709 0.6628487922293061
0.8801465538298764 0.4768050374958223
-0.9865821855615791 0.1692825777584273
-0.7922818867078707 0.6117927851769884
-0.9022467491486552 0.43353408591561016
-0.11313359419541855 -0.9945862405364486
0.977131283996089 0.21729117293657957
-0.14161461660371566 0.9909320361983371
-0.7385685981973272 0.67566073273266
1.0003902384615349 0.03493380584582199
-0.23022259323816116 0.9741655698918414
-0.8375557070223398 0.5481801142273481
-0.1003035564611352 -0.9959619453378968
0.9901553175139396 0.1469470897938083
0.9595181637590656 0.2851769510609702
0.023841117841788405 1.0007160441903857
-0.9996210239816337 -0.052524360195153275
-0.9892694900061709 0.15279684598489088
0.09619811734506979 -0.996366861261084
-0.9574062689664739 0.29218869954824733
0.3170674644566722 -0.9494573307858636
0.6120958090641014 0.7920478019199112
0.012445554417148666 1.0009226284659818
-0.6082420833348167 -0.7950110490178875
-0.47856307530572406 -0.8791918919973772
0.6200450324687771 0.7858404149131
-0.8835681925612524 0.47043410706924893
-0.5057597747307162 -0.8638333463488981
-0.9172076954159337 0.4009127629170614
1.0000708463681864 -0.04311962713683024
0.9880154486557424 -0.16070617044031585
0.993974860512505 0.1183848667235216
0.9698404464085848 0.2478114374075515
-0.998372574011123 -0.07247898635055956
0.909356417414823 -0.4184159486760492
-0.8154915366774219 0.5804950935257739
-0.7051491382727292 -0.7104686430752785
-0.35424708831171603 -0.9362211279514425
0.9873823827370026 0.16455099592709577
0.6749818369647274 0.7391890960828105
-0.9312658243495103 0.3670762378561531
0.8605191721992237 0.5113782888210673
-0.4331718249579756 0.9024207278551268
-0.28793378415813126 0.9586944956243248
0.5412510314638597 0.8420500703279514
0.3530877125835493 -0.9366589919615981
-0.7626063853589772 0.6484076657548978
0.5395360164299438 -0.843149978933112
-0.9755443943313912 -0.2243081244373443
0.9840697713043611 0.18332398971488256
-0.916683999950082 -0.4021087467781794
-0.9329893290534155 0.3626732853029811
0.9318733129969643 0.36553129623065334
0.9940461465967008 0.11778479713549837
0.989328414562012 0.152414855379047
0.7068040987235154 0.7088222386661123
0.372763291521955 -0.9290040519253497
-0.9724609272698411 0.23731992106327848
-0.7257533890309948 -0.6894077300915804
0.9979633985965711 -0.07791055808798532
-0.2753157691656665 0.9623940083192108
0.9971592114302241 0.08760426393648636
0.12379920365047699 0.9933150342039064
-0.7464889481701495 0.666899730289212
-0.8599849979391682 0.512276100671863
0.8612969880839779 -0.5100671507923913
-0.9998575435856492 -0.047811008511343366
0.0002733553938356073 -1.0009999626757378
-0.03045896532088308 1.0005364818094247
0.6024228840654061 0.7994295896164455
-0.31880142281224977 -0.9488765213729787
0.9374182432902861 0.3510669980880484
-0.7203606570344827 0.6950406634124715
0.3438433761434886 0.9400918745964394
-0.8419790095993392 -0.5413615680800732
-0.9986381010469463 0.06872367232147249
0.5445798641358269 -0.8399010486824053
0.2466519820166146 -0.970135969731705
0.019627685804650657 -1.0008075509057444
-0.7698328374251424 0.6398112240512464
0.9616528485978905 -0.27789350259328277
0.10238175282556194 -0.9957504590450188
-0.535542656244589 -0.8456920617710031
-0.7624662687654573 -0.6485724238625022
-0.6620730799080028 -0.7507730927924438
-0.9929618745943292 -0.12660061454082946
-0.9131518299376188 -0.4100667451544665
0.919139609562385 -0.3964635899215795
-0.36393159999368413 -0.9324992174399059
0.3716423172915258 -0.929453058523229
-0.09692039500611246 0.9962968619000359
-0.8608425206911999 -0.5108337837007464
-0.3785152317447891 -0.9266753581147977
-0.3438853460522951 -0.9400765228269948
0.9949869979849495 -0.10955306404157811
-0.1595672631726279 -0.9882000245515061
-0.5428779109510752 0.8410021247306075
0.9430929755933238 -0.3355244244261962
0.42286586247413127 -0.9072956862864548
0.028469037582385396 -1.000595079889529
0.9788186863325552 0.20955901146505423
0.143540471377937 -0.9906549011015893
0.7091966131015188 -0.7064284563671928
0.22918398503202975 -0.9744104376518339
0.9892328282366637 0.1530340208544867
-0.5842395782686137 -0.8128130874835323
-0.9667077942227076 0.2597634319704508
0.4290318457697685 -0.9043963043463775
0.9424277505995797 -0.3373884036238
-0.6530966842903994 0.7585945695619541
0.5274093263181662 -0.8507881067061399
-0.9832162160868706 -0.18784800351298966
0.21905020309471826 -0.976738454512856
0.4479809373018164 0.8951614825349592
-0.037445208950627154 1.0002993833481273
0.009460089625194557 -1.0009552970559092
-0.30510746354181834 0.9533679434987721
-0.7756566619181698 -0.632738289359797
0.6928640282228533 0.7224544542009559
-0.44624349476575215 -0.8960288741883535
-0.8183079980035337 0.5765180139453134
0.38269063978772416 -0.924958850013806
0.7419980500957507 0.6718927694610979
-0.7302216811038877 -0.6846731310967388
0.5378111205297627 0.8442512651068526
0.12186678341054301 0.9935539678855738
-0.8188322450538611 -0.5757731796984413
0.11064104924567704 -0.9948666032297072
0.34551432111210695 0.9394790332447233
1.0000077116887582 0.04455980883053238
-0.5172285103214626 0.8570155588498033
0.8249727597046806 -0.566939984253398
0.9559534651115401 0.29690734672830077
0.9492395089973199 0.31771898677687943
-0.39828368019571553 -0.9183523888408833
0.7058203992423459 0.7098017779728193
-0.1509405334319326 0.9895544226404547
1.000095801388647 0.042536902153306175
-1.0006797688074751 0.02531798371549142
-0.022121723543117984 -1.0007555292615085
0.9229319503420701 -0.3875533705669231
0.9979436397600787 0.07816323856140042
-0.10689246430379658 -0.9952763440748814
0.06154590753719703 0.9991061511498279
0.9301635132765174 0.36986056638831605
0.008414806816486577 1.0009646302573538
0.9407964891792089 -0.34191075728627596
0.11940952521898691 -0.9938522854463716
-1.000742156592917 0.02271862710986695
-0.778016192154409 0.6298347439968311
0.2489191780211201 0.9695567249074651
-0.9169111332933348 -0.401590554723007
0.7798162997646891 -0.6276046037285805
-0.13917114173568085 0.9912781614198848
-0.15082162819113443 -0.9895725524031955
-0.03309931928556376 -1.0004526151012012
0.33289973796018707 -0.9440226503988337
0.7412760947222118 -0.6726891937539851
-0.661738745726325 0.7510677948125257
0.9399093668446363 0.3443419552098101
-0.2285690847909745 0.9745548591422734
0.25387322013052577 0.9682713401214339
-0.9224796034293599 0.38862884768994055
-0.10559157339896211 0.9954151996162866
-0.8551395568244962 -0.5203242626997172
0.9206513390962268 0.3929403412991906
0.8511625388344851 0.5268048333916782
-1.0002645323320838 -0.03836489747774358
-0.5532261256088788 0.8342312952315977
-0.7005611724856372 -0.7149930374524981
0.5074768098012075 0.8628257573311016
-0.6033008237020315 -0.7987672477765035
0.6360681807137318 0.7729283728027607
-1.000851711190537 0.01722939949544517
-0.31615108956026194 0.9497628591231915
0.9882108177129325 0.15950040675539764
0.6449469972439915 0.7655353491158712
-0.9861271067792895 0.17191372625566528
-0.9719120114117095 0.23955801400421792
-0.5791527993553137 0.8164453655933773
-0.6844328992527553 -0.7304468539328975
0.8772325541170378 -0.4821452540441505
0.4226991648365035 0.907373360886533
-0.8270641000251775 0.5638847173399391
0.12690749545459903 0.9929226997090161
-0.8063828995428065 -0.5930831470586027
0.8821045454309542 0.47317287636766514
0.7708145698736476 0.6386281381762815
-0.9849405478109473 -0.1785864420326222
-0.8571230663030348 -0.5170503352781851
-0.3330068121307372 0.9439848849820234
-0.26089867427651153 -0.9664020290545539
0.8031972596928613 -0.5973902928755023
-0.6002933183312468 -0.8010299195204013
0.21398167158793927 0.9778613624765176
0.9113563103314203 -0.4140418766490898
0.9994293587532568 0.05605316103534313
0.5952790836846326 -0.8047632027668662
0.7195263403741164 0.6959043364628728
0.8674931267281911 -0.4994563795561596
0.9711782877232266 -0.24251542931323283
0.983368943878315 0.18704683963020416
-0.9832493832327646 0.18767431995983863
-0.15848304313059203 -0.9883744862348819
-0.9451345392896051 -0.32972974182173165
0.7288844586323417 -0.68609652816804
-0.10990054596145427 -0.9949486770670004
-0.9209233730231713 0.39230235918182393
0.8185307411592108 0.5762017231641651
0.8880257823917092 0.4619645114157503
-0.9469185241506337 -0.3245709608396685
-0.8267802563194279 0.5643008131842281
0.9800477822513328 0.20373351345383564
0.613081548487985 -0.7912850402374447
0.21690980952333355 -0.977216012216619
0.515788676087537 -0.8578828833936867
0.697970723716657 -0.7175220336926567
-0.9654312879740634 0.2644681988457991
-0.9964304275721051 -0.09553744296594784
-0.9221182281717878 0.3894855238302482
-0.2707055410544104 -0.9637009442988208
0.9934092551511807 0.12304085410942248
-0.11228714659420207 -0.9946821586364823
0.7338618798018819 0.6807699621558285
-0.7926304547580387 0.6113411176994924
0.8898312661092278 -0.45847717266451615
0.9331890197677508 -0.3621591547716342
0.7074706082654538 0.7081570012649093
0.5570714085331014 0.8316684710838487
0.3173460976918838 -0.9493642368868407
0.7321871999005881 -0.6825708053394435
0.9738189426328107 -0.23168441244398524
-0.6682675339142953 -0.7452647201606326
-0.8484996331713207 -0.5310832067653185
0.8742263026764258 -0.4875749908564901
-0.7094218942078575 0.7062022203438159
-0.21680273524108376 0.9772397730301323
0.30321871409604123 -0.9539703409550756
0.6841093629094227 0.7307498748406761
-0.7727416757806146 -0.6362949807375251
-0.4850929031318216 -0.8756060046225934
0.9383119847803992 -0.34867121937072426
-0.6150102105288638 -0.7897869592144723
-0.9188780482423599 0.3970694302742424
-0.36730012378144344 0.9311775443330538
-0.6177205394691689 -0.7876689248141753
-0.45567243154911286 -0.8912707978645542
0.336151045207835 -0.9428698079828838
0.8948015385065422 0.44869946142861056
-0.4612585719428715 -0.8883926664539857
-0.6920530782491708 0.7232313163060952
-0.8123103009594327 0.5849384368933161
-0.946352250484224 0.32621835939052296
0.682379578527262 -0.732365421636601
-0.34741569644093256 0.9387775742243004
-1.000997004499193 0.002448873954055133
-0.8541422052999417 0.5219598577719864
-0.700201121506198 0.7153456433371651
-0.9963333007258345 0.09654508721195465
0.9336550889475804 -0.36095591819817235
0.42749323322151034 0.9051245966991613
0.0779637816039295 0.9979592420324664
-0.5244758045976856 -0.8525996307714485
0.8276043686358368 0.5630914748199248
-0.6515988749030835 -0.7598815080162403
0.46143778704740857 -0.888299593991121
0.4203877959749007 0.9084465317206981
0.7827528952002266 -0.6239382221467628
0.1049835670271809 -0.9954795079027239
0.37379247589276193 -0.9285904290729897
-0.28953060858223023 0.9582134557049402
-0.3701646043185113 0.9300425612356242
-0.5292862911712191 -0.8496216934484521
0.8569881831772627 -0.5172738673995956
0.7949576422256288 -0.6083118830559445
0.863813546357184 -0.5057935914281885
-0.9184250859160202 -0.3981160152017887
0.8197342986548969 0.574488189268295
0.3478630263401457 -0.9386119085678996
-0.28599175567704416 0.9592756202910412
-0.9344411207978568 0.3589161347195822
0.687512314102199 0.7275491859371702
-0.9829206721088286 -0.18938836379547877
0.5769755451988385 -0.817985464566763
-0.8596492406660133 -0.5128393345116447
0.9256553339657592 0.38100289067241844
0.35734041529750893 -0.9350448265163568
0.6178379725196502 -0.7875768151188859
0.9153486504854218 0.4051392946315095
-0.6984740938773589 0.717032035673583
0.4290065704358161 0.9044082941475599
0.9388072790024466 -0.3473354184243558
0.9344958110485061 -0.35877371577750056
0.12811923119223065 -0.9927670736878373
0.2595146287449233 -0.9667746156511271
-0.49894070777152244 -0.8677898190970278
0.6502595424915991 0.7610279412732599
-0.9989867523469306 -0.06345446111450678
0.936135693947474 -0.3544727951726073
-0.2806750411465556 -0.9608446915487328
0.18575112869262106 0.983614517069272
-0.9692642637532702 -0.25005556784609084
-0.996336071174391 0.09651649225276886
0.5810988085210957 0.8150614545758884
0.7445566020161074 0.6690564000099153
0.9438977606177822 0.3332536834016033
-0.9949639773671711 0.10976194122599803
-0.9733778487190484 0.23353064814511493
0.810017747549583 -0.5881090448672762
0.3456527491337032 0.9394281116808849
-0.9560234570689942 -0.296681899572335
-0.2316255138976892 -0.9738329534944027
-0.5520800620682054 -0.8349901826169973
-0.9269445804151522 0.3778554549546392
-0.22546771059476503 0.975277043449273
-0.309038352595558 -0.9521009907698991
-0.8250494467954568 -0.5668283782085287
-0.6124447323995265 -0.7917780306096353
0.4248095679542073 -0.9063872411803686
-0.8119608658106927 -0.585423395835826
-0.9360267048018038 -0.3547604937107242
-0.9741774344291224 0.2301723837672388
-0.9857781458731946 -0.1739035569469665
0.3147973011885306 0.9502124284413552
-0.8744402886638096 0.4871911140010183
-0.9821797029385414 0.19319428339254396
0.3887811970531953 -0.9224154057787004
-0.8654718248778466 0.5029508130449836
0.7175195887727246 -0.6979732371140173
-0.9763685187176395 0.22069326146740964
0.892501621033101 0.4532569430833763
-0.537843518568188 -0.8442306257973535
0.3793890315558544 -0.9263179598470015
0.8805658995518479 -0.4760301424767605
-0.061248635715928486 -0.9991244189904166
0.9817943633822821 -0.19514309629289847
-0.8454950589718059 0.5358536229739075
-0.9992619841166132 0.05896174267548085
0.7513244404317337 -0.6614473412222187
-0.7329701651410047 -0.681729959011021
-0.04877603403559306 0.9998109313784075
0.9552059521650861 -0.2993035064084468
-0.5734303237073292 0.8204746576542798
0.3663156497183289 -0.9315652659751965
0.367629997917214 -0.9310473589626842
0.6608399604190324 0.751858727895987
0.21814574877379386 0.9769408540397524
-0.6862134246100269 0.7287744067164947
-0.6409646449621047 0.7688727618459397
-0.06435633270600831 -0.9989290577616778
-0.6206588836096699 0.7853556838760373
-0.3407189689919426 0.9412287629312375
0.43316409236178427 0.9024244395451575
-0.5752559869398741 -0.8191956722846082
0.34955051269058557 -0.937984775504245
0.833897893588809 0.553728546372812
0.3821844141114007 0.9251681326171614
0.8259283317392809 0.5655469837514548
0.27506563261105466 -0.9624655306847515
0.7438800800209246 0.6698084999072964
-0.4695144936504276 -0.8840572041741319
0.23553236927957918 0.9728954224486556
-0.9626119332258247 0.27455284739233804
-0.3086153929204666 -0.9522381735955275
0.17771180452255356 -0.9850987333934288
-0.9765542778866078 -0.2198698304483042
-0.20844893669413594 -0.9790556882992326
-0.6012880687610109 0.8002834862507497
0.7517654628646483 -0.6609460559258229
-0.947384606361719 0.3232079943764554
-0.9693198621537977 0.24983995844168416
0.29301201631749685 -0.9571546156674767
-0.8509133665396018 -0.5272072103492527
0.9994927369601615 -0.05491146295524676
0.34438308171098914 -0.9398942988609104
0.36614718914285255 -0.9316314914615049
0.13228620468478836 -0.9922204190854441
-0.09326898228589008 0.9966453215378851
-0.7008018812845911 -0.7147571078261328
0.9918947941572055 0.13470604041331966
-0.9950415716552191 -0.10905627298744233
0.028012063304094333 1.0006079773365029
-0.5808851588744878 0.8152137340595784
-0.927391860375388 -0.3767563367874213
-0.5327795906426942 -0.8474354888689777
0.9962638954862781 0.09725867853567777
-0.3494390798827449 0.9380262946478103
0.951530739453815 0.31078972292287266
-0.05333432336013631 0.9995781359912372
0.5975226326919096 -0.803098812986876
-0.9987974501296253 -0.06636756447662397
-0.9910626582010769 0.1406975746749583
0.8882467421517265 -0.4615395162462736
-0.7353674273168725 -0.6791433919588441
1.0006835740222286 -0.02516713496008309
-0.8860485742365531 0.4657455572449096
-0.4458886143766954 0.8962055252949687
0.3785142385918431 0.9266757637832326
-0.8593509452924322 0.5133390232828625
-0.14514440463259398 -0.9904211739476544
0.934148912433802 0.35967597834543386
0.9753523203627065 0.22514184676129048
0.6425459260991853 0.7675517786138862
0.401729746485264 -0.9168501572170261
-1.0005131752314218 0.03121515959175075
0.7082460795570504 -0.7073814323206881
-0.9841084732352013 -0.18311611864246463
0.6935560108006189 0.7217901771860932
0.9642549764984574 -0.2687253994284118
0.2548207870344509 -0.9680223997899754
-0.9935213001797536 0.12213282150647271
0.7589078565134455 -0.6527326139562567
-0.2099300033163669 -0.9787391857423459
-0.5462020498794724 0.838847018655644
-0.5403867896669391 0.8426049593691336
0.2815678833298385 0.9605834305655884
-0.7084082307760035 -0.7072190456773719
0.8160784120264448 -0.5796697554853075
-0.8448728708494218 0.5368340824711637
0.41339679059683987 0.9116491065778721
0.11939645815161026 -0.9938538553433552
-0.5402688413281832 0.8426805913808046
0.6445220574020522 -0.7658931501993119
-0.8928086378499475 0.45265189293818436
-1.0008261993910905 -0.018652576561570156
-0.4240285692361237 -0.9067528728774813
0.6309277106705242 0.7771301203196613
-0.8352843132892502 -0.5516349481069031
-0.9897686053996437 0.1495296216983259
-0.6978651002741622 0.7176247639395771
0.7862334390609911 -0.6195465917122996
-0.9991094657434588 0.06149207641493637
0.02048227790325621 -1.0007904257595062
-0.960772102007865 -0.28092342017601285
0.9118243352096375 -0.41301014723551593
0.9159587578820075 -0.40375803875495764
0.5877093450747807 -0.8103077968968164
-1.0009539773667335 -0.009598707919117992
0.7791240395806538 0.6284637865044603
-0.3391539571791924 0.941793816782471
0.8486483751426165 -0.5308454910496998
-0.3117174765786833 0.9512272151255019
-0.19071124910573392 -0.982664856125694
0.4362218347470131 -0.9009503376379575
-0.997554160347848 -0.08298612638688353
-0.8646076250551343 0.5044349855992545
-0.26072207976964923 -0.9664496868024681
-0.7582304361143481 -0.6535193996736788
-0.43676389093272155 -0.9006876837046845
0.20922787330493572 -0.9788895223835495
-0.0978293744349043 0.9962080171819916
0.8544554729437883 0.5214468762552971
0.6075464138154996 0.7955428052970661
0.4356197486185195 -0.9012416072361162
-0.9797384380538717 0.20521596672715248
-0.9940957950831948 0.11736502970608745
0.8212709085878542 0.5722893452680039
0.5222010902568254 -0.8539947431539511
-0.43060098639972344 -0.9036502589561877
-0.7078393483635373 -0.7077884266560754
-0.9997881659074519 0.049240464167324124
-0.3417542621819734 0.9408533489765846
0.2988683032409551 -0.9553422095342969
0.798238647203101 -0.6040000514166892
-0.6248113868709443 0.7820560918734711
0.932286248829177 -0.36447681715579916
0.5928463773299416 0.8065569867571444
0.7454276174687108 0.6680858231656479
0.9718872636788963 -0.23965839584447593
0.9089655328798653 0.41926442734439395
-0.9138396273783582 -0.40853168228790193
0.5493383679445394 0.836796485116919
0.7092283079781007 0.7063966358658005
-0.7238518951753987 0.691403958515558
0.2854829678822777 0.9594271598454603
0.7326599813081188 0.6820633048255762
0.8548688204504311 0.5207689505161465
-0.6068311025881952 0.7960885710344016
0.1428136715313738 0.9907599382412113
0.9783890685915051 -0.21155573842523664
-0.8904534642698343 0.4572675671528114
-0.40432503782163687 -0.9157086129280055
-0.2702348962750902 0.9638330253914271
-0.300210018405668 0.9549214338619008
0.06036425864954834 0.9991782404945028
0.6484881644491896 -0.7625379338559629
0.9911786194074262 -0.1398783200842374
0.7964038755183478 -0.6064172384252909
0.5503399815920893 -0.8361380894692089
-0.33308882482832886 -0.9439559495943033
0.11184834380104813 0.9947315959538847
0.8590684289636281 -0.5138116720725249
-0.08386913089084169 0.9974803100230173
0.9517611029574482 0.3100835418032076
-0.69665990898287 0.7187948046667972
0.20396120762628003 0.9800004213180877
-0.6972970680445714 -0.7181767184310867
0.9594565823347114 -0.2853840686068425
-0.10104791209761874 -0.9958867001123731
-0.0856391901045185 -0.9973298998416933
-0.5987646318532602 -0.802173245403778
-0.11204813639164167 0.9947091108113768
0.9372959039615475 0.3513934951260562
-0.8025777601183084 0.5982223156682464
-0.23301231775694586 -0.9735020594603465
-0.6647305553108441 -0.7484211974791579
-0.8070021449362771 0.5922402705560034
-0.2950459382239726 -0.9565296097547298
0.8070840860889892 -0.5921285991926932
-0.9319230320929878 0.36540451865653234
0.6303170352853624 0.7776255107884973
-0.6856091307032318 -0.7293429370991117
-0.5695488284995704 0.8231738163685521
0.5981353063823748 -0.8026426074280274
-0.24699704581728768 0.9700481737303219
-0.8377704861702626 -0.5478518161894161
-1.0009181789562989 -0.01279839969709302
-0.6545072967388009 0.7573778439561505
0.7693571621964297 0.6403831329579635
0.6923319124902249 0.7229643995022352
-0.04438766106626301 1.0000153676544508
-0.9738954461519602 -0.2313626157452286
0.9999169245626375 -0.046552593624809825
0.4144233738487274 0.9111828944881691
-0.886366843901396 0.46513956833651376
0.8394355899947615 -0.5452970660567931
0.7233140447654653 -0.6919666123773764
-0.32883961720666177 -0.9454446076610603
-0.983828947306081 -0.1846120322259864
0.810311357895099 0.5877044352956686
0.25191564670887406 0.9687824869098582
-0.6969370259104416 -0.7185261177682468
-0.67004989302956 -0.7436626525858854
-0.31834921608701533 -0.9490283328841046
-0.23803777684819397 -0.9722854605480683
-0.6986972405305938 -0.7168145967228441
0.5772798372103317 -0.8177707438826685
0.30928555931230517 0.9520207155313768
0.6910849787581849 0.7241564417546799
0.5967846336220165 -0.8036473735865971
-0.16956192424503452 -0.9865342132163087
-0.9643780378441981 -0.26828343244370256
-0.4969635693869816 0.8689235931324173
0.9537253174154355 -0.3039885177450404
-0.09485479336541233 -0.9964956438317254
-0.9765289142040605 0.21998245321715681
-0.8851463588354714 -0.4674579376161098
-0.9999632301209977 0.04554710096131679
-0.9997565023585931 0.049879214024605996
-0.1803693350743143 0.9846156117820039
0.5883256593975184 -0.8098604314908064
-0.14952062295813776 0.9897699648454739
-0.9964536754094658 0.09529466282519088
0.7799906937254844 -0.6273878526889389
0.5953737581517927 0.8046931639477315
0.11620599045755321 -0.9942319486828911
0.32424737038244633 -0.9470293780026408
0.46244853219513443 -0.8877738197708726
-0.6175147408767677 0.7878302766458639
