1000
-0.9993563569035667 0.05733996787957815
0.6191294493703167 0.7865619650875629
-0.2361978432616975 0.9727340740605948
0.5731571256758135 0.8206655282677833
0.18910426563319838 0.9829753693350249
0.9990010770602858 -0.06322853811681002
-0.12857860991416148 0.9927076815823186
0.536736993340014 -0.8449345536669226
0.9924023067539334 0.1309147109742518
-0.8651191373051389 0.5035572244228179
-0.3933692659500912 0.9204681529558133
-0.7778344829217041 -0.6300591378417784
-0.02317184531999149 -1.0007317650521874
-0.19637006653458589 0.9815496915435317
0.6940710632435647 0.7212949183017633
0.42119315064857576 0.9080734165510662
0.953101320944873 0.30593932733981455
-0.22203893432805033 0.9760633748084515
-0.2603615348955621 0.9665468799529731
-0.524544455482455 0.8525573964388642
-0.35385067127812897 0.936371028191292
-0.9491264071426355 -0.318056698191552
0.9757987930169716 -0.2231988251461497
-0.3376855299149887 0.9423213267702442
0.9180250067595215 -0.3990377011814554
0.7685641749745487 -0.6413346310201027
0.20024174241080148 -0.9807671714511484
-0.8442108793928981 -0.5378745124233621
0.046511639768680335 -0.9999188303887614
-0.3504795277207508 0.9376380435160678
-0.14368036788309207 0.9906346207785085
-0.9866863961232221 -0.16867411095176432
-0.22112867938311057 -0.9762699970573107
-0.7298886619319458 0.6850281316728487
-0.3989431057361236 -0.9180661187439694
0.9271092562093896 -0.3774512247309215
-0.16989117808700274 -0.986477565689261
0.8680648358121539 0.4984620756150044
-0.9558643197058588 -0.29719421648688865
0.9289377568287264 0.37292847027012294
-0.6801249841755311 -0.734459669348994
-0.5461595242873967 -0.8388747069915534
-0.02247276708674797 1.0007477078362284
-0.5947171223595151 0.8051785791813003
-0.9350364800099411 -0.3573622546529208
0.09463692725294225 -0.9965163581196855
0.38439860982469093 0.9242503496157548
-0.08558599280496341 -0.9973344663830629
0.6242376892901038 -0.7825140939751513
0.9944867897478302 -0.1140044956001955
0.38847711901492554 -0.9225435100860357
-0.05276391766399028 0.9996084078241577
1.0007947920586706 -0.02026781162933951
0.1953992149909345 -0.9817434220716361
-0.1322285670998021 -0.992228101820712
0.9956045414922405 -0.10379112177843261
0.8955301349586454 0.44724353251998
0.1465972615596138 -0.990207171708639
0.12651799664854504 0.9929724047142693
0.3249293667252053 0.9467955991868345
-0.9631905415872252 0.27251601897302813
0.291432651026026 0.9576366794959049
-0.5935238414944968 0.8060585894199103
0.2404662520144455 0.9716876975871029
-0.7606230996648998 -0.6507330483817154
-0.22441084881925905 -0.975520769093216
0.7766961269996616 0.63146189616138
0.4276052435627478 -0.9050716853805797
-0.9961474678770224 -0.09844400561840548
0.029386174751523515 -1.0005685647338083
-0.28923673945462636 0.9583022010564604
0.17174596793992708 -0.9861563377560262
0.04588329491422044 -0.9999478602646313
-0.8369626538438197 -0.5490851628579216
-0.5188143879082415 0.8560564414215903
-0.030159292798883842 1.0005455597112363
0.39895520349401586 0.9180608616018049
0.5624675590345829 0.8280285291182171
0.9951658466201225 0.10791634593913416
0.4627612392752618 0.8876108581041716
0.6847453728628295 -0.7301539387984869
0.9707978877867004 -0.24403372936723527
0.5615258184672358 0.828667457545366
0.3644795366964239 -0.9322851856216317
-0.4761067458999934 -0.880524483764375
0.8883924131039378 -0.46125905989949123
0.0005909369832987747 1.0009998255711545
0.3157747523105944 -0.9498880490895666
0.4295694164378211 0.904141093226754
-0.8016280360833551 -0.5994943634139883
-0.7221067953832607 0.6932263526881516
-0.21202361622850457 -0.978287782894884
0.023658380837614148 1.0007203810336545
0.8378060251919346 -0.5477974663615116
0.9815446404313063 0.19639531267466054
0.6018129417745187 0.79988885672492
0.6347324293946167 -0.7740256733951452
0.3655177310463812 0.9318786338846412
-0.16206347510678973 -0.9877937183624479
0.8856150234641608 -0.4665694270037141
0.09452257814072415 -0.9965272109790233
-0.1784947057574412 0.984957176742504
0.34953332759062933 0.9379911795445742
0.058206300082640536 -0.999306272686552
-0.552214375147704 -0.834901361766904
0.5441137954149865 0.840203057384998
-0.4897873025745575 -0.8729887732592779
0.855525766278052 -0.5196890062665863
-0.2630661793114815 -0.965814260250106
0.9838796759894511 0.18434148522482055
-0.7551879395025929 0.6570328576485562
-0.9558781107943592 -0.297149856645105
0.051750352061242504 0.9996613932034873
0.4493071642446982 0.8944965467559882
0.04635685381407727 -0.9999260183155854
0.40738687108559063 -0.914350554911568
-0.6407688237899162 0.7690359643468485
0.4333332749404765 0.9023432123252002
-0.503397953705957 -0.8652118238932333
0.9517657283872226 -0.3100693442885631
0.1773868868775852 0.9851572932095052
0.160240716105014 0.9880910448446298
0.2246639969731549 -0.9754624997733364
0.5385435534714854 -0.84378423842491
0.614577153691425 0.7901239916371017
-0.568472375216784 -0.8239175678521414
0.26093173347274584 0.9663931034868305
-0.7014645239914764 -0.7141067998425805
0.38073765163094636 0.9257644628254814
0.39839175509060276 -0.9183055098799251
0.15856498781704362 -0.9883613431526856
0.9974567786145241 -0.08414852818639355
-0.03243122356152154 1.0004744952962583
0.9864362941343517 -0.170130648662981
0.997094709552083 0.088335384661229
0.6259478559962992 0.7811467733874576
0.973272989217788 -0.23396728074470446
-0.5833205395318811 0.8134728933162033
0.3953233533462373 0.91963060317667
0.9798473312934365 0.20469540140689635
-0.8484834900779665 -0.5311089973490501
0.9545795044458543 0.30129548568126163
-0.28666727131752073 -0.9590739677185316
-0.5667640784997369 0.8250936185199496
0.9161465475417842 0.4033317535568818
0.9800837736067844 -0.2035603023987859
-0.3604204572798829 -0.933861924469651
-0.9903276347905671 0.14578126001006148
-0.9642269449757606 0.2688259633716797
-0.9497445672701366 0.3162060355857572
0.8133689286509209 0.5834654967564518
-1.000866514416451 0.016346874926542892
0.626688699130511 0.780552544280081
-0.8459783660071293 -0.5350902767271216
0.6874995823640667 -0.7275612168396786
0.9223318064325267 0.3889794838329035
0.5665414849206797 -0.8252464758263869
0.7090176946197158 0.7066080304639508
0.11375889179220613 0.9945149141859105
-0.4939494958023403 0.8706405088190038
-0.9521042809919334 0.30902821572929784
0.7901628897419307 0.6145271415280869
0.9996496445179195 0.05197680458817287
0.3239785527019885 0.9471213741591544
0.1533326881714462 0.9891865783248972
-0.6847832240541587 -0.7301184397438487
-0.8123033017601344 0.5849481566340594
-0.48134301127179396 0.8776730060220616
0.5964159503757623 -0.8039210248136169
-0.6129330557160708 0.7914000689983292
-0.7716820657313698 -0.6375796337937449
0.514489291232807 -0.8586627796794059
0.8881255037724698 -0.46177276830590264
-0.7454456475093065 -0.6680657053085652
-0.8741560430540216 0.4877009456543381
0.7360757044811613 0.6783756756197573
0.8196102941352081 -0.5746650900721197
0.9459456996535525 -0.32739537765055765
-0.6667401338337641 0.7466314980867967
0.5370003402577329 -0.8447672073199095
0.8136144782122889 0.5831230409127605
0.5634771562322408 0.8273418244017564
-0.45604258204536036 0.8910814571976015
-0.9194622622948483 -0.3957147308549929
0.32172729974680503 0.9478884663279903
0.9901037465240126 0.1472941652582132
0.1880145896975331 0.9831843743982449
-0.22601969797156 -0.9751492686398554
-0.7907739063527576 -0.6137406854947782
0.5795130030674752 0.8161897324003263
-0.6814532073677275 -0.7332274723223599
-0.7982593548946121 0.6039726834247041
-0.427791808937924 -0.9049835181955629
-0.9894304033526203 0.15175136546822596
0.21075432274013395 0.9785620141035251
0.9946789735955486 -0.11231535730658553
0.8771303378014059 -0.4823311834293856
0.24941009889297042 -0.9694305558265629
0.8549688692364311 -0.520604679806644
-0.9956265962666685 0.10357934546254018
-0.9097165774166236 -0.4176323128942302
-0.6482868112070023 0.7627091256927877
0.6626812480303198 0.7502363384354145
-0.9982226431451053 0.0745154662630493
-0.46873388438474856 0.8844713368049782
0.9880679729701062 -0.16038291926120254
-0.6157668087166545 -0.7891972106406022
0.9411812777581122 0.3408501172034524
-0.22451573269781475 -0.9754966354484076
0.9265007520565646 -0.3789424183680419
0.13219064675239878 -0.9922331545111676
-0.9515854351742901 0.3106222135716584
-0.8003107954592473 -0.6012517198905852
0.7958376953154325 0.6071600799748125
0.7572110738659209 0.6547002288183644
-0.227407743762678 0.9748265066547832
0.4384217528238495 -0.8998818626080112
0.9804123449653966 0.20197186397974398
0.8909059134012918 0.4563854220575085
-0.8095505316263335 -0.58875201633924
-0.6117459913398716 -0.792318018272712
-0.31143782003810594 -0.9513188131483117
-0.48769342567820717 0.8741602384862028
0.28894654510136464 -0.9583897401756684
0.9858398428485468 -0.17355346223095836
-0.6492975133306826 0.7618488952427457
0.9599012971588615 0.2838846591711767
0.971573354154449 0.24092782632372198
0.6874670005986723 -0.7275920031775123
-0.7587738468279737 0.6528883896730578
-0.9330066994528408 0.36262859619191157
0.45532520457932846 0.8914482363406149
0.9214532754862564 -0.3910560843352897
0.6329289835383702 -0.7755010649877183
0.032052630014051106 -1.0004866960180843
0.6815476815520681 -0.7331396577535556
0.08398088895154945 -0.9974709069897264
-0.8624272142095316 0.5081538154838422
0.645270086119113 0.7652630371054338
-0.949282813645294 0.31758957747015887
0.22327298632354803 0.9757818268333166
-0.1077767879734031 0.9951809704642348
-0.6291192144786781 -0.7785948972178863
-0.10904984365853139 -0.9950422762868167
0.9287365314533028 -0.373429317467293
0.9031636674238799 0.43162065502643343
0.09375490471800121 -0.996599727995808
-0.5464634118603549 -0.8386767789189946
0.33345347240596573 0.9438271990891149
-0.9340124827279969 -0.36003011277986635
-0.762750239155199 0.6482384381295873
-0.5749600355755384 0.8194034155963567
0.09147104508967957 -0.9968119420985093
0.4082655968892884 -0.9139585342873238
-0.4396027552195852 -0.8993055196112995
1.0000225361110693 0.04422586652610838
0.7942081812175731 -0.6092900498835302
0.7413892999782044 -0.6725644250760132
-0.451830112143202 0.893224803596867
-0.6260356195861001 -0.781076438646979
0.18570144433610844 -0.9836238984344998
1.0007182641869978 0.0237477519475414
-1.00098250468379 0.005918219070525323
-0.22890511146007386 -0.9744759873631833
0.9351791056763371 0.3569888517956916
1.0004731807151797 0.03247175187222733
0.9257621359225529 -0.3807433094515423
0.17368453943717177 -0.9858167582063603
0.08786189228822483 -0.9971365442523569
0.12835907416996772 0.9927360918583693
-0.8002813905829801 -0.6012908579768793
0.9181948296130937 0.39864677958285555
-0.9099211449552994 0.417186421115593
-0.9852451069093966 0.17689850002499052
0.9726909815114706 0.23637524084863898
0.9986156379780997 -0.06904931270905523
0.9076685190719794 -0.4220649943855562
-0.5417904283653732 0.8417031137709218
0.9156772672132177 -0.40439602162846927
-0.9968892414136035 -0.09062472264128686
0.3722484502676133 0.9292104666184945
0.024147448671671876 -1.0007086992340224
0.4658700663586731 0.8859831156805222
-0.9118850540324018 0.4128760688539886
-0.7639983515079651 0.6467669741824421
-0.9602930664015731 0.2825565901214549
-0.40525814490099227 0.9152960373515261
0.13102951681215008 0.9923871551586984
0.9186760370429806 0.39753658820667553
-0.7372727190265363 0.6770745437388839
0.053983347303627284 -0.999543294817136
-0.4169177029694555 0.9100443005429313
-0.3717144771013709 0.9294242021344475
0.9554585337732393 0.29849621478318905
-0.36265345116114756 -0.932997038773923
-0.44398500355130827 0.8971501081878911
0.32296621459977637 0.9474670570669417
-0.9996598661538222 0.05177984165022309
0.939362755168516 0.34583032574112804
0.9355261807024206 -0.35607831332495116
0.5598454140170444 -0.8298036589483588
0.2858000268679887 -0.9593327601214591
0.9286508093826639 0.37364244169114874
0.5408586360107677 0.8423021642217073
-0.24459001003750316 0.9706578835974362
0.7541018277997621 0.6582791454307647
0.9837138905107079 0.1852241388596174
-0.8258755061579921 -0.5656241228309488
0.05879001873198149 0.9992721019309472
0.5201052848858372 -0.8552727592024792
0.8115705039396425 0.58596443333632
0.9210591894345753 0.3919833791860609
0.9521879772565526 0.30877023167409573
-0.4417548967505637 -0.8982503054254414
-0.39420206911948746 0.9201118022837849
0.7619875987851006 -0.6491347312366799
0.3267403124679416 0.9461721662616968
0.6092199811826486 -0.7942619306801839
0.9916076673736877 0.13680363301357895
-0.938885186402466 0.3471247711616194
-0.5940322225128519 0.8056840066778299
0.8182119835958073 -0.5766542724199781
0.7930854815511768 -0.6107507011479709
0.850624378061482 -0.5276733529822374
0.4182039671221795 0.9094539251019103
-0.22507873998003125 0.9753668852329371
-0.5006814878050204 0.8667866218218595
0.9864159936668198 0.17024831111732255
1.0000317008924389 0.04401814637369184
-0.6123813076657362 0.791827085935814
0.8290159558389066 -0.5610111807838627
0.7568778826364911 -0.6550853919724527
-0.33430173120542295 0.9435270809643236
0.99624917427343 -0.09740935663225062
0.9476708877023284 -0.32236762958070214
0.9617934638806587 -0.27740643978906526
-0.9493976065692658 -0.31724625236643805
0.6689078917885501 -0.7446900243074277
-0.8483615974205952 0.5313036796616186
-1.0009640864563074 0.008479246705343913
-0.7377622044243662 -0.6765411515369183
0.9493316218273661 -0.31744365137552044
-0.9882543879503893 -0.15923022544982257
0.23756174556265075 0.9724018804204496
0.7584827538341253 0.653226539675327
-0.8336498955834811 -0.5541018422579473
-0.7234462827725822 0.6918283572841843
-0.43512266815366185 0.9014817045613507
0.5480139541775308 0.8376644352165771
-0.9641716696782813 0.2690241464809346
-0.5126627641537356 -0.8597545523288906
0.858447846904429 0.5148478359138261
0.38651298353601166 -0.9233681354465785
0.33476722475309095 -0.9433620223599811
-0.8265622951503473 -0.5646200246500208
-0.6125774210062719 0.791675377458024
-0.8277623903875052 0.5628591520620089
0.9973414797978947 -0.08550422606249107
-0.9754739351658904 0.22461434017438028
0.6187939844314794 -0.7868259050332634
0.7309522782487222 -0.6838930961217569
-0.7862098361113617 0.6195765437794961
-0.9969198710863605 -0.09028715652380721
-0.8384846845279352 0.5467581127080684
0.1254422855990818 0.9931088726739271
0.8245037650716212 -0.5676218295509088
-0.7624881542335278 0.648546694273857
-0.9582269336140049 -0.2894859991376118
0.8747704654036864 -0.4865980197836999
-0.6665906873520365 0.7467649265569047
0.9175530325067868 -0.4001217721364329
-1.000987732445867 -0.004955753512987241
-0.1623964515978571 -0.9877390305685125
-0.19560985330040243 0.9817014746305494
0.9903099458239938 -0.14590137491496907
-0.4707467280862288 -0.8834016742094789
-0.5689344046027197 -0.8235985935268155
0.6354335217732056 0.7734502177948501
-1.0009583360094698 -0.009132884164021752
-1.0006318088019914 0.027147434752748775
-0.7223756588781729 0.6929461793388616
-0.9903771617804243 0.14544441351853651
0.7598665671598136 -0.6516162982252366
0.9735035123639386 0.23300624758807367
-0.9657642770539615 -0.26324961759979654
-0.5597298661255813 -0.8298816041864278
0.16848895709831663 0.986718030308518
0.7960552848295078 0.6068747675550625
-0.56687961517847 -0.8250142434498388
0.48258804025838814 -0.8769890440590283
0.7838175361856624 0.6226002489301122
0.8247592015874733 0.5672506142762593
-0.48450425944034614 0.8759318595553891
0.9934663640274621 0.12257888703220482
-0.9780595347101991 -0.2130740400951482
-0.7187761876524407 0.6966791169999453
-0.363240233252282 -0.9327687456957527
0.32506899765259345 0.9467476679480854
-0.5010569968990228 0.8665696082015181
0.9446908265680732 0.3309988552822059
-0.9545614257497913 -0.3013527575293209
0.5984697131514208 -0.8023932966073781
0.1793093885190413 -0.9848091912593665
-0.9653561178853461 0.26474245156629805
1.0008480969823488 -0.01743808380559891
0.962485828782027 0.27499459884473126
-0.23411563718773626 0.9732373135182294
-0.9954119327133013 -0.10562236605932608
-0.3678417468797624 0.9309637206961637
0.12348195708235529 0.9933545219482878
0.580355238653117 0.8155910721482204
0.9917072204388959 0.13608008277980735
-0.23774622581309687 -0.9723567925980812
0.31230561376340477 -0.9510342809866861
0.6474017587713037 -0.7634605181277043
-0.23797369909883956 0.972301146012497
-0.9577508269613346 0.291057302699794
-0.881269103222543 -0.47472704547490724
-0.9279805181932166 -0.3753040871797817
0.782546508256872 -0.624197054154357
0.9242880940507024 -0.38430784430729475
0.7895907821055396 0.6152620553991301
-0.10704844507709856 -0.9952595794096007
-0.8923597447555712 0.4535362013552743
0.7794337930470967 0.6280795827410851
-0.049939089766261435 0.9997535132788068
-0.8361768250718111 -0.5502811256192837
-0.6028203131717634 -0.7991299456455734
0.8522022086699578 0.5251213150673337
0.8811414161677088 0.4749640035981301
-0.3074673102769054 -0.952609496651742
-0.4827980296282601 -0.8768734587083075
-0.87441884478486 -0.48722960078910527
0.6993380235579101 -0.7161894503594115
-0.5589090566582745 -0.8304346249918519
0.24174274448276 0.9713709103581099
-0.5491558748452143 -0.8369162593252609
0.35478060791239735 -0.9360190811352671
-0.42832198493439405 0.9047327103746503
0.5908607812510676 -0.8080127085506627
0.553673325327753 0.8339345590755357
-0.7522148822332172 -0.6604345319158191
-0.8212344299077718 -0.5723416908928239
0.623060058401952 0.7834520812558712
0.9985280391247073 0.07030473015215141
-0.4508737142594222 0.8937079465854116
-0.9983978518866505 -0.0721299476509016
0.7902961933008895 0.6143557005954474
0.9943890350798851 -0.11485402436525756
-0.8290603774579384 -0.5609455325869889
0.5359613375212928 -0.8454267825674716
0.3924629525557373 0.920854945619142
0.8341652678611509 0.553325677963832
0.6268344937096499 -0.7804354665798876
0.9437284315836916 0.33373289831927805
-0.9823469601827465 0.19234201262261302
0.2064759873989634 -0.9794736681645011
0.9765938466762178 -0.21969401137524844
-0.9951919531221715 -0.10767532884035123
0.8593782008263362 0.5132933936302798
0.9941354847961551 0.11702836352403487
0.7143922311329347 -0.7011738301569074
0.8451425753291453 0.536409384114428
-0.4406334915560171 -0.8988009379830183
-0.3074958446718025 0.9526002863266285
-0.7264953598810103 -0.688625799742764
-0.5923476018519305 0.8069233659897741
0.9912315316439393 0.13950286977266926
-0.8250113033870644 0.566883894006151
0.3818052446511378 -0.9253246755365842
-0.6413866336730516 -0.7685207779530433
0.5287406139596226 -0.8499613892110638
0.9174620964864437 0.4003302405648359
-0.524193970677224 0.8527729364289451
-0.044101010377354 -1.0000280500484455
-0.39915207491416455 0.9179752834862805
-0.49254243333236225 -0.8714372905533911
-0.9927264780008862 0.12843340638617348
0.9935006779353149 0.122300461741032
-0.3703630878299804 -0.929963538625597
-0.010110514120382698 -1.000948938509963
0.8473588926714366 0.5329014045868492
-0.8997357233110046 -0.4387215839208544
-0.09127457832194683 0.9968299510709692
-0.9981319699082817 0.07572034500062104
0.9111537080646348 0.4144875393544012
-0.6281255142790332 0.7793967784842968
0.8344059963194649 0.5529625966610411
0.8847244590581498 0.46825594661922265
-0.9842236418607184 -0.18249608982776638
-0.32295645573777515 -0.9474703835462586
-0.9555026643458656 0.2983549202341938
0.9689681531473281 -0.25120055371407174
0.5672161342294793 -0.8247829151175268
0.4953532439296203 0.8698426085956023
-0.9821347958236807 -0.19342244655772792
0.9892840051902416 0.15270283911818394
-0.7518090586856305 0.6608964663835222
0.9940265662552471 0.11794992826959612
0.906277861958145 -0.4250428648084489
0.9587214787221556 -0.28784392687149624
-0.8571592159522095 0.5169904046577593
0.6797181619478149 0.7348361860430419
-0.30748269892310504 0.95260452962547
1.000442176037386 0.033413356694287515
-0.05400115592302144 0.9995423328498786
0.9969782054684295 0.08964071519655485
-0.7666462910988456 0.6436260283304148
0.6097613316098089 -0.7938464073568845
0.9377924767767551 -0.3500660944749138
0.7407792264320993 -0.6732363163753575
-0.1760462288307833 -0.9853977498018044
0.8598978481068417 -0.5124223754103864
0.36250011411802735 -0.9330566259688728
-0.9045610263553221 -0.42868444058422084
-0.8951645845194915 0.44797473882133804
-0.8714599852964507 -0.49250227819484227
0.11530258101245389 0.9943371233197855
0.4845923589153099 -0.8758831232995048
0.853765094688537 -0.5225764662625686
0.6512201207315635 -0.7602061262278591
-0.16965885752502224 0.9865175477726204
0.9337284246007461 -0.3607661695511495
0.8014239396423302 0.5997671789687785
-0.6820879166410795 -0.7326370683853171
0.9308750799524831 0.3680660070197441
0.9851136495871531 -0.17762910064817572
-0.3534088110377289 -0.9365378861962279
0.9867063698343872 0.16855722983083718
-0.8252013620561905 -0.5666071937953204
-0.25645014270833294 0.9675920236881222
-0.2561810493075811 0.9676633040348624
-0.06952750358699737 -0.9985824584104009
0.19922472903719918 -0.9809742643617387
0.1684479437509015 -0.986725032745239
0.46368492125747474 0.8871286793912423
0.7654257696029877 -0.6450770428620708
-0.6943904025205268 0.7209874956525812
-0.6094256627921582 0.7941041251185758
0.31533400888255686 -0.9500344535026378
0.08935667312077568 -0.9970037035883
0.48360269888171503 0.8764299342413638
0.525049154104394 0.8522466695589138
-0.10603240071907301 -0.9953683388564004
-0.34274629498636644 -0.9404924121294752
-0.12996195262965046 -0.992527526504272
-0.975013381835784 0.22660517478898748
-0.988138520870434 0.15994769011145787
0.695461625393563 -0.7199542538279382
-0.9999987004483584 0.04476158064226812
-1.0003525790162215 0.03599607833631436
0.6959139361194504 0.7195170557497116
-0.6547412550510234 -0.7571755998011365
-0.8273971168360158 0.5633959629349935
-0.48992679315608334 -0.8729104979021597
-0.9873763309859462 0.16458730512627978
0.06688918990219014 -0.9987626526228485
0.5550665121932673 -0.8330079033488226
0.19251888323431848 -0.9823123126573395
0.9933946571728058 -0.12315865824424894
-0.7745329488592426 -0.6341133267259141
0.644844542609914 -0.7656216532114349
0.17614448658890458 0.9853801905073651
-0.9744308612111863 -0.22909713380840424
0.9969181202770775 0.09030648627434465
0.5849786156835481 -0.8122813670108158
0.8863117063628896 0.46524462292873725
0.7376938655676211 0.6766156669069232
0.836800639270446 0.5493320399508598
1.000605353145456 -0.028105644569325267
0.9910314286876685 -0.1409173777547635
-0.21823715588261636 0.9769204388240972
-0.8453675835637388 0.5360547067787065
-0.226686840105666 -0.9749943982007837
0.9802792954682303 0.20261664017624503
-0.8554023309774418 0.5198921543535344
0.6705431802209172 -0.7432178976983927
-0.9581545650852444 -0.28972543796896044
0.3229685438709776 -0.9474662630774039
0.46284947467292453 0.8875648504729092
-0.7923540165244708 0.6116993644737083
0.6832804221653216 -0.7315250266980481
0.9234892309000455 -0.3862235627349042
-0.8437772491199695 -0.5385545040824902
-0.8882690331527939 0.46149661400903114
-0.900341001159867 -0.43747809274345195
-0.9915989161877976 -0.13686705014423683
0.8872515302806039 -0.4634498052807085
0.10567981647039605 0.9954058350194576
-0.6593610952112905 0.7531559905635535
0.39287155255821843 0.9206806955674127
0.36997840565059564 -0.9301166482502307
-0.9031257288702977 0.4317000322590831
-0.32989309105169495 0.9450775356955419
-0.7885203148763176 0.6166333700241603
-0.516652113607696 -0.8573631631372439
-0.6554149441316347 -0.7565925264030343
-0.2980158177316357 -0.9556084827908051
0.7831573117458961 -0.6234305294569246
-0.996588086796069 0.09387856654290656
-0.9931184362255685 -0.12536654908260603
-0.3594841096636024 -0.9342227651365422
0.9791489803055368 0.20801027466600658
1.000940868678473 -0.010880138288823315
0.9510729870545402 0.31218772124341204
-0.7706752460648755 -0.6387962625930459
-0.8111188464137747 0.5865894791013451
0.41050450948148115 0.9129551181166402
-0.9233564158907775 0.3865409800180795
0.6536090390433938 -0.7581531666363805
-0.23394161543582512 0.9732791586011058
0.98034173482443 -0.2023143172428166
-0.895237951015151 0.4478281043683993
0.4198683393862514 0.908686732367669
0.9087363833664713 -0.41976086709700033
0.6022219827043012 -0.79958094246155
-0.2647279641200453 0.9653600908535923
0.8905364989347402 -0.4571058346434177
0.6348008503107597 0.7739695604122532
-0.9391568280721648 -0.3463891630600332
-0.31935236348016216 0.9486912395187564
-0.8524310631324377 -0.524749733308081
-1.0009473346972213 -0.010268065179423299
0.9585986014725035 0.2882528772709134
-0.9287890547059976 0.3732986630813716
-0.3054899538702769 -0.9532454500727167
-1.0008826668985995 0.015326026945923076
-1.0006248862451594 0.02740140556361135
-0.9107162557972447 -0.4154478323768794
-0.6080474966089572 0.7951598844682622
0.32013913034962505 0.9484260314958599
0.9205362708541512 0.39320983462005715
-0.604817203606194 -0.7976196776797722
-0.8407323566885488 0.5432955958011427
-0.9897015700134991 -0.14997267188663033
0.7266530016748368 -0.6884594506265054
0.14089153488702671 -0.9910351030095643
-0.9660349676436013 0.2622545353084025
0.6404577662292764 0.7692950342206853
-0.9137596781098578 -0.40871047290296963
0.6444338312936733 0.7659673864363662
-0.39923841422002626 -0.9179377367834263
-0.3385589785676944 0.9420078651641924
0.13873630544707685 -0.9913391132961996
-0.20232669365880182 0.9803391806069455
-0.2661792205669961 -0.96496094353002
0.9176392474567165 -0.3999240071902046
0.46277088321755827 0.8876058301104388
-0.21086347117142132 -0.9785385002776024
0.734123936383993 -0.6804873591978554
0.05345734105434866 0.9995715645652387
0.7067082052621528 -0.7089178461677678
-0.34774433033028695 0.9386558904748536
0.8371914579138959 -0.5487362415550894
0.4982370411305915 -0.8681940168219505
-0.5436776690164637 0.8404853313489917
-0.1701121830048841 0.9864394787280732
1.0006585635601846 -0.026142669597195314
0.31705683615840935 0.9494608799972853
-0.5686520361571724 -0.8237935795903619
0.7045917863888336 0.7110213882531188
0.5117412959413595 -0.8603033453545661
-0.916978163313668 -0.40143747708191363
0.7998679787941334 0.6018406902991752
0.04373537200436887 1.0000441076450775
-0.860705694452593 -0.5110642890448124
-0.999404612746188 -0.05649265458130095
-0.2401946633834936 0.9717548681031087
-0.9934260882894081 0.12290487014762659
0.1624476579123098 -0.9877306102570705
0.11624569619641277 0.9942273070660508
-0.9979005168505807 -0.0787118699393172
-0.936754290767327 -0.35283480373823994
0.20576186873305946 -0.9796239346685437
0.1652870141046431 -0.9872594405567219
-0.5366610830392703 -0.8449827702096164
0.2056055867113929 0.9796567473932204
0.9007694604831367 -0.4365952119079169
0.9686910158327222 -0.2522671517359495
-0.4258239104684184 -0.9059111420406443
0.9450690811853286 0.329917310530258
0.1741058054373259 -0.9857424453238381
-0.45679856373213185 0.8906941518682278
-0.6564163842523567 0.7557238453860393
0.9784360271895883 -0.21133845058922732
-0.5391317251600012 0.8434085504226294
-0.005960472350113812 -1.0009822539732478
0.19564096741218365 0.9816952744462127
0.5450612202713563 -0.8395887482311206
0.437080751936746 -0.9005339617618031
-0.8342864295230209 -0.5531429774603756
0.3459663302975573 0.9393126733417587
-0.9989151812410133 -0.06457136119235495
0.6564039332048937 -0.7557346600978055
-0.4025783999171382 0.9164778403868566
0.5707612769929975 0.8223336091181747
-0.2928676383964653 -0.9571988019111167
-0.34306503662635135 -0.9403761910238689
-0.9843595087749206 0.18176181525391175
-0.46344614397238726 0.8872534427305003
0.9781241035117634 0.21277743801754215
-0.763923201862203 0.6468557348100115
0.03913273542430357 -1.0002347869466506
-0.29650882100854975 -0.956077151209106
0.9592459028487795 -0.2860914152291708
0.10365213426204625 -0.9956190210431513
-0.8741254231349586 -0.48775582480287183
-0.04693639842045373 -0.9998989821493551
-0.9943045856807975 0.11558283131217079
-0.8701266819546558 -0.494854076825261
0.7046169906977892 0.7109964109754645
-1.000047605000088 0.04365532881090425
0.9733397714853501 0.2336893006640362
-0.9960350861451234 -0.09957463114607487
-0.5609315625717184 0.8290698294539793
0.07319044310543531 0.998320669443456
1.0009999984181592 -5.627473202812813E-05
-0.4399998342268775 -0.899111308949187
-0.8829559179517469 0.4715822801526665
0.998294693929626 -0.07354389214580881
-0.8894096790267685 0.4592944838047814
-0.3572336143159553 0.9350856350103766
0.01470232108871365 1.0008920230247638
0.7944692417152259 -0.608949607084555
-0.8509441148532974 -0.5271575792839731
-0.6620375439486187 0.7508044288644552
0.32756702343680116 0.9458862749594975
0.9687473753870692 -0.252050635152274
-0.9961583421034488 -0.09833390797536909
-0.6447606254794648 -0.7656923245216248
-0.7473882817186405 0.6658917001657687
-0.6222786545107803 0.7840728768043522
-0.8879480095628972 0.4621139819495716
-0.6220582720624316 -0.7842477326449224
0.15255875807179722 -0.9893062343559706
-0.23545543692250423 -0.9729140441085393
-0.4926382980576426 0.8713831001843387
-0.04998396961457854 0.9997512704575918
0.8228357835643327 -0.5700370806237701
-0.9091208625197187 -0.41892750844436405
0.7798108053511463 -0.6276114306301284
-0.388314024647289 0.9226121711002
0.9264428894371028 0.37908385960290114
0.31370055472431385 0.9505750690848449
-0.5315557954188177 0.8482036526428474
0.9010182007729156 -0.4360816458828986
-0.7762873365575578 -0.6319643748664737
0.8915581723182213 0.455109904718182
-0.07431408490681223 0.9982376554630982
-0.8228220426923134 -0.5700569147547012
-0.9996676276619846 0.05162978021122807
0.1420703919210015 0.9908667941451126
-0.4756412397418624 0.8807760277487258
0.9457232272818965 -0.3280374633780635
0.05228932618721909 0.999633345965853
-0.30221403331411484 -0.954289095645557
-0.9569260112758056 0.29375773852577386
0.11631496915871525 0.9942192051804306
-0.9362750457666178 0.35410455895782766
-0.2032536585494387 -0.9801474125284769
0.7968804799493158 -0.6057908060343505
0.7470280589432824 -0.6662957895345217
0.9143429742746673 0.40740388485452017
0.3641105414489975 -0.9324293611881374
0.3559726771471968 -0.9355663809290379
-0.9061250848741521 -0.42536846446558607
0.996414601906699 -0.0957023568524549
0.9811848698450171 0.19818489142015058
0.6711735114894956 -0.7426487174127886
-0.007534232370315772 -1.0009716456236861
-0.8794378722873427 -0.47811089590879585
0.7334119838906741 -0.6812546233865467
-0.6106447311071262 -0.7931670772107888
0.9921215844408168 0.133025417445852
-0.6060705639358085 -0.7966677296906981
0.7657371056678477 -0.644707441405346
-0.16954710483218 0.9865367602086735
-0.9215689039187228 -0.3907835146600273
-0.3176154665540331 0.9492741518685021
-0.983943345909975 0.18400133705895522
0.2625702980817697 0.9659491904677237
-0.5508997294006815 -0.8357693989051381
0.1559047510463885 -0.9887844601333313
0.9866119650041174 0.1691089309016953
-0.6414285281282354 0.7684858120377015
0.7681181498465571 0.6418687621907628
0.6591028520183562 0.75338199504718
0.9113721241117737 -0.4140070668382289
0.6588452651677935 -0.7536072694487361
0.9087811941195726 -0.41966384311089233
-0.88802799982239 0.4619602488650354
-0.24718696220016328 0.9699997967619658
0.7804976229183433 -0.6267570985787201
0.4991632911884466 -0.8676618055036871
0.8800285830857976 0.4770227384014346
-0.4500517406513186 0.8941221564958103
0.23786893924968486 0.9723267803265678
0.9661416166607735 -0.2618613689647768
-0.6606346394413694 0.7520391433763086
-0.3355001595615304 -0.9431016079586482
0.9980743403183296 -0.0764762132831588
-0.5791088245929692 -0.8164765577030056
-0.20673168401808836 0.9794197316896598
-0.8473452715488679 0.532923062724607
-0.9097246495815169 -0.4176147290790717
-0.2914443063991374 0.9576331323985849
0.5871252190487009 -0.8107311374043894
-0.4213539933634409 0.9079987953057435
0.9467028419157247 0.3251995219994802
-0.5372756090160473 0.8445921619080037
0.02139850204029241 -1.0007712546383571
-0.5434874121727705 -0.8406083706517233
0.9982831437857953 -0.07370050768583149
0.9968643089641498 0.09089856716927985
-0.8674356785933711 -0.49955614649732594
-0.931740930441122 0.3658686083018223
-0.9671698289008976 -0.2580378306834261
0.7948580455524464 -0.6084420164818871
0.8063208754371882 -0.5931674686243392
0.22038267857789004 0.9764386693401866
-0.6252816302445025 0.781680166614695
-0.1893319998827524 0.9829315305861327
-0.21165414458561493 -0.9783677851808754
-0.9380829475846875 0.3492869643299399
0.5639386353128931 -0.8270273366711839
0.05275864791197764 -0.9996086859719157
0.7225194982031697 0.6927961999868646
0.5665794301583802 -0.8252204246874922
0.4623631896829699 0.8878182701579136
-0.38522334178192946 -0.9239069092426805
0.5150383927047062 0.8583335330978005
0.17042910140458975 0.9863847735009011
-0.2264699018284946 0.9750448110552622
0.4470930451147704 -0.8956052752245276
-0.4868582923838676 -0.8746256359935173
0.8163819955060448 -0.5792421233073163
0.9224361711808946 -0.38873192574977833
-0.8961759127738145 0.44594812855759425
0.9181574540549076 -0.39873285488332955
-0.904880256878603 0.4280101876256143
-0.023836372833924695 -1.000716157224476
-0.36969912011019734 0.9302276928740327
-0.7540380791801791 0.658352166508371
-0.9787635358809427 -0.20981644556572465
0.4715289094390419 0.8829844209062966
-0.9725617110200746 -0.23690656018292325
0.5927670527216992 -0.8066152869910354
0.6376198897955481 -0.77164880362579
-0.8702517666113584 0.4946340694996756
0.9801409928046967 0.20328461383937413
0.5862734432690049 0.8113473052383331
0.10838100811690037 -0.9951153486302803
-0.9380328617647105 0.3494214507575453
0.6538061236719405 -0.7579832139625992
-0.3040929464320792 0.9536920257243722
-0.8705963020932418 -0.4940274069133948
-0.2617546395715054 0.9661705380846548
0.6439697973847766 0.7663575536629164
-0.4748266668848948 -0.8812154313304899
0.3494578729570786 0.938019293526692
0.998623303797183 0.06893835734334952
-0.47849856854790423 0.8792270013469824
0.9630023104736638 -0.2731804349187276
-0.06409500045796757 -0.9989458598524212
-0.8524845994468395 -0.52466275616434
0.016687175018020597 1.0008608985218266
0.7877309158922097 -0.6176414851251657
-0.47470852008166237 -0.8812790823353734
-0.8741402450043895 -0.48772926102876585
-0.8364649415975963 0.5498430698646022
-0.9264016220040603 0.379184697407802
-0.881360822152178 0.4745567417867296
-0.8948907268074159 -0.44852155697814006
0.8922220461056029 -0.4538070299622201
-0.9718924871513903 0.23963721209086983
0.6563465184072919 -0.7557845246990881
0.37544437212476817 0.9279237702741744
0.34921172197978495 0.9381109599785696
0.9729777442287111 -0.2351920688195266
0.08917202414284225 -0.9970202355570664
-0.971008398859129 -0.24319475599821322
-0.8366025197860915 -0.5496337179318264
0.4956045521557352 -0.8696994468680046
-0.4469643664794514 0.8956695010424451
-0.17180056941425897 0.9861468269730104
-0.8140003110496864 0.582584323176494
0.12166408090389631 -0.9935788098675465
0.442243671056643 0.8980097635384282
0.9920836328890041 -0.13330815936676838
-0.7406657186127221 -0.673361190797257
-0.1474432501620428 -0.9900815562273915
-0.8326348616544856 -0.5556259417608356
0.8110357102963681 -0.5867044201504414
-0.9687361271567032 0.25209386335536144
0.1775305876608114 0.9851314077039707
0.8355118226073299 -0.5512902994642457
0.9942358373697515 -0.11617271491046828
0.602427480679917 -0.7994261257437413
-0.05076415818521603 0.99971195863796
-0.84641016384436 -0.534406993349604
-0.9785038706860412 0.21102411012117842
-0.599214807937575 0.8018370245556982
-0.8125960064504596 -0.5845414701291642
0.9570119345571931 0.2934776944081077
-0.42500438647330036 0.9062959072391609
0.5293820614067872 -0.8495620242576175
0.8611643690228947 0.510291024343364
1.00082111245317 -0.018923553260391614
-0.2636089476249776 0.9656662584620277
-0.22382469769093066 -0.9756554231405489
-0.23248471304654894 0.9736281929975446
0.7453439789194336 -0.6681791324851044
0.8370858163528747 0.548897382085979
-0.9238066621136878 0.3854636831588247
-0.999910822363356 -0.046683480168437624
-0.09405033366010966 0.9965718914049413
0.12347365352337479 0.993355554112217
-0.3410724495956686 -0.9411007300639024
-0.5235399984274641 0.8531745835680824
0.13059276938460873 0.9924447231883791
0.9881602239354926 0.15981355334187686
-0.6661331638549167 0.7471730776818973
0.8054902575319278 -0.5942949141807868
-0.07592186999941082 -0.9981166613456528
0.7639508896247167 -0.6468230347178461
0.4941450732770025 -0.8705295207837962
-0.23872943859193899 -0.9721158650848044
-0.949742668962435 -0.31621173721434
0.7731150700645854 0.6358412446822173
-0.9206964381465335 0.3928346583287762
0.2002355217452489 0.9807684414944273
-0.6736871117585836 0.7403692831623808
0.8853344913216938 0.46710152908779673
0.5484673747728348 -0.8373676246486933
0.7147510594227867 -0.7008080500779111
0.9508384210781516 0.31290141738510485
0.38282758489141555 0.9249021787444368
-0.9978818630425819 0.07894800447551426
0.9965711633729505 0.09405804768058973
0.9934503705930702 0.12270843967914985
0.9736323538747615 0.23246728692074328
0.5741128151778652 -0.8199972411225214
-0.2738631919448429 0.9628083672765739
0.9993977895968726 0.0566132329838621
0.6709090286736823 -0.7428876599083715
-0.9962054943521254 0.09785506130312058
0.9999918970983005 0.044913313591207336
-0.5951722102336356 -0.8048422455149885
0.9114617351467178 0.4138097453701816
0.9935389796540799 0.1219889171520505
-0.9381088256442894 0.34921745553206845
-0.9967626576839005 -0.0920065445874766
0.07577023836527501 -0.9981281836407935
0.9993804246968204 -0.05691894880268647
-0.5305850874750496 -0.8488112068941444
-0.8289362920417732 0.5611288833557191
0.9997586125700983 -0.04983689990270299
-0.6874725627218513 0.7275867477522183
-0.6107186881603904 -0.7931101335449269
-0.9968827132316199 0.09069650522464336
0.9191521021993841 -0.3964346264170839
-0.33982064864217243 0.9415534646298176
-0.18957584011524536 -0.9828845307789714
-0.8697648819115278 0.495489707454581
-0.05654351843116302 -0.9994017363019861
-0.13211064683857904 -0.992243809248459
0.9995768396737869 -0.05335861306072858
-0.9724091872468232 0.2375318348305607
-0.9011887977663561 -0.4357289877669716
0.4492735338731226 -0.8945134385581673
0.215799621634315 -0.9774617758779555
0.3415923592129248 0.9409121426187188
-0.4488498675798468 -0.8947261013145609
0.520851885276273 0.8548182927407159
0.9665551358303043 -0.26033088445296315
0.5146816860581765 -0.858547472208912
0.9795214765623711 0.20624906533866336
-0.9163852869492737 0.40278903394071847
0.5439840129945741 -0.8402870899914618
0.9688187243103359 0.251776248732269
0.9800851137604734 0.20355384984106817
0.25935707010488207 -0.9668168958942593
0.6194114838239481 -0.786339884342016
0.6321887225645152 -0.77610464440193
-0.20119903743910317 0.9805712352162786
0.09250845190924353 0.9967162014963714
0.6321759605548912 -0.7761150397309027
-0.6508948238218293 0.760484666723761
0.7861932460950456 -0.6195975950522524
0.8135096313714438 0.5832693028660925
-0.5593115368639858 -0.8301636011840354
-0.9943271908990232 0.11538820320490957
0.6537458207837735 0.7580352246483999
0.8571387683356528 -0.5170243048600714
0.33101251909660523 -0.9446860389575574
-0.8371906687242254 0.548737445597696
-0.5739748021010994 -0.8200938522833858
0.28112885208764504 -0.9607120112311925
-0.9844565712517347 -0.18123536994548875
-0.37579001055979877 -0.9277838476517396
