1000
0.7538177156120033 0.658604472828344
0.11076644366409998 -0.9948526498723355
0.10826984708878729 0.995127449230183
-0.8496603808915357 -0.5292241842010346
0.8336353592643952 0.5541237116241488
0.9303773635229204 -0.36932230022588636
-0.21037734195841903 0.978643129026363
-0.7163392298541623 0.6991846020701153
0.17533335132916322 -0.9855248428688566
0.9974677006393412 0.08401896322417671
-0.7489045580111724 0.6641859400725753
-0.9537600016651168 0.30387967885950595
-0.5345782913443674 -0.846301985359444
0.9866264134223621 -0.169024614590083
-0.8587231319320785 0.5143885522489416
0.9030950932494212 0.43176411679158727
0.8606033421766428 -0.51123662567777
0.7753746985630567 0.6330837834191057
-0.6460982883673176 0.7645639291575443
-0.9333197993096508 -0.3618219896808278
0.19942316193115553 0.980933943996934
0.9661322955972094 0.26189575675078514
0.09350739942693391 0.9966229809975344
-0.9391346671112012 -0.34644924163567353
-0.38734204970186464 -0.923020658778967
0.8331140893722352 -0.554907122038879
-0.9360472324001244 -0.3547063274260377
0.7502439382354823 -0.6626726440263804
0.9839649553932528 0.18388574321560128
-0.7394682945131774 -0.674675952891292
-0.26349349456736215 -0.9656977675860494
-0.4465726851297708 0.8958648541470899
0.8496713980213682 -0.5292064959771505
-0.4360470757520509 -0.9010349314694104
0.9112300570732396 0.41431966292501815
-0.9825847807422284 -0.19112338594150852
-0.41776683595561265 0.909654808581605
-0.09220223344329838 0.9967445751786501
-0.02252967993398204 1.0007464281835197
0.3615963380422467 -0.9334072467655462
-0.36946411798088985 0.9303210550796984
0.965207802640553 0.2652826751256013
0.15168697762462321 0.9894402765296686
-0.49398831994531606 0.8706184811716347
0.6412009795474319 -0.7686756818238845
0.04470397075083651 -1.0000012774987381
0.9483719270799723 -0.32029937234815103
0.9502909158566945 0.31456028872100955
0.92016563973307 0.394076382766882
0.9380237039261404 0.3494460342780906
-0.7014449871354642 -0.7141259903004011
0.9901505769574203 -0.14697902894932885
1.0000286719372715 0.04408690625771925
0.8209067608163846 -0.5728115659149622
0.888079382738152 0.46186146186429405
0.49036335138804515 -0.8726653331120038
-0.3217811851257279 0.9478701751290005
-0.6658381559416556 -0.7474359839425819
-0.9090105065520476 -0.41916691064299144
0.29379360251319875 -0.9569150009913716
-1.000560658591976 0.029654147736718758
-0.9763089816714468 -0.220956494151366
-0.9964939069410028 -0.09487303847487999
-0.5594370969232051 -0.8300789929796659
-0.9682949959283178 0.2537829798473077
0.9170112480425973 0.4013618952558378
-0.9190671418522244 -0.3966315529147715
-0.5525305402302301 -0.8346921600883107
0.8608692506345812 -0.5107887364770827
-0.26150736286907894 0.9662374962529967
0.1509795307761702 -0.9895484734395822
0.9205529568137479 0.39317076913405685
-0.6265585496094378 0.7806570206635673
-0.9331071367094365 -0.36237007522961534
-0.9433352755426767 0.3348425867729826
0.9216196241068008 -0.3906638816952999
-0.7741887395776113 -0.6345335259158729
-0.5342128213802483 0.8465327291209448
-0.02368341029733901 -1.0007197889902486
-0.4304800589021859 0.9037078725382283
0.9278431932788183 -0.3756434595280019
-0.8263878189968654 0.5648753602464919
-0.1622957665459149 -0.9877555791597807
0.9504478521410783 0.3140857850339793
-0.9653160070956175 -0.264888668019177
0.9939994339469782 0.11817836228805555
-0.6651379128865743 0.7480591934071071
0.5606325638662287 -0.8292720472394924
1.0005669827315427 -0.029439990956125713
0.6905616369093518 0.724655522044148
0.4355111194745412 0.901294105613718
-0.884275458602512 0.4691033077194372
0.036095481840609955 1.0003489971958257
0.6280104605633204 0.7794894876924552
0.8542408623326618 -0.5217983797609479
0.43164492197277643 -0.9031520698836468
0.9907486441089313 -0.1428920018626449
-0.48035734691223103 0.8782128553303251
-0.7784530373440948 0.6292947390927032
0.5852982789928316 0.8120510603453638
-0.5524754097477919 -0.8347286514934117
-0.5857546489379472 -0.811721929756479
-0.885493950369449 0.4667991686572586
0.5911926153920489 -0.8077699496180264
-0.8645774222124849 0.5044867500741866
0.4272668897871471 -0.9052314648152803
0.7139775474468619 -0.7015960816180232
0.6301906952539619 0.7777279007566388
-0.9967665493928598 0.09196437359897351
0.03121906379992704 -1.0005130534158244
-0.2695452677578221 -0.9640261140806113
-0.11252850650748908 0.9946548824708971
-0.5719483625540882 0.8215084117473767
0.37155868817001253 -0.9294864933098165
-0.9092744807806935 0.41859397821875105
0.37128980080186197 -0.9295939349094924
0.09043063083674768 0.9969068667666343
-0.9176159746173731 -0.39997740327049525
-0.7933669075258005 -0.6103850834046879
-0.31475300857059946 0.9502271010636122
-0.5540713919879037 0.8336701341541429
0.6915205913676927 -0.7237404726243216
-0.7761758047058926 -0.6321013527822574
-0.7690395083783405 0.6407645703011368
-0.9723121594999834 -0.23792869622741789
0.1397638041940435 -0.9911947735118508
-0.8009356320036969 0.6004191147747036
-0.5960215389499066 -0.8042134822967002
0.483874547697132 0.8762798765753416
-0.9878264372196078 -0.16186392411533934
-0.7518893940709542 -0.6608050688997575
0.43726833590878966 0.9004428923655059
-0.0363520882326565 -1.0003397051407712
-0.2610867404725845 0.9663512373611374
-0.41471136238530226 -0.9110518568712358
-0.9992921630522341 -0.0584480355733808
-0.9994041029238643 0.05650167306324748
-0.9381643940457297 -0.3490681448439669
0.21413998792041455 0.9778267052875191
-0.23762474814109677 0.9723864864707245
-0.9560225375110459 -0.2966848627263291
1.0008405898019985 0.017863756737816146
0.005938092028672656 -1.000982386989431
0.23871715650110545 -0.9721188812033366
-1.0005313106980382 0.030628357985136297
0.961621790977861 0.27800095524391827
0.12839578239315297 -0.9927313448580387
0.741003178215395 -0.6729898140943023
-0.23991242721870512 0.9718245866749974
-0.1767574889517398 -0.9852704147083051
0.00836728756369262 1.0009650286093048
-0.9958062259940871 -0.10183791175889795
0.739378933097593 0.6747738830834112
0.9427109977390027 0.3365961597254699
1.0002134122730209 -0.039675306037382965
0.42153256158147906 0.9079159099424112
0.2902812291486018 0.9579863297584037
-0.14291924526006458 0.9907447145124184
-0.8947521299061881 -0.4487979790822814
-0.4596114553150145 -0.8892459221965622
-0.20250923391373019 0.9803014894305089
-0.9019142074199247 -0.43422547421137003
-0.6816228231630433 0.7330697967746609
-0.9606448618867416 0.28135822243290365
-0.9891508176023256 0.15356321185964705
-0.05912866813855534 -0.999252120640312
-0.13396337360727348 -0.9919953702168968
-0.9992050228932338 0.059919297600458624
0.9533463895484456 -0.30517480488228926
-0.33451675709611023 -0.9434508674127667
-0.999726936045372 0.05046834002949445
-0.987207450286603 -0.16559725269044878
0.07009742627118658 -0.9985426134272666
-0.12489938931892504 -0.9931772966332646
-0.4777063132518234 -0.8796577051781851
-0.9439997096431207 0.3329647852156495
0.8882053683409088 -0.4616191326736691
-0.9804132339018494 0.20196754885406118
-0.5772311371725702 0.817805119987923
0.22823288354886553 0.9746336495663229
-0.21173123604634622 -0.9783511045030236
0.8615259525221554 -0.5096803244493483
-0.7518708439862707 -0.6608261753013217
-0.14509502766061214 0.9904284087949852
0.9768175683169582 -0.21869713813249736
0.5110258387006836 -0.8607285240889039
0.7315798468132905 -0.683221726628071
0.11036813672777149 -0.9948969164668467
-0.35035346347172686 -0.9376851553871189
0.6842579670469395 0.7306107270857645
-0.984244008044602 -0.18238621830691443
-0.9560544455418482 -0.2965820243367243
0.8631011270371959 0.5070083278478986
-0.9454240133978236 -0.32889882166215206
-0.03517722328009365 1.0003817086304119
-0.004242091147038481 1.0009910112796718
0.5562848777146108 0.832194769766093
-0.9811371359364075 -0.19842106865578443
-0.18058902778982222 0.9845753414756673
-0.9700078450728769 -0.24715537723681807
-0.301293943229264 -0.9545799912911234
0.3834676054351361 0.9246370074693328
-0.6947468393587921 -0.7206440377890937
0.9526804861051089 0.3072472805323642
-0.9460307289504041 0.32714959862663295
0.2601108259043896 0.9666143792885228
-0.8685249784023308 -0.4976598857565586
-0.7202767285302561 -0.6951276388820629
-0.7338508078268055 -0.6807818974179211
-0.9954776364865023 0.10500131073109102
0.43085757936534547 -0.903527944395432
-0.34912719065289655 -0.9381424224214658
0.8882475522966435 -0.46153795709456186
-0.406727483049596 0.9146440589279201
-0.8694443172387579 -0.49605199245767573
0.9864037533969623 0.1703192158400953
-0.16903879567354713 -0.9866239838749293
-0.5680762014674176 -0.8241907724103383
-0.4904892852440525 -0.8725945570886736
-0.34945577239879944 0.93802007608428
0.5928360853074385 0.8065645516369732
0.40363972250278307 0.9160109030016379
-0.9567404481012588 0.29436153785269314
0.9674561665526962 0.2569621874890583
-0.9039847083688792 -0.42989841478567054
0.9429482661592692 -0.3359308966844639
-0.9974022410538137 -0.08479250875419546
-0.8240183919401478 -0.5683262177168786
-0.8824831466877121 0.4724663964899028
0.009822308156029153 -1.0009518081618556
-1.0007061258960923 0.02425385730217553
-0.9946247760825566 -0.11279430305970381
0.9701273533610127 0.24668586960090896
-0.8750729869420624 0.48605377019862434
0.5030464724498069 -0.8654162273471683
-0.7021850117619144 0.7133983524349633
0.9861575138670531 -0.17173921463531
-0.8571686100919624 -0.5169748290516797
0.3244523145249296 0.946959183702981
-0.21467057179988971 -0.9777103587479824
0.5506747103355881 0.8359176774041903
0.13240671502425333 0.9922043447881521
0.9003707272611228 0.4374169103855917
0.9025653984629025 -0.4328703056314928
-0.23280415341411886 -0.9735518610495979
-0.3131477462334393 -0.9507573239417709
0.9792457716368692 -0.20755413445969356
0.965616386321533 -0.26379157391270813
0.8347670870454384 -0.552417333531157
-0.24730805033614334 -0.9699689315843758
0.908076467195805 -0.42118657353385086
-0.027788752615301737 -1.0006142039907717
0.9987093234392969 -0.0676807747844398
-0.890560358786796 -0.4570593477411146
0.19163854188171522 -0.9824844371619583
-0.21791751116789962 -0.9769917903065451
0.9999300424066391 0.046269971824683134
-0.9625675768158696 -0.27470831815368296
-0.8154792711449755 -0.5805123240146238
-0.8130917918687273 0.5838516403982285
0.9293392244443067 0.3719268824772612
-0.9665000458612759 -0.26053533608735624
0.7853835643629734 0.6206236031835328
0.909939888922754 -0.4171455364105507
0.3523093853359106 0.9369520249213579
0.553816637469321 0.8338393922465973
0.46033740455032085 0.8888703358600029
-0.24192225958214572 0.9713262172507592
-0.7474559382533503 0.6658157555734195
-0.2628031346823053 -0.9658858692418862
-0.022403674275019523 -1.000749256996466
-0.39297362377415757 0.9206371331951622
-0.38107108697431225 -0.925627261197625
0.12812164981945193 0.9927667615545667
0.9549225341561286 -0.30020651851823144
-0.8462224191867714 0.5347042334465738
-0.18120931414602057 0.9844613676862738
0.9225490088180314 0.3884640605369665
0.1475494629806634 -0.990065733158217
-0.7675612326206152 0.6425346326680935
-0.8585021906139471 0.514757213364761
-1.000996127350769 0.002784426110182078
0.8471998808450004 0.5331541633488545
-0.484624830603688 -0.8758651571802287
-0.9740654651780921 0.23064576637646556
-0.08920601774099458 -0.9970171946354753
-0.9287573475811719 -0.37337754259460526
0.05168329499485346 -0.9996648623506154
-0.5180739995880421 0.8565047174130737
0.2490265522280867 -0.9695291518491809
0.9237099211829294 0.38569545175983916
-0.16137271576342083 -0.9879068005673097
-0.01820922243273115 1.0008343640275326
0.5807816652389928 0.8152874691311173
0.4531684544706207 0.892546554456802
0.10442920150841942 -0.995537815390412
0.9834927260222401 -0.18639489762690092
0.9235175990610606 0.3861557253550622
-0.8710162952375362 0.49328654292477625
-0.9230592342610041 0.3872501130348302
0.7060993250839654 0.7095243076286875
-0.6924549433082734 -0.7228465615107647
1.000060451021663 0.04336005422445716
0.3198974973499825 0.9485075599009308
0.5782494453433012 0.8170854171750738
-0.590382927180256 -0.808361923456364
-0.8138809774891054 0.582751022720148
-0.663198644950223 0.749779005665128
0.00032448774549081024 1.0009999474064437
-0.1441481357047904 -0.9905666635682999
-0.21169255219323077 0.9783594755231414
0.4575924304510623 0.8902865648732939
-0.5500633764532026 -0.8363200833920601
-0.43848167695183166 0.8998526651499731
-0.9768404342372502 0.21859498173375438
-0.4465650869932613 0.8958686416426802
-0.6658593273087778 -0.7474171233226476
-0.5505934758866874 0.8359711862923361
-0.9918851807948671 -0.13477680853742544
-0.9775704251856274 0.2153069060722198
0.8080476270893999 -0.5908130265618642
-0.8867146928080919 0.46447610655258814
-0.5203075249567378 -0.8551497409655187
0.9953905777359057 -0.10582342724831754
0.4814827121817422 0.8775963752603549
0.4397811432720721 0.8992182972016913
-0.34066984416781165 -0.941246544362676
0.03487093091481985 1.0003924320870954
-0.9641165167280692 0.26922173421203316
-0.5419304219665317 -0.8416129857286999
1.0009739086129081 0.007227328427412946
1.0008072533132208 0.01964285406060688
-0.5483555171880714 -0.837440879566673
0.96220953426177 0.275959801738854
-0.8909727321844824 0.45625496216887185
0.9935606409758856 0.12181236679248693
0.6723017654531338 -0.7416274915134952
0.9950652899169327 0.10883964719958732
-0.8499677337421931 -0.5287304148591796
0.9935873460598704 -0.12159434916846794
0.2276638148229976 -0.9747667348757034
0.5156391729148828 -0.857972752105599
0.8446044091903541 0.5372563559197909
-0.8559834284111141 0.5189348420423852
0.9988377246645678 0.06575864800092086
-0.1357514532500403 -0.991752258853239
0.2484337710408775 0.9696812163832034
-0.9986434908142237 0.06864530759186482
-0.15404074674948884 -0.9890765634372599
0.7907302355927757 0.6137969489329458
-0.339724104947656 -0.9415883030908541
-0.9517935482975537 -0.3099839373566837
-0.5851137443222133 -0.812184034689946
0.3726556936370321 0.9290472183909182
0.896788487789593 -0.444714974076717
0.9694920583558571 0.2491709228319456
0.8641852931333494 -0.5051581723896259
0.051262310781076764 0.9996865386176731
0.0645734194662791 -0.9989150481889999
-0.9259248676541748 -0.38034739312843846
0.14891087724557805 0.9898618846273213
-1.0009056331861261 0.013744579159799849
0.3729435371754929 -0.9289317079737518
-0.9293860275445618 -0.3718099135377365
-0.44133854795502225 0.8984549438279877
0.06337932764954654 -0.998991521899306
-0.7000971518593647 -0.7154473970589351
0.5667705787455789 0.825089153406104
-0.452758016951027 0.8927548252944777
0.9743763643934632 0.2293288043647744
-0.9701134574712532 -0.24674051072568304
0.89192000627553 0.4544003767664133
0.2503458065345096 0.9691893401965304
-0.8273072021459541 0.5635279880160642
0.01704799401582631 -1.000854817593459
0.5846562453270803 0.8125134305351764
-0.9763669053875302 0.2207003988758914
-0.748086141094051 0.6651076044543556
0.3728624474617619 0.9289642594162731
0.6553497697721963 0.7566489802144251
-0.9354611828172608 -0.3562490357069496
0.6501404365003483 -0.76112969514212
0.7198208073743639 0.6955997450193027
-0.661712746670695 -0.7510907008434631
-0.12848539451616267 0.9927197506829539
-0.3259341771186776 0.9464501636039642
0.017147104199812167 1.0008531244980758
0.9967722907727915 -0.09190212373803731
-0.8297876269921257 -0.5598691758712715
0.20507083498212433 0.9797688261216185
0.9746762541056316 0.22805087082187175
0.80626621589678 0.5932417627776106
-0.6136531606891239 -0.7908418289242471
0.24139206363571902 0.9714581162426351
-0.5188628021807973 0.8560270980016291
-0.8206048860331296 0.5732439454704727
-0.9206284049852552 0.39299407111851575
-0.5311019043873794 0.8484879298823873
-0.9002680341358356 -0.43762822888063097
0.4449572764376538 -0.8966682899183986
0.7927177226596337 0.6112279543519947
-0.7986063131605703 0.6035138412497937
0.9510115080131949 0.31237495358378053
-0.9907673662498371 -0.14276213074327948
0.3154025335513206 -0.9500117061538811
-0.24396290072715632 -0.9708156895460599
-0.8600534454454036 -0.5121611767573662
-0.2953797814799423 0.9564265704657423
0.9038603621177412 0.4301597909990958
0.6709785762871319 -0.7428248448750846
-1.000985117635428 0.005458412991713761
-0.6470336473357827 -0.7637725179759703
0.97384644709563 -0.23156877483637237
-0.803315537417013 0.5972312344012289
-0.5098981329991746 -0.861397059412183
0.13894149625475835 0.9913103755224641
-0.7653050170737117 0.6452202963653623
-0.37616742828324706 0.9276308888231182
0.6744706498341763 -0.7396555566696325
0.1665843312344103 -0.9870413672117213
-0.9836317616897787 0.18565978938656147
1.0002072432582279 0.039830522640009934
-1.0008685641329862 0.016220891787278403
-0.2110466633891509 0.9784990065770668
-0.2560699906183803 0.9676926991068511
0.3254101527066589 -0.9466304624907382
0.9428598906009861 0.3361788611675286
-0.9037222783951429 -0.43044981534702975
0.18550477851107552 -0.9836610072324493
-0.9111797013055108 -0.4144303945523302
-0.8872990216372968 0.46335887409382354
-0.8157645436926159 -0.5801113765941661
-0.4561098870958713 -0.8910470082399646
0.909143461831683 0.4188784618582139
-0.32550349751934277 0.9465983694802539
-0.9856877505942219 0.17441518950052232
-0.9121847996206393 -0.4122134050962611
0.7897335324200451 -0.6150788142761523
0.8589902190624836 -0.513942412683548
0.5065600469421369 0.8633643025061786
0.3483842499097396 -0.9384185710091356
-0.6689404603542494 -0.744660768740401
0.9625753718840513 0.2746810030604237
-0.8569291490715799 -0.5173716589372265
0.9912730838144921 -0.13920730334614925
-0.9086517060439288 -0.41994413569361544
0.6398018600694324 -0.769840619772492
-0.9114204482051864 0.41390067237618394
0.6309872152156151 -0.7770818066551572
-0.07148237141751275 -0.9984444253820683
-0.0006981833727633505 -1.0009997565134459
0.7086779864758431 -0.7069487332788317
-0.858091680168317 0.5154412366370338
0.05422610274642872 0.9995301545130761
-0.9278522274616079 -0.37562114423250015
-0.6171776601769282 -0.7880943698431884
0.9729160121037838 -0.23544730491570776
-0.13291425632340978 -0.9921364827814745
0.5326649989686508 -0.8475075214260503
-0.12756991223039438 0.9928378102658709
0.9252774637052806 -0.3819196448981423
0.6814248243173641 0.7332538501801743
-0.9996401267346806 0.05215953433334809
0.25987389126742255 0.9666781060091967
0.7951266621079675 -0.6080909399136302
0.8137049898791893 0.5829967319339865
-0.8093167087900336 -0.5890733951497623
-0.8890080160086182 0.4600714590934981
-0.8655414403099625 -0.5028310005420864
-0.9181939725396855 0.3986487536563876
0.8247600893679278 -0.5672493234776114
-0.9946333323713928 0.11271882777858505
-0.3290054596023431 -0.9453869089171115
0.7193809695365393 -0.6960546104068766
-0.8089297868731811 0.5896046132021948
0.7900613269502671 -0.6146577093452771
1.0008897720800551 -0.014854768444347277
-0.05004399346627502 0.9997482676743918
-0.3310358169758695 -0.9446778751929775
-0.840889156872117 -0.5430528757449871
-0.0594665044606368 -0.9992320725673457
-0.22297854092298156 0.9758491534493732
0.38856922108998354 -0.9225047210835962
1.000828091374169 -0.01855078209504602
-1.000956633719327 0.009317586236416936
0.3211877043539078 0.9480714417025051
0.9846127807184509 0.18038478884285053
1.0009725208616098 0.007417039837704945
0.2628077601569947 -0.9658846107073368
-0.2172284037648571 -0.9771452402779088
0.8301747176993436 -0.5592950367139111
-0.034557491080710045 -1.0004033085761994
0.8161785946462856 0.5795286892304936
0.43275277122228933 -0.9026217585453106
-0.5709404142774056 -0.8222092454751069
0.06293971123088456 0.9990193155040461
0.39137102211629826 -0.9213195553376927
-0.9995460217090452 -0.05393283309470076
-0.7367297469897732 -0.6776653155506667
-0.5945754152424244 -0.805283226939006
0.8475896931326774 0.5325342356086168
0.4672016475974673 -0.8852816616660554
0.43356393929146203 0.9022324038439705
0.430148161676138 -0.9038658965834694
0.9376039819184083 0.350570639230876
0.9963610732732784 0.09625804727772581
-0.38773079226928453 -0.9228574281687464
0.7101307515131753 0.7054894157642146
-0.4680181490809409 -0.8848502766744497
0.6652812087881325 -0.7479317570697218
-0.9529757472417544 -0.30633025506635786
-0.5147005123460123 0.8585361859530164
0.8588212443613512 -0.5142247273650112
-0.42481389692057037 0.9063852122487209
-0.8573544488575375 0.5166665743244747
-0.5273767917054647 0.850808274272442
-0.8889409535973285 -0.46020102239942073
0.47897500946395233 -0.8789675422386238
0.9999698367030291 -0.04540182467828192
-0.4228292204450906 0.9073127632397755
0.9505598626959293 0.3137466293547963
-0.9908482423461441 -0.14219972095456773
0.6818711675810848 -0.7328388027537899
-0.45815767909290317 -0.8899958095902498
0.9435598330142235 0.3342092780312521
-0.3136455439781782 0.9505932214899456
0.9152679539727624 0.4053215666979901
0.9926914994554483 -0.1287034844473666
0.9189776367695879 -0.3968388881112627
0.891298569084977 0.4556181084494693
0.7577594829115121 -0.6540654142038683
-1.000940485964151 0.010915290094593409
0.9245830573245215 -0.3835976669747102
0.3220801410878858 0.9477686335371136
-0.14857183715367614 -0.9899128290939468
-0.5607324539676026 0.8292045073849215
-0.1978578555283466 -0.9812508695566714
-0.4276263861143098 0.9050616961836443
-0.4491956560891498 -0.8945525487922095
-0.5382543764234836 -0.8439687353575172
-0.6361234975554673 0.7728828474340723
0.9653768871574199 0.264666706901813
-0.40194165613131133 0.916757277073064
0.24692800956938563 0.9700657493644962
-0.39684147003108755 -0.9189765218239068
0.9991244840070909 0.06124757511579047
0.8386354586073034 0.5465268223669522
-0.6513349256999199 0.7601077650987916
0.5670334546966562 -0.8249085169003744
-0.9233010511641865 -0.3866732068803168
0.1760042093849712 0.9854052558611464
0.5134897476304273 -0.859260891160793
0.29997242788833395 -0.9549960955453055
0.45892937105554915 0.8895981297094537
-0.42544823674703597 0.9060876325438054
0.7272874817907103 0.6877891528880977
-0.03493127857335527 -1.0003903267111445
-0.2759607982855103 0.9622092484535908
0.9506515297403365 0.3134687687830448
0.5199531620119131 0.855365249068381
-0.7493516812745386 -0.6636814429913062
-0.9076027227150754 -0.42220646338039625
0.0114944715778463 1.0009340023813489
0.08665405452463315 0.9972422347827241
0.9968858645257331 -0.09066186137942223
0.4525630715508249 0.8928536645321465
-0.15394156091817368 -0.9890920057416682
0.07153534818479595 0.9984406311644574
-0.2159023051844061 0.9774391002083248
0.20330383706092975 -0.9801370056457939
-0.0814490137144012 0.9976808398305298
-0.8947442928809727 0.44881360313266816
-0.2274493393807702 0.9748168022840247
-0.9216171831656126 -0.3906696400974636
-0.49494012306331775 0.8700777405393543
0.10528678913544046 0.9954474833126805
-0.5371513376832504 -0.8446712025546358
0.13377716408973478 -0.9920204989656757
-0.6697860445059759 -0.7439002988203721
0.5166174783774022 0.8573840335782877
-0.23527657999034002 0.9729573119659717
0.4469232149774703 -0.8956900356229278
0.5551686100192624 0.8329398624446305
-0.5017087427052098 0.8661924367559194
-0.9431274248644157 0.33542757857489264
-0.09477540006793586 -0.9965031979587234
0.9940169062383346 0.11803130988161567
-0.8355565216797957 -0.5512225495009806
-0.8136757542232912 -0.583037534802999
0.7884165539110318 0.6167660314244399
-0.05627804074252197 -0.999416720957871
0.23115966872409235 0.9739436367446362
0.5448244906698267 0.8397423857150262
-0.3910529356901062 -0.9214546117352442
-0.20719576665761724 -0.9793216602726411
-0.8710100517058539 0.49329756722222523
0.9905479952181225 0.1442763638624096
-0.5065954477554778 -0.8633435308806263
-0.9957873794850548 0.10202203123976422
0.9998648296828233 -0.04765839237048166
0.7533573890026093 0.6591309766921679
0.22139434279335937 0.9762097853325875
-0.6938853107191995 0.7214736139098367
0.9541437854520084 -0.3026724907937815
-0.8870223719354259 -0.4638882534469385
0.9696028176739822 0.2487395745728341
0.32789937018509824 0.9457711155624366
0.31046562371051667 -0.9516365359180152
-0.326332048651461 0.9463130528651396
-0.3766301160153766 -0.9274431280193108
0.8338208668433421 0.5538445287412501
0.9455893230206638 0.3284232515966596
-0.14174995565759083 -0.9909126853921445
0.8705556317756261 0.4940990710209244
-0.23000691382866906 0.9742165157658801
0.9634441022609325 -0.2716182280676795
-0.4039098166857979 -0.9158918385840356
-0.013422208100718551 -1.0009100081074727
0.4696483267885552 -0.8839861136605656
0.5065722329716693 -0.8633571525053214
-0.45782948170521415 -0.8901646845845632
0.07898028083159732 -0.9978793089546261
-0.10357820607657604 0.9956267148012644
1.0009564930136183 -0.009332689530809223
1.0008705151149146 0.016100061291972608
-0.9967627743333133 0.0920052808449406
0.9147476032174202 -0.40649455397088063
-0.6039781966305074 0.7982551835064775
0.06480297746395597 0.9989001822563685
0.07346401916881076 -0.9983005749209828
0.9426245177564434 -0.33683826760692237
0.2371524554407921 0.9725017803985775
0.5787315818641262 0.8167439967046259
0.9238955850994613 -0.38525050010833733
-0.9734704905882762 0.23314416989026532
0.12437021567917153 -0.9932437009374468
0.9576554824392186 -0.2913708581071681
0.8696641205033252 0.4956665386216603
-0.9988528190310895 -0.06552897003345581
-0.8249831631636291 -0.5669248455452741
-0.5940930229296078 0.8056391748831238
0.8533379647823335 0.5232736548510206
0.3724869914033816 -0.9291148697740538
-0.5447765020241602 -0.8397735187789147
-0.7815451993961281 0.6254503188110678
-0.6069603817754318 -0.7959900093311612
0.043322881994638004 1.000062062021992
0.17133259546364607 0.9862282401815974
0.6625316188567694 0.750368478825589
-0.9999154786118275 0.046583641253983704
0.4466049817848494 -0.8958487541125201
0.8769587076234319 -0.48264316541668756
0.6415354987615147 -0.7683965147167279
-0.1492573019561889 0.9898097078796303
0.6816842006752194 -0.7330127219563022
-0.14865870119563712 0.9898997881396007
-0.697443880641873 0.7180341449786386
-0.6188339569585432 -0.7867944672625959
0.22720681628477166 -0.9748733572283828
0.596208750885224 0.8040747013604402
-0.79485068732445 0.6084516290222662
-0.09420508809613472 -0.9965572745089966
-0.42683076430057776 -0.9054371864721399
0.10005088061287111 -0.9959873600044274
0.8542052166073418 -0.5218567312211314
-0.9942297295390787 -0.11622497537384265
0.9336540308304953 -0.36095865513098396
0.8550907129370167 0.520404527890433
-0.16244392461509052 -0.9877312242486044
-0.21214316822772458 0.9782618648267464
0.764308094357734 -0.6464009103484069
-0.8072876720149256 0.5918510071062834
0.860145343598166 -0.5120068240623293
0.8661189303307162 -0.5018356289889908
-0.6813252771163827 0.7333463484345472
0.474271653415969 0.881514264641295
-0.3435288517564042 -0.9402068538417099
-0.9799780235932558 -0.204068795444713
0.9999874378726957 0.04501248823161609
0.9912660641205054 0.13925728032329981
-0.7953919897740843 -0.6077438462076132
0.7332270654383581 -0.6814536451649911
0.9784791362537556 -0.211138769334541
0.8315253049070755 0.5572850861984331
-0.9564185607793919 -0.29540571524037335
0.12155635865668252 -0.9935919945682573
-0.8139948522512279 0.5825919502606448
-0.911331736056078 -0.4140959633430576
-0.2803813532031814 -0.9609304328493051
-0.49290094467516027 0.8712345601147458
0.25414781135313924 -0.9681993028216913
-0.7422911625226 -0.6715689317120375
-0.8053230251821755 -0.5945215093765988
0.9034932518346828 -0.4309303237058057
-0.07158127891883366 0.9984373392999403
0.9233103503986755 -0.386651001352221
-0.7193395598528092 -0.6960974052751288
-0.7827382754692668 -0.6239565626831712
0.857091410359957 -0.5171028082375687
0.7764235012802088 -0.6317970771219045
-0.7755531817328797 0.6328651217313266
0.15889512022574956 -0.9883083227254764
-0.9235243128145003 -0.3861396685663168
-0.6433156600903507 -0.7669067488831458
0.5883976078754132 0.8098081594096788
-0.009628188488985005 -1.000953694226871
0.5414553160037525 0.8419187257516468
0.11801738530824786 0.9940185595676796
-0.8922416667363392 0.4537684521201969
0.6758742548699729 0.7383732061796114
-0.13498668371405262 0.991856640457623
0.6457549019219637 0.7648539773340759
0.09581732077543814 0.9964035533052944
-0.9278159371942437 -0.3757107753157568
-0.8963546409954618 -0.44558877630153204
0.17682083680589306 -0.9852590480027391
-0.9381382901889225 0.34913829420647197
-0.33557469567721193 0.9430750890682812
0.1991406895439003 0.9809913280799071
-0.9328206313483287 -0.36310696734007397
-0.6740486066783828 0.7400401852838336
1.0003071713482181 -0.037236580795320294
-0.7254461185602067 0.6897310556049585
-0.11693273004174674 -0.9941467379843802
-0.7201303958693922 -0.6952792337938711
-0.8734457952666036 -0.4889718220215665
-0.16205949504072414 -0.9877943713481797
0.9976947136781785 0.08127889208532132
-0.8378627367939913 0.5477107213594442
0.9789623740230687 -0.20888674023766418
0.45805280744369353 0.8900497882663366
-0.06279312640168232 -0.9990285397708628
0.9993444759068542 -0.057546663451977585
0.46748778623110926 -0.8851305947286743
-0.9389861280143293 -0.3468516273518944
-0.6556443028711143 -0.7563937784729926
-0.7367219989605198 0.6776737387914746
0.6883957871567717 0.7267133136421876
-0.18897851563719975 -0.9829995527097459
0.07449101373156738 0.9982244681799999
-0.656726096341032 0.7554547202742661
-0.9688902707141788 -0.2515007819379603
0.1206736026069656 0.9936995932543478
0.5512075899839056 -0.8355663903868649
0.7545619625276934 0.6577516588396838
-0.3729819949730005 0.9289162671769511
-0.8557583198199982 -0.51930597729937
0.9565697123165193 0.29491589560193504
0.9833631802363352 0.18707713851639113
0.2144359670978993 0.9777618401301968
0.9996588779179567 0.05179891697527817
0.9294387179636556 0.3716781800833566
-0.7806742360436753 -0.6265370996019501
-0.8702481283933354 -0.49464047047112575
0.38738078584940566 -0.923004402348492
-0.9425436370468183 -0.33706452240269297
0.9319405901538975 -0.36535973563544916
0.03650229146109435 1.000334235502359
-0.5695664142684598 -0.8231616486069848
0.10619411793469269 0.9953510985155302
1.0005457760038607 -0.03015211635743495
0.861005980517117 0.5105582253903642
0.43549576134975343 0.9013015265971753
0.02358390698190182 1.000722138923422
-0.24643417520906724 0.970191319941086
0.9846647969344614 -0.18010063208666385
-0.8520072279233207 0.5254376114881943
0.7519607615406737 0.6607238554064551
-0.9651687805929224 0.26542461259041333
-0.9962673511362858 0.09722327427056063
-0.4321617897891132 -0.9029048606837103
0.8973770581174764 -0.44352611598915265
0.3618178996508454 -0.9333213848896054
-0.10135096745201018 -0.9958559039321611
-0.8433943527223069 0.5391539351577812
0.7941045398611948 -0.6094251223668419
0.10637259992510822 -0.9953320400676212
0.8663921730924834 -0.5013637426101776
0.11137741916389476 0.9947844341868193
-0.9738375255598137 0.23160629052670217
0.5257279240395571 0.851828122267079
0.9984626197155637 -0.0712277827166728
-0.8716642555383247 -0.49214065633395726
0.9014198307861083 -0.43525083419281785
-0.9823164751549195 0.19249764320431123
-0.8375880312522338 0.5481307233708097
0.023045739841974867 1.000734677062375
0.9584581870553346 0.2887194203142581
0.17522085593644887 -0.985544850143766
-0.4425934853978443 0.8978374054824115
0.9568962271337653 0.29385474387384886
0.5559794366728444 0.8323988623231934
-0.16179866208477683 -0.9878371287553309
-0.6336983925440106 0.7748724716281622
-0.7059904734479797 -0.7096326172046332
0.13250580488006458 0.9921911165058304
0.9571198643914001 0.2931255109801737
-0.06502427440247163 -0.998885801149677
-0.9328252999199376 0.3630949735665293
-0.5875916542227915 -0.8103931440280843
0.29800455357713 -0.9556119955543125
0.9938522713214933 0.11940964278109571
-0.1900059774443484 0.9828014695427646
-0.45619870332634765 -0.8910015393271546
-0.7510236975346566 -0.6617887923963147
-0.9528807205724049 -0.3066257203194382
0.7376439890935705 -0.6766700417146635
-0.34733848288991853 0.9388061452204761
-0.5245302705349975 -0.8525661237068257
0.7776854473322325 -0.6302430840617494
-0.7201099369529221 0.6953004233435058
0.08672924811360383 0.9972356980782672
0.894149568008106 -0.4499972778038968
0.9994895474733047 0.05496948691418535
0.8108324610394284 -0.5869852810120062
-0.9884032168666885 0.15830376144483116
-0.9258760900286207 -0.3804661166428797
-0.5674494380326695 -0.8246224198240112
-0.02853345428954551 1.0005932450233244
0.11834720477355935 0.9939793454203589
-0.14672572951141508 0.9901881438895049
0.22082161580096774 0.9763394973036018
-0.5988107981525432 0.8021387835131238
0.30235363515986646 -0.9542448738691837
-0.9697899494330431 -0.24800897963310872
-0.8818735389936977 -0.4736032740836271
0.32437869610865894 -0.9469844040483698
0.44093486974829293 -0.8986531258723001
0.3318249619116687 -0.9444009713317324
0.9405548036863115 0.3425750447166344
-0.42027581634727135 -0.9084983424275659
-0.20793397742181122 0.9791651857748751
0.7829823034474316 0.6236503126658033
-0.18007848194800277 0.9846688480597438
0.650606779214996 0.7607311081055443
-0.10893239341099849 -0.9950551410176982
-0.003430339804723195 1.000994122244893
0.951603074637992 0.31056817019701205
-0.8270192281597665 -0.563950526424104
-0.9935443152507192 0.121945453515002
0.8529274634964978 -0.5239424987662581
0.9580631062301543 0.2900277305373195
-0.8296691810045334 0.5600446857986129
-0.8381480527456274 -0.5472740096868414
0.7053746752922072 0.7102447236385592
0.911544756828976 -0.413626832177995
-0.9448152163964162 -0.3306436251703536
0.48933844281906225 0.8732404527845783
0.9331318302030732 0.36230648277647853
-0.06651150105702189 -0.9987878754906578
-0.9473026244816347 0.32344819933059915
0.746324466089553 0.6670837963225787
1.0002884182041634 -0.037736989898677034
-0.9415834606040354 0.3397375262124114
-0.6873694162383646 -0.7276841936033308
-0.07491936529737184 0.9981924106621122
0.8913531237444714 0.4555113706494857
-0.0919204790532681 0.9967705982474693
-0.823385228866598 0.569243150933149
-0.0444441381664888 -1.0000128592086395
0.9797107237144838 -0.2053482355386633
-0.9510815540609326 0.31216162083933596
-0.3414230447328831 0.9409735939575178
-0.9108595044045226 -0.4151336691186918
-0.7594684634830752 -0.6520802504099147
-0.7858852196722462 0.6199882430342573
0.45044299722486225 -0.8939251122163885
0.06393450237647127 -0.9989561448861871
0.6204552448848796 0.7855165746786277
0.4238695412244166 0.9068272228060881
-0.9636898963570288 -0.2707448682050672
0.6099825316150956 0.7936764524190189
0.9986052963709097 0.06919871429418069
0.7588949888762044 0.6527475743797027
-0.610731608910235 0.793100184010769
-0.08194622697318049 0.997640123433726
-0.6318208499277288 0.7764041560917885
-0.6174124372092858 0.787910453274539
-0.8284634390312698 0.5618267795223734
0.9864746341560223 -0.16990819923341552
0.010252590241516155 -1.0009474933248694
0.8511889966650367 -0.5267620828764806
0.5865569476478504 0.811142371699344
-0.04797735303933941 0.9998495754839017
0.8547369950992164 0.5209852869407754
-0.6934150690909239 -0.7219255792376588
0.4155667629458348 -0.9106619930219556
0.11068304968672765 0.9948619313814583
-0.2528624353765359 0.9685357963314765
0.4671011383031589 0.8853346974991397
0.9637492110062672 -0.2705336546250715
-1.0002812131571166 -0.03792749141357546
0.07621464812829387 0.9980943479504732
-0.10627242082510359 0.995342741256484
-0.5066723307131845 -0.8632984126532779
0.8857092893189038 0.4663904531765227
-0.7922176896518796 0.611875912422313
-0.9988223556404334 0.06599168033089842
0.2020232192463727 -0.9804017640158202
0.9733471370388717 0.23365862025235049
-0.2185390183996651 0.9768529558930099
-0.9620262406609962 -0.27659810606667423
-0.9953151641958146 0.10653038966350743
0.40076303926745216 0.9172731252779156
-0.6379545782981048 -0.7713721255195105
-0.30847115586924323 -0.952284907995865
-0.9752263191240846 0.22568701001096442
0.946227565356914 -0.3265798440790966
-0.8643305184175085 -0.5049096502663829
0.2252884323102268 -0.9753184722269954
-0.7911063404934974 0.6133121212164215
-0.7202505888634191 -0.6951547232392932
-0.7916716852088975 0.6125821927207028
-0.5511005680779872 0.8356369809098444
-0.09434453752539866 -0.9965440824364563
0.999856717100787 0.04782828941575081
-0.9685741004901327 -0.25271567394946115
0.6811866062127143 0.7334751580772211
0.9963263483069325 -0.09661680842054884
0.9482492022493871 0.32066251797396106
0.22297039960998197 0.9758510136787096
-0.9086521831421683 -0.41994310337350615
-0.18393145875596534 -0.9839564108637652
0.5197546012724552 -0.8554859171582611
0.13292750154185493 -0.9921347082598411
0.005361581639749396 -1.0009856409770923
0.9656791018066422 -0.26356189469253083
0.1325112142502169 -0.9921903940766273
0.31127304873715206 -0.9513727393245396
0.9864724448240921 0.1699209098456651
0.9893473709275648 0.15229175827573746
0.34771457266095696 0.9386669142774812
0.9788333968446398 -0.2094902890865923
0.24108332943325445 -0.9715347797528285
0.9651818818281662 0.265376967709407
0.25807107323990375 0.9671609592807209
-0.873963922509307 -0.4880451435596364
-0.7720878333437208 0.6370882023727946
-0.14438577683111914 0.9905320527115083
-0.35000460264238814 -0.9378154286047676
0.8577094274475277 -0.516077066015953
0.1704152982328996 0.9863871583349978
-0.979807803862705 0.20488452232841498
0.9882032427489311 0.15954733159942597
-0.3536283643148676 0.9364550069020888
0.8664183663795351 -0.5013184760211992
0.97916894035659 -0.20791629623709856
0.9782556678820097 0.21217174236151964
-0.5198597226818761 0.8554220412948937
0.16583656502558267 0.9871672774664463
0.05380069444266714 -0.999553142798064
-0.9291626118486838 0.3723678836077735
0.6488378224109713 0.762240434645781
-0.9672994541923475 -0.2575514820753059
-0.8245821460202025 0.5675079598249856
0.3136461812926479 -0.9505930112096025
-0.4903274165807571 -0.8726855244297574
0.8530615465493642 0.5237241619390948
0.7715956777476481 0.6376841773802667
-0.9991432455749821 -0.060940748452007074
0.027907729959261232 1.0006108927093094
0.010742665261557727 -1.0009423535564264
-0.6066000537770122 -0.7962646386457998
-0.6642415487846955 -0.748855236256053
0.061141030032833395 0.9991310096511489
-0.626293703402221 0.7808695134775918
0.9903529681496157 -0.1456090604229224
-0.6350505380122541 -0.7737647020705627
-0.6472062218162945 -0.7636262871603342
-0.9872430344921655 -0.16538497769356428
0.29810385342335 0.9555810235527649
0.9723859635363091 -0.23762688803576834
-0.9994339028401236 0.05597208102043896
0.19971658752479615 -0.9808742450831556
0.998349897034338 -0.07279067997708716
-0.18993304711542167 -0.9828155664281325
-0.46382809640097744 0.887053829814767
0.5962422050197184 -0.8040498945670126
0.36321239092919644 0.9327795876172981
0.11606542661173123 -0.9942483677358676
-0.8587548451941781 0.5143356062489969
0.1973703150636516 0.9813490504054482
0.6603763977610253 0.7522659192600527
0.5557103324059349 0.8325785407138988
0.278250913987017 0.9615494937159447
0.83396863273407 -0.5536220006607991
-0.18042172522175384 0.9846060131179405
-0.9640037280211351 0.26962531847241905
0.2902445844311444 -0.9579974327775583
0.022166060435467674 1.0007545482108844
0.8675891834462112 0.4992895039625171
-0.6740430683287643 -0.7400452297244708
-0.7030802078768785 -0.7125161200224212
-0.06161438093060983 -0.9991019307670953
0.14381667204670484 0.9906148418237082
-0.511076048994214 -0.860698711596842
0.6257624788066632 0.7812952835629691
-0.12187231209716749 -0.9935532897354277
0.6080862304995718 0.7951302637158403
-0.41849746929540066 0.9093189034620062
