1000
-0.7104687464822051 0.705149034085706
0.4643327645109631 0.8867897630225591
0.9463828306773433 0.3261296334268613
0.8130279743126081 -0.5839405046621933
1.0007853870526173 -0.020727012856243864
-0.9687165321979204 -0.2521691500688286
-0.7991404439719508 0.6028063957924744
0.6690484446574018 -0.7445637505959524
0.9998802074135238 -0.04733466829595954
0.09800753813288027 -0.9961905051089034
0.40715099568501695 0.9144556122156501
-0.05694516406928949 0.9993789312813842
0.8613383990278355 0.5099972179925742
0.14659472394722714 -0.990207547391372
-0.1896779907877291 -0.9828648227557695
-0.5881279908225178 0.8100039916019355
-0.7224676167352615 -0.6928503032898746
-1.0009527444126556 -0.009726430628615277
0.4172524542574122 -0.9098908667615948
-0.387456160347547 -0.9229727643916347
0.9965898298714538 -0.09386006071160748
-0.4283414345275773 0.9047235022186929
0.8254487252308238 -0.5662467677742699
0.9796176829340737 0.2057916307406028
-0.656512273889851 0.7556405456511562
0.4879654252213186 0.8740084346209582
0.033610645134318114 -1.0004355674073444
-0.13901820952120097 -0.9912996204082394
-0.5441631447847799 -0.8401710967760904
-0.9678813612355855 0.2553559683515344
0.9927028056210933 0.1286162497976438
0.9760217579534236 0.2222217991141023
0.9182746530743506 0.3984628734539531
0.9638671735671165 0.27011307210081137
-0.7855818813504202 0.6203725555615226
-0.14252481220919017 -0.9908015330553012
-0.1196149039122221 -0.9938275880463723
-0.32878570082549924 -0.945463358852518
0.9149704775940904 -0.4059926417205639
-0.6649028018112643 0.7482681766208761
-0.7295610615500315 0.685377018486899
0.9224245161606964 0.3887595812140264
-0.5717104341876842 -0.8216740104450972
-0.9281671477302339 -0.37484229467113517
-0.05085392085849112 0.9997073965582721
-0.6692132709446644 0.7444156083744773
-0.6641538551746603 -0.7489330121290129
0.8644586777162193 -0.504690196577193
0.27895070160099245 -0.9613467148101741
-0.8572898586577097 0.5167737398926576
-0.8575880772144665 0.5162786939431011
1.0002000116272434 -0.040011707547445804
0.6075310027480954 -0.7955545743064355
-0.9782018632608832 -0.21241966649285665
0.9577377002493009 -0.29110049385251835
0.9454518452631447 0.3288188076867176
0.8455157957226644 0.5358209021524539
0.9086535779659604 0.41994008530939075
0.7499039167568459 -0.663057399953233
0.8385120268126183 -0.5467161794666361
0.7551989987192849 0.6570201460635658
-0.9292699746288506 0.3720998713427555
0.7410195784533536 0.6729717559814928
0.10718841181743553 -0.9952445148666009
-1.00098012775249 0.00630744358745275
-0.14902886072638022 -0.9898441284720525
-0.3911468449506314 0.9214147522615246
0.1832079804532601 0.9840913757869428
-0.8544012507424932 0.5215357156798213
0.9933348359213342 -0.12364021896266647
0.9802361397346886 -0.2028253198149481
0.3296146014824511 -0.9451747005128548
0.6429394597896023 0.7672221653767926
0.9925632869166411 -0.1296885556447976
-0.713919487440494 -0.7016551613525709
0.9444223913289739 -0.3317639925556454
0.9963349572198813 -0.09652799087133826
-0.3471933084357934 0.9388598439476512
0.9973886707577494 -0.08495198316749096
-0.24358531028688826 0.9709104987651748
-0.8560142077238531 -0.5188840681451918
0.7611268192642883 -0.6501438033209481
0.3979730246141917 0.9184870558039628
-0.8686223748456927 0.497489869160598
-0.6398026308251276 0.7698399792094753
0.5804328549776591 0.815535836651268
0.9123477129337856 -0.4118527051076522
-0.5174087257422386 -0.8569067688644972
-0.934694465857702 -0.3582558520038229
-0.3281807002859804 0.9456735313837452
0.8633929359927108 0.5065112418080043
0.998684251698468 0.06804972747536152
-0.8349904291509442 -0.5520796891992332
-0.7738171810604341 -0.6349865906424192
-0.35913519922122844 0.9343569492866892
0.06926553793113756 0.9986006635563137
0.953651219486645 -0.3042208927270361
-0.8520437422801768 -0.5253783981486025
-0.832557129236142 0.555742410256833
0.5654483856599296 -0.825995837250152
-0.8171784869149176 -0.5781179123011548
0.26597608281877 0.9650169549642031
-0.6021199810190656 -0.7996577570796147
0.9529536729247214 0.30639891850214296
0.7575042886957115 -0.654360949788115
-0.6315803044422458 0.7765998448626166
0.6291048121784023 -0.7786065343252502
0.5947176188055127 -0.8051782124985132
0.8758352871850112 -0.484678810885672
-0.04453698642416354 1.0000087283820347
0.9795128345781202 0.20629010372951986
0.9816386418048808 -0.19592492673335105
-0.6827724732749778 -0.7319991459953828
0.991475574513664 -0.1377577044770994
-0.7745447011775491 -0.6340989716738084
0.9011170213503215 -0.4358774068849226
-1.0001820005736495 -0.04045943312124137
0.7139568933759041 0.7016170995643051
-0.28684621456312387 -0.9590204633848051
0.5319743740234815 -0.8479411921721488
0.9877206232335033 0.162508370366636
0.6607196539550958 -0.7519644532007205
0.6036251718856812 -0.7985221674230352
0.8946759297621879 0.44894986435476797
-0.955220129265531 -0.299258257439861
-0.9502614836498805 0.31464918987902707
0.8056064104587856 -0.5941374516285861
-0.931900820270147 0.3654611623412633
0.19043368895086338 -0.9827186830993729
-0.4748615435033432 -0.8811966378179291
-0.7553459022215817 0.6568512525656511
-0.5761126749242198 -0.8185934190986758
0.06696040361062533 0.998757880744028
0.9994921345154743 -0.0549224274927928
-0.9772732467368881 -0.21665179715926958
0.8870262360754059 -0.46388086456966326
0.03942687329109757 -1.0002232359141072
0.20893031766729003 0.9789530746463005
0.1713798478624933 0.9862200300879255
-0.9995322915522399 -0.054186697115879916
0.7513447655947623 -0.6614242535720561
-0.9355421104754705 -0.3560364581431267
-0.12323560244424482 -0.9933851147919441
-0.9423495195663019 0.33760684675101
-0.8144212371004145 -0.5819957461698757
0.9970619002777609 -0.08870494357419191
0.9983550163573433 -0.07272043257660789
0.950234966138569 0.314729263220999
-0.32881582965733963 0.9454528809870725
-0.1849992600903915 0.9837562064688627
0.9963079140883716 0.096806716321121
-0.9256853098972888 0.3809300553124686
-0.058878788480456655 -0.9992668753976955
0.7469610796722347 -0.666370876805769
0.043765024574533885 1.0000428103956303
-0.9156542542188773 -0.4044481261309932
-0.9848353021837817 -0.17916592190642577
0.9523705559125012 -0.3082066258712059
0.8150613823339771 0.581098909849112
0.1616456902825602 0.9878621719719177
-0.7098696688437321 -0.7057521188460506
-0.9392903191240227 0.3460270168641339
0.6234737273969446 0.7831229221812884
0.8155096602076203 -0.5804696323736942
-0.2609670007138149 0.9663835804371035
-0.9514583356430053 0.3110113109445414
0.7519860848595483 0.6606950341705378
0.9994478642901412 0.0557222268567539
0.9218522483628404 -0.39011463980268163
0.6321162526554263 0.7761636703227364
0.383332748552767 -0.924692924103446
-0.9590600103493017 0.28671396294704127
0.9996243785637976 0.05246047827594894
0.7423952514737587 0.6714538633362792
0.34458242774655745 -0.9398212332610327
0.9113256105498219 -0.4141094439348063
0.8293169417080385 -0.5605661514897468
-0.8840577059428562 -0.4695135488599391
0.6311563483556755 0.7769444406972285
0.27942401074017664 -0.9612092499668705
0.6678882614012329 0.7456046340269341
1.0000844990680766 0.04280180748232503
-0.9749510601627147 -0.22687315902856103
-0.44282743644840183 -0.8977220402376989
0.24363347634150442 -0.9708984134325042
-0.7538594470366589 -0.65855670531366
0.9383035621437169 0.3486938847591278
0.37172088480167004 0.9294216394092961
0.5288895082968889 0.8498687475213306
-1.0009443515732515 0.010554859241269423
0.47708751376401615 -0.8799934682771627
0.8220369603087123 0.5711884416603793
0.8148364889495726 -0.5814142209099576
-0.31814922747235813 0.9490953951309329
0.5400048329655103 -0.8428497970420894
-0.7320740731699916 0.6826921351475331
0.9864585301184511 0.17000167162867844
0.9584108553282442 0.28887650023666384
1.0009527389465855 0.009726993128856682
0.980200828155792 -0.20299590262539696
-0.7693329363305035 0.6404122368264721
-0.7812515202240249 0.6258171155758286
1.00051014370924 -0.0313121755059588
-0.8955945141386138 0.44711460079583654
-0.7398013681827555 0.6743107114935392
-0.9872039936515993 0.1656178580900416
-0.49472135773520126 -0.8702021478947516
0.8127711020658112 0.5842979853180453
-0.9828363321636728 -0.18982556250162563
0.8129196222419709 -0.5840913351300218
0.9914452177727364 0.1379760129717162
0.9990728907394753 -0.062083484031330786
-0.8682576192717081 0.49812619543307063
-0.9907549233805114 0.14284845745501357
0.7750358444528045 0.6334985712796267
-0.759833808782333 -0.6516544966708455
0.945653360466947 -0.3282388182978523
-0.8455884457498934 -0.5357062445167871
0.9233349384320716 -0.3865922806661335
0.11236354355287705 -0.9946735314062805
-0.6447644359301677 0.7656891158686093
0.5285096221468156 0.8501050401557622
-0.8289929402956613 0.5610451897485212
-0.9801868424577215 -0.2030634232764779
-0.06906580341247291 -0.9986144975910322
-0.7851338446785779 -0.620939486536518
-0.15521175674193785 0.9888934778676021
-0.3428251786379609 0.9404636605908014
-0.5216111420630534 -0.854355205096614
0.9721104442881408 -0.23875151121179006
-0.5541528289288102 0.833616004039148
0.9905546613805534 0.14423058904843036
0.8591171244654076 0.5137302467738193
0.06781763015359779 0.9987000395716172
0.9516040551522135 -0.3105651658152652
0.31005069610804686 -0.9517718034502365
-0.5032727673616094 -0.8652846477501998
0.9486852107002071 0.31937027256572226
0.29014200047434696 0.9580285066535046
0.8305481191657365 0.5587403885081673
0.9920438928236643 0.13360357297344225
-0.19698601230974824 0.9814262636358901
-0.8920471667065416 0.45415069346069664
-0.4111842903358365 -0.9126491545939297
-0.6845318757699147 0.7303540997727896
0.9177862743244221 0.3995864795781969
-0.1074086051696356 0.9952207752732622
-0.9719997837528621 0.23920163123270988
-0.8284349173827424 -0.5618688349259539
-0.14807925096709873 0.9899866339668546
-0.9291899110504614 0.37229975718772035
0.7956083782648431 -0.6074605406401196
-0.7540575793205133 0.6583298315201035
0.5148100672042861 -0.8584704972828817
0.22854540257283032 0.9745604131929549
-0.6515662891709476 0.7599094490898248
-0.5135895368559835 0.8592012497849711
-0.9857904525564364 0.17383378166678745
0.8698779400149029 0.49529119664640603
0.7654786274272717 -0.6450143184085607
0.9994208940871043 -0.05620388298092026
-0.2201967690165939 0.9764806106188963
-0.9192294794801841 -0.3962551754294068
0.7290112285263476 0.6859618274237317
0.6789884124677633 0.735510527276467
-0.955793639587776 0.2974214493333536
-0.9052207288395134 -0.4272896348839508
-0.9601040534307921 0.2831981754633364
0.07883974205625496 0.9978904223773787
0.7711849422603755 -0.63818084022545
1.0002838246388408 -0.03785855472535688
-0.5676227023529483 -0.8245031641986199
0.7509252104302891 0.6619005426347874
-0.806482062858388 0.5929482964708467
0.5341421990429472 -0.8465772919241128
0.42875664552863463 -0.9045268038676536
-0.9558327773615137 0.29729564699365335
0.6556425475842851 -0.7563952999570981
0.37878251583441525 -0.9265661367102463
-0.9426830597901831 -0.3366743957960243
0.7620907836855493 -0.649013588009947
-0.37083139197928694 0.9297768972838077
0.8909161825947151 -0.45636537510076336
0.9977405624469826 -0.08071412545508294
-0.99653146702421 -0.09447769700080505
-0.2135274440659898 -0.9779606488149948
-0.8556248800947523 -0.51952580740791
-0.18226584606751964 0.9842663061170444
-0.5750516807966819 -0.8193391022116002
0.9841576203731642 0.1828517931589151
0.9592522766461563 0.2860700434319642
0.9830975400290982 -0.1884681054946317
-0.9126583145484412 0.4111639586413169
0.7510314008776632 -0.6617800502400588
0.5503998412892689 -0.8360986871827677
0.6838935224376888 0.7309518793790536
-0.04355051654965382 1.0000521748930193
-0.7144270892506953 0.7011383131342765
-0.9119329456233646 -0.41277027834704083
-0.49030692631726525 -0.8726970367804143
0.9111830875616367 -0.41442294934238716
0.31577026734248237 -0.949889540032133
-0.5798365840856309 0.8159598861193528
0.9911978628182381 0.1397418933053267
-0.8962071068024657 0.4458854356409882
0.9881848605347672 -0.15966114558615285
-0.7629572536270214 0.6479947755483165
0.996739553016976 -0.09225650899269239
0.5845391621021452 0.8125976667262356
-0.13015367092662375 0.9925024039992669
0.3844174412421392 0.9242425173453375
0.6884844675031289 -0.7266292988910735
-0.9767254704611275 0.21910809056830663
-0.7850891570341844 0.6209959867079284
0.27884915460946463 0.9613761745402197
0.5540803605085841 0.8336641734527623
0.37424467388723276 0.9284082744498989
-0.9903209975499271 -0.1458263412820784
0.3553774852531603 -0.9357926281902096
0.24814538858577825 -0.9697550547038222
0.9513334116171442 -0.31139322398036395
0.8173953496886295 -0.5778112514544893
-0.9836326860703992 0.18565489192028142
0.7323145125172872 0.6824342127682111
0.2731103707903932 -0.9630221832163234
0.3191071979051322 -0.9487737329021787
1.0004946032655502 0.031804855549262954
-0.34065777945541836 -0.9412509109140366
-0.48797620146951104 0.8740024180741076
0.985651641042979 -0.1746191355759232
-0.6444726424082882 -0.7659347316757994
-1.0008658677674935 -0.016386419316683686
-0.8555707521057481 -0.5196149421843108
-0.9239852710837462 -0.3850353474946113
0.9911393290652702 0.14015644965553983
-0.38331517730039427 0.9247002080951249
0.5311966746468666 -0.8484286020898347
0.2644110366354656 0.9654469450494721
-0.5803436586577468 0.8155993120740973
0.1047500284429565 0.9955041092537991
-0.9315575274667904 0.3663353286538986
-0.7911873665763937 0.6132075920680625
0.763560936559176 0.647283319853736
-0.8643932099744415 -0.5048023163081575
0.9286666200940402 -0.373603143352825
-0.9324849567556358 0.36396813792479144
0.4879576937832681 0.8740127510956087
-0.9442614699874503 -0.3322217276114545
0.8005776323090219 0.6008963759638435
-0.09151606246644553 -0.9968078101171949
0.13754707492586646 0.9915048170227606
0.26195938408186475 0.9661150454741143
0.8515077914424998 0.5262465972457365
0.9012304966759987 0.4356427341998631
-0.7728263641652179 -0.6361921178788448
-0.8472440147576584 0.5330840266386948
0.7437058840010957 0.6700019090287346
0.5817188072667216 -0.8146190700396
0.25864061144501577 -0.9670088076699965
0.9188884344654138 -0.3970453941373718
-0.9835005700337629 0.18635350477858859
-0.5928218298872416 0.8065750293736734
-0.9801577123410072 -0.20320398356932698
-0.7864659064308801 0.619251465902063
-0.4589823697350194 0.8895707865439523
0.6567170377116351 0.7554625949570599
-0.8938469641773159 0.4505980521828698
-0.686912879915576 0.7281151663068758
-0.9025028241009506 0.4330007534517794
-0.5425614718020371 -0.8412063060367576
0.9052653273095317 0.42719513945171056
-0.9217809640535938 0.39028304383924645
1.000485598952286 0.03208685539415795
-1.000921895459788 -0.012504366804644137
-0.9790359597516596 0.20854157742077886
0.7255932200975205 0.6895763039348954
-0.12734961224152327 -0.9928660918079203
0.7059914493577666 0.7096316463023052
-0.09376802009914993 0.996598494082088
-0.6698688515047261 -0.7438257334777677
0.16798806019205392 -0.9868034311011038
-0.13235000703302244 -0.992211910651328
0.43996737908389705 -0.8991271908590278
0.5795540558005565 -0.8161605824867587
0.6027754352245349 0.7991637971591758
0.6304448133283838 0.7775219208146734
0.9164174160112502 0.40271592919980626
-0.7747302634826612 0.6338722417365241
0.5236973849001263 0.8530779853265287
0.8196365265356841 0.5746276745585083
0.9997959128647683 0.049082915753902404
-0.8906372198919137 0.4569095561959752
-0.5130552867826871 0.8595203736412155
-0.37962806349042755 0.9262200242979569
-0.9425456499949748 0.3370588934823563
-0.43523296678328355 -0.9014284578517706
-0.22673734306071724 0.97498265485175
-1.0009525352070487 -0.009747936324266111
-0.9131886871022066 0.40998466038200526
-0.9054733729923374 -0.42675399330513497
0.9576878450713084 -0.2912644698597368
-0.48334044165379864 0.8765745932103616
0.7926083336971034 -0.6113697975480153
-0.0876036073564287 -0.9971592691130844
0.1345475116026694 0.9919163105431473
-0.3923678913053942 0.920895454366324
-1.0002519306332978 0.038692056863916253
0.6680154268307299 0.7454907038428835
0.8335509706519818 -0.5542506466619042
-0.937366984095507 0.35120383985328746
-0.1446765667265118 -0.9904896218740655
0.09784463992036695 0.9962065179664574
0.7206401259527478 0.6947508969888471
0.9975745158180646 0.08274107438481916
-0.8799978906596485 -0.4770793565378503
0.7209492760138585 0.6944300838926071
0.5081212404285602 -0.8624464070452965
0.9094365755691357 0.41824169449862814
-0.9990308604131033 0.0627561944532533
0.7208480767801461 0.694535132446419
0.36214725960821936 0.9331936360468052
0.9813067069411797 -0.19758073517490954
-0.9572327952031734 0.29275651280120063
-0.9370712279611899 -0.351992206912749
0.7699962113643156 -0.6396145983985984
0.8165986311438389 -0.578936676687536
-0.5843687350448219 -0.8127202356912954
-1.0009761232471033 0.006913804249449044
-0.4114996669371168 -0.9125069994858351
0.42719032832699844 -0.905267597665945
0.6553861855191517 0.75661743822797
-0.9717410754142588 -0.24025045754949104
0.9984869454284925 -0.07088596341222123
0.9393455754609012 -0.3458769866036598
0.12871717730258625 -0.9926897240665155
0.44224573397589223 0.8980087476077971
-0.8352984312344315 -0.5516135701533253
0.050356962047333996 -0.9997325524225783
0.7274766328652328 0.6875890841447843
0.09816276624242974 -0.9961752211953648
-0.9807233693761636 -0.20045616168994426
-0.9434996604663844 -0.33437911223612216
0.9973334517937291 -0.08559781500251826
0.9944992974170074 -0.1138953354491692
0.11589352512304905 0.9942684199121247
0.6885209818213612 0.7265946996722098
-0.6458009828623106 0.7648150694998587
0.9558041331211042 0.2973877252151043
-0.8793024022803638 -0.4783599955514478
1.0006848676564968 0.025115645388868322
0.6239376751586303 -0.7827533312082701
-0.4726111036652236 -0.8824056576724445
0.22748034259654565 -0.9748095679321979
0.2541073811178992 0.9682099146679932
-0.8393030273444531 -0.5455010800084967
-0.4847987930679462 0.8757688794652746
0.08360706254301946 0.997502310319594
0.9669550612221376 0.2588414757663309
-0.5576825674981674 -0.8312587767408246
0.9831384012482125 -0.18825483789562694
-0.10536032287903205 0.9954397030271729
-0.9791214736472588 0.20813971231559955
0.9294147370843345 0.37173814236698577
-0.8725902165952039 0.49049700702688825
-0.38625729440420586 0.9234751228482242
-0.9971884951092054 -0.08727029976938523
0.10659506026613737 -0.9953082402586941
-0.9846577166590772 -0.18013933780197078
-0.4159561811971313 0.9104841873003063
0.9536604848551499 0.30419184674451843
-0.8611880301089022 -0.5102510919117652
-0.3635715975355892 0.9326396375157017
-0.8434844236511043 -0.5390130119560792
-0.958815240589649 -0.287531449432951
0.801587680673639 -0.5995483218158951
0.4023861867185103 -0.9165622492434086
0.9721313593030777 -0.23866633667015213
-0.8751782031443096 0.48586429457318375
-0.15590570888863586 0.9887843091068608
0.9734722510940258 -0.23313681894958177
-0.7674366318452354 0.6426834493761612
-0.8907983701560382 -0.45659529534079296
-0.5526371097051351 -0.8346216058650496
0.9790199569469594 -0.20861669132543936
-0.4051326760507326 -0.9153515798839111
0.9970886271073972 0.08840401401003119
0.06737124359607098 -0.9987302516377077
0.10020188285799152 -0.9959721796675414
0.9964543991718959 -0.09528709446182057
1.0008968910103289 -0.01436710011998517
-0.734300644691579 0.6802966729343394
0.3092070377957956 -0.9520462214501717
0.9980891992048292 0.07628204527058083
-0.08102397427815303 -0.9977154482076406
0.9927494952208619 0.12825536923935812
0.3351731446486615 -0.9432178767953497
-0.28983943902340764 0.9581200862034969
-0.16258358267327044 -0.9877082457108091
-0.2749886228614667 -0.9624875361773544
0.8125933854531407 0.5845451136719931
0.7469792140146966 -0.6663505487579239
-0.8973656418223666 0.4435492135904789
-0.6286042910565611 -0.7790106836656852
-0.11576890408974866 0.9942829380241113
-0.8912596164236414 0.45569430118488813
-0.9791873958879417 -0.207829362059819
-0.989573632430162 0.15081454173578362
0.24818320537112085 -0.9697453771850197
-0.9657824257642774 0.2631830277295024
0.9109090371789593 -0.415024970315885
0.6581308652357334 0.7542312405516394
0.5309620596182805 -0.8485754481753014
-0.7069286477780434 -0.7086980223979089
0.8598126979126868 0.5125652392701898
0.8360384435458181 -0.5504913449941659
0.13264743002797308 -0.9921721923673199
0.5190945389544226 -0.8558865927374347
-0.999004097756715 -0.06318079348418888
-0.9930283389063385 0.12607822226268176
-0.8859326292998274 -0.46596606780096617
0.8162784902183592 -0.5793879757182022
0.9504325011547459 -0.3141322344948604
0.4465401893177942 0.8958810519952013
0.8280843275543464 0.5623854074021355
0.7253868863445271 0.689793349576083
-0.9865983013268327 0.16918862792459854
0.8567276479477811 0.5177052609756472
-0.32887222716551495 -0.9454332648046576
-0.5528195131691271 0.8345008003947325
0.8613027806905226 -0.5100573692975855
0.7422032244462077 -0.6716661176668451
-1.0009482461061883 0.01017883180653601
0.934255407913422 -0.35939926653309345
0.4792078614180124 -0.8788406144205985
-0.5692820672187893 0.8233583229330361
-0.690495427189522 0.724718610931415
-0.062153141899233426 0.9990685596854971
0.43782542662813634 -0.9001721478683343
-0.676404560743813 0.7378874373540786
-0.7722382274752532 0.6369058957380432
0.9956043893440749 -0.10379258123205044
0.8363889187119845 -0.5499587045004356
0.9659387196649715 0.2626088152594951
-0.14805110541808805 0.989990843485172
0.7876189611424314 0.6177842439306114
-0.9583660439993004 -0.2890251298920757
-0.9899590646314625 -0.14826344915048947
0.9990292958380019 0.0627810963381966
-0.31632021198747395 -0.9497065459857585
0.43641054730178547 0.9008589424564514
-0.4029732191892063 -0.9163043078673634
0.738884930273073 0.6753147857224481
-0.4804525274640467 0.8781607875858551
0.7323125931414485 -0.6824362724287502
0.8424716084325289 -0.5405946623720103
-0.825297362858303 -0.5664673537452363
-0.6040574085955246 0.7981952437348017
-0.5851645757129138 0.812147412315477
-0.9455098133925641 0.328652084701069
0.9987713719758269 -0.06675886848595193
-0.25505114967540404 0.9679617301573729
0.98379474256233 -0.1847942220598869
0.7398597737276683 0.6742466278889673
-0.5691680739288726 0.8234371279096525
0.26849580830382985 0.9643189311235537
-0.6519059466013853 -0.7596180861365478
0.21902042140536404 0.9767451330861171
0.9555579808710076 0.2981777074057066
-0.6579256185185122 -0.7544102865795463
-0.9401231642489307 0.34375781597307437
0.12194919698058239 -0.993543855778793
-0.4090671018380499 0.9136000800097483
0.44905332715024804 0.8946240044707566
0.2928662383798936 0.9571992302635912
-0.45462226324436794 0.8918069285235278
0.2101312683813109 0.9786959947033919
0.7886470955548416 -0.6164712147966949
-0.21589473869113715 0.977440771507658
0.6574872257016354 0.7547923873749434
0.5821864062412286 0.8142849552754386
-0.39977504237561745 -0.9177041546672725
0.9146958152587648 -0.40661107405984875
-0.11199630003572425 0.994714948504499
0.9841672776970221 -0.18279980719473585
0.9810719351099894 0.19874319646101327
-0.9121656357568615 -0.41225581007947076
-0.9781461533597885 0.21267605099646053
0.48398534758446665 -0.8762186846464431
0.8129449573156543 -0.5840560729716361
-0.9120620306414418 0.41248497216530167
0.9933762227411981 0.12330725887971795
-0.9177458696178064 0.3996792699145858
-0.9027350686142479 0.43251635332554667
-0.34939555781641984 -0.938042506594532
-0.9701407106912119 0.24663333403972448
1.0009136020046479 -0.013151476041931238
-0.8736121367567125 0.48867456912690993
0.6774063314845801 -0.7369678840116461
0.2886803094768473 -0.9584699676674024
0.9998330404086896 0.04832071302366736
0.8381796408413178 -0.5472256295890385
-0.7575907822280229 -0.654260809374314
-0.9492710749908466 -0.3176246624330715
-0.9824056921346737 0.19204180810800758
-0.5892459867488554 0.8091910572296062
-0.6318478642946302 -0.7763821716051409
0.7815692889463862 0.6254202159954859
-0.7633893458229678 0.6474856806787169
0.6710516251786606 0.7427588547739289
0.2552703948938 -0.967903934019675
0.7773360049320366 0.6306740326319935
0.36844136234651886 -0.930726577740338
0.5941404026843847 -0.8056042340368111
-0.7644455025589344 0.6462384030815704
-0.2776429201066997 -0.9617252252668768
0.7888908883273233 0.6161592053309978
-0.9944081630816687 -0.11468829581322323
-0.7056681170126903 0.709953173548625
-1.0006594013787282 0.02611058085078883
0.27046434167380234 0.9637686651281814
-0.43359675934023295 -0.9022166315745062
0.5561588203504386 0.8322790196481036
0.5105547285826344 0.8610080540400958
-0.9698288896232646 -0.24785666190785635
0.9021304096707228 -0.43377612191928416
-0.0178314899502472 1.000841165203627
-1.000636201791554 0.02698502666614248
-0.05510542007064462 0.9994820622096415
-0.991021279759075 0.1409887338218389
-0.8510511768303947 -0.5269847193378573
-0.23691065865365635 -0.9725607126633744
-0.33522896298055105 -0.9431980398511144
-0.785486791718235 -0.6204929492235943
0.14409531427374395 -0.9905743487514458
-0.1772727198676797 -0.9851778432296958
-0.9906806382787632 -0.14336273204561378
0.5617181496167797 -0.828537096569068
-0.9980175965492433 0.07721319173607466
0.692225182120126 0.72306659253402
-0.2476742736016602 -0.9698754838616603
-0.04644527796390289 -0.9999219150287966
-0.41664457393039955 -0.9101693792994553
-0.21283119834924139 -0.9781124071441002
0.5138597201887617 -0.8590396894017921
-0.8093353414118174 -0.5890477952949293
0.29752873658863993 0.9557602476060446
0.945619137674353 -0.3283373972973731
-0.9035110367547274 -0.4308930336665905
-0.014536900734540989 -1.000894439247733
0.9906363743519493 0.14366827698147105
-0.8864323704702392 -0.46501467996452833
0.9582843363161198 0.28929592249316965
-0.9688410792572282 -0.25169021264977587
0.7424485784244439 0.6713948975048308
0.831551580320414 0.5572458786448061
0.9273448064259137 -0.3768721401150326
-1.0002829361540113 -0.03788202263752714
-0.5729056585843904 -0.8208410969012125
0.40415178397371254 -0.9157850924266377
-0.7510966039075164 0.661706046215837
-0.21065417366138378 0.9785835779937447
-0.044677383070723 -1.000002465717936
-0.2136873717148196 -0.9779257165907912
-0.004613751474922538 -1.0009893672249108
-0.9407364069079717 0.34207603353330546
0.5150154483579107 0.8583473003118844
-0.7123186000521593 0.7032803225028637
-0.6458198965763187 -0.7647990985782822
-0.9961502893935998 0.09841545072318292
-0.7243198174138853 0.6909137443281295
1.0009992888331423 0.001193212279272121
-0.32543198791120914 -0.9466229562207746
-0.6963484741914676 0.7190965182026783
0.9977586504292036 -0.08049021986362186
-0.7075341647724298 0.7080935006620102
0.9360181879518835 -0.35478296439270085
0.2251464895200902 0.9753512486570056
-0.9948076883063747 -0.11116952499011096
-0.6011418123839072 0.8003933541726789
0.7601147272424981 -0.6513268007913253
0.5924776678118461 -0.8068278708276231
0.6789304668870709 -0.7355640156590749
-0.885797116765198 0.4662236243804707
0.9778314820081331 0.21411817483291362
-0.632213539680248 0.7760844285546332
1.0008936038766072 -0.01459430433070617
0.8317616827837208 -0.5569322248288323
0.8479072974749875 -0.5320283966938824
-0.7438991778752148 -0.6697872894856841
0.25263101158718637 0.9685961862326502
0.08342507226720952 -0.997517547373083
-0.33592907195259797 0.9429489162287988
-0.8911744257372399 -0.4558608810941125
-0.620092835286614 -0.785802695099863
0.26253227477481167 -0.9659595253951186
1.0009166378398482 0.012918362720332116
-0.3762363608129136 -0.9276029327262042
-0.5395277641911684 -0.8431552595263099
0.8318252188704355 -0.5568373238668114
0.09747582647138603 -0.9962426728732916
0.8921470470294912 -0.4539544541873765
-0.18932817749297606 -0.9829322668460875
0.971563580655339 -0.2409672358312982
-0.9806909148003261 -0.20061487888015567
0.0031555111328851497 1.0009950263360403
0.288090777145951 0.9586473304210689
-0.8204599167757107 0.5734514146502683
-0.2862832469430973 -0.9591886688862195
-0.8779613368415744 0.4808168996732079
0.6640688484380035 0.7490083874925727
0.9677723502268583 0.2557687982072544
0.9685155196465287 0.25294008817072566
0.9255424734081844 0.38127697270810923
0.9718339677523194 -0.23987442365284342
0.9176036874656113 0.40000559089781823
0.8390300667412717 -0.5459208249408859
-0.6907785795185977 0.7244487242574649
0.917469080498099 -0.40031423448332787
-0.976789795351525 0.21882115002240038
0.4143796845487507 0.911202763951733
-0.9087592726121657 0.41971131083330065
-0.7861409214302877 -0.6196639828590478
-0.7657179869149132 -0.6447301486009265
0.4261688740629063 -0.9057489115532819
0.4563651718951556 0.8909162866852895
0.8624388097808317 -0.5081341352279164
0.881733191882702 -0.47386451474270797
0.9437629468275294 -0.3336352802019266
-0.8756281576102423 -0.48505291422698693
-0.9039996300675641 -0.4298670362306317
1.0003314971691768 -0.036577257569059815
-0.8661122035720794 -0.501847238533318
0.5683895091406498 -0.8239747362018154
0.03471439293931415 1.000397876308649
0.8386490532573235 -0.5465059610567803
0.7007724155478502 -0.714785997069914
-0.9697769456764924 -0.24805982269277999
0.8956305528321524 0.447042406079751
-0.9530565790853712 0.30607867789522625
-0.9464987547906614 0.3257930434796412
-0.8030653129494298 0.5975676556988625
0.7743159894148507 0.6343782377544969
0.9501934664201158 0.31485453208191894
-0.9795355767835141 -0.2061820889781369
-0.7249789081342077 -0.6902221256671883
-0.7483293782929573 -0.6648339203016614
0.1435546856416447 0.9906528414284838
0.551039744932276 0.8356770904511934
0.9642584118566542 0.26871307218608276
0.9876940791349864 -0.16266962236905563
-0.9587537529899625 0.2877364091102515
-0.8411424408305415 -0.5426604778622071
-0.8187152985512254 0.5759394585528743
-0.8934138250243844 0.4514562406870667
0.8776805397277668 -0.4813292741805508
-0.2506493378204438 -0.969110886044612
-0.36988895954290796 -0.9301522228153115
0.33791776463280704 -0.9422380720102361
-0.9972220560050978 0.08688596559264025
0.10764881659558101 0.995194821271479
-0.5397119891768021 0.8430373471791267
0.9801348560519084 -0.2033142000749203
0.6622283921486551 -0.7506361013381965
0.6305509358714322 -0.7774358605516348
-0.4478574033339928 -0.8952232940886499
0.6729766169942126 -0.7410151637983023
-0.8207700481915102 0.5730074414802185
0.760697267379063 -0.6506463458761805
0.9890341126494081 -0.15431307143530645
-0.4928369173856603 0.8712707804476171
-0.4822681761435475 0.8771649823603175
-0.11548195924200176 -0.9943163063581069
-0.22478164531413772 0.9754353960821133
0.41825527982330996 0.9094303276776757
0.644213346780891 0.766152833205858
0.4322532374181096 -0.9028610849635526
0.4672636763396573 -0.8852489236217957
0.35223735501858017 0.936979106346302
0.3984531293914348 0.9182788812110254
-0.26161074752369157 0.9662095097752326
-0.02608969054255162 -1.0006599462591643
-0.7187457556765148 0.6967105128365696
-0.9080178368610567 0.42131295724457285
0.15489687947519257 0.9889428480599107
0.7624058474009692 0.648643448936941
-0.985527066054582 0.1753208546461251
-0.6755404170342546 0.7386786479607931
0.057606622094287664 0.9993410214190579
-0.6966308602653578 -0.7188229577065186
0.663782956345884 -0.7492617612455064
-0.8402612487511792 -0.5440239276420741
0.16821285370410002 0.9867651371267243
-0.6247127608899614 -0.7821348773589131
0.7597494940081967 0.6517527954326618
-0.8540585673011253 -0.5220966994911472
0.5391619873969784 0.8433892051396795
0.6637221923160216 0.7493155886722324
-0.9921740270738546 -0.13263370612348155
-0.5034999695080992 0.8651524609601149
0.7592401006908284 0.65234612706981
0.7399786118485794 0.6741162021540869
0.9410270797733371 0.34127559996762963
0.7878901635431381 -0.6174383290596455
-0.23950837095159294 -0.9719242461447878
0.9490405621684934 0.3183127571413218
-1.000716337311676 0.02382881108036267
0.6975055139277178 0.7179742739405294
0.6287606399135595 0.7788844957344389
-0.9051718705495683 -0.4273931267180085
0.9906217806660215 0.1437688689184171
-0.2984921446245246 -0.9554598053280168
-0.9887774492001132 -0.1559492095309157
-0.300547478487165 -0.9548152769907942
0.9473918115233858 0.3231868738956414
0.9338450572412514 0.3604641578105705
0.0015554407127144096 -1.0009987915098546
0.6764745760775511 0.7378232497832374
-0.4641664708781017 -0.8868768163124845
0.357590263108696 -0.9349493054331093
0.5997896487652175 -0.8014071232738682
-0.33220261134168644 -0.9442681954920247
0.6179640419640632 0.7874778999054116
-0.15182869269651703 -0.9894185403933295
0.9119043939383645 0.41283335174850405
-0.42897746106108114 -0.9044221016215761
0.20289321652479117 0.980222088451502
-0.9977804071682337 0.0802200665120256
-0.9982187812177509 -0.07456718329230431
0.993343568983461 -0.12357003665614073
0.8811193130583832 0.47500500645311394
0.6398368580991056 0.7698115321413839
-0.9807483114942495 0.20033409470476735
0.4980062718659398 -0.8683264093543325
0.27466647132259736 -0.9625795185496068
0.6467361198249525 0.7640244703631978
-0.81652939427324 -0.5790343239288805
0.9687975551870717 -0.251857692087323
0.994569360437685 -0.11328189298636464
-0.5343780038338012 -0.8464284665691496
0.7711458953228484 0.6382280220475457
0.7610176370712678 0.650271601768418
0.017832817818737974 1.0008411415447727
-0.9988727126218782 0.06522502571414551
-0.5715343775428208 -0.8217964804540966
-0.7932162075248953 0.6105809103794699
0.8550049023556756 0.5205454994020807
0.35455014040491234 0.9361064031074976
-0.15519936217835273 0.9888954231765017
0.7150000042910495 0.7005540620564548
-0.9791489335501834 0.20801049475336228
0.6551934165301888 0.7567843728140126
0.08860580821126168 -0.9970707150203686
-0.4172802908662485 0.9098781010962838
0.32271864822074586 -0.9475514097348884
-0.9399271308736589 -0.344293462975427
0.7492858563151167 -0.6637557574335022
0.8574886172025432 0.5164438704913344
0.430587974472375 0.9036564591921963
-0.9057948804098438 0.42607116145465257
-0.006353205527706651 1.0009798383481672
-0.09933578528896726 0.9960589348833854
-0.22430762131839949 0.9755445100140134
-0.9995495610537253 0.0538671977858987
0.38102068294560476 0.9256480104055023
0.8820054473008039 0.47335757195983347
0.8373887794148895 0.5484350755650494
-0.9045300344301076 0.4287498301036029
0.7203788728758178 0.6950217834817598
0.8348083605577465 -0.5523549593720396
0.9077589952490585 -0.42187036699016905
0.2371286110568286 0.9725075947355164
0.04813916763661963 -0.9998417977556517
-0.9818106218500913 -0.19506127965933465
-0.250781026454798 -0.9690768167541095
-0.3572827703342301 0.9350668543063099
-0.9736069947345016 0.23257347184073246
0.5218324760983075 -0.8542200342353892
0.3065482673620654 -0.9529056405422919
-0.9553136989131445 0.2989594231143849
-0.9030344766725314 0.4318908819838262
0.8073386523254883 0.5917814634316155
0.5037995552943347 0.8649780390768488
0.7371270108548197 0.6772331724511422
0.4506601958440592 -0.893815634167245
0.9772496129974068 0.2167583767618192
0.9443653148828156 0.3319264256522529
0.7689106882420131 -0.6409191474025361
0.827528367154389 0.5632031618828065
0.9387941681164165 0.34737085357094316
1.0009991863044703 -0.0012763298117983316
0.4195394781267795 -0.908838613997617
-0.23584446672119386 -0.972819812461175
-0.983982507656645 -0.18379179694899492
0.970159503189194 0.24655940130462756
-0.3328782773381059 -0.9440302179890299
-0.9554328683139461 -0.29857835511869507
0.885382355369719 0.46701079730555334
0.6151649770013214 -0.7896664175909748
-0.9839046910602078 0.18420792303730293
-0.979484437116839 -0.20642489541213052
0.05210453812619711 0.999642994826981
0.2672054760644545 -0.9646772691222533
-0.2568407182999106 -0.9674884213380468
-1.0009998080242855 0.0006199478554307615
-0.9383563653771394 -0.3485517630943854
0.24663171807324086 0.9701411215077121
-0.9651217056400685 -0.26559573283922505
-0.6498094253141429 -0.7614123132527497
-0.9965691732400006 0.09407913130839167
-0.9946784563802329 0.11231993773608111
-0.7130422289680209 -0.702546638813621
-0.046398085314823694 0.9999241059596065
0.31555331012093224 0.9499616352630893
0.9996642832876523 -0.05169449408771171
-0.15176660435379502 -0.9894280660072862
-0.22671983541415264 -0.9749867261813258
0.3170785167621326 -0.9494536398413174
0.18477207396729387 -0.9837989025618116
0.8183226255402714 0.5764972511026197
-0.7634636810282039 0.647398028843821
-0.5060195498932408 0.8636811999377095
0.41718455762416606 0.9099219993383658
-0.7549270159543703 0.6573326407400062
0.9954807771263817 -0.10497153124469126
-0.7291223265306392 0.6858437380005359
0.8976462120449027 -0.44298112601039524
0.8371836496630869 -0.5487481541989856
0.8165505115449254 0.5790045441062794
-0.9810543107920524 -0.19883017697605926
-0.8128061727470577 -0.584249198154589
0.7730906606385125 -0.6358709227771845
-0.9822282986757025 -0.192947063415422
1.000346747627406 0.036157772487680304
0.26469303246365566 -0.9653696693832855
-0.8679238218815899 -0.49870756903264873
0.5279058274726659 -0.8504801216491775
-0.028773588178533687 -1.0005863683977172
-0.4482481688661559 -0.8950276973972024
0.09799286539237634 -0.9961919485381278
-0.4583142646964376 0.8899151840348404
0.9891945583536096 0.15328119820645691
-0.9813703822667059 0.19726422080473555
0.9897678348437089 -0.14953472208419177
-0.3809318712559135 0.9256845626137815
1.0009310635839954 0.01174759348170643
0.29801094025487407 -0.9556100038658061
0.23324368218261138 -0.9734466522218344
-0.9691247049122497 0.2505959024580111
0.9895872038176559 0.1507254657990926
0.7643842979913658 -0.64631079596758
0.9263819221560158 -0.3792328233454029
0.32846946189110343 -0.9455732719387583
-0.8612641374607126 -0.5101226181263233
0.6489425138326202 -0.7621513063300485
-0.6389879343944241 -0.7705163331807751
0.8593807766045685 0.5132890811253721
0.8880853859512154 -0.46184991854484597
0.3820300408476537 -0.9252318887121974
0.3867567168132508 0.923266073242072
0.20205332422548117 -0.9803955600518764
-0.030872270995619434 1.0005238142511017
0.42944530024757377 -0.9042000520323316
0.9658850230810149 0.2628062445753285
-0.5861137174956522 0.8114626979494663
-0.6914506819990224 -0.7238072632704695
-0.13881454924739942 0.9913281600546013
0.9599095411388074 -0.2838567822523961
0.5261967875131189 -0.8515385727087608
-0.3482281437914085 0.9384765100265378
0.07835741271950175 -0.997928412197942
-0.4579708419670589 -0.8900919659832814
-0.3664033245170501 -0.9315307852040389
0.9921593774193085 -0.13274324765851603
0.9560184047196525 -0.29669817969999535
0.9933743091240812 -0.12332267420168233
0.8758089013628594 -0.4847264881286985
-0.7908578307698598 -0.6136325378514341
0.9006818204817959 -0.43677598177280524
-0.6197283556270766 0.7860901762722643
-0.7540654764512461 0.6583207859579974
0.7907576138002474 0.6137616770513933
0.636860791676571 0.7722754249780912
-0.22578101823585955 0.9752045589538527
0.9455271488056478 -0.3286022076484917
0.8850221630394816 -0.4676930306610493
0.8430754566536948 0.539652457038939
-0.5756405711227027 -0.8189254745564633
-0.9322224722896347 0.36463990752275216
0.9936473792430167 0.12110278990793079
0.6694408776715577 -0.7442109319959863
0.059856601142229945 0.9992087806358089
0.5579015574627347 -0.8311118168938851
0.8975683513249612 -0.4431388661579924
0.7205956990494703 0.6947969764696772
-0.6015300103314026 0.8001016477115284
0.843447513734234 0.5390707667603013
-0.5772708174227748 -0.8177771110467947
0.6104741429583509 0.793298380673544
0.6042195908776182 -0.7980724816704831
-0.9737423793957998 -0.23200598821712842
