1000
0.6637342447716228 0.7493049127808008
0.9925119384457044 0.13008094419533592
-0.3798133516154398 0.9261440589533825
-0.9224406239092174 -0.3887213595391611
0.9969757194408809 0.08966836033595069
-0.0637890485375703 0.9989654434897494
-0.28252705977112147 0.9603017549172163
0.8272481210743349 -0.5636147143031156
-0.995709796852369 0.10277645864795157
-0.776326293566194 -0.631916518155504
-0.7210128644029612 -0.6943640611130713
0.809535555362721 0.5887726085710602
-0.661314759496478 -0.7514411413225359
-0.3885314529471248 0.9225206285340161
-0.5826940570785654 -0.813921762729884
-0.6420311115307136 0.7679824554159012
-0.8708820662406843 0.4935234814072744
0.9198758931372153 0.3947522529701514
-0.8951721902502694 0.44795954036334074
-0.7518107159278626 0.6608945811670985
0.866764009899634 -0.5007206318324692
0.983066194837494 0.18863153651425896
0.9067658608456116 0.4240007943446768
-0.555664656014806 -0.8326090259275042
0.9229363326269814 0.38754293428865133
-0.9678955142397189 0.2553023178794705
-0.1399169337322405 0.9911731693578917
1.0006287017906743 0.02726171587977561
0.12077899517953068 -0.9936867888441624
-0.6806554996597405 -0.733968044796876
0.6304715228923577 -0.7775002629078599
0.9992793660770803 -0.05866641741736412
-0.8175707733241934 0.5775630100742952
0.7504143293334309 -0.6624796859761491
0.9770031531156153 -0.217866561918404
0.9952279292281088 0.10734229774106009
-0.7971704606305857 -0.605409164696092
0.6906893801037022 -0.724533767475308
-0.12698912174856974 0.9929122634742341
-0.9894945993958227 -0.1513322099438854
-0.8022306356525287 -0.5986877376567351
-0.6982875738709791 0.717213680974772
-0.9559650201496909 0.29687014038161713
-1.0006047723907678 -0.028126312748382773
-0.8559263677740526 -0.5190289519372855
0.5998484490257239 -0.8013631125784575
-0.9457782204210625 -0.32787887668644966
-0.24977762299600806 -0.9693359268336567
-0.8940154546772313 0.4502636636441623
0.34966694257799763 0.9379413783750855
0.8985563207509822 0.44113210996078933
0.5994153887763433 -0.8016870908890233
0.05220220434663318 -0.9996378993722439
-1.0008837963252846 -0.015252090134996045
-0.6000732478407681 -0.8011947935588649
0.5631836414495514 -0.827541652126117
-0.6924186100349697 0.7228813654239818
0.18777403981081464 0.9832303443105926
-0.5279539013465955 0.8504502795889418
0.8648631088434364 0.5039968283250066
0.9438099475492062 -0.33350229820372257
-0.9965300375266205 -0.09449277383584621
-0.8840618513107146 0.4695057433696333
0.19034305757904713 -0.9827362415376057
0.9232023465219561 -0.3869088101560289
0.9848520462521491 0.17907385904412415
0.8074065563612344 0.5916888141116856
0.8558633408596313 -0.5191328748717331
-0.9460203859978528 0.3271795061987741
0.9978527599756841 0.07931500115936296
-0.9076864796640078 -0.42202636722740516
-0.2554506206196445 -0.9678563841939766
-0.25809929160463785 0.9671534292309489
-0.1107772645987196 -0.9948514450147947
-0.9943056393777786 -0.11557376649372778
-0.7055554787438251 0.7100651142075436
-0.20997621769088895 0.9787292720687516
0.9861201547237113 0.17195359969388183
0.8508735093899515 0.5272715344283513
-0.8671700292685816 0.5000171400445463
-0.9925681518922659 0.12965131641896954
0.021230405769802545 1.000774834750979
0.9972812204783242 -0.08620421846559528
-0.9882304351424653 -0.15937881621512184
-0.07052203039555532 0.9985127156070114
0.970200978070447 0.24639614881557712
-0.9176080389135991 0.3999956086273183
-0.968741784009227 0.25207212442993426
0.19488622617979667 -0.9818453843887015
-0.9657370098516281 -0.2633496303449776
0.9989130408965764 0.0646044636751583
-0.556701943228947 0.8319158289184755
0.3521555477391083 -0.9370098559762158
0.8527382588250795 0.5242503809593005
-0.055236763038554876 -0.9994748120933425
-0.9595409563247771 0.28510025102642794
-0.498983153535644 -0.8677654132815066
-0.7840560775340266 -0.6222998210524863
0.9812217796979124 -0.19800206828834294
0.7272166138601801 -0.6878640828868257
0.9175332360017536 -0.4001671661095526
-0.4703105230725722 -0.8836339807223371
0.8063742582610196 -0.5930948959601579
0.5931911229407191 0.8063034736774539
0.9761235860957904 -0.22177408475178956
-0.8129181361729236 -0.5840934033877974
-0.8480952521619534 0.531728730896077
0.19430287683597253 0.9819609931424287
0.917600855208265 -0.40001208796867704
0.8252373792730128 0.5665547350879787
0.9061546702038624 -0.4253054357373409
-0.7711810874213467 -0.6381854984278702
0.4887825625439376 -0.8735517194493877
0.9711110751895436 0.24278443039908557
0.8623561585313081 0.5082743903081537
0.893996972677729 -0.45030035847538
-0.8459696352443313 0.5351040798242646
-0.0486471593261406 -0.9998172102387002
-0.7786861827813353 -0.6290062231372858
0.06995808743187702 -0.9985523852071427
-0.6166560477682286 0.7885025800533999
-0.9675485850592126 -0.2566139815947593
-0.054580653680804114 -0.999510856491202
0.5214603020919514 -0.8544472794398557
1.000406017782158 -0.03447897308860123
0.8826059330892724 -0.47223698168992967
0.9849788438971272 -0.17837510217258137
0.8455275247653093 -0.5358023934849949
0.0028787030378081752 -1.0009958606651779
-0.9959887982191689 -0.10003656242562348
0.9507073738088236 -0.313299360652922
-0.9631476995514616 -0.2726673960133982
0.7797509623878311 0.6276857785988552
0.06550272998508823 0.9988545401431085
0.9923942255149104 0.13097595643728274
-0.8610064663660364 0.5105574060532972
-0.9975215326160495 -0.08337740681580279
0.1979350710881313 -0.9812352967730709
0.19078218299417324 0.9826510869336978
0.987957430494327 -0.16106245847821535
0.4222709640386772 -0.9075727149544802
0.7358437416050102 0.6786272820486506
0.3918523030057292 0.9211149616791089
0.516080760241219 -0.8577072046501915
0.4146888063117245 -0.9110621240726435
-0.7554486242369576 0.6567331087576507
0.8624694380304616 0.5080821473575113
-0.11176389405897898 0.9947410879142237
1.0007121434011563 -0.024004292313323544
-0.4628839164322782 0.8875468888505641
-0.7121648065273072 0.7034360584615513
0.0554055063120239 -0.9994654720751028
0.7769745730966682 0.6311192539934511
0.37561124462348944 -0.9278562350452754
-0.7564461681704426 -0.6555838578399061
0.5616455370918267 -0.8285863205875615
-0.6852130700831571 0.7297150461565216
-0.9761116735832868 0.22182651035084847
0.7552587483807273 0.6569514616730656
0.0762262635006106 -0.9980934609307566
0.7596446921052937 0.6518749433413233
-0.2589536501446006 -0.9669250266058832
0.6573304962356173 0.7549288832192321
1.0009975972572898 -0.0021932362236613155
-1.0003317765726016 -0.03656961551756513
0.75804482031401 0.6537346941956655
-0.8593287362034167 -0.5133762003979526
0.968618660065288 0.25254483042288967
-0.9310013081049054 -0.3677466033928184
0.3553894965665167 0.9357880666743928
-0.9889922475939523 -0.15458115732217292
-0.10567004685242083 0.9954068721875529
-0.9840515328144259 -0.18342186556018553
0.7410395984323936 0.6729497110149887
0.6069273269971867 -0.7960152132616877
0.6315519265522282 0.7766229227032698
-0.9844998588035975 0.18100007739141113
0.08284026021594926 0.9975662841572753
0.7235784940795571 0.6916900772062299
0.7829968393537108 0.6236320626475993
0.15940613043772534 0.9882260295999448
-0.3286824726411118 -0.9454992502263155
-0.3090295773607316 0.9521038390408095
-0.3019761629931238 0.9543643942352158
0.9908778350344232 0.14199336617424893
0.43788460883220415 0.9001433604420285
-0.4982424080142703 0.8681909368659301
0.9959329837382603 -0.10059071479120857
-0.9461835171275159 0.32670744086445863
-0.24003891525789256 0.9717933520876825
0.1699241173557056 -0.9864718923217652
0.4339125084689393 0.9020648175126844
-0.25877522790639657 -0.9669727924931458
-0.9905819106626937 0.1440433208026218
0.8337650795644943 -0.5539285081116628
0.5518980971379371 -0.8351104659717324
-0.7601720909921968 -0.6512598498883154
0.644462296259658 -0.7659434370106768
0.13271847627812472 -0.9921626913235615
0.011153792712600433 -1.0009378566664988
0.019909982687614697 1.0008019747129693
1.0003006916474273 -0.03741024311172855
0.07692330494296337 0.9980399817425412
-1.0009492360604255 0.010081013344437895
0.9879219213303096 0.16128012076827555
-0.3213369122632433 -0.9480208799478651
-0.09448796362111535 0.9965304936281352
0.9793065089763615 0.20726736712886476
0.6979257734663658 -0.7175657563815147
0.15490988307386167 -0.9889408112349508
0.2646259789803188 0.9653880521576326
0.07671150914433424 0.9980562831648317
-0.5051518724714504 -0.8641889757099356
-0.6170543337830573 0.7881909344565867
0.21290892215321924 -0.9780954916916622
0.14770681938973518 -0.9900422695550771
-0.8975701747553357 -0.4431351728193962
0.6106890047662725 -0.7931329897675291
0.5091528451128813 -0.8618377923446258
0.1976567500998826 0.9812913986884592
0.7102483875650621 0.7053709860500568
0.2921272498437668 0.9574250205100749
-0.9704014047220685 -0.24560560603014817
-0.9520672115108836 -0.3091424020833932
-0.9006230527930865 0.43689714668061336
0.6801865096003298 0.7344026907342596
0.9282927378183005 -0.37453116414232357
-0.4860946002017361 -0.8750503069279585
1.000574717877567 -0.02917591376850223
-0.9629740256148082 -0.273280123666561
-0.44606765205389093 -0.8961164264709854
-0.3086599341598623 0.952223736862524
0.08330307194163193 0.9975277430753929
0.49347423434745946 0.870909972405408
0.9901262720455994 0.14714267023906952
0.055286811781680094 0.99947204485319
0.9757536114236027 0.22339626181697128
-0.9842322567871329 0.18244962236109796
0.8970157002073139 -0.44425649526099503
0.8360404537586092 0.5504882920454338
-0.5273519414414768 0.8508236773021219
0.6350416028434697 -0.7737720353295258
-0.9997279076084759 -0.05044909066354672
0.1714458047760075 -0.9862085661890729
-0.40679778060807564 0.9146127955000104
0.035520400898496535 -1.0003695822644798
0.5320557037150088 -0.8478901627830853
-0.9989864148424019 -0.06345977434819934
-0.9980697357355611 0.07653628295617089
-0.7718449643443706 0.6373824213266611
-0.04705091509481002 0.999893600033894
-0.9763019887800384 -0.22098739037361817
0.24320906849534563 0.9710048140980694
-0.7661560219920336 -0.6442095543884323
0.9087892537818061 0.4196463894884693
-0.9851992523473103 0.1771536992961221
-1.00058200680084 0.02892486242670355
-0.8321290925746087 0.5563831173669439
-0.9645843183931263 -0.2675408243802579
-0.46440382703885713 0.8867525502820183
0.5943430533123465 0.8054547380078891
0.23339747964467641 0.9734097885759692
0.2619442333717804 -0.9661191534191164
0.9296551802004109 -0.37113642495252525
0.32836204017414383 0.9456105808273689
0.11327592300043059 -0.9945700404035909
0.8378996863470184 -0.5476541934647887
-0.9992823495136609 0.05861557771153976
0.9416746464963848 0.33948469795545816
-1.0009340580740107 0.01148962085941529
-0.17232717998565641 -0.9860549391581541
0.990246828218674 -0.14632914679876985
0.2600777796465109 0.9666232712562537
0.9127012398395943 0.41106866433148037
-0.9907891802072385 0.1426106601354484
0.9734665073540572 -0.23316080086475424
-0.04429218367223319 1.0000196010406721
0.6241077740182253 0.7826177140916348
0.9876904172036969 -0.16269185524784952
0.49003475246168404 -0.872849896247812
-0.9068319769983998 0.4238593699485404
-0.05174693951914979 0.99966156985772
-0.8198380479295002 -0.5743401215021866
-0.4234983101651424 0.9070006512055374
-0.7779613334878586 0.6299025032477589
-0.9007610769825094 0.4366125080587017
-0.9758947750019338 -0.2227787874191012
-0.9763516532244925 -0.22076786280117963
0.8371213248903125 -0.5488432266265914
0.9906731004331486 0.14341481122315292
0.5218105348608474 -0.8542334374796132
-0.9985360790878695 0.07019044635720781
0.8433305970398574 0.539253654689885
0.9996100202057989 0.05273336234455552
0.7976921947097662 0.6047215578256795
-0.561497810288898 0.8286864358976638
0.7255114037274127 0.6896623833887702
-0.2617960222310146 0.9661593257553426
0.7064161614048982 -0.7092088598614437
-0.2921169268363847 -0.9574281701807537
-1.000999983271924 -0.0001830016604764933
0.6359751208294404 -0.7730049454472969
0.4349117874830028 0.9015834609775955
0.6369112898962642 -0.7722337785947185
-0.9843038789642429 0.18206282941870697
0.9552394945231787 0.29919643731686063
-0.9696242782918513 -0.24865590470971444
-0.8988272440495058 -0.4405798285831641
-0.13794295130355466 0.9914498182891887
0.831365371972566 -0.5575236481844666
0.5253840221088727 0.8520402744663562
-0.13588207853884654 0.991734370046719
-0.947789298636998 0.3220193245586163
-0.6094444490836369 -0.7940897074519617
0.7517323534573075 -0.6609837129351506
-0.02898881500735786 -1.0005801560117356
-0.8621322186668626 0.5086541433396103
-0.9582047750332265 -0.28955933606693424
0.06322628424287888 0.9990012197093849
0.9174312390786576 -0.4004009510011169
-0.6598883246521015 -0.7526940938972769
0.20663337737447204 -0.9794404766777913
-0.3341338842833631 -0.9435865341205925
0.2868069168167092 -0.9590322165944651
-0.2724612400474058 0.9632060385358004
0.2637992656928016 -0.9656142850123639
0.04324949083839053 -1.0000652386430697
0.9909366198690146 -0.14158253918676564
-0.69203901415441 -0.7232447738409122
-0.8661016878882795 -0.5018653865700179
0.5816437482225827 0.8146726644202473
-0.45439964738700395 -0.8919203778670866
-0.895146018272573 0.44801183686456125
0.5429656390309651 -0.8409454886208116
-0.9797188829653289 0.20530930412713422
0.49470537741802667 0.8702112327209341
-0.530668657619443 0.8487589621443642
-0.13701125501171701 -0.991579001391273
0.8712467810854085 0.49287934268775563
0.6681624713710478 0.7453589147862483
-0.7505571324313209 -0.6623178926742599
-0.5385797727968834 0.8437611204209741
-0.3591875591014617 0.9343368222363571
0.5769010950819705 0.8180379737476882
-0.3229015572133239 -0.9474890945806239
0.9443429019999516 0.33199018576203376
-0.7953963575021218 -0.6077381298489974
0.08347694635339553 -0.9975132076456493
0.7116220415484772 -0.7039851347737233
0.11041406370854573 -0.9948918205188769
0.9880207149132328 0.16067379034037924
-0.04590159744375179 -0.9999470202726302
-0.9918477711417119 -0.13505183775579824
-0.7967401672939082 0.6059753343333993
-0.6220266847402495 0.7842727863894388
-0.8659423280979917 0.5021403035091191
-0.17287556261946516 0.9859589443019438
-0.9999773562502148 -0.0452359037362036
0.6751864272250363 -0.7390022249567931
-0.6999068357644972 0.7156335802979965
0.9180254964507033 -0.3990365745974167
-0.6791314365686673 -0.7353784684529309
-0.7771150195496203 0.6309463102280521
0.3050814268773694 -0.9533762756511557
-0.9212072674445804 -0.3916352517423442
0.35699004236335236 -0.9351786511963434
-0.520834098333449 0.8548291303021811
0.7522160441246043 0.6604332085544545
0.09745836559936961 0.9962443811508799
0.8035096603793473 -0.5969700375036137
0.1593759908066276 -0.9882308908116594
-0.5923810082152433 -0.8068988419287091
-0.9912189380390236 -0.13959232383190093
0.06400481212958493 0.998951642485389
0.36928250553847797 -0.930393159424135
-0.9587845362083969 -0.28763381777469965
0.122859247989578 -0.9934317315162805
-0.6275682489344198 -0.7798455571004981
-0.05092242034363053 0.9997039097184459
-1.0009850702225827 0.0054671008305402025
0.9599536980546565 -0.28370741546739525
0.8836858484772825 0.47021305936882
-0.99680638290003 0.09153160661628712
-0.6151961701478811 -0.7896421165536824
0.39935451930737 0.9178872304966332
0.6211413425156349 -0.7849741604778304
-0.47713590447450704 -0.8799672315838211
0.441300627048197 -0.8984735703218365
0.9976675402823559 -0.08161175814154305
0.4086277960412343 0.9137966536940718
0.8480004630302507 -0.531879887475058
0.660267260987555 0.7523617109263282
-0.9298625475017418 -0.3706165710725455
-0.743632627094947 -0.6700832156679253
0.20812790045562715 0.979123984514695
-0.9959825437305868 -0.10009881409861833
-0.8181835483624313 0.5766946169239495
-0.6828476005133409 0.731929063825978
-0.9787876682128459 -0.20970384010422857
0.8138129816183032 -0.5828459753224065
0.8136352860711913 0.583094007223407
0.5981486458906629 0.8026326665537395
0.49622582082252564 -0.8693451183212629
-0.9978011857167813 0.07996120173049621
0.9982297461445399 -0.07442025202999282
-0.29696372072832444 -0.9559359542203597
-0.596805033697463 0.8036322241880113
-0.8204488832854905 -0.5734672003834148
1.0009758238021178 0.006957022615412596
-0.09659096994424848 -0.9963288536046867
-0.09574450296336112 -0.9964105530113071
0.6586555722170249 -0.7537730674330726
1.0007456830050083 -0.022562755745686256
-0.280290275331986 -0.9609570029685612
-0.7311506301589573 -0.6836810338294896
0.6309441835523576 0.777116746210921
0.28268452231693153 -0.9602554143780957
0.6210992180485505 -0.7850074912632867
0.9412641528874236 0.34062118913702477
1.000652970433387 0.026355886682847964
-0.6401664159944098 -0.7695374973533597
-0.10666191163019816 0.9953010783714603
-0.1299582332838127 -0.9925280135098203
0.36346896920948846 -0.9326796386872568
0.9913350605585178 -0.13876526116950091
0.8925793743173575 0.45310380769006425
-0.6492744527913247 -0.7618685483418554
-0.8455689647273396 0.5357369932064941
0.3198954924576271 -0.9485082360766786
-0.26633521817164735 -0.9649178988709148
-0.718354016165441 -0.6971144148982872
-0.8676483505792935 -0.49918667824475405
-0.05686719671649818 0.9993833708530511
0.934740753934435 0.35813506241931126
0.03507788152142195 -1.0003851969256488
-0.17347929564609194 -0.9858528967255388
0.8916514086223911 0.4549272090144815
0.6527603908777856 0.7588839648464584
0.6139572748623535 -0.7906057580384755
-0.01786909530016414 1.0008404945010736
-0.5087125368036878 -0.8620977641188711
0.9532855136741718 -0.305364911898814
-0.9873954351621504 -0.16447265614973086
-0.9778755696791762 -0.21391673666318506
0.8862211663485963 -0.4654170649167623
0.964962349205325 -0.26617412461796586
0.419560425284499 -0.9088289440456275
0.19561595666065804 0.9817002584800187
-0.6416510446684106 0.7683000305062713
0.9360260354776465 -0.35476225970077446
-0.29782335379837194 0.9556684832787413
0.9352875967230949 0.35670451555305166
0.7033373395366955 0.7122623019740993
-0.027504219492436473 -1.00062206547233
-0.595392098212161 0.8046795942401674
-0.44222911888871896 -0.8980169299110721
0.008268343576333013 1.000965850813355
0.03989499849765139 -1.0002046736017944
-0.9634325119271073 -0.2716593362316563
0.8909468836993388 -0.4563054354557228
0.28769270175852674 0.9587668691370596
0.988330001260521 -0.15876022363419204
0.6490148332906982 0.7620897231748026
0.9968647225313131 -0.09089403155635813
0.882166208040603 -0.47305790490305033
0.9755325383728004 -0.22435968126185396
-0.5321915843371962 -0.8478048817744946
0.19701758582429527 -0.9814199258604679
0.9772262009676673 -0.21686390234960776
0.06086546704928911 -0.9991478343673031
-0.45899744519105456 0.889563008059623
-0.6811531720686489 -0.7335062073226222
-0.9533524579772696 0.30515584685320746
-0.8700982287069123 0.494904104247574
-0.851378318753279 -0.5264560364900759
-0.928765126573762 0.37335819216996424
-0.2346209505026536 0.9731156198444414
-0.6975283158037024 -0.7179521214203983
-0.8547624675063032 0.5209434941935028
-0.9106214589798026 0.41565557670443387
0.025200380493873773 1.00068273734634
0.814096731202892 0.5824495791437796
0.4793530479902523 -0.8787614325756763
-0.45539724018935485 0.8914114390268497
-0.6497474056495858 0.7614652381111252
-0.6000529546431497 0.8012099922142921
0.4208609052059494 0.9082274486433609
-0.9840636588857056 0.18335679769367086
-1.0006093634967936 0.027962504940395747
0.40269574953970494 0.9164262836162302
0.007354600088580985 -1.0009729815821888
-0.4615777920560778 -0.8882268527131096
0.5447386480681687 -0.8397980741230976
-0.9762786648730019 -0.22109040800945898
0.9606005034787929 0.2815096316581186
0.9705482917572821 0.24502451584896925
0.9771631294783526 0.21714791822182444
-0.4513068456939593 0.8934893010158369
-0.7001221610529811 0.7154229235931036
0.47282177483468946 -0.8822927911085834
0.6449504583818211 0.7655324331686274
-0.9421747632965759 0.3380942404227572
0.46714311223868993 -0.8853125508474116
-0.9449212945274661 0.33034035046984145
0.5548846997880226 0.8331290235858766
-0.3353595308918672 -0.9431516235685473
0.96708495750125 -0.25835573338868534
0.99447182922523 0.11413492400411474
-0.47173927267686955 0.8828720511004401
0.9883028758905191 -0.15892899517246387
0.7841815455615876 0.6221417070094558
0.3467052885316913 -0.9390401710811719
-0.6521360177342183 0.7594205780552402
-0.9494622360796471 -0.3170527751946612
0.8094752210749164 0.5888555565380318
0.40051450410559647 -0.9173816719343417
0.6193020706828596 0.7864260583474598
-0.27219068671929963 -0.9632825286816304
-0.35214805797844645 0.937012670811878
0.6152293034363053 0.7896163018791332
-0.5198534166373978 -0.8554258735918759
-0.5933758644511848 -0.8061675281768729
-0.5994864547912404 -0.8016339504548382
-0.6813036010440395 -0.7333664862839208
0.0048574133396955075 1.0009882144838906
-0.6096279060433235 0.7939488750374503
0.6856136044454163 0.7293387315914083
0.8287893971201995 0.5613458249788059
-0.9948730088013288 0.11058343618549366
-1.0006089630385437 0.027976831252489644
0.9765445497397763 -0.21991303365998469
0.5596388457301331 0.8299429874092824
-0.8766141624910213 0.48326867281064817
-0.01907963618842911 1.0008181490575183
0.937250269771345 -0.35151519428545475
-0.4012833813169625 -0.9170456083962374
-0.8734744365902343 -0.48892065677712243
0.9352463089748871 0.3568127541846702
-0.021232034675653887 1.0007748001940955
-0.9936677022337665 -0.12093592327123745
-0.03996801517467744 -1.0002017585282466
-0.9730812510825966 0.23476345284462144
-0.6316937458121968 0.7765075733705086
0.8385075231270878 0.5467230868175191
-0.07018432392752576 0.9985365094351013
0.02271197331390495 -1.00074230762379
-0.11556134755415133 0.9943070828227407
-0.75575716002486 -0.6563780275657908
-0.2944801433660716 -0.9567039485457859
0.6539691823202205 0.757842535475162
0.043266292746886356 1.0000645118750793
-0.2500042225572627 0.9692775086132653
-1.0009398002092893 0.010977994215157005
1.0004802946270257 0.032251822630978734
0.35754435301903686 0.9349668633829749
-0.4447609021938087 -0.8967657106958035
0.9959302542525719 -0.10061773533730389
0.6699381672756238 0.7437633037649668
0.898184639564397 0.44188839456425444
-0.7818944197578678 0.6250136929312088
-0.008288915270420097 1.0009656806722396
-0.6904581895244872 -0.7247540883075909
0.9143736619250913 0.4073350050973999
-1.0009998320641378 -0.000579834086642708
0.2224021967129958 -0.9759806672763729
-0.07603371311932719 -0.9981081476820474
0.832562007122464 -0.5557351026309336
0.9977697718807251 0.08035223905458767
0.10414949170391828 -0.9955671164606711
0.9807311365304324 0.2004181574601622
-0.8859014063346997 0.4660254266176914
-0.8186761037890912 0.5759951710602385
0.8114110560543898 -0.5861852080295953
-0.6591522833887978 -0.7533387467158011
0.29698183949257706 -0.9559303253959491
0.9166183944099148 0.40225827403471737
-0.7683435843252933 -0.6415988906054633
-1.0007093988718772 -0.02411843712777062
-0.20383645487304924 -0.9800263770250204
0.5686513657197094 -0.823794042382627
-0.9079197539516058 -0.42152428208165604
0.9726636475247562 0.2364876926688512
0.9169889416585139 -0.4014128558927811
-0.10949799701494842 0.9949930595987664
-0.5189507184047444 0.8559738032598894
-0.979281156069277 0.2073871195798341
1.0009296583129403 -0.011866722780129364
0.3713927732380283 0.9295527999993151
0.22450342865216574 -0.9754994672081692
-0.40690745069573003 -0.914564009005549
0.25542877531622266 0.9678621496579224
-0.631516072296415 0.7766520781091807
0.17800768875837486 -0.9850453099948762
-0.9488251403120839 0.31895431195040175
0.8539028924022762 -0.5223512710303543
0.9818836468476573 0.1946933590370894
-0.5741962675799189 -0.8199388064345352
-0.1209336726044674 -0.9936679761521932
-0.2627937861666626 0.9658884127849295
0.899647329762844 -0.4389028161798289
0.9803746849250955 0.20215458727919028
0.6521737249285258 0.7593881961900986
0.9571616658476307 -0.29298898517143696
0.9812463045373029 0.19788049381353012
0.9056312785923695 0.42641879324808135
-0.6088062654793395 0.7945790905335354
0.5918999239356255 -0.8072518070868598
-0.9826173010221038 -0.19095611991249753
0.4442167648924634 -0.8970353759961053
-0.8300448507433371 -0.5594877529977498
0.13188119762590064 -0.9922743318824478
-0.3815534468757627 0.9254285316420845
0.8469361848210047 0.5335729554998462
-0.8415427955417435 -0.5420394111794707
-0.5533075373802876 -0.8341773007449684
0.7044828636292917 -0.711129309515979
-0.7164907776592055 -0.699029302339542
-0.3392190919128669 -0.9417703582518457
0.9883222008101314 -0.15880877616119973
-0.42801499838671936 -0.9048779813632425
0.7926118020608608 0.6113653009730228
0.6244474135378721 -0.7823467439223235
-0.9888797499143765 -0.15529919577795667
0.9984917303389667 0.0708185317886242
0.7483705217631131 0.6647876068008532
0.0987974305118214 0.9961124774463282
0.22516707532254934 0.9753464964773747
-0.9888305041164764 0.15561244850189562
0.882412841734789 0.47259769015679104
-0.9099002954712709 0.4172318927182986
0.7552358294387187 -0.6569778093147519
-0.8804940994331303 0.47616293520541986
0.5532385124996276 -0.834223080648815
-0.7324138264984648 0.682327624205467
0.030253668247436125 -1.0005427105114375
0.9748334880174251 0.2273778147484507
0.2782529725114978 0.9615488980226204
0.8521450312560294 0.5252140951132791
0.8576574801139994 0.516163391577226
0.6955936213493743 -0.7198267249401507
0.912698396784989 0.4110749767452534
-0.9158022209934633 0.4041129693828694
-0.6432253885782808 -0.7669824636119914
-0.5804067258830071 0.8155544326099686
-0.5216736454245875 -0.8543170416592553
0.9155545975571516 0.4046736696301876
0.09471434558915859 -0.9965090028392205
-0.976510926549606 -0.2200622873852539
0.16887119660408592 0.9866526840573152
-0.2875297190443622 0.9588157595003693
0.9887097576946143 0.15637779586455733
0.9584200028254687 0.28884614967838607
-0.4282094447629402 0.9047859810009296
-0.46930218098855886 0.8841699287576918
-0.16128891064132128 -0.9879204863267772
0.12615580413766908 0.9930184857707223
0.9897218592993121 0.14983871737675994
0.5657224704162976 0.8258081414384828
-0.9974055582041651 -0.08475348053878226
0.9492277740110187 0.3177540448933523
-0.6228993172327503 0.7835798878167902
0.4736399770147319 0.8818538269880583
-0.9983016010909854 -0.07345007324145508
0.21326483977448193 -0.9780179487698396
-0.5559179559834935 -0.8324399234870554
-0.8422081473274271 0.5410050245379454
-0.19130845096606944 0.9825487655017247
0.9794146527552711 0.20675574470440167
-0.6251436407818752 -0.7817905271810228
0.2296787754900732 0.9742939290016029
-0.6670071184746041 -0.7463929956157181
-0.5299969963926714 0.8491785347114862
-0.5875770308960844 -0.8104037467604293
-0.10377521029097449 -0.995606200125865
-0.15985980021750953 -0.9881527433926488
0.9979228291288293 0.07842848400621694
0.7554244816685393 0.6567608792367423
0.9296440356785717 0.37116433951453176
0.9622096276858538 0.27595947598995507
-0.5283100652120338 -0.8502290720715545
0.9996404091490934 0.052154121565157946
-0.9386665738588499 0.3477154916308567
-0.6290794261769671 -0.7786270452282388
-0.6192839427753241 0.7864403335413623
-0.7533782081230959 -0.6591071806051223
-0.8248719606486068 0.5670866323020878
-0.5435325209486196 0.8405792042819275
0.519074007725463 0.8558990445746659
0.8124234647798929 -0.5847812530126408
0.8820038295176087 -0.473360586357032
-0.4478620483787656 0.895220970276041
-0.11523938171435996 -0.9943444498271673
-0.2663260994913517 0.9649204157492588
-0.612601421873179 -0.7916568056417879
0.7116226777113293 -0.7039844917091268
0.29902351370913893 -0.9552936398035111
0.2802035055344114 0.960982307582313
0.999856002469164 -0.047843226546537394
-0.9460410483659435 0.3271197560629234
-0.9612671224446757 -0.2792248543860895
0.16297354681025178 -0.9876439758536913
0.9989453472890384 0.06410298846061974
0.9952121450075114 0.10748854092203496
-0.9498965976237069 -0.3157490361393133
0.4011449395258065 0.9171061756922353
-0.7505535277422949 -0.6623219775861254
-0.042144138821417786 -1.0001124294613086
-0.9839548223067913 -0.1839399566685033
0.39660455794721067 0.9190787912989276
-0.8680314084197849 -0.4985202844386221
-0.954278907010939 -0.3022462036717873
-0.3528636992152961 0.9367434065826655
0.566115742060329 -0.8255385918244421
0.09995440196374204 -0.9959970469474649
0.8460203719554431 0.5350238595019605
-0.9769622651190573 -0.21804983956297902
0.8456820584921283 0.5355584524069399
-0.8368783804948817 -0.5492135980292766
0.5901772248589331 -0.808512116951755
0.9915324686610398 -0.13734760132941534
-0.07245006152494991 -0.9983746734493173
0.6569065955492677 0.7552977722222349
0.8027664175992022 0.5979691286136295
1.00005219991923 0.04354994186802822
-0.9160087660370501 0.40364457204734056
0.8746330779443051 0.4868449229124929
0.916124754344364 0.40338125201535896
-0.03996546818116271 -1.0002018603027394
0.15528592716988118 -0.9888818335994399
0.5786075474672415 0.8168318713260054
-0.7024076209329708 0.7131791738793862
0.9873102854822925 -0.16498302997846165
-0.02203020172105396 1.0007575481664526
0.4097015710002943 -0.9133157300298133
0.8752090627082298 0.4858087036616181
0.9888269024194086 -0.155635333557767
-0.9495730170530096 -0.31672083178225713
-0.7918606587047452 0.6123378946265591
-0.5598664342382771 0.829789476803193
-0.8529743016367648 0.5238662431835759
-0.8568173548720774 0.5175567798705921
0.932921639089591 -0.36284737193259503
0.799686155239101 -0.6020822644115209
0.031246903662126898 1.000512184339366
0.11266391715751677 -0.9946395536930573
-0.9519706837952863 0.3094395210607965
-0.23144782585710755 0.9738751993484678
-0.8846402799927419 0.4684149602802662
-0.6525845353386303 0.7590351930160181
1.000256944490754 -0.038562222420657696
0.9447626186041846 -0.3307938852037082
0.8477413280259958 0.5322928148648272
-0.7000149788953751 -0.7155277977284373
-0.6976951760044805 -0.7177899702420457
-0.9913446792972676 0.13869652781882386
0.6350734264890908 -0.7737459162848004
-0.2516879981403429 -0.9688416545504774
0.9560276817376371 0.29666828571884674
-0.7183630897104606 0.6971050647797941
0.38555929815807416 0.9237667603913086
0.6357832975830842 -0.7731627244729142
-0.3228973542154963 -0.9474905269397854
-0.03564553973253915 -1.0003651310882322
0.21792199399963888 0.9769907904024588
-0.9927313366510334 -0.12839584584811398
0.8083391885940912 0.5904140548657749
0.49071268263883555 0.8724689467811434
0.9141518881450864 -0.4078324722245316
-0.9903229794349151 -0.14581288147194926
-1.0006828070588232 0.025197612126432494
-0.8037008262319953 0.5967126460148201
0.8495812250604854 0.5293512463617375
-0.5848747257680912 -0.8123561750597457
0.19338083307147444 0.9821429903026252
0.3739548972327345 0.9285250318842541
0.703351389014765 0.7122484282685366
-0.7017898352415063 -0.713787102119182
-0.1802682912334545 -0.9846341163984571
0.7984313094921547 -0.6037453469987516
-0.9809335258373433 -0.19942521878718927
0.993569587639031 -0.12173937127653418
-0.5652746885380239 -0.8261147175170287
-0.7409331078648533 -0.6730669577907755
0.33820160798162624 -0.9421362281319207
0.8183542522524758 0.5764523552040456
0.6838508210265026 0.7309918293533644
0.4602511282238538 -0.8889150122304549
0.060818863167897225 -0.9991506722626795
-0.9853332236550829 0.17640702469426278
0.6576049129041025 0.7546898558509898
0.6441074226300633 0.766241886164452
-0.9904678809286063 0.1448253322067521
0.842349451926195 0.540784985774974
0.998264342933938 0.07395472687173729
0.49358823504858573 -0.8708453675720059
0.9962723676291717 0.09717185548585767
-0.48864822899650434 -0.8736268701788995
-0.9376899700152619 0.350340577342644
-0.8182605264626664 -0.57658538902147
0.9807375841255118 0.20038660405240333
0.6671110748043004 0.746300082991722
0.9738801661400514 -0.23142692582978777
-0.7911442544803202 -0.6132632131497684
-0.8998089166436103 -0.43857144632163697
0.8711504400902941 0.49304960270796994
0.9988684086030223 0.06529090514662635
-0.8274154930419788 -0.5633689748948724
-0.1786574613054652 -0.9849276681664935
-0.07236795047976043 0.9983806286899596
-0.8258132390474334 -0.5657150291568951
-0.843321481903299 0.5392679094480067
-0.9974682804876653 0.08401207901831859
-0.04623216839062814 -0.9999317909767148
0.6445337258224915 -0.7658833307217082
-0.4189656016708065 -0.909103308000042
-0.42970888819615605 -0.9040748151592453
-0.506561199427866 0.8633636263094489
-0.041296769843911056 1.0001477774811376
-0.039882055408100366 1.0002051897767905
-0.5298983858255313 0.8492400724762676
0.9069250093016555 -0.42366027369012554
0.37045204599807896 0.9299281056166854
-0.9524329124583752 -0.3080138751193798
-0.7822786312327076 0.6245327398276903
0.7548796606473248 0.6573870229484149
0.9848097768775557 -0.1793061721368759
-0.6174235761318694 -0.7879017246056349
0.48281960837386106 0.8768615773140658
0.15034654191174185 -0.9896448440401137
0.9123256898363388 0.4119014878155316
-1.0005021530046703 -0.031566466907458214
0.7325320622398191 0.6822006873279136
-0.9570250340394575 0.2934349744351807
0.9304001109700479 0.3692649909034464
-0.6493377090474096 -0.7618146359903185
-0.964418272972489 -0.26813876026557876
0.7390526038699208 0.675131282576278
-0.9571311339668336 -0.2930887107879854
0.13774620901263143 -0.9914771716497806
-0.10191734547105107 0.9957980993615796
0.38184856594880173 -0.9253067992200444
-0.9717816730252611 0.24008619279797114
-0.27947819340091695 0.9611934973840385
-0.7023915642222454 -0.7131949877203482
0.4912648797822357 0.8721581381220641
0.9103232353418428 0.41630830786420775
0.989338372418077 -0.15235020466395982
-0.14771431839633228 -0.9900411507309719
-0.587007706141217 0.8108162263613293
-0.9096189411236759 -0.4178449257189116
0.10976129801845423 -0.9949640483240105
-0.8514750589232774 -0.5262995573165548
-0.8783444004601171 0.4801167714008307
0.9981797104719182 -0.07508838526827984
0.35082437077401774 0.9375090724206431
0.9953269299660451 0.10642040445500872
0.8807786872152158 -0.4756363150006956
0.6670432867454074 0.7463606726026528
-0.017943212097047457 1.0008391684679614
-0.5614765701631503 0.8287008272940392
0.9689130540994554 0.2514129940867533
0.608377639003979 -0.7949073206103616
-0.3036943090567076 -0.953819042925108
-0.9831589623718084 -0.18814742811951757
0.7463709182355768 -0.6670318226383071
-0.47048478593111986 0.8835412079848616
0.29346038392378 0.9570172428265374
0.952785264575306 -0.30692220448863605
1.0009937600286274 -0.0035344566415206552
-0.9031690809615047 -0.4316093270483749
-0.11191809916142072 0.9947237501337215
0.8610935595058326 0.5104105032006838
-0.34232231696715437 0.9406468153915364
-0.5851062269264518 0.8121894503204851
0.9027312090004782 0.43252440890259014
0.9381823356668755 -0.3490199206960057
-0.6993291473061252 -0.7161981176518741
0.48384978534409234 0.8762935496866765
-0.558184294839859 -0.8309219536118476
0.8995954573242958 0.439009126512754
-0.7495041346617571 0.6635092705644213
0.19572285232497072 -0.9816789521415735
0.7345999025714335 0.6799735165004887
0.8841644326236293 0.46931253561282144
0.8023581497322071 -0.5985168331453253
-0.7531569727720551 0.6593599732807821
0.7887327725028211 0.616361593206466
0.7923469964687018 -0.6117084576716486
0.18042161228834538 0.9846060338121405
0.9239451576080918 -0.3851315953444461
0.0847992379946526 -0.9974016689556551
-0.037181987255188946 -1.0003092021089055
0.8379339521015418 0.5476017639813544
0.8771610070739956 0.4822754064525102
-0.9843433706107102 -0.18184919228510732
-0.29311578946527383 0.957122841628048
0.18707217119240815 -0.9833641252177946
-0.696942848945395 0.7185204696484827
0.9141582459305865 -0.40781822102146614
0.4095699830954804 0.913374747268156
-0.9865815805410788 0.16928610379197312
-0.10599595226380536 0.9953722208820623
-0.9987947196639682 0.06640864380015156
0.6793659002666861 0.7351618689478088
0.18538340578237308 0.9836838886860595
-0.9618769629986474 -0.2771167769235539
0.4451170911217009 0.8965889666906209
0.9133085272557179 -0.4097176272043854
-0.8137362700216817 -0.582953070882383
0.3335718974240366 -0.9437853512578631
-0.9958151247041758 -0.10175085950696841
-0.9929321937495097 0.12683319209018643
0.5614722932859121 0.8287037250261753
0.8194343433172667 0.5749159564598986
0.8812678298247221 0.4747294093649822
-0.9969367952951603 -0.09010008982579165
0.21805137967064517 0.9769619213785807
0.6067913560494295 0.7961188668934398
0.8943485493812996 0.4496016817356951
0.9832991597910197 0.18741334625440792
0.9608850819521455 0.2805367342823726
-0.8261803295694892 -0.5651787885549584
-0.9104471107746659 0.4160373282315702
-0.7856766442011182 -0.620252537888294
-0.9994972410759405 -0.05482941803068114
-0.384215107436712 -0.9243266474668984
0.9091375739618054 -0.4188912407903069
0.9859935025548971 -0.17267835104472676
0.5965195930951943 0.8038441236045356
-0.9876790980868128 0.16276055788310706
-0.9701669408852591 -0.24653013368214852
0.6798330411176227 -0.734729906975866
-0.7357574761260711 -0.6787208088194981
0.0024647569250176348 1.0009969655165296
0.917244490846849 -0.40082857184974335
-0.968699318824438 0.2522352665847299
0.11215940488234591 -0.9946965707674064
-0.760505555079042 0.6508704177437458
-0.6654996921169671 -0.7477373601688108
0.9733398002863228 0.23368918070501493
0.9140106690843243 0.40814886597910055
-0.0024116319444156676 -1.0009970949165459
-0.6278284628150983 -0.7796360825918915
-0.10229978135493796 -0.9957588838342
0.6775518464148436 0.7368341030515867
0.6127759356866219 -0.7915217322622197
0.6330152750430845 0.7754306297549305
-0.5517442143988271 0.8352121418402758
0.92863905728107 -0.37367164903445077
0.9099971186526883 -0.4170206757989407
0.5664236436196515 0.8253273628982853
-0.13207260133452228 0.99224887401132
0.09192680240025854 -0.9967700150990016
0.7539679657883787 0.6584324616579397
0.8885288679912996 -0.4609961504677667
0.6904902735316009 -0.7247235211846343
-0.47323344593691125 0.8820720524122032
0.8948049417139554 -0.44869267464968143
-0.9200682544881562 0.3943036990482305
1.0009050184698411 0.013789271260189008
0.9804146013776687 -0.20196091058783394
-0.975220858541612 0.22571060468077508
-0.363196727582177 0.9327856865720002
0.9971964475902292 0.08717938353433911
1.0003749509844222 -0.035368876755066295
0.41049318485439745 -0.9129602100793295
0.34405843167994704 -0.9400131890510554
0.3881341518048201 -0.9226878563212767
-1.0000279741528668 0.04410273134073741
0.037724783798561826 1.0002888786182478
-0.8389847879052443 -0.5459904080325882
-1.000829447980716 0.01847744718880568
-0.90410036943226 0.4296551198257165
0.5436272671484889 0.8405179322374184
-0.7794817407019398 0.6280200760423778
-0.8587583025577651 -0.5143298336555113
0.3804376979685339 0.9258877674774642
0.5648259389637991 -0.8264215986248561
0.9134943669352559 -0.40930311698978805
-0.9642764022699905 0.2686485064638248
0.5173330983959541 0.8569524288454069
-0.04645026232294378 -0.9999216834983276
-0.609382463351912 0.7941372761425796
1.000972840216245 0.007373815119985291
0.313422407150292 0.9506668158172539
0.5694993770015102 0.8232080293552121
-0.7904469102532452 -0.6141617719063099
0.8345934481136646 0.5526796326677361
0.1055643966167199 -0.9954180820976419
-0.8950116805261 0.4482801487037389
-0.7596286206439683 0.6518936713134605
-0.2606684720281549 0.9664641471314427
0.5317076620965192 0.8481084612641556
0.5962964656082701 0.8040096548568836
-0.7661525399536663 -0.6442136955409639
-0.7228666529555935 0.6924339694474683
-0.39173956988654507 0.9211629114250665
0.11522578185485692 -0.9943460258863294
-0.9903850611607122 0.14539061396696903
0.9825578781271292 0.19126164312353203
