1000
0.6955134117622539 -0.719904225615345
-0.4455661419939242 -0.8963658924282261
0.3185648085810425 -0.9489559856672615
0.33309389154249963 -0.9439541617139433
0.9982868122748431 -0.0736508006618557
0.9550046184051825 -0.299945293053203
0.5806742659682957 -0.8153639658717945
0.5689968489877862 -0.8235554540174999
-0.7307291700540385 0.6841314786151387
-0.7933803755801245 0.6103675774845356
-0.3604065657154166 0.9338672857474016
0.8025098555765496 -0.598313405919093
0.9509011756199826 0.31271065572592044
0.9926570082928209 0.128969236204401
0.5419825994348793 0.8415793853878618
0.13947943240241792 -0.9912348298645984
-0.043174995331750676 -1.0000684575458338
0.9930830078507138 -0.12564688423585801
-0.5234137175738542 0.8532520613836908
0.8371115688330901 -0.5488581067323345
0.8540015879815687 -0.5221898962302497
-0.6303535714917967 -0.7775958943484311
-0.8968025096017346 -0.44468669731849503
-1.0009385668250554 0.01108988017085153
-0.3608113584723443 0.9337109636270431
0.2916302926364924 -0.957576509954559
-1.0006090506211223 -0.02797369863097132
-0.9889435384417606 -0.1548924716514328
0.7404771763016715 0.67356852017913
-0.7339577087727751 0.6806666450862846
0.6451851567281799 0.7653346415376963
0.9827630545713015 -0.1902045703175527
-0.9969886525179975 -0.08952444778018805
-0.8506442484654477 -0.5276413199822904
-0.9006624361804837 -0.4368159521508301
0.239158562140958 -0.9720103817113629
0.42164430665103303 0.9078640199219097
-0.9947010087437478 -0.11212003926225912
-0.7499453143208228 0.6630105772370771
-0.7014348033053749 -0.7141359931497291
-0.09662418177129035 0.9963256332630555
0.8549148598017622 0.5206933670502566
1.0002366111913237 0.03908607977908111
0.9981002626348056 -0.07613715077629402
-0.6267974771048739 0.7804651963380335
0.9804531812527894 -0.20177353486343275
-0.20483176671132863 0.9798188339412117
0.7943185337397751 -0.6091461786447435
-0.35495664263960597 0.9359523395162914
0.9125998897281985 0.4112936192892856
-0.9987790167514617 -0.06664439734128705
0.14463313998811103 0.9904959640590059
0.8217355473230499 -0.5716219819650812
-0.8714876068001401 0.49245340002254445
0.30201271212646746 0.9543528287347481
0.4828208135428338 -0.8768609137199788
0.7557218904580583 0.6564186349293403
-0.7290039906210336 0.6859695194821763
-0.1923942676027005 -0.9823367272954934
-0.836187626581152 0.5502647118910861
0.5217021330730964 0.8542996455266625
-0.8192022295046072 0.5752466489903967
-0.9759744646205926 -0.22242941444095854
-0.8027326620168748 0.5980144424102999
0.702424720521074 -0.7131623321522885
0.8566955079376628 -0.5177584443342571
-0.5478223881762507 0.8377897295938099
-0.9886842407872123 -0.15653904311389427
0.9977545379149533 0.08054118244797531
0.9919868337727661 -0.1340265705801748
0.5579162847559267 -0.831101930694511
-0.874013557869503 0.4879562487152849
-0.6792606295754678 -0.7352591360253464
0.5468349278007436 0.8384345900171077
0.5877813869533834 -0.8102555406482309
-0.9918693392605632 -0.13489334244066276
0.27053561979917173 0.963748659360872
0.5865457658655976 -0.8111504574030268
-0.40543301777292073 0.9152185903375993
-0.9004332925652261 0.4372881037029775
-0.9840053689369809 -0.18366936027328065
-0.9456664625125699 -0.3282010689790058
-0.9940782599253342 0.11751345941559106
-0.7859529023282572 0.6199024401644093
0.7383141619290313 0.675938753360859
-0.8683792805891989 -0.49791407395592413
-0.9262430044486651 0.3795719914718551
-0.9354160296925355 -0.35636757904480254
0.11559909938683273 0.9943026944652987
-0.9982922117475609 -0.0735775778628455
-0.34552648806780073 -0.939474558486568
0.9922196748114972 -0.13229178703520011
-0.8970753954177212 -0.44413594195486944
-0.8748065343844786 0.4865331719402265
-0.5907486247926438 -0.8080947112223913
-0.8883371088091496 -0.4613655612554985
0.4061424719706741 -0.9149039799134935
-0.9131863937658374 0.4099897684588544
-0.7541259554035116 0.6582515046596862
0.773722063042722 -0.6351024871317338
0.630472511555578 0.7774994612041872
-0.2826947750251009 0.9602523960779831
0.6189292127017031 -0.7867195368518884
0.27128280171762253 -0.9635386040487621
-0.768550051131202 -0.6413515564074252
0.9386609154884837 -0.3477307661601455
-1.000128599555153 -0.04175864403747491
0.8948486606290502 -0.44860547764198655
-0.7963270342678863 -0.606518140284454
0.5280945146026433 0.8503629717047884
0.14780909073028412 0.9900270060445254
0.7153539573749932 0.7001926275446897
-1.0006803970779403 -0.025293139463810822
0.23868803337872335 -0.9721260323238945
-0.9651094643289139 -0.2656402113061141
-0.710326959093829 -0.7052918624119476
0.9052083631463822 0.42731583084394076
-0.959117930837583 0.28652014719009417
-0.36216888602578645 0.9331852431295947
-0.95173597875999 0.31016064665550946
0.13686748942187876 0.9915988555556888
-0.6040985329003422 -0.7981641200578076
-0.4987594123399703 -0.8678940307447031
0.8045364675701572 0.5955854870207412
-0.2314466804015182 0.9738754715727865
0.6239102426244102 -0.7827751970702378
-0.9259649375376026 -0.3802498316251879
-0.4234929135912501 -0.9070031709635826
0.10622488170001744 -0.9953478158452036
-0.7804362022841125 0.6268335777256608
-0.5549436853126755 -0.8330897347414541
0.43579759261222917 -0.9011556237817004
0.07071009432415809 0.9984994154032684
-0.8633735772710419 -0.5065442390060361
0.4393373641700145 0.8994352008033397
-0.6000706282533752 -0.8011967555523422
0.8249684950597268 -0.5669461898265914
-0.2704354640384046 -0.9637767686504655
0.6598435756875726 0.7527333230459767
0.16998145147122812 0.9864620145528841
0.7423542527422488 0.6714991909418042
0.9088187828919793 0.4195824351218022
0.7485564970310938 0.6645781900969502
0.732040855402234 0.6827277539561181
-0.08642439563056363 -0.9972621640470933
0.014865681409047244 1.0008896100550972
-0.3445472431057718 -0.939834132849096
0.8714600497619449 -0.4925021641261168
0.5936288387065516 0.8059812664422857
-0.9697176852278806 -0.2482913831696163
0.2738905825411257 -0.9628005758179016
-1.000188985086028 0.040286401087480654
0.9202702719766408 -0.3938319775183822
0.8935703036455723 -0.45114644234744844
-0.9189068671031684 -0.3970027324725108
0.9946478282838607 -0.11259084194640168
-0.6898013047566108 -0.7253793214285043
0.5769765989632937 -0.8179847212807527
-0.9072088625271489 -0.4230521005174143
0.994021894543277 0.11798929260146612
-0.9634488223516752 -0.27160148510118703
-0.6014132505463279 0.8001894163679621
0.6413880682743922 0.7685195806713343
-0.46610399785950235 -0.8858600697510804
0.6411612299119814 0.7687088377648297
-0.9748493509653783 0.22730979504275808
-0.9787870332416831 0.20970680379507098
-0.03308288175043281 -1.0004531587910985
-0.383607335960652 0.9245790457268495
0.9434950036143238 -0.3343922519359666
-0.7875112700360607 -0.6179215157009754
0.9282225926317922 -0.37470497531780134
0.6363701827803624 0.7726797463814411
0.40306659334731043 0.9162632380093583
0.8619905812593992 0.5088941322319243
0.9976557926560883 -0.0817552406867725
0.9817557909177078 0.195337059974665
0.7407779559715293 0.6732377142931336
0.9657091676785897 -0.26345170992332817
-0.9915611975498947 -0.13714004343523756
0.6560557935899451 0.7560369010154645
-0.15986176546504055 0.9881524254599592
-0.15137537681117397 0.9894879965392581
-0.4204322473946708 0.9084259603020306
-0.7685747623653796 0.6413219430637006
-0.5591123275409766 -0.8302977810350404
0.7386174619735894 -0.6756073155818351
0.890694763391979 0.4567973713432539
0.6911502542339274 0.7240941417194158
0.9142290708217482 -0.407659424108413
-0.9155482463793352 0.40468803855775626
0.4155479636091505 0.9106705715791458
-0.3362909736555811 0.9428199091225118
0.14930426478780395 0.9898026250299468
-0.7639508201431333 0.6468231167812681
-0.5538594345246497 0.8338109658597896
-0.8386393735768315 0.5465208148704491
0.3864621656623534 -0.9233894056743145
-0.8800611706803705 0.4769626147411301
1.0008334391194376 0.018259987413996513
-0.9791940692776201 0.20779791791915347
0.7146859733513395 0.7008744249113734
0.9977871110454071 -0.08013663975773125
1.0007666888819753 0.021610979251473005
-0.6299165363980727 0.777949970867186
-0.9816194368620917 -0.19602112430692187
0.6910920708239747 -0.7241496735097173
0.4728219018403691 0.8822927230460741
0.6880078722186693 0.7270805785916298
0.7574179588963315 0.6544608739575768
0.7543970890687581 -0.6579407511353771
0.9610018791866449 -0.28013637428891164
0.9420634723211605 -0.33840421705143997
-0.901955250357493 0.434140215083275
0.9926361599640946 0.12912960129937837
0.21967197926228005 0.9765988027470607
-0.7488917009953331 0.6642004367510734
0.9954016310717597 0.10571940625864426
-0.8641011669543286 0.505302061412941
-0.13201690838271915 0.9922562853925737
0.9882313062980665 0.15937341450950038
-0.5511951437486858 -0.8355746008034625
-0.012164029200305666 -1.0009260893760408
0.042573813148499166 -1.0000942307772787
-0.6862503071071372 0.7287396764245515
-0.9968635070398 -0.09090736126579965
-0.07044834399090372 -0.9985179171296524
0.8744437292847504 -0.4871849385136799
0.4315850292610583 0.9031806920642909
0.6871192882965457 0.727920382769193
-0.7217781515144899 0.6935685258114918
-0.4124232073718559 0.9120899615833469
-1.0001415444756239 0.04144744882273942
0.7711176318027634 -0.6382621702113465
0.7874564913293977 0.6179913221584865
-0.9111637534588903 -0.41446545619955644
-0.30149580881031063 -0.954516253015011
-0.9766267720318949 -0.21954759882668137
0.493402218866587 -0.8709507738199264
0.9537671692825895 0.30385718158153874
-0.9867223783480238 0.1684634917933833
-0.8091536622038396 0.589297336615494
-0.4920825937594933 0.8716970350522762
-0.874678629631782 0.4867630787821401
-0.014045859832420888 -1.000901450604188
-0.9785823162055919 -0.21066003515071136
0.25403396273009304 0.9682291804008211
-0.48398733294196644 0.8762175880177949
-0.5505506412731408 -0.8359993967663694
-0.7963637931042665 0.6064698747939462
-0.37810843935624705 0.9268414147455774
0.5780045326552271 -0.8172586862371133
-0.4155451116031276 -0.9106718729722272
0.8151811528852476 0.5809308805535117
0.09703491689762764 -0.9962857144929212
-0.4700697305201319 0.8837620994638379
-0.9351440813840723 -0.35708058901645645
0.877065169614671 0.4824496743172167
-0.4604302382701435 -0.8888222520203344
0.47273590161960205 0.8823388052896132
-0.28802257134869785 -0.9586678248453341
-0.08647153806472258 -0.9972580774828155
0.9771998818727864 0.21698246672902477
0.9489235854302525 -0.31866130768292894
-0.9951057233025212 -0.10846934797704849
0.031126237058414382 1.0005159455833692
0.11061013608920393 0.9948700406557269
-0.5880665218893945 -0.8100486194253468
0.9915940709295334 0.1369021493527232
-0.12671536846249645 -0.9929472369644894
-0.9292939504120994 -0.3720399894197861
0.3179384375566266 0.9491660286399061
0.760209933659371 0.6512156760748429
-0.8579305449128035 0.5157093950139168
-0.7146512053288857 0.7009098763193244
0.6206348313142247 0.7853746915705675
-0.25297601510845824 0.9685061361601408
0.7637114777840808 -0.6471056936087455
-0.4314185906774125 0.9032602059306694
1.0007761338278665 -0.02116908029529392
-0.5735134376422302 0.8204165629994263
0.9510554664978039 0.312241092178215
0.8635935822653128 -0.5061690672790705
0.9527362735540358 -0.30707424681071754
0.9381462561332586 -0.349116888882721
-0.9999713352454881 0.045368807427082325
0.927403905812564 0.37672668538822784
0.9806235708304966 -0.20094380391454295
0.44457056889268937 0.8968600834435829
0.8260159844837578 -0.5654189538539793
-0.7118135192930826 0.7037915271950895
-0.9948048363990412 0.1111950425022493
0.47966420955116085 0.8785916264543272
0.4646225451883441 -0.8866379703704919
0.950878302086373 0.3127802017732841
-0.6175034554476514 0.7878391222262388
0.9610510748164994 -0.27996755453811273
-0.022829449696187873 1.000739634583626
-0.9990016439784872 -0.06321958026023303
0.9951394030901848 -0.10815992056816001
0.1615183430327828 -0.9878830016069434
-0.6569260452760187 -0.7552808557338192
0.9961796059717333 -0.0981182584741607
-0.9327122255909305 0.36338533849512017
-0.2843808755966422 0.9597544048322398
0.8918574139174015 -0.45452321529330575
0.6110102845214825 -0.7928855101519872
-0.8130496978972428 -0.5839102574447568
0.9821783825521037 0.19320099597914459
-0.1459609198949508 0.9903011712925618
-0.0007864128430497873 1.0009996910862862
-1.000898889119088 0.014227218989518665
0.9317143739589011 0.3659362312731183
0.10160542708139236 -0.9958299740355318
0.5850109113818506 -0.8122581077244946
-0.04399157494755518 -1.0000328701265944
0.7563781299714349 0.655662355561851
0.8525274317594219 -0.5245931548330423
0.6061880020039043 0.7965783741895799
0.9029275700505046 -0.43211434047331854
-0.9926489628922633 0.12903114534450258
-0.4665614077225389 -0.8856192482235031
-0.5270963748508045 -0.8509820277885662
0.9989099561285683 -0.06465214263442308
-0.726780309774667 -0.6883250549877138
-0.867066823482174 0.5001960851671399
0.8548848880906643 0.5207425737485005
0.9409670003058366 -0.34144121651528203
0.8315612780951382 -0.5572314068434945
0.3877554174002542 0.9228470817403903
-0.46818746059735694 0.8847607030940052
-0.8361794055662352 0.5502772044223689
0.11890525379026881 0.993912742961409
0.8972146827444977 0.44385449537848587
-0.9966924554677747 0.09276394349971254
-0.5045719870202359 -0.8645276802476894
0.8777480668644954 0.48120612123667067
0.58012892326376 -0.8157520655155158
-0.8957536855577782 -0.4467956298014305
0.10650431117038717 -0.9953179550787383
0.5409800535033978 -0.8422241873227464
0.8588092578321844 -0.5142447458766424
-1.0002347254701585 -0.039134306735096505
0.23725930423503258 0.9724757182335754
-0.9950269935636772 0.1091892031275528
-0.8729374546940074 0.48987876070753245
0.9106711780314951 -0.41554663457033203
0.8714253281907275 0.49256359730260524
0.9556429311792535 0.2979053341031753
-0.2051053866533724 -0.9797615936368248
0.5984555831199447 0.8024038353800204
-0.7209033144194426 0.6944777975277988
-0.7133854947726256 -0.702198074511755
0.1253557261701567 0.9931198023986596
0.8720319666961058 0.49148880868247835
-0.039109841285087835 1.0002356823842344
1.0009400938576507 -0.010951187526347292
-0.43181269493234886 0.9030718667388893
0.3257061874675159 0.9465286469227306
0.5082594543642681 0.8623649616312902
-0.8384078164291447 -0.5468759762053124
-0.9766528928694661 -0.2194313716169665
-0.42260454938594155 0.9074174314163825
-0.05876015454308902 -0.9992738584782813
-0.7485467900375488 -0.6645891235376049
-0.855403989170027 0.5198894260436581
-0.3662456891789234 0.9315927732426091
-0.5670236462393475 0.8249152590450944
0.8198150466616403 0.5743729531124985
-0.47219975648217866 -0.8826258493711654
-0.9654183790816391 -0.26451531776322634
-0.5171464217096242 -0.8570650958433271
0.918636714324989 -0.3976274476116919
0.516237806990573 0.8576126903407878
-0.7623362600015668 -0.6487252320411342
0.8014888343772884 0.5996804552163891
-0.9929140565694263 -0.12697510097198642
-0.5868174750695676 0.8109539141979508
-0.9932451865006089 -0.12435835112034363
0.14632523991565655 0.990247405532388
-0.887864222142868 0.4622749431222072
0.6336830794894824 0.7748849945435299
-0.9629414711753306 -0.273394811747937
-0.9730302280395452 0.23497483976228303
0.9335175495228346 0.36131147882800807
0.5432125764218199 -0.8407859994179069
-0.20618781076655393 0.9795343723888896
0.3467868920376655 0.9390100380245445
-0.20770161393971398 0.979214501305428
0.17300228320881114 -0.9859367170384407
-0.0536274857861275 0.9995624506594166
-0.3360985804007074 -0.9428885110407429
-0.8647290478216281 0.5042268079480706
-0.7510933797908227 0.6617097058638319
-0.717597875586657 -0.6978927488901979
-0.40642568784569016 0.914778202767839
0.2854714475012823 -0.9594305877245746
0.8693182563060285 -0.4962728778132512
0.0885899783937407 -0.9970721216282182
0.9676082068707101 -0.2563890754233674
0.21023472771620816 -0.9786737757098081
-0.3380342868875305 0.942196275140397
0.13183461043949316 -0.9922805225793093
-0.867818936838513 -0.4988900608996666
-0.3099802266272507 0.9517947568147863
-0.014540170405949964 -1.000894391753978
-0.955105937090167 -0.29962251072827295
-0.46163538836027174 0.8881969197275236
-0.97934358125634 -0.2070921288992088
-0.7732712682550867 -0.6356512767950441
0.3125230348895364 0.9509628555645239
-0.1231434725423477 -0.9933965397414127
0.1717622115442229 -0.9861535086818064
0.9657886314723756 -0.26316025406340504
0.509616111104423 -0.8615639380236411
0.13456105095918955 0.9919144739163546
0.9982781771504244 -0.07376775057723985
-0.8179850960625092 0.576976067631585
-0.48384733345019665 -0.8762949035074519
-0.988664576499452 -0.1566631902367596
0.9740450318129473 0.2307320437228311
0.4619158680920281 -0.8880510856954054
-0.8163039068754098 -0.579352165457196
-0.9992035104735216 0.05994451315500772
-0.9359230290241844 -0.35503391914322174
-0.7132687138764718 -0.7023166962311259
-0.6280348672291286 -0.7794698233700205
-0.6226854000293731 0.7837498916046238
0.9903194427265335 -0.14583689984982595
0.7742599656415888 0.6344466136757968
-0.11036280317629256 -0.9948975081258726
-0.9069170709937455 -0.4236772667256594
-0.217715869109614 -0.9770367446201015
-0.7433066137774215 -0.6704448358476207
0.00991001819022046 1.0009509436228479
-0.27858959396657323 -0.961451422659273
0.6841970720779508 0.730667753879942
0.7499156907673533 -0.6630440835577399
-0.8687359398745154 0.4972915309658334
-0.10874970979307823 0.9950751231037389
0.019301777415387775 1.0008138894862555
-0.5050489509689382 0.864249129085575
-0.7183341097371597 0.6971349272473171
-0.20385373020787734 -0.9800227837557318
0.7117036426726812 0.703902638868783
0.9960253355373222 0.09967211730350994
0.5809941600025568 0.8151360537008061
0.5698512555925124 -0.8229644867791301
-1.000932595914841 0.011616300408382541
-0.9340545968227815 -0.3599208387329513
0.44986962481833065 -0.8942138003105378
-0.8672356195789657 0.4999033707962846
-0.5038041485150854 -0.8649753637757492
0.9205595986572686 -0.39315521784655055
0.5598855282977664 0.8297765935495717
0.6724287342786048 0.7415123716543597
-0.7716140970000555 -0.6376618894922206
-0.3977697825714591 0.918575092234192
0.33430209590894455 0.9435269517458877
-0.6889461116242149 -0.7261916105807578
0.5789738057896936 0.8165723067857481
-0.6551968041045965 -0.7567814399753229
0.7567855614520622 -0.6551920435854567
-0.4715872358771783 0.8829532711065305
-0.9809809858803309 -0.19919162969676768
0.07205113580657305 0.9984035425763387
-0.7502597896895775 -0.6626546973914477
-0.3244617470199226 0.9469559518376659
0.7537079071338357 0.6587301349748114
0.17805910833525707 -0.9850360165693705
-0.4238512391613534 -0.9068357773386454
-0.11293038906349027 0.9946093339728763
-0.29865905781590957 -0.9554076445080986
0.9756207128096686 0.2239759467816895
-0.37575391064547714 0.927798468760663
-0.9422060139885543 -0.3380071407585944
0.3933723698639421 -0.920466826467758
-0.9879124479066628 0.16133813954259366
0.7655402959493679 0.6449411254353021
-0.25422986678629844 0.9681777599355508
-0.01895371668869027 -1.0008205416675284
-0.9431960293164134 0.33523461975421265
-0.7077125656431404 0.7079151957902893
0.45930666033411516 -0.8894033909159116
0.205702725676083 -0.9796363553122303
0.989641179892214 -0.15037065891172532
-0.14642061390826386 0.9902333077728335
0.9091731298878265 0.4188140636248662
-0.7535526552343462 0.6589077293440005
-0.762177695911337 0.6489115192807763
-0.8775417890498755 0.4815821928509648
-0.8772055985779281 0.48219429468165503
-0.39421169431490444 0.92010767851669
0.7723430802243157 0.6367787421307469
-0.8156998108320471 0.580202394521569
0.9864561755689562 -0.17001533366690397
-0.3288344320202996 0.9454464111296245
0.006173352634076615 -1.000980963713724
0.1272447199542224 -0.9928795401476311
0.91655959177987 -0.4023922398808382
-0.4539275252963937 0.892160748844227
0.5828528362662723 -0.8138080678245713
0.5566558222355609 -0.8319466903421465
0.6956573910987064 0.7197650965486876
1.000476354413675 0.03237382058272557
-0.9747574271200528 0.22770366328694613
-0.4353973559277669 -0.9013490680369672
0.9063707615877121 -0.4248447275639779
-0.9265144524657424 0.37890891962595136
-0.6006726011135985 0.8007455440222091
0.8545187759078269 0.5213431323236062
-0.6601859597094938 -0.7524330525717585
-0.02893532301962079 1.000581704350899
-0.9304511960614784 0.3691362509260833
0.7411313204711376 -0.6728486945938944
-0.9553599621511215 -0.29881155051069835
0.1856539641922833 -0.9836328611731566
0.014208170871142851 1.0008991596961685
0.6832690240388567 0.7315356729435607
-1.0009420665950988 0.01076936954203001
-0.2563869920317072 0.967608758908751
0.36415794564374165 -0.93241084862014
-0.00029828959209371973 1.0009999555561024
0.7369680779426239 -0.6774061205019885
0.72659472210173 -0.6885209581515364
-0.885289932365727 0.46718597544434776
0.5132498157730112 -0.8594042277118319
-1.0009220930689304 0.012488539006285528
0.98283727833174 0.18982066357869973
0.07678326319806747 -0.9980507654887382
0.9644970500245221 -0.26785526034407936
0.8655589037881417 -0.5028009388148261
-0.6282167277629233 0.779323259603385
-0.4312476780759917 0.9033418180036092
-0.21180405125164792 -0.9783353432608828
0.8731844268483069 -0.489438409516043
0.30876175648706783 -0.9521907255014725
0.46207707156011757 -0.887967217828691
-0.8536181816923764 -0.5228164112613539
0.7385774083264486 0.6756511022042269
0.8974215222985601 0.4434361411920944
0.041513176697382845 -1.0001388184449655
-0.6832936003745774 0.731512717378958
0.03142791157804993 1.000506514908245
0.9836942810146904 -0.18532825337490083
0.24195008836306903 0.9713192856837051
0.9391485949534484 0.3464114845050085
-0.9340270589575518 -0.3599922959385465
0.07377798564347471 -0.9982774207776068
-0.28303049248834883 0.9601534983125368
0.8018267513077555 -0.599228554799628
0.2515004775519333 0.968890349725473
0.7295831340450755 0.685353522291208
0.9931413046467178 0.12518525873526465
0.7414200301835973 -0.6725305486314758
0.4051568009334736 -0.9153409018815633
0.5107348909656418 -0.8609011970896044
0.6582100696039306 -0.7541621206822767
0.08759844993005868 -0.9971597221959233
-0.0471685602789528 -0.9998880571950095
0.13955500396299225 0.9912241930405499
0.9100946354362981 -0.41680781488603547
0.9281527717023856 -0.37487788996042315
-0.4660902012009439 -0.8858673288616437
0.7036635445287447 0.7119400368719568
-0.7400016376731219 -0.6740909257964371
-0.9086772124796271 -0.41988894188851256
0.8196107406582591 0.5746644532225915
-0.21082044360717883 0.9785477712187955
-0.7943797794029541 0.6090663067973092
-0.29972466121113206 0.9550738858653147
0.9948747769827643 -0.11056752743683364
-0.4673641748575022 -0.8851958698840422
0.8794540248079286 0.4780811837430284
-0.6318181004502313 0.7764063935488047
0.8199536830656148 -0.5741750235138527
-0.6047619778750664 0.7976615511083868
-0.1440751131589519 0.9905772871251567
0.20552641089573334 -0.9796733610874179
-0.8386142666802501 0.5465593396149646
0.7148925938234026 -0.7006636705984173
0.5646205017273985 -0.8265619692612894
1.0007185310186946 -0.023736505129984816
-0.9434839999083106 -0.33442329750933186
0.10122894260669735 -0.9958683151796376
0.6550282128356112 0.7569273679748838
-0.5221428491244865 -0.8540303537393525
-0.6295001453656172 0.7782869438611101
0.6417172636791062 -0.7682447224004865
-0.9238627482810752 0.38532923888350173
-0.786004203483887 0.6198373916646691
0.5624757696148313 0.8280229517327423
0.8571257539760669 -0.517045879851062
-0.05706689613087162 0.9993719874831335
0.9682113697553719 -0.25410183682222076
0.8547496285497752 -0.5209645597293748
0.748694008848439 0.6644232695461934
0.9424396687826457 -0.33735511068436047
0.9918644324310294 0.13492941739395428
-0.7715879385221689 -0.6376935417009566
-0.843086039662935 0.5396359233089175
0.3118115714634243 -0.9511963750464517
0.06355217894191648 0.9989805406271608
0.9320211227328051 -0.3651542506665935
-0.8032970989058805 0.5972560346194888
-0.9916475790573775 -0.1365140247360769
-0.6462038369252728 -0.76447472237024
-0.7442832644776654 0.6693604576149309
0.9871615614570104 -0.16587058684937825
0.7437177667822669 -0.6699887188396515
-0.1018739108047189 -0.9958025438295245
-0.9979436676173442 -0.07816288289491125
-0.007619541233336069 1.0009709998753178
-0.8912650098850511 -0.4556837523487092
0.543958426151203 0.8403036538175388
0.6550176944007611 -0.7569364702680874
0.9991302223740067 -0.06115389389783673
0.593444476997774 -0.8061170217287552
-0.7564470144004006 0.6555828814152487
-0.3196961316545705 0.9485754495057858
-0.7430203108457658 0.6707621170509418
-0.3720134208568644 0.9293045866142992
-0.8148223078642945 -0.5814340948092953
-0.06251456417408045 -0.9990460095842058
-1.0009795196784077 -0.006403216721626093
0.8101107035966786 0.5879809928204265
-0.2851168750731348 0.9595360168063158
-0.7184491510356863 0.6970163680833482
0.12809023290326293 -0.992770815563586
-0.3483638022992448 -0.9384261618516465
-0.8752639925346432 0.4857097316014126
-1.0009193062010298 0.012709936036389612
-0.9613085067140068 -0.27908234433458246
0.9764327575120476 0.22040887018770106
-0.8826392792707776 0.47217465273811793
-0.8319254624899157 -0.556687546888683
0.13986983074031367 -0.991179817413912
0.3884829917467773 -0.9225410370945422
0.7796748751800204 0.627780287212827
-0.8680115848163097 -0.4985548000217011
-0.9420159109548618 0.33853659109154177
0.14862995777693602 -0.9899041042703208
-0.160864832859112 -0.9879896282599377
-0.1521354600724692 -0.9893714175114107
0.03392008813908246 1.0004251234453465
-0.28511295239113266 -0.9595371823847222
0.8865568794164737 -0.4647772580057292
0.06484631841903464 0.9988973695968456
0.13432104562402064 0.9919470029706576
-0.986679991567662 -0.16871157115040583
-0.9913349499520762 0.13876605133646622
-0.9926718557293256 0.12885490616541126
-0.7574730307287207 0.654397133030583
-0.02966826771156595 1.0005602400110625
0.5853420726314542 -0.8120194936130003
0.4482514997615765 0.895026029208926
0.9933182909127578 0.12377307032694064
0.8188789253709781 -0.5757067878558251
0.6245933054730248 -0.7822302747645866
0.707253753805504 -0.7083735792136967
0.9829408635227059 0.18928354079855192
0.035890071883375334 1.0003563878639483
-0.9467487530755574 -0.325065837254359
0.5507019091982324 -0.835899759065297
0.9884871098763821 -0.15777906581114365
-1.000921685080623 0.012521195444767895
0.5360794268493322 -0.8453519078519263
-0.998310998767401 -0.07332223223575521
0.9770708837832843 -0.2175626072259468
0.34709415850388553 -0.9388965039515694
-0.27927531029771585 -0.9612524647864964
-0.4634289823282957 -0.8872624066972297
-0.8010770942900063 0.6002303632805327
-0.5492790627281333 -0.836835414671549
0.550471142795307 -0.8360517453780171
-0.7059972923212656 0.7096258332635879
0.327394247540119 -0.9459460907882855
-0.5182410766708868 0.8564036352392486
0.9997976784385268 0.049046938629563046
0.08116593502900626 0.9977039094795946
-0.6391996650319738 -0.7703406962007217
-0.5281894237302442 -0.8503040236641907
-0.229845135472022 0.9742546965243986
-0.7381060892989264 -0.6761659566554984
1.0008523565146779 0.017191871888083722
0.45925142789888485 0.8894319119375217
0.7155663941952011 0.6999755249281777
-0.32435893132546584 -0.9469911740187454
0.9994368384043154 -0.05591963912961449
0.5818068315744583 -0.8145562047724454
-0.3898555850808798 0.9219618336901181
0.9714473585529827 -0.24143535275603847
0.167301407694068 -0.9869200773029106
0.742417428330813 0.6714293426047615
0.1399236499700279 0.9911722212507094
0.9885792285426578 0.15720085525849944
-0.9930333136294688 -0.1260390337239894
0.3600466589035707 -0.9340061045905299
0.9977857241933801 -0.08015390568083457
0.4588033498654982 0.8896631307142031
-0.7438466115073483 0.669845667709388
0.7228401298336127 0.6924616572071884
0.9394029027727993 -0.34572125514934526
-0.8763930062691055 0.4836696171588614
0.8008195491047776 -0.6005739336431617
0.9244879444765342 -0.38382683663020833
1.0007319929312766 -0.023162001722553442
-0.23380504224567478 0.9733119757921909
0.6191113380486052 -0.7865762207819823
0.04272755533317666 -1.0000876741642457
0.5115943748693266 -0.8603907226383041
0.9604727894855427 0.281945066737938
0.26108182404472624 0.9663525656578341
-0.9115697688413791 -0.41357170664163523
0.13143884178901577 0.9923330241754338
0.8445945994871901 -0.5372717771454899
0.5488412913049646 -0.8371225937452047
0.6329286922206584 -0.7755013027480013
0.9576800622346002 0.29129005887316567
-0.853563502010896 -0.5229056779524344
0.0937398883735876 0.9966011405410428
0.42627088855761136 -0.9057009051382827
0.667667590465903 0.7458022449962559
-0.7599228222074565 -0.6515506920326725
0.9412656210585824 0.3406171320019021
0.060193153564025964 -0.9991885629169389
0.9971862052861218 -0.08729646033525398
0.8608356168439522 -0.5108454176880639
-0.9446157519943685 -0.3312130448580091
-0.9759446763662019 0.22256007879327652
1.0009982172985763 -0.001889170472047108
-0.7989316662531745 0.603083072766867
-0.5357219918874822 -0.8455784691015426
0.9143339914356403 0.4074240445842272
-0.2130412141221421 -0.9780666853979658
0.5916869620120077 0.8074079136254493
0.15477816469067135 -0.9889614349078468
-0.6013067135406792 0.8002694772705676
-0.05130313480701595 -0.9996844443918156
-0.30025898239693305 0.9549060390896887
0.00470954341677703 1.000988921117914
-0.41502434553836837 -0.9109093218374972
0.4577579078065731 -0.8902014928321278
-0.9915063265972652 -0.13753619275520562
0.7377882762141486 -0.676512719378546
0.24390584984982405 -0.9708300244682563
-0.6769584591151415 0.7373793085193354
-0.8055418892113703 0.59422492772163
-0.32675025672934754 -0.9461687321653075
0.039981975223064486 -1.000201200587793
0.7937162852401304 0.6099306997885974
-0.3147396801442797 -0.9502315158647794
0.6772761504518487 0.7370875226383395
0.6150305031516949 0.7897711568504974
0.8884482249902131 0.46115154939752684
-0.9909842747447061 0.1412486007318612
0.7316255670751477 0.6831727670230778
-0.7825220697133884 0.6242276911604251
-0.7075591350617692 0.7080685492172641
-0.5794944805343786 -0.8162028834978413
0.6627858977123614 -0.7501438887264357
-0.8938452350841138 -0.4506014821518292
1.0002988965258073 0.03745821150632197
-0.71569877186263 -0.6998401731497864
0.9621641575207545 0.2761179711325882
0.979825078844083 -0.20480189175929633
0.6191221069392537 0.7865677445071717
0.42266482124629706 0.9073893590299787
-0.20239975854375813 -0.9803240983171986
-0.9954639875869399 -0.10513063025355159
0.06999566357192606 0.9985497519308318
-1.0009441577444191 -0.01057322454670755
0.8619692093742354 0.5089303312740905
-0.26692612287829603 0.9647546034744592
-0.8307896180488148 -0.5583812412163435
0.985436161735194 0.17583108696873984
0.11803790262951114 -0.9940161233817216
0.3014516701479321 0.9545301936371747
0.9473803663019813 0.323220422537815
0.37404916736578886 0.9284870598952686
0.11072092667235979 0.9948577166594297
0.5897436349299925 0.8088284398187044
0.8324230017247554 0.5559432940503445
-0.958203847945481 -0.28956240395202115
-0.9495900953772726 0.31666962399539106
-0.9229328874815033 -0.3875511388256458
-0.8313321088014194 -0.5575732461980085
-0.7405911269611917 0.6734432289854521
0.43431714221836937 0.901870068233373
-1.0006867167812685 -0.025041862101794696
0.5880225327166325 -0.8100805521783107
0.9953820150714207 0.10590393794547079
0.5463215371143108 -0.8387692043017894
-0.31299128999099907 0.9508088411398846
-0.45847906122883514 0.8898302930417272
0.881176730397842 0.47489848368400706
1.0009335006113762 0.011538082763451361
-0.5004662487715239 -0.8669109145930504
-0.9859469097367476 0.17294418515971452
-0.7077822194509273 0.7078455550677134
-0.5143071002231167 0.8587719177174398
0.657184698275732 0.7550558074422281
-0.9250173020746937 -0.3825493312795813
0.5093810631892844 -0.8617029258765194
0.5325247938073061 0.8475956252721496
-0.43826182216128773 -0.8999597631204785
0.4393985268734997 0.8994053227446447
-0.8730496736776693 0.48967873885979085
0.2739063208217182 -0.9627960985659996
-0.9983881379658851 -0.07226427865143896
-0.8449276188106261 0.5367479100760482
-0.9772441821777633 -0.2167828600229147
0.340520085189012 0.9413007338692921
-0.9915507768998203 0.13721536659340583
-0.5079618300838127 0.8625403058280255
-0.9544265510135872 -0.3017796525949166
0.9910366628554564 -0.14088056245032654
0.5690743948731606 -0.8235018719467164
0.5093639955883622 -0.8617130148711106
0.2570824783204468 -0.9674242085768874
-1.0000542144854074 -0.043503656052963996
-0.9815527097190214 0.19635497967519566
0.9539401790669125 -0.3033135914557523
0.7544865695883921 0.6578381383826422
-0.9840080910802652 0.1836547758392695
0.29665630664811293 0.9560313989225985
-0.6874554923669325 0.727602876584843
-0.3921029464631013 -0.9210082949544778
0.7300908566291114 -0.6848126320874713
-0.916312903095539 -0.4029536742860468
-0.38588749130327593 0.92362971154877
-0.457769672963613 -0.8901954428746458
0.9587526263429756 -0.2877401631341141
-0.5914157681720768 0.8076065806798706
-0.9224271437028335 0.3887533466868577
0.8992016642138073 0.4398151510295198
0.3951458116464862 0.9197069030611
0.21486213377393934 0.9776682788503009
0.9529568576895064 -0.30638901315572936
0.021689246693732057 1.0007649956797342
-0.926948734926436 -0.37784526306185157
0.5735403856903485 -0.8203977242668133
0.9328831022948675 0.36294643882080424
0.5345355572656534 -0.8463289774187679
-1.0006060572888609 0.02808056475288495
-0.8370954019804777 -0.5488827634232492
0.16080939911046985 0.9879986524068389
0.6496601791205044 -0.7615396586292233
-0.09062129240522215 -0.9968895532418861
-0.1991473231293229 -0.980989981442433
-0.9595668439010985 0.2850131086207876
0.4610785895301384 0.8884860912118423
0.7377623502952464 -0.6765409924659659
-0.9966286537665907 -0.09344691804116904
0.49472312732153834 -0.8702011418592812
-0.7041021074539858 0.7115063051574847
-0.7925478883136816 0.6114481537542854
0.8100687257429886 0.5880388248858495
0.8971554585240394 0.44397419208836963
-0.7297674927309108 0.6851572130199316
0.8740158327250565 0.4879521740354541
0.9015493412444069 -0.43498251148957245
0.9620730756824032 0.2764351588474248
0.020994520207165922 1.0007798110080313
0.7669621489968149 -0.6432496109646608
0.36336615304476505 0.9327197000286036
-0.7142831233264383 -0.7012849775455254
-0.51066609563921 -0.8609420066210065
0.9334851427790926 0.3613951967177997
0.9186072836525773 0.39769543424640075
0.4866732346860173 -0.8747286222825047
0.8903112236012667 -0.45754445153407275
-0.7295128201506358 0.68542836623229
-0.902756706743661 0.4324711879759617
0.9735313643201041 -0.23288985097044643
0.979985389113242 0.20403342158716997
0.7633748911186259 0.6475027224727523
0.0007344300902773936 -1.0009997305756093
0.6685319960552342 -0.7450274963049379
-0.8420023950983724 -0.5413251949139299
0.9706652502953643 -0.2445607733653081
0.5591786502867089 0.8302531162624651
-0.9397236906969185 -0.3448483509355411
0.36657718713231047 -0.9314623802785397
0.40953575431370737 0.9133900951612639
-0.9756707298311152 -0.22375796511145454
-0.02561761336826674 1.000672143054514
-0.34492892521644225 0.9396941186093644
-0.6688277295228143 -0.7447620211996293
0.8414345958484846 0.5422073596967284
0.8241557233519243 -0.5681270488775081
-0.8423098632763525 0.5408466457577159
-0.5290701604932818 0.8497562975792607
0.3643293278348446 0.9323438962525632
0.8546730015650192 -0.521090261275185
0.6766894478598252 -0.7376261865980389
-0.2084061294316009 0.9790648013361214
0.3295892074775144 -0.9451835558844345
-0.6059076716207187 -0.796791624875136
-0.8394433071501831 0.5452851860089025
0.022026329471762637 1.0007576334008157
0.8988258694104956 -0.44058263297418643
0.6201142370971153 -0.7857858060244298
0.9128866164962512 0.4106568219596824
-0.19617386574903214 0.9815889233263997
-1.0008250081721943 0.0187163836551634
-0.6814571106184003 0.7332238446665665
-0.3175168218617425 -0.9493071514714394
0.9361004827599609 0.3545657712985956
0.8792265993688463 -0.47849930717012995
-0.9149724818985304 0.40598812466431
-0.6985984097102266 0.7169109163280626
0.850743278288403 -0.527481634227298
-0.3553332427855581 0.9358094285544999
0.9090900963265633 0.4189942681719641
0.03181418543636448 1.0004943066329866
0.13054480648893932 -0.9924510333002659
0.9981297476199418 -0.07574963310902048
-0.8482985726057661 0.5314043015586342
0.5469873006441897 0.8383351912773214
-0.9416920916430898 -0.33943630409380604
-0.15740413859145172 -0.9885468816167917
0.8880349446053294 -0.46194689863642296
-0.9765080242731734 0.22007516563688714
0.08400462142291135 -0.9974689085779032
0.4738856440701741 -0.8817218361502658
0.7727784511059818 0.6362503167042354
-0.31775356339211086 -0.9492279351934475
0.012072661904677864 1.0009271955714538
-0.6586161057403275 -0.7538075518721246
1.0009456154722955 -0.010434311993960615
0.5482339603596222 -0.8375204622625074
-0.6945396353371628 0.720843738230222
-0.4367657487050292 -0.9006867828263804
0.9638596207674986 0.27014002194035175
-0.6700766758089739 -0.7436385200732917
0.941134614327702 0.3409789402796714
0.7300688597027599 0.6848360826448268
-0.8698721959796464 -0.4953012847364194
-1.0009347197992058 -0.0114318283964392
0.9941067951526581 0.11727182027798082
0.7025921211616741 -0.7129974132362188
0.911347138316196 -0.41406206477155144
0.6941693969387859 -0.7212002831070176
-0.4115382158128619 0.9124896146946366
0.6158604074966318 -0.7891241717740513
-0.09541528869276018 0.9964421321299483
-0.9762517826261701 0.22120907964915262
0.24032752969649687 0.9717220170758607
0.6281382709235649 0.7793864975743128
0.15472265114351455 0.9889701215017177
-0.9370702385543946 -0.3519948408934567
-0.9350492866683696 0.3573287442971432
-0.16679661585829744 -0.9870055161640281
-0.9860556020880155 0.17232338666252303
0.8012668944073327 0.5999769694970203
-0.810980481436353 -0.5867807586562983
0.8762358588062683 -0.48395425376996265
-0.775203324544201 0.6332936172231789
-0.9995673219642724 -0.05353661234307288
0.9181313037807907 -0.3987930654083464
-0.5486642066983137 0.8372386686531565
-0.7339515651207977 -0.6806732696799039
0.7498181770866339 0.6631543570772022
-0.7913348431327263 0.6130172640669294
0.6807706262651476 -0.7338612637376077
0.122425765783983 0.9934852449192214
0.047344943546325444 0.9998797209267699
-0.8976929352891726 -0.4428864345765283
0.6068154233327555 -0.7961005225506945
-0.8952745585615733 0.44775491598907097
-0.9605299341005543 0.2817503251050206
-0.7182464339569519 0.6972252577955864
0.9688636295660845 -0.25160339287067035
0.7564322846730337 0.6555998769862107
0.14905885785249046 -0.9898396117026793
0.9573106089990255 -0.2925019622120761
0.1272824494992045 -0.9928747041039381
-0.9760824454859577 -0.22195508467740116
0.5495174433079639 0.8366788986823311
1.000996962075919 0.002466153843779471
0.8393824860811772 -0.545378806024017
-0.7532082558266157 0.6593013903781999
0.7910583461685383 -0.6133740237058438
0.7998159637418619 0.6019098139619229
-0.9621190310790695 0.27627517086316755
-0.9957633843601081 -0.10225596494925555
-0.9928888744545842 0.12717186396490757
0.49137581007825076 -0.8720956445654015
-0.9605387509046387 -0.2817202655304665
-0.15449009642729172 0.9890064762709525
0.9597338090112194 0.28445037500558196
-0.6222870222708132 0.7840662356671944
-0.7637633328349726 0.6470444895189317
0.6979940245879342 0.7174993669959148
-0.8958653858283564 -0.4465716185278798
0.5982826975863933 -0.8025327493434448
0.8103965138135152 -0.5875870066627589
-0.6398142409784534 0.7698303300345899
0.9889531547481474 -0.15483106185028522
