1000
0.5434205270663451 0.8406516108132641
0.759515540886549 0.6520254160320844
-0.6763259192989781 -0.7379595184591036
0.8938436211520264 -0.4506046836483535
0.7896207771470224 0.6152235596088079
-0.16918929141116323 -0.9865981875473867
0.3082803649421171 -0.9523466892845037
0.10479553774056286 -0.9954993195726787
-0.9990963870313777 0.06170420910154816
-0.5617410224439596 0.8285215891596398
0.14797614552481728 0.9900020506825317
-0.9251272224083681 -0.3822834319702828
-0.11231773536531128 -0.994678705071345
0.977509121463138 -0.2155850585183593
-0.20673738437608682 0.9794185284654023
0.9210191609928676 0.3920774223083934
-0.3471275146039642 0.938884172091997
-0.20104619146290095 -0.9806025845867746
-0.6242926556894123 0.7824702422790664
-0.7711292319437388 0.6382481552200988
-0.34172823622316784 0.9408628022022142
0.5688992923755722 0.8236228476278284
0.9130446997042541 0.4103052233910367
0.6870125249610605 0.7280211470463123
-0.37313623245190564 -0.9288543222871913
0.8667267042139505 -0.5007852036576392
0.18670997264243433 0.9834329596448663
-0.7825589343379148 0.6241814754443673
1.0008369816895413 0.018064774633765775
1.0009428757421535 0.010693900178496588
-0.9889625624011927 0.1547709603538951
-0.7518975622154586 -0.660795774755295
-0.9920847366846972 0.13329994462585126
0.9805443103669075 0.20133021483892038
0.8289478276634134 -0.5611118418034929
0.9536822094682151 0.30412373032011747
-0.30593936773589936 0.9531013079779914
0.594867791597601 0.8050672708039951
0.8837973603304298 0.4700034317672206
-0.6346018303151232 0.7741327515101629
0.3342462731018695 -0.943546728528858
0.920841727989755 0.3924939642756843
0.35132342312771714 -0.9373221710606353
0.9998056450797855 -0.04888427218026112
-0.5071472320212236 0.8630195160326395
0.5848322794613472 0.8123867335820081
-0.8462614481031734 -0.5346424613274932
0.4706982418672926 0.883427509817891
-0.10250525104105417 -0.9957377533813864
-0.34897989940314905 0.938197223302525
-1.000226271372226 0.03934979106442867
0.6272257379689697 0.780121063444182
-0.9820491149120824 -0.19385699858502858
0.8718739886906258 -0.4917689984583194
0.36751992767933483 0.9310908133788973
0.2499414308414518 -0.9692937022125584
0.9949113375782751 -0.11023806220270481
1.0002802589954722 -0.037952647654030586
0.5287868581857035 -0.8499326200411964
-0.8470078042919166 0.5334592575526143
0.9587937859542937 0.28760298332150885
-0.9852068972654421 -0.17711117858735148
-0.3790270910220105 -0.9264661160945891
-0.4482006716644732 0.8950514833904891
0.9682530679006573 0.2539429000798508
-0.4049000446058815 -0.9154545067222921
0.05916835233726566 -0.9992497716195352
0.7044165944536228 0.7111949532008507
0.8798552568703776 0.47734235822684107
0.16202060277065788 0.9878007513045497
-0.9674073784205149 0.2571458033442244
0.9043008230365184 -0.42923306193194793
0.4863165215841158 -0.8749269917166381
0.3857188772123743 -0.9237001395269058
-0.8445179478120628 -0.5373922550831022
0.5124250673523394 0.8598962439439717
0.27239277731392897 -0.963225401900928
0.9286208718311584 -0.373716839866147
0.09906404114553534 0.9960859981707983
-1.0009977909618504 0.002102971587005244
0.5213316605989723 0.8545257747178361
-1.0005904783880428 -0.028630308401896624
1.0009258839978592 -0.012180917170067154
0.4951033857592262 0.869984848954136
-0.5721655173340777 0.8213571822135771
0.5738720197956411 0.8201657789103807
-0.3532660213910796 -0.9365917563861628
0.9190162853571147 0.39674937586392034
0.8126725983486836 0.5844349817500654
0.9181713216035896 -0.39870092072218455
-0.1233403643358041 0.9933721128185102
-0.8369905838666496 0.5490425871629313
0.7324116308874775 -0.6823299809774926
-0.9017604971087452 -0.4345445959325564
-0.444153926218564 0.8970664913063214
0.052834133700369074 0.999604699026636
-0.7007312553139646 -0.7148263480217524
-0.6056632784827518 -0.7969774106569926
0.04385195074953915 1.0000390024471346
0.25152314224089095 -0.9688844662379867
-0.8188171379181478 -0.5757946636184924
-0.8764243082331512 -0.48361289471853663
0.3383622035604078 -0.9420785631791784
0.11415160912964371 -0.9944699141417568
-0.2738196231236897 0.9628207590161321
1.0000648418340803 0.04325866534436816
0.9904706898982354 0.14480612021773714
-1.0007530247770586 -0.022234734079089616
0.993870763280185 0.1192556325582255
0.682789118824066 -0.7319836194994089
-0.0653780934103698 -0.9988627057318864
0.6439355050565457 0.7663863681770254
0.726653729202245 0.6884586827373669
-0.5995344349971274 0.8015980671462944
-0.5794708405092422 -0.8162196671236931
-0.8175178265264587 -0.5776379517582403
-0.692504432866191 0.7227991494603982
-0.8602305658343736 0.5118636279364586
-0.8588411496018657 -0.5141914816005277
0.8624413832485696 0.5081297673432388
0.835005969189593 0.5520561850190145
-0.5765504415524951 -0.8182851509991018
0.020878570974716026 -1.0007822366899073
-0.9889580306839264 -0.15479991455349779
0.4070377278384747 0.9145060350353582
0.26348468203870756 0.9657001720673768
-0.5099191943103317 0.8613845919645313
0.5201839263912619 0.855224931070283
-0.6669245067803012 0.7464668125615846
0.9969344942350957 -0.09012554690105253
-0.7890877921569183 -0.6159070191749076
-0.9087085224185716 -0.41982117774578304
0.2479519286132423 -0.9698045375728934
-0.8539944849724815 -0.5222015124801785
-0.2696146625364081 0.9640067083508178
-0.8205522141041471 -0.5733193385267776
0.2858353994078688 0.9593222213861952
-0.5432525275616341 0.8407601865561285
0.19336408595221566 -0.9821462876088592
0.2964586067855093 0.956092722732892
-0.9207869613648254 -0.3926224290339658
-0.9705157839527401 0.24515324411191972
-0.952829578747761 -0.3067846049973246
-0.9961060436800714 -0.09886227664805093
0.9600661992525598 0.2833264778532785
0.8885316217461398 -0.46099084281271235
0.8206254979947637 0.5732144380952438
0.8087857135840616 0.5898022291432276
0.17566387637120845 0.9854659824358427
-0.8656704764614538 -0.5026088202399551
0.8264284334723334 0.5648159384688652
0.6015499941999851 -0.8000866231090218
-0.9923592951579384 -0.1312403494114509
0.09228927388840702 0.9967365198111037
0.2892986312089307 -0.9582835185792559
-0.542628547990409 0.8411630394316076
0.022442613399443583 -1.0007483845122125
-0.787060540184786 0.6184955182408624
0.7722846024417667 0.6368496626609473
0.8327913152403467 0.5553914162644698
-0.9962420058016377 -0.09748264397486256
-0.5389952599428085 0.8434957674814879
-0.13526968151407978 -0.9918180847630675
0.20816318574245707 0.979116483418368
0.2678545239703233 -0.964497254526228
0.9386639085720725 -0.34772268655381094
-0.8707798030333044 -0.4937038936744166
0.863877982118349 0.5056835295035124
0.7662908399476079 0.6440491818272805
0.23652090310800483 0.9726555723343047
0.7987164382850203 0.6033680893230031
-0.9941981940877193 -0.11649442421299654
-0.5770480339965013 0.8179343289413721
-0.985529240234318 0.1753086325403512
-0.19813235735379317 0.981195479488888
0.8803833679336631 -0.4763676368791022
-0.9984473468503218 -0.0714415535074185
0.9276319498413561 -0.3761648117960047
0.5202562871254873 -0.8551809140213563
-0.01062902781396561 -1.000943566724783
-0.9108465692189427 0.4151620494964368
-0.07830927465173845 0.9979321908343866
0.3992476021780693 -0.9179337406126121
-0.4813053618929319 -0.8776936530550474
1.0005203798532325 -0.03098337454737989
0.21760301640113527 -0.9770618850682526
0.5561366015049728 -0.832293866651977
0.7537834424861074 -0.6586436986974014
0.48091457012799455 0.8779078404016029
-0.9757803872917385 0.2232792775355222
-0.9786789399354054 0.21021068604357607
-0.9930995227755617 0.1255162852499686
-0.002171994929931094 1.0009976435726633
0.6704329980882725 0.7433172909830434
0.8385869546369452 0.5466012436070138
-0.6526662159314046 -0.758964960048737
0.9898671931603719 0.1488755853214592
0.8836340352856182 0.4703104205573749
0.4320679143092342 0.9029497867680507
-1.000669854649859 -0.025706847240181876
1.0001132896631162 0.04212372062413139
0.5463784909645557 -0.8387321053896142
0.8655456621971828 0.5028237331825541
-0.37621174551671627 -0.9276129163262365
-0.4426946114040906 -0.8977875478273137
-0.02699642771215742 1.0006358942646332
0.9709958098086209 -0.2432450150241532
-0.23366435319504686 -0.9733457607890119
0.9779387391178169 0.21362776629608465
0.9904399422704316 0.14501627755305274
-0.4482636334978603 0.8950199522263712
-0.9913777965779113 -0.13845961307300272
-0.9444423513352328 0.33170716755050184
-0.4197561331859894 0.9087385700259155
0.21399965098096452 0.9778574279413259
-0.006209829315623523 -1.0009807380863385
0.9162484905950748 -0.4031001159541474
-0.7834078915481569 -0.6231156196566342
-0.9992132381320668 0.059782144003286034
0.9990582709768913 0.06231830543800488
-0.16719268626108377 0.9869385014583243
-0.11859618836261651 0.9939496687991092
0.9407585991525 -0.34201499692356413
0.8227550415785088 0.5701536122459862
-0.5679276802053028 -0.8242931214420167
0.7871880001670472 0.6183332858523831
-0.4190141959787114 -0.9090809114530533
0.10774717849067138 -0.9951841766865566
-0.4829306240315938 0.8768004404495103
-0.8979577054528166 -0.4423493633067787
0.5033280350916184 -0.8652525001933312
0.6980423402151863 -0.7174523616707288
-0.17621593186195525 -0.9853674164280158
0.9136006037978085 -0.4090659320210861
-0.016550438815345982 -1.0008631689571854
-0.832590823990745 0.555691928865637
-0.9435476188714782 -0.334243759735262
-0.8071330515036395 -0.592061852487072
0.1489050848063996 -0.9898627560014565
-0.9935788245752893 0.12166396079195563
0.6147619957809437 0.7899801823738561
0.24209145049168296 0.9712840622592512
-0.6304779518800089 0.7774950496261627
-0.6790439460771868 -0.7354592574003829
0.6199459183898113 -0.7859186079180295
-0.9976302880862288 -0.08206587776285655
-0.61712838444071 -0.7881329564975692
0.7815923359562837 -0.6253914137357497
-0.3230558966183585 0.9474364821243209
0.4238624034962881 -0.9068305590915813
-0.33993350022348356 -0.9415127271714445
0.5150101844480253 -0.8583504586792104
0.9927697381143553 0.12809858345959313
-0.13398913230014395 0.9919918913103345
-0.4711416929935578 -0.883191092076434
0.9054222728797456 0.42686239910921575
0.4720826762333726 0.8826884766441311
-0.4902900196354773 0.8727065352372717
-0.8103325418764811 0.5876752262738332
0.9679709223545601 -0.2550162611992855
0.2616718116106502 -0.966192974000743
0.8351371305216008 0.5518577472720184
0.9826440182898758 0.19081858745710834
-0.5264764725404126 0.8513656816324018
0.8552002465760635 0.5202245075505768
-0.7050974995492104 -0.7105198914382702
0.4276475477896853 -0.9050516973463277
0.29927204927231776 0.9552158083513628
-0.16051979807298666 -0.9880457451082959
-0.9954443582511517 -0.10531633124047124
-0.1558040670677161 -0.9888003300389612
-0.8332437367404018 0.5547124256611637
0.612647768172702 -0.7916209396883127
0.5236446432624107 -0.853110360728659
0.5715999959244153 -0.8217508409847893
-0.6524854909740001 -0.7591203356967972
-0.7270621921735023 0.6880273023011958
0.05394087123224752 -0.9995455879602021
-0.4539380983901687 0.8921553692210328
0.3260171128924885 -0.9464215984968043
-0.9725006570227119 -0.23715706207151743
-0.09962326986931691 0.9960302224835074
0.6974273471022724 -0.7180502040344299
-0.953174732413515 -0.3057105321843261
-0.06935950630966005 -0.9985941412227894
-0.9913031022326264 0.13899337935301434
-0.9373550437950537 -0.3512357070002606
0.36358880091151485 0.9326329309282012
0.16395000230692372 -0.9874823526238632
-0.94684564999716 0.32478348954565955
0.9050794170709042 -0.4275888782400593
0.9976425362652865 -0.08191684707168893
0.08085536186006846 0.9977291267966859
0.9925185751651343 0.13003029628579518
0.4586590348168467 -0.8897375398289534
0.6742824719558937 0.7398271068385163
0.9956520605968902 0.1033342839001972
-0.03642135436967308 1.0003371856258663
0.8214265416203449 -0.5720659373897731
0.644054612320393 0.7662862757147805
0.4447290676505655 0.8967814986866414
0.4907331586957669 -0.8724574298820976
0.7868012626380211 0.6188253171220582
-0.011034382279673014 -1.0009391801741532
-0.98492019648205 -0.17869864734171925
0.6374106245686255 0.7718216735017452
-0.9972953987371257 -0.08604003520313985
-0.9619848934384964 0.2767418739477728
0.8579097536608029 0.5157439816165191
-0.22465082666513633 0.9754655330039452
0.5207445443773362 -0.8548836877033276
0.7525389763558872 0.6600652157667706
0.6432701647188018 -0.7669449101354318
-0.08644505082003139 0.9972603738185541
0.3446271450213996 -0.9398048366093884
0.4288971539456894 0.9044601878122042
-0.030188667763478685 1.0005446738345403
0.7641643892432676 -0.6465707897921648
0.608134123231897 -0.7950936348386722
0.38489040529665874 0.9240456568322659
-0.6935537887426618 -0.7217923123175386
0.9987931974558028 0.06643153404832701
0.8414356963865827 -0.5422056518023644
0.38296247413169654 -0.9248463350237863
0.7137201859346427 -0.7018578888845085
-0.1354193548695955 0.991797659972387
0.9273650847796655 -0.37682223863727005
0.9306766478617904 -0.3685674661778233
0.2803312881903047 0.9609450394593669
-0.805447804932077 0.5943524489140252
-0.01706731853744886 -1.000854488243891
-0.4579712199684613 -0.8900917714935911
0.2889987583673899 0.9583739967581064
0.8434632486549994 0.5390461466037528
0.2442225307324845 0.9707504084380396
-0.7106640605897222 -0.7049521919861853
0.5496665749168249 0.8365809323784559
-0.9889138578780772 -0.15508185482737166
-0.7170719166912557 0.6984331509119028
-0.5224699538743878 -0.853830280148517
0.7098966035707079 0.7057250259405381
0.8185582162821751 -0.5761626910491029
0.984089355875457 0.18321882996195604
-0.3398631555948302 0.941538122153917
-0.6434125943579668 0.7668254256488568
-0.9315197075500502 0.36643148670095055
0.5878613557601365 0.8101975230793131
-0.6742369305071607 0.7398686109981163
-0.9233993483988115 -0.3864384082575776
0.5992678834303492 -0.8017973583698749
0.9998189924651218 -0.04861051641392509
-1.0006025331216784 0.028205863051511643
-0.12894641322976827 -0.9926599732613267
-0.6134059476922525 -0.7910335917872069
0.7950642408633266 -0.6081725519130423
-0.6818777403269808 -0.7328326870756862
-0.10042424347592195 0.9959497835344354
0.27753974536833953 -0.9617550050511187
-0.34517580019504834 0.9396034626158569
0.9848262530332551 0.17921565594690417
-0.553426972709286 0.8340980673025415
-0.9558813933016124 -0.29713929719875204
0.4272728283010641 0.9052286618283854
0.9541352594486829 0.30269936682588966
0.4745057939355997 -0.8813882524299641
0.22087638894578446 -0.9763271074830764
-0.9966675442188436 0.09303121143347244
-0.6260191395612236 0.7810896471615952
0.5230338874341453 0.8534849457345606
-0.4203113759007156 -0.908481891557805
-0.8855746611400432 0.4666460323914664
0.9843303792939049 -0.18191949977700939
-0.21853285589208168 -0.9768543345328672
0.9727782295244655 0.23601592353747336
-0.23945445545716001 0.9719375307918277
0.9859251794466657 0.17306802284957257
0.9407965605414635 -0.3419105609269074
-0.24351751480784853 0.9709275050083859
-0.7377064446972027 0.6766019520014799
-0.33231789606179696 0.9442276293124771
0.9746553871920198 -0.22814003641968195
-0.885545894017154 0.4667006209438333
-0.5244334777430826 -0.8526256666452727
-0.8383900784085322 0.546903169149837
-0.9381522374733053 0.34910081541559135
-0.9719108264950826 -0.23956282128419973
-0.8689429751183644 0.49692967912215263
0.5047077829342421 0.8644484101700933
0.7940812658966333 -0.6094554480452203
0.5296005635687717 -0.8494258314106296
0.6642200347328792 -0.7488743188676273
-0.14671468905522053 0.9901897797975042
-0.9719483793360346 -0.23941041728808657
0.03329659586271225 -1.0004460688632622
-0.9926945443774421 -0.1286799967487668
0.9998700413601569 0.04754892628060165
-0.9316811446138352 -0.3660208255974704
0.9229259706110705 0.38756761058119055
0.9581313012942393 0.28980236279265875
-0.5001071168403746 -0.8671181417117324
-0.7004880541766488 -0.7150646725687211
0.6399917886490794 0.7696827336388365
0.23794112401978704 0.9723091182850238
-0.9900242830329891 -0.14782732834295548
-0.1371591270680575 0.9915585579590993
-0.6742239513379077 0.7398804386130902
0.33998587555153353 -0.9414938153941624
0.9325025221826373 0.36392313216257643
0.09736090752509947 -0.9962539102487322
-0.22671012585838823 0.974988983954831
0.7290012457411925 -0.6859724365510538
0.4965787721850957 -0.8691435571959001
-0.0043734420529461205 -1.0009904460106547
-0.8830728422704046 -0.4713632943330113
0.25268753564758767 -0.9685814417633394
-0.5653298571630636 -0.8260769653004435
-0.9648644188207874 -0.2665288976708233
1.0001073716983435 -0.04226399264895975
-0.9935868567485042 -0.12159834742556021
0.47246512387650486 -0.8824838280219978
0.1453355387165213 0.9903931447591803
-0.6200733755371015 -0.7858180507916731
0.9401435448836815 0.3437020730422575
-0.9170005142957021 0.4013864182822056
-0.25167298564482665 0.9688455544082447
0.8732311827644809 -0.4893549851056448
-0.2914809233159839 0.9576219877085433
0.19219135887766947 0.9823764459578389
-0.6114763050054823 0.7925261689161074
0.9570340144269084 0.293405683704178
-0.3753102414161802 -0.9279780292055027
0.6159566772806091 0.789049029980667
0.8610490957032816 -0.5104855088918402
0.8390583413904591 0.5458773669452616
-0.5220798317998244 -0.8540688785032897
-1.0009354622498325 0.011366635857361545
-0.7431285064963719 -0.6706422465312426
0.860139943064763 0.5120158965740674
0.11628255729621013 -0.9942229965498955
-0.9770929373128645 -0.2174635414346933
-0.7565014192424694 0.6555201009001399
-0.9667468023659531 0.25961821992149314
-0.9367256404674389 -0.3529108591285716
-0.8202604304118598 -0.5737367221126346
0.4772232987266917 0.8799198390492253
-0.7581820351555751 -0.6535755515373493
0.6187348380020523 0.7868724167503739
-0.5754606461105237 -0.8190519182433179
0.159978156209827 -0.9881335889117949
-0.9498434381294941 0.31590891573734037
-0.7298593058656005 0.6850594088408564
-0.9443541465685436 0.3319581989630589
0.00037570171775449347 -1.0009999294946126
0.4217029938446024 -0.9078367611980136
-0.020890387368317602 -1.0007819901035397
0.004781648439534589 -1.0009885792746092
0.49649306329096543 -0.8691925207363174
-0.1782901581033685 0.9849942230914229
0.8466416638900383 0.534040160442553
0.9421852078613108 0.3380651329068684
-0.37815859013111836 0.9268209539657833
-0.4164712068962542 0.9102487208595118
0.035255640643726556 1.0003789481005687
-0.23168797809195263 -0.9738180943110797
-0.8258275217281621 0.5656941791783985
-0.3435990117799422 0.9401812160981771
0.00477493570988391 1.000988611318314
0.8065985031792946 -0.5927898908288851
0.9384246632529948 -0.3483678392138162
0.20789546227381864 0.9791733639994274
-0.956889676668422 -0.2938760736865164
0.6335213467656577 -0.7750172276744739
-0.204430359276823 0.9799026626180527
-0.10851773541078813 0.9951004477445049
0.6110211127437769 -0.7928771656324558
0.9255504437974729 -0.38125762416809567
-0.6441018816639532 0.7662465438988647
0.49265386708077924 0.8713742980202904
-0.4261889235882994 0.9057394776703988
-0.8356459273214994 -0.5510870023426349
0.9631804292372184 -0.2725517579000506
0.8619394375927321 -0.5089807520155597
-0.18417470243857345 -0.9839109100836635
0.1275085025112978 -0.9928456988814155
-0.5302129805135175 -0.8490436945734726
0.4669944596766983 -0.8853909727523026
-0.8265172033672024 -0.5646860300539217
0.5939580242524894 -0.8057387079109946
-0.004133674973117739 -1.0009914648643197
0.2757835787740249 0.9622600571979444
0.999151654096095 0.0608027311642932
-0.7953496746810904 -0.6077992225930233
0.4172768025302732 -0.9098797008781497
0.9898479685799879 0.1490033526403733
-0.7667981482283023 -0.6434451024552494
-0.18809505893707582 0.9831689828322789
0.8267343073928555 0.5643681289545465
-0.5407842789349672 0.8423499057142392
-0.9895482352775055 0.15098109172732402
0.9257334018867727 -0.38081316761785294
-0.2402748656350069 -0.9717350405043956
0.9900540772589992 0.14762765358438634
0.052175629746129853 -0.9996392867732815
0.34655488244812666 0.9390956891879363
-0.9872431204328207 -0.16538446468174428
0.1061993376545077 0.9953505416092081
0.16660291925729753 -0.9870382299054816
-0.9882770277380988 -0.1590896490823623
0.030255723065606702 1.000542648377258
-0.6542926138685463 -0.7575633144741537
-0.876518449271181 -0.4834422489680066
-0.7917176946633019 -0.6125227277065126
0.7623409730176108 0.6487196935954406
-0.6474095917091246 0.7634538758582765
0.9221850585142822 -0.38932726317715016
0.9479805139569869 0.32145597701372264
0.15243275993349517 -0.989325656040041
-0.9870940857347519 0.16627166297199986
1.0007413657563868 0.02275343631282273
0.4002423267272627 -0.9175004522592602
0.2652941484503511 -0.9652046491796458
0.7207490867484216 0.6946378581327943
0.48186642515059736 -0.8773857465861773
-0.5463444836037712 0.838754257953859
0.9993542119339037 -0.05737733951627697
0.2687299111519851 0.9642537191280344
0.9925938614700747 0.12945434010463408
-0.5234939653462474 -0.8532028294878434
-0.9657967867849 -0.2631303225323194
-0.6346064327915503 0.774128978568548
1.0009899191945661 0.004492401457536648
0.9989777077080917 0.06359669411444754
-0.11561168834173045 0.994301230774042
-0.2651489096729294 -0.9652445574564286
-0.46793512365949175 -0.8848941857904685
-0.6743066101964457 -0.7398051063931491
0.0053888869866548375 -1.0009854943489667
0.7915788589670872 0.6127021381033072
-0.48607610491851194 -0.8750605808898306
-0.9403354809538449 0.3431766065152184
-1.0002393118516144 0.0390169069328797
-0.6727782113212126 -0.741195303797474
0.4098321867806007 0.9132571262676414
0.048516824527663996 0.9998235433003925
-0.8952461978210664 -0.4478116180794375
-0.6609050106860885 -0.7518015475177084
0.17563345731661353 -0.9854714042888375
0.952233768368043 -0.3086289849958948
0.6616292502538577 -0.7511642531487492
-0.7889843363820875 -0.6160395417046838
0.9793187259154703 -0.20720963556577157
-0.9101221182577123 0.4167478012636597
0.5268751011297135 -0.8511190444406436
-0.7021180503460974 -0.7134642551510165
-0.10905808582948069 -0.9950413729665765
0.7671722472992786 -0.6429990225294083
-0.4838717545694772 0.8762814189116734
-0.7312806763190379 -0.6835419317367227
0.9990835417746711 0.061911845029678204
0.6068673882565884 0.7960609104023556
0.986926710624395 0.16726227266216337
0.939371688256401 -0.34580606024521754
0.583754648792459 -0.8131614292458742
-0.9297557429090653 0.370884427453637
-0.19061414276392666 -0.9826836971164086
-0.3110141244970325 0.9514574159484723
0.5850065377803184 -0.8122612576962446
0.3777850916451469 -0.9269732598789827
0.9997173445389581 -0.05065798089121054
0.8861732063407282 0.4655083762552434
0.14668693497827887 0.9901938916730794
0.7693757542502787 -0.6403607957798594
0.4969783941204697 -0.8689151142530778
0.9967935257745123 -0.09167151669966327
0.292268763554772 0.9573818307499703
0.2707626906072133 0.9636848890457619
0.0036184143993120686 1.0009934600571748
-0.2869952784950362 -0.9589758652445621
-0.23275828552523198 0.9735628282341898
1.0009842255475643 0.005619626761888466
-0.8150415994251523 0.5811266567681175
0.9939916345023132 0.11824394504337093
-0.975772320084075 0.22331453010886126
-0.9600296672080155 -0.28345023916106854
-0.8967041680727608 0.44488496823441664
0.552713532949766 0.8345709978750686
-0.8117525046198736 -0.5857122768419339
-0.9217619230120481 0.3903280124268962
0.3322558898953917 -0.9442494498964886
0.9747517930460787 0.22772778037265118
-0.833969502520217 -0.5536206904245737
0.9723331840167263 0.2378427616302311
0.5766835884422346 -0.8181913216487862
-0.7866416459510229 -0.6190282068334733
0.9861850579741618 -0.17158097630127647
-0.12777223435415816 0.9928117929034416
-0.7664943812074089 -0.6438069303583733
-0.09793115843568716 0.9961980165647011
-0.9940579641441322 -0.11768501995421149
0.8844603575060519 0.4687546010443705
-0.6003180432343455 -0.8010113900359261
0.7223499116141515 -0.6929730190931156
0.9932589799467846 0.12424813380921722
-0.5708516412643413 0.8222708821707162
0.952788551618012 -0.30691200026335036
-0.1327207809635521 0.9921623830303308
0.5559800801903082 0.832398432501875
-0.8940287670998432 -0.45023723035521435
0.7574000527888461 -0.6544815964069983
-0.26213179849218726 -0.9660682792739089
-0.5899707731289966 0.8086627769679856
0.9764356168543136 -0.22039620264046336
1.0003648008895607 0.03565480530292546
0.6659336151352927 -0.7473509351254201
0.9866118830816594 0.16910940885137662
-0.9250908457408432 -0.38237145176711557
0.5604625823181618 0.8293869385403039
-0.9919672641617322 0.1341713338663971
0.42553302529131704 -0.9060478157285184
0.7519124283348144 0.6607788587081479
-1.0003733499642298 -0.03541413109684338
-0.527882362650182 -0.8504946861696795
-0.941313232406792 -0.34048553346049343
0.7409008151408256 -0.6731025049156035
-0.21773208342808573 -0.9770331313963029
-0.9560888617224892 -0.29647105843605526
0.3306911963591132 0.9447985672356719
-0.9951144069373893 0.10838965405262564
-0.77083995429158 0.6385974983256314
-0.8993759314372484 -0.43945868287175976
0.6493790309175633 -0.7617794130879137
0.9783725387538159 0.21163217007915647
0.68154020234444 0.7331466105686499
-0.20769980326322765 0.9792148853670559
-0.8942455427413728 -0.44980652428259393
0.18835735861179656 0.9831187646753505
0.18827026361182048 0.9831354473517551
0.5907406193883303 0.8081005634230753
0.45672614586496557 0.8907312881466184
-0.958783762735707 -0.2876363960182364
0.698083233708219 -0.7174125722452013
-0.8236470456804972 0.5688642580983526
0.20473751290420317 0.9798385330297034
-0.43673777248300544 0.9007003486657383
-0.2663585191064907 -0.9649114670784037
0.04271628507063208 1.0000881556091765
0.023663226866654268 -1.0007202664552453
0.7272711197229961 0.6878064541837765
0.9362633487229822 -0.35413548514378984
-0.7435565101386895 -0.6701676776974348
0.917778495728626 -0.3996043452943179
-0.9088171894075202 0.41958588660417967
0.6593279728055942 -0.7531849867569491
0.9762460104474819 -0.22123455219602356
0.9150792717913462 0.40574736762894664
0.17894711489924378 0.9848750834848229
1.0000090821699332 -0.04452904195744392
0.40478563388928257 0.9155051013494419
0.7453096046892228 -0.6682174744482475
-0.9587229519255746 -0.2878390200287525
-0.4961427976308487 -0.869392503049707
-0.21407651876250494 -0.9778406026109403
0.3085432482878606 0.9522615522722607
0.9851285380296242 0.17754651097561863
-0.4896935304781987 -0.8730413771453204
-0.7486181820505928 0.6645087038581703
-0.24782984433843833 -0.9698357429251541
-0.21804182432607314 -0.976964054018651
0.9632531604847052 -0.2722945993152026
-0.9650740516361039 0.26576883726026734
0.8699368382861175 0.4951877395420384
-0.2203141601283393 -0.9764541314608405
0.10686329654716507 0.9952794762533148
0.39204397318818457 -0.9210333995501042
0.5524925533267364 0.8347173045519682
0.9381598748996245 0.3490802903750381
0.463173404593673 0.8873958515099706
-0.9995656273778017 -0.05356824212928532
0.07055601791993159 0.9985103145863252
-0.8132223898149314 -0.5836697222776693
-0.9851673117934235 -0.1773312374448434
-0.9757242664927868 -0.22352439638015625
0.062213868884159175 0.999064779940953
-0.7220028244251271 -0.69333463891698
0.826180348441828 0.5651787609673065
-0.8884168034983823 0.4612120805678413
0.6400683221738597 -0.7696190895173666
0.7503822499183722 0.6625160216986768
-0.7242867247077456 0.690948435422012
0.6370191427532447 0.7721448126911954
0.8838528820079995 -0.46989901358286906
0.04347124547860974 1.0000556238612623
0.35129817621115184 0.9373316336231903
0.8184731608111334 -0.5762835109838148
0.4713608826882163 0.8830741295448449
-0.2678097556450759 -0.9645096862039928
0.9904530105777147 -0.14492699485444815
-0.25311335513884575 -0.968470252227892
0.7050232975776853 0.710593519441802
0.30287543589508936 -0.954079383663309
-0.2383876183368455 0.9721997446120249
-0.9931161636004966 0.12538455086425837
-0.7414436294799008 -0.6725045310655322
0.3243220091119098 0.9470038196362327
-0.029468459532217144 1.000566144686496
-0.9036570537976222 0.43058672659732716
0.8852255206355738 0.46730801150363055
0.545053676795486 -0.8395936454093265
0.8068875664911401 0.5923963664996654
-0.8048402810003034 -0.595174866807523
0.9827201564449622 -0.1904260857046349
-0.4704826583739699 0.8835423409035712
0.8165665723061791 0.57898189349248
-0.7795202260904536 0.6279723060102955
0.3327153436431377 0.9440876548840308
0.9978875928961686 0.0788755471859981
0.09656510028093203 -0.9963313612487231
-0.06395413331843929 -0.9989548882864968
0.25016227320303985 0.9692367291151773
-0.9221770710212746 0.3893461823141756
-0.5943016620898449 -0.80548527884577
-0.9930009438706837 0.12629380615030703
-0.8819010085752658 0.4735521207575034
-0.09548175696741985 0.9964357651582035
0.8163267730798455 0.5793199457579952
0.418842669327248 -0.9091599520165995
0.9360084281633351 0.35480871241727263
-0.39315563890166755 0.9205594188317349
0.9778078777813661 0.21422594182008153
-0.9179972149952484 0.39910163274655686
-0.17253443601265295 0.9860186957607832
0.8773768110309583 -0.48188269471433204
0.10367734273008394 -0.9956163963115657
-0.43682185139926144 -0.9006595750560372
0.46149181163372527 0.8882715281911394
-0.8071050156651551 -0.5921000706706171
0.997272729950899 0.08630238754681932
-0.1570768397834718 0.9885989411301417
-0.8300721717424021 0.5594472179740033
-0.6528466589854286 -0.7588097520799028
-0.8636631171880748 -0.5060504125173478
0.227162733247281 -0.9748836302983165
0.5649470321430093 0.8263388232878845
-0.9458371934053812 0.3277087175694773
0.9869178094362224 -0.16731478541243225
0.8603257030244239 -0.5117037079360779
0.9885927770356778 0.15711563000824103
-0.5644322210305251 0.8266905514535342
0.08410958289773919 -0.9974600633934014
0.4805257531379019 0.8781207209554118
-0.8805764310177056 -0.47601066073788734
0.6306639432847501 0.7773441905877534
-0.9765380069054206 -0.21994208571619214
0.22501843476290306 0.97538079949159
0.9941767260556312 0.11667749298517816
0.7994411745194129 0.6024075103142571
0.9466519824672787 -0.3253475435450083
0.4524255729143276 0.8929233455191675
0.9652782785583803 -0.2650261212472645
-0.23904543851923343 -0.972038208263002
-0.02425242612203651 1.0007061605822136
-0.6033503268940581 -0.7987298561070778
0.7514285331811162 -0.6613290856459255
0.7482766691462234 0.6648932443719318
-0.854917782640761 -0.5206885680755864
-0.9767635896853942 -0.21893809596528194
-0.3592479528146398 -0.9343136028114384
-0.6736173111144245 0.7404327911208233
-0.6690758391801275 -0.7445391335755349
-0.8766901882584848 0.48313074194394057
-0.7230972894456389 0.6921931161145493
0.836544683825382 0.549721740486486
0.9942407661125315 0.11613052570261806
-0.7500392433955226 0.6629043169015209
-0.5935998045952164 -0.8060026501101103
-0.9807113805547913 0.20051480755873144
-0.7913509393101991 0.6129964851880193
0.7382356343839195 -0.6760245173999032
0.5268283069775945 0.8511480100235924
0.8966286135635017 -0.4450372224198699
-0.27773291434107217 0.9616992400390127
-0.8950528043053751 0.4481980338032327
-0.1365553546331153 0.9916418885469815
0.48750817012933884 -0.8742635666989352
0.8946988187046584 0.4489042479287635
0.43780108350021424 -0.9001839874636953
-0.9988740880976917 0.06520395790904687
-0.2592407135329784 -0.9668481020547707
0.43453716380186347 -0.9017640785011523
0.9584270778888697 0.2888226728797491
0.42163084198837875 -0.9078702732682522
-0.8593185373677967 0.5133932716116083
-0.9206724182782909 -0.39289094952875125
-0.06401807973730268 -0.9989507923149911
-0.5591963435449844 0.8302411995112745
-0.1475128396564875 -0.9900711904385863
-0.9971841526360506 0.08731990455515615
0.1189382983565222 -0.9939087891673234
0.5033514297752291 -0.865238890794463
-0.9495362764688995 -0.3168309638743943
-0.8582369445358482 0.5151993274779882
0.4017275474416631 0.9168511207532586
-0.8976133718679666 0.44304766633379233
0.9691940248428668 -0.250327669682927
-0.9792723385649906 0.2074287514339665
0.8770160737469824 -0.4825389169688053
0.8750839778883855 -0.4860339819838111
0.8862897750699876 -0.4652864006248095
0.913584454948545 0.40910199666632013
-0.9570026178564849 0.2935080738511887
-0.866319839387859 -0.501488719596956
0.3702003680873587 -0.9300283261643079
0.7868153494350888 -0.6188074061396963
0.08509234928719037 0.9973767052086121
-0.9240759449379571 0.38481768148958756
0.5454255614748317 -0.839352105430054
-0.36114314623410315 -0.933582684034003
0.989346296379849 -0.15229873879804748
0.9885228945252198 0.15755471113070904
0.7515374821159911 -0.661205272948391
-0.9813251679369043 0.19748902443833866
-0.3129399863886461 -0.9508257279433882
-0.6448899670141532 0.7655833922209156
-1.000953822873407 -0.009614804996058312
-0.7192822891333992 -0.6961565833481841
-0.7157617239871992 -0.6997757887172666
0.4516708975477382 -0.8933053231165817
0.6262301524818908 0.78092048002502
-0.5556046117938007 -0.8326490949694596
0.16871242707934006 -0.9866798452127207
0.3156874543343131 -0.9499170654198823
0.9348625304829078 0.3578170609390982
-0.47058485539778644 -0.8834879138223932
-0.6184958678879936 -0.7870602654215734
0.4826298978593139 0.8769660094281352
0.7482980824217265 -0.6648691449029402
0.8239778288515724 0.5683850258064939
0.7496554795340984 0.6633382711742939
-0.9711719883513367 -0.2425406544101653
0.6420855192889333 -0.7679369674129908
-0.5305868500094756 0.8488101051454455
1.0007834859410518 0.020818603883944832
-0.7598448021314694 0.6516416781282395
-0.5781832113616063 -0.8171322867807759
-0.18400098875467308 -0.9839434110442037
0.29642368444701284 0.9561035505105384
0.6544453619782771 -0.7574313620290104
-0.8557855130124867 -0.5192611633060524
0.3513902475301217 -0.9372971214832144
-0.41916369683608473 0.9090119885098914
-0.837001924526998 -0.5490252984499909
0.32872352827700424 0.9454849771186836
-0.88571356662316 0.46638233017523406
0.25175127708621575 -0.968825213588839
0.504884737925195 -0.8643450707965002
-0.9689935348465911 -0.25110262727719185
0.07077346970465284 0.9984949253681585
0.6515305063353031 -0.7599401287696707
-0.34177906781798184 -0.9408443382417048
0.9992726300208769 0.05878104193666386
-0.341147749341075 -0.9410734366241134
-1.0009368633534323 0.011242578894206347
0.4946181401620795 0.8702608203421579
0.9420467739190894 0.3384506991404154
-0.8987847405992454 0.4406665293234182
0.12050639623837185 -0.9937198843062569
-0.004792850216703257 -1.0009885257018685
-0.9891984509537611 -0.1532560753467194
0.9569430222518752 -0.29370231896164395
0.9977224837733519 -0.08093729284534674
0.7389360696342102 0.6752588281492851
-0.9975635530845149 0.08287314135109192
0.9460039814272586 -0.3272269352051798
-0.6865113377835904 0.7284937769772539
0.8186558650963118 -0.5760239357382724
0.9151785947350252 0.4055232912408666
1.0006751248859849 0.025500871248221854
0.5334807468396334 -0.846994269609557
-0.9976202908963557 -0.08218731770699528
0.11234922537506443 -0.9946751487584391
-0.9672914214562935 -0.2575816491465631
-0.010868092729290225 1.0009409995401464
0.23456324193778305 0.973129531733385
-0.7732768870692293 0.6356444414328836
-0.743422526580735 0.670316303674852
0.8733668900070782 0.4891127430760356
-0.8987574319485885 0.4407222237613828
0.19323075069635512 -0.9821725291339212
-0.6267676216568361 -0.780489172533888
0.9373760842939954 0.35117955036370835
0.9501830963132942 0.31488582610286053
-0.36522738814025096 -0.93199246507268
0.14438839056402 -0.9905316717149089
0.8617465130148504 -0.5093073210810407
-0.9572940932597865 0.2925560100389719
-0.5749163690049727 -0.8194340538750743
-0.02884171203504541 1.0005844070576393
0.9704953407482074 0.2452341607240327
0.9321128624543289 0.3649200071895174
-0.2624755668916884 0.9659749358989015
-0.708935963763631 0.7066900305526685
-0.8445800893065778 0.5372945865601971
-0.8513104517625542 0.5265657743528686
-0.19150207634433292 0.9825110456151673
-0.14439162667411057 0.9905311999863529
1.0005330008459024 -0.030573096315115598
-0.5999871215357336 0.8012592926083695
-0.2925519335669577 -0.9572953390496761
-0.3393152109223536 -0.9417357313157012
0.09957795399226249 0.9960347539512439
-0.02539493270683559 1.0006778189771248
0.38039961920021537 -0.9259034127339261
0.38193983750219956 -0.9252691287019109
0.3323048541425893 0.9442322192730306
0.4385197245083545 0.89983412427909
0.1584473489941472 -0.9883802090272382
-0.7869290249801695 0.6186628400378996
0.8090849498377465 0.5893916727830919
-0.6957415606302388 -0.7196837366592354
-0.012130251159404975 -1.0009264993029257
0.7553738982090341 -0.6568190572025813
-1.0006035471326173 -0.0281698680441356
0.8562377102907054 0.5185151718861563
-0.7024600350369768 0.7131275476209352
-0.6474176556438769 0.7634470375609471
-0.8135647157904831 0.5831924667043895
-0.3353971881215808 0.9431382328164504
0.9398417940465311 0.34452634465799253
0.9918353235601294 0.13514322379747126
-0.5176047489574594 -0.8567883775219441
0.45089736626109594 0.8936960138093977
0.7200685225549518 0.6953433129221341
0.8539515054197672 0.5222717936011033
0.9779704618960854 0.2134824949703309
-0.974716429695694 -0.22787909443667512
0.6127363027998542 0.7915524134453544
-0.029861889536773024 -1.0005544800525823
0.6527286634393379 0.7589112543141626
0.8332771931584976 -0.5546621668744821
-0.4129762637673197 0.9118396819423824
-0.43202983696471436 -0.9029680060623645
0.7125995149329084 0.7029956837117732
-0.4592300991706418 0.8894429245408175
-0.006265721612060222 1.0009803897842755
0.1563161424775152 -0.9887195070397615
-0.6896388802159141 0.7255337448351662
0.9352337824759149 -0.35684558581519976
0.834519725647383 0.5527909437621212
-0.5636896121678021 0.8271970872374448
0.686426622353831 0.728573601034179
0.6871005066384427 0.7279381112273181
0.9686069980625515 0.2525895550181212
1.0004593519509002 0.03289506184801229
0.09989995973614536 0.9960025090554323
0.8217039747301369 -0.5716673664926961
0.9869143889418834 -0.16733496018306754
-0.0010207351707062274 -1.00099947957015
-0.11188734770161839 -0.9947272095525975
0.9990970070720397 -0.061694168765715235
0.19786420285244458 -0.9812495896710309
0.366047456418763 -0.9316706819737077
0.5757269515867101 -0.8188647490377602
-0.48488174104209203 0.8757229568784808
-0.11204881920941469 -0.9947090338957297
0.9331128746907722 -0.3623552995146107
-0.4266077293214796 0.9055422934811886
0.9730077867647104 -0.23506774958560314
0.6348190156662082 0.7739546610419672
0.9831200781672907 0.18835050279821405
-0.6652604186683585 0.7479502492500422
0.9259550191606455 0.3802739834529948
-0.26995734383822334 -0.9639108011158559
0.6865191121755924 -0.7284864505381252
0.5989492063523554 -0.8020354407442876
-0.3165617558817003 -0.949626060464378
-0.18463013567255918 -0.9838255500857519
-0.944465081800837 0.3316424418842351
-0.6168718255674265 0.7883337813522331
0.1798704060922765 0.9847068787269638
-0.2452584400056672 0.9704892053011134
-0.8925701305375683 0.45312201675944663
0.4290326695364386 0.9043959135635439
0.7562103725395167 0.6558558320726021
0.9358306808510417 0.35527726746567356
0.5010559072273018 0.8665702382569029
0.9991777060044954 -0.06037310513460582
-0.772648371147234 -0.6364082766302825
-0.9935962670114666 0.12152143095305581
0.9885827566909344 -0.1571786664065852
0.7812288639065007 0.625845398001262
-0.883367466985948 -0.4708109156241282
0.8809777036088519 -0.47526759382907013
0.5244288225420677 0.8526285299514323
0.9653552946647361 0.26474545333727756
0.5421162115122115 -0.8414933233339688
0.9969782888321786 0.08963978802552426
0.8762985876391303 -0.4838406610669111
0.3731763374068498 0.9288382104541183
0.17340418494943288 0.9858661109106159
0.9920809448310338 -0.13332816245326118
