1000
-0.07938774017269543 0.9978469755980988
0.9601556738631976 -0.2830231120391216
-0.9438640484819049 0.33334915326628356
-0.8078352383499147 0.5911033984677609
-0.5612536481047851 -0.8288518217926953
-0.3600642702421096 -0.9339993154681737
0.47006019032265417 -0.8837671737928662
-0.0615992154085678 -0.9991028659057329
0.9027395924495802 -0.43250691118635975
-0.9892350102432496 -0.15301991540004797
-0.8616690250941254 0.5094384076542912
-0.9140260563406354 -0.4081144059334168
0.9904906120072867 -0.14466978788064427
0.40402015809360525 -0.9158431699008397
0.9761749245243896 -0.22154800096097044
-0.016126252710373146 1.00087009345545
-0.5628386487708221 0.8277763317767881
0.2798796358809594 0.9610766823823902
-0.6798558590540981 -0.7347087932710581
0.4067049463052244 -0.9146540803226456
-0.2054727298403453 -0.9796846213409479
-0.2537766805671317 -0.968296646901314
-0.6270027352455143 -0.780300307570517
0.7316022242330069 0.6831977645581965
0.8652622135798993 0.5033113367994135
-0.995238696157361 0.10724242477208369
0.9995149190204455 -0.05450620749559006
-0.26015232603581606 0.9666032108668761
-0.3491577073637265 0.9381310651441548
-0.9692523006583557 0.2501019345556619
-0.9620846238550215 -0.27639496475468195
0.9430341396516926 0.3356897547608385
-0.5205777896368747 0.8549852425257326
-0.09053138349830327 -0.996897722237283
-0.9467550735578697 -0.32504742837381867
0.9766629309925664 0.21938668880542786
0.8624214672376469 -0.5081635689890258
0.2564953425638458 -0.9675800428094077
0.3522728432862736 0.9369657645202436
-0.9627998566803453 -0.27389311049441634
-0.4858984152762444 -0.875159259810484
0.9019759027957556 -0.43409730565367677
0.7201928357435946 0.6952145563375379
0.4362370660461859 -0.9009429627936586
0.24636765010522296 0.9702082152721808
-0.170619823795377 -0.9863518011987581
-0.9814439448236075 -0.1968979003673624
-0.9945319165762719 0.11361015320440032
-0.8915796851877836 -0.45506775864749266
-0.16312515930257665 -0.9876189459515795
-0.9234706843819451 -0.3862679058466311
-0.9771932143344536 -0.21701249240239254
-0.9842535053549201 0.18233495878890657
0.9977435287366201 -0.08067744953949253
-0.6332232229982712 0.7752608269838492
0.9823710995106794 0.19221868495590871
-0.5953520275979267 0.8047092414251483
0.3300306152692293 -0.945029519636828
-0.8735830011770945 0.4887266516718936
-0.09065059476370933 -0.99688688910477
0.8619010226561655 -0.5090458006351255
-0.2301231098272085 0.97418907524333
0.9481137876317206 0.3210626818903633
0.6629584477443247 -0.7499913976602902
0.11408224728549347 -0.9944778734865304
-0.2882370943711153 0.958603347286299
-0.08945008353885846 0.9969953272482732
0.9974790395359316 -0.08388423979792178
-0.9581064195967529 0.28988461278151845
-0.4888396570710219 -0.8735197706261065
-0.8227011693838903 -0.5702313441879352
0.746684691820838 0.66668056143885
0.9232341574791999 0.3868328973389825
0.9835451572774533 -0.1861180367295704
-0.45079998150006084 0.8937451407865358
-0.7244256255719008 -0.6908028032765646
0.8253686699401039 0.5663634510465024
-0.9252376382358458 -0.3820161158796237
-0.41228235227855886 -0.9121536394707079
0.18261191620677972 0.9842021581257013
0.6294182274434174 0.7783531942261087
0.38394235847786407 0.9244399739120195
-0.4481588976195373 -0.8950724006941791
-0.2052817231895183 -0.9797246624048728
-0.32593334488505193 0.9464504502043632
0.7898373301128799 -0.6149455195057182
0.9743542636218698 -0.22942268624066775
0.7881501247205414 -0.617106458322221
-0.9407771375794464 -0.34196400016350187
0.3205985564854837 -0.9482708292357327
-0.9657252623755754 0.2633927060676241
0.028389803070093287 1.000597331138576
-0.9431864006987006 0.33526170902301106
-0.7161480003038942 0.6993804698879813
0.08513303034675022 0.9973732336211852
-0.9547378966898158 0.30079319909915986
0.8869455361676488 -0.4640351450830873
0.1394665719544581 0.9912366394092138
0.4195268217713329 -0.908844456336971
-0.6197228435924604 0.7860945217527437
-0.9576624618693952 -0.29134791766245594
-0.9965514324979053 0.094266867914304
-0.8309527253205741 0.5581384848604427
0.3586293606965937 -0.9345512193809136
0.9109979532559106 -0.4148297592549764
-0.2718731904834504 0.9633721857601814
0.8643238732355947 -0.5049210256614591
-0.902545828608766 0.43291110780495795
-0.016690900177931383 -1.0008608364059663
-0.45488658949585553 0.8916721318381713
0.9241394551892886 0.3846651366610246
0.9763261280548502 -0.22088071821103883
-0.818588878424837 0.5761191266736138
-0.8443022528055372 -0.5377310721052808
0.3137453508324554 0.9505602846905711
-0.8606601532374016 0.5111409792115794
-0.850915606481073 0.5272035950626168
-0.6121561685642473 0.7920011523279123
-0.3162557822588668 0.94972800326611
0.3238457878826654 0.9471667781709068
-0.5537546937403706 -0.8338805305081229
-0.1704109613351679 -0.9863879075986405
0.03668012741994452 -1.0003277304226135
0.5384388423625288 0.8438510609315484
-0.5832626313296986 -0.8135144146813602
0.1855400873370229 0.9836543478229381
0.9311508168889535 0.3673678758506717
-0.12510516196843227 -0.993151397546644
-0.904912647203156 0.4279417027257059
0.6845159878802527 0.7303689905358262
-0.5781635503763388 0.8171461980675349
0.49501701624701744 0.8700339956725255
0.6896917093423862 0.7254835257015678
-0.9145539244374262 0.40693011598565976
-0.5177556019028811 -0.8566972258027835
-0.3650177818305416 0.9320745779965846
-0.1202465225492183 -0.993751364182621
0.9931469180924315 0.12514071712877964
0.5745636298642881 0.8196814230157795
-0.6403163306992158 0.7694127609026852
-0.8412135405773271 -0.5425502549528086
-0.859455076152329 0.5131646637055152
-0.28331791023011654 0.9600687276142472
0.05450707936910951 0.9995148714744817
0.2729181813942637 -0.9630766668674139
-0.8401804021519268 -0.5441487773025191
-0.49561430600093526 -0.8696938884959531
0.5533048859142252 0.8341790594491366
0.34986937245073796 -0.9378658871186897
-0.492385936425221 0.8715257251571282
-0.23230408797186416 0.97367130527276
0.13104813359775377 -0.9923846969197708
-0.8365123285803813 0.5497709742547601
-0.8328651280231291 -0.5552807204675998
-0.499492338262429 -0.8674724226262938
1.0006619228968416 -0.02601376682442432
-0.8447540317635912 -0.5370210664575064
0.8677712271707229 -0.4989730426532256
-0.9780118379558295 -0.2132928616204967
-0.7187586322436766 -0.6966972287695704
0.011752684774093611 1.0009310038162473
-0.5472078229549233 -0.8381912660586087
0.9836903583537131 -0.18534907305390905
0.7812189111730433 -0.6258578215742012
-1.0004246405211643 -0.033934328313659355
0.8595561155227703 0.5129954037488113
-0.24473689826501913 0.9706208583312115
0.32896551487606085 -0.9454008091927615
-0.980507568695825 -0.20150907604919904
-0.5671152246188116 0.8248523031461783
0.9332393526834181 -0.3620294333380018
-0.9766520924830896 -0.2194349339745216
-0.7071484280436904 -0.7084787228388285
0.0512267642949804 -0.9996883607504223
-0.627194212234243 -0.7801464094257355
-0.9916009498838556 0.13685231525054736
0.9979564015325267 -0.07800013230918484
-0.7755198693111004 0.6329059426989874
-0.04809660354274532 -0.999843846171817
-0.4632100370656955 0.887376730347149
-0.37148956731969257 0.9295141211259932
0.8113079978670698 -0.5863278371328847
0.8417245431371637 0.5417571351450139
0.30110789899547646 -0.9546386924708897
0.30648439270788064 0.9529261865572178
0.5558348336384061 0.8324954280440015
-0.9827676154406825 0.19018100336530666
-0.09116009717880982 0.9968404268900564
0.001749627440473926 1.000998470929811
-0.2477607668382863 0.9698533922277657
-0.3274281222044316 0.9459343660052106
0.9720815306635501 -0.23886920635111109
0.3581613355302675 -0.9347306872737061
-0.9682532367235838 0.2539422563779087
1.0000951101748183 0.04255315034657232
0.8960065427398817 -0.4462883320985713
0.8382721218953297 -0.5470839511931431
0.43164873486541744 0.9031502475718448
-0.26470306953500317 -0.9653669172800294
-0.8216216320631538 0.5717857061223894
0.6911408531893848 -0.7241031149309118
-0.9296366214614388 -0.37118290914017266
0.7649634223343134 0.645625249266612
-0.6304973828921324 0.7774792924356068
-0.8654371259766791 0.5030105177640181
-0.24642458041772333 -0.9701937570227656
-0.583117138340091 0.8136187085939355
0.459513703751926 -0.8892964388010262
-0.5020753276193232 -0.8659800028845639
0.38008188840127344 -0.9260338860480873
-0.8426826312925508 0.5402656595767149
0.9344374693505173 -0.35892564114841535
0.18009746894350742 0.984665375485572
-0.8380520331254844 0.5474210351952528
0.8330582558338456 0.5549909390134861
-0.9667301741890353 0.25968013076174584
0.9844513351268902 -0.1812638098652991
-0.7085532260217353 -0.7070737768395824
0.1783481036691668 -0.9849837328187772
0.8818820728358512 0.47358738328923256
-0.46876622930956624 -0.8844541945510187
0.5021598056578127 -0.8659310189511101
-0.9861755055220319 -0.17163587127510618
0.30706119182222413 0.9527404811787495
-0.9470862644479257 -0.3240811745443937
-0.3732575362298137 0.9288055833422025
0.9668358866070823 0.2592862672196449
-0.8999443401483747 0.43829349143571195
-0.9776783681325093 -0.21481622025758113
-0.17560923336932963 -0.9854757212409834
-0.7121282918914896 -0.703473024278621
0.23747288164099836 0.9724235859362526
-0.8587219520593622 -0.5143905219299423
-0.9233156686269323 0.3866383013463631
-0.45217228100005097 0.8930516380899881
0.4480481819505258 0.8951278269894354
-0.325175432069633 -0.9467111166445271
-0.19875436184843714 0.9810696731864769
0.7485057344675495 -0.6646353627886454
-0.4378563983300243 -0.9001570832035146
-0.5425915969124379 -0.8411868751710351
-0.06142704446531842 0.9991134661329792
0.6581401108039622 -0.7542231729076934
-0.17741076347392837 -0.9851529937038195
0.7195809827912308 0.6958478348067243
-0.19541442367039183 0.9817403949219816
0.4027809062920925 0.916388859342212
-0.9644072540303739 -0.2681783890875512
-0.6217566076522147 0.7844869156594072
-0.07798378949256314 -0.997957678750146
0.9260165021636493 0.38012423984876326
-0.2249565558772742 -0.9753950727617168
0.1194214414482516 0.9938508536608608
-0.8931780630068441 -0.4519225019440193
-0.812488714450681 -0.5846905924420878
0.9950797117561363 -0.10870771477372093
-0.58020799101213 -0.8156958300528867
0.7374063618893146 0.6769289899577099
0.44075120593537054 0.8987432194272826
-0.4693263804654523 -0.884157083667375
0.8438377512730255 -0.5384597009307972
-0.37195143948702264 0.9293293962118769
0.4973655277931603 -0.8686935775997374
0.8906129837211283 -0.4569567957995036
0.34484035009219977 0.9397266267102837
0.9798296302513261 0.20478011544471247
0.6100099419928406 0.7936553853341456
-0.31839833429351055 0.9490118548886087
-0.5375488703223309 0.8444182684044595
0.5533039440008908 -0.8341796842126157
-0.5861008794676426 -0.8114719706109731
0.003731491388192646 1.0009930449169064
0.369727652604722 -0.9302163527370405
0.6827255308357096 -0.7320429287583471
0.16253514784219933 0.9877162171979937
0.12855340915018063 0.9927109453390076
1.0003967623291945 0.03474648070330497
-0.7686908464413371 -0.6411827996736192
-0.49114403298279535 -0.8722261970758474
-0.9212652971942176 -0.3914987256500971
1.0003400069549406 -0.036343781935694285
0.7276843826434672 0.6873692161108148
-0.8993505649709432 0.43951059291721883
-0.16491099431417955 0.9873223201945293
0.9234834058358709 0.38623749060102924
-0.2913999399299586 0.9576466336853153
0.4648438909015272 0.8865219439424661
0.9374844860662468 0.3508900659538614
-0.7563445397356771 0.6557011035616966
-1.0005322212228933 0.03059859955591604
0.9133338026187252 0.409661280808938
0.16076487676184992 -0.9880058979579764
0.39318342955780555 -0.9205475494080478
-0.09267434724893026 -0.9967007902886326
0.9106232063682759 0.4156517484909217
0.23278338299659176 0.9735568276175058
1.0005457484375604 -0.03015303108349647
-0.638125585592934 0.7712306639467047
0.9537513230396465 0.3039069163413755
0.9077364861957378 -0.42191879743502214
-0.9966338848353788 0.09339111091501553
1.0000229952540804 0.04421548329552858
0.8977925809833738 0.4426844039846131
-0.5761725507669787 0.8185512761841333
-0.2747879328967566 0.9625448519078619
1.0004845546816077 -0.03211939980051371
0.8558363454721849 -0.5191773779440078
0.8866787025861281 -0.4645448077206122
-0.9207009215554682 -0.3928241502847191
0.920491473018242 0.3933146934716616
-0.9670896202072202 0.2583382791756859
-0.9831885888496427 0.18799254973495172
1.0008150410097836 -0.01924197725248412
0.7082811202539584 0.7073463470548199
0.814002798667697 -0.5825808474033082
-0.503641104861888 0.8650703078325463
0.6070112458755478 -0.7959512217344824
-0.9950849721418507 0.10865955189237696
0.3994829930827917 0.9178313234127576
0.4408677397890739 -0.8986860608762515
0.7996028836682071 0.6021928498657948
-0.9986707557189011 -0.0682475030447206
-0.23512581167482635 0.9729937577827794
0.9764663484788048 -0.220260006102945
-0.31189320900391954 0.951169609574043
-0.28304981662767215 -0.9601478018029522
0.9620046446679299 -0.2766732072993878
-0.7617021185907265 0.6494696933147834
-0.3847556335935997 0.9241017814169539
-0.3745294071523138 -0.9282934466956752
-0.08925335000712871 -0.9970129585479344
-0.933010356203994 -0.3626191876005684
0.824309090824024 -0.5679045014655817
-0.8694474291669041 0.49604653805370036
-0.9468760497472152 0.32469485122974984
-0.7518179253660984 -0.6608863798704099
-0.9981534907167312 -0.07543612509934741
-0.6572683440791433 -0.7549829957498785
0.6370632880129641 -0.7721083907497129
-0.7707563851769432 -0.6386983597199632
-0.26495943322630694 -0.9652965858969947
0.7885493747065928 -0.616596207943125
0.6315000515430876 0.7766651047273063
-0.31983317470815 0.9485292511863332
-0.9780201971208677 -0.21325452872954168
0.9547183608465245 -0.30085520015868994
-0.9342763663583117 -0.35934478048847435
0.8647604079513328 0.5041730227212128
-0.981452230433538 0.19685659597034946
-0.18314815779386218 0.9841025110712373
-0.9525720958544639 0.30758316306233996
-0.9835829967487709 -0.18591796176461095
0.9619297370005565 0.2769335318700866
0.9604320112734593 0.2820839444584143
-0.8902401968998976 -0.45768263220667593
-0.3481350647035981 0.9385110424091032
-0.9229685437924363 -0.3874662142299243
-0.56969770449978 0.8230707900828952
0.22560574077739698 -0.9752451228938712
0.06516115880180118 0.998876880993652
-0.04724212956609626 -0.9998845839365963
-0.5334436490048137 -0.8470176346077035
-0.07793150078973413 -0.9979617633880867
0.42856256339608634 -0.9046187756482703
0.5728137435927061 -0.8209052412741129
0.8542429309061377 0.5217949932654508
-0.1533152842048947 0.9891892759372052
-0.01383152199544239 1.00090443549786
-0.9380529863203919 0.3493674209988599
-0.6761467156285618 0.7381237152027489
-0.4859970410498432 -0.8751044943838404
0.4070199504451169 -0.9145139473729499
-0.8369588697551766 -0.5490909308467379
0.1629246651761148 -0.9876520406890531
0.9957173914718159 0.10270285449081872
-0.8646345348781997 0.5043888590125272
0.2259806177997229 -0.9751583258009212
-0.10557151214631459 0.9954173274678015
0.6900818043002761 -0.7251124763605129
-0.04765707303668249 0.999864892567779
-0.6874409259336097 0.7276166390012953
-0.6502601359147657 0.7610274342230446
-0.032728019767095926 1.0004648303274457
0.13596228136284066 0.9917233777856664
-0.1250789229580032 0.993154702466673
-0.008789247445651741 1.0009614124077606
0.7127664605567036 0.7028264171937969
0.9419158544123815 0.3388148804385565
0.8202035552562343 -0.5738180268561047
-0.5414687404617036 0.8419100920542623
0.954281813187953 -0.30223702787499845
-0.10434496810762282 0.995546647641696
0.2941847283805042 0.9567948294110337
0.6591884833101004 -0.7533070711677472
-0.48986445547750446 -0.8729454824098284
-1.0009702239733795 -0.007720797800890693
-0.8101168767064755 -0.5879724875156535
-0.9770535375429585 -0.21764049433593607
0.521864470080116 -0.854200488684009
0.33376312640117956 0.9437177414115464
0.40482377787897866 0.9154882352405144
-0.06724900088800329 -0.9987384902363408
0.5774868859139503 -0.817624545006697
-0.16891440641386954 -0.9866452874796747
0.2021401230531308 0.9803776673568534
0.9863790162256536 -0.17046241917124083
0.6931801702850127 -0.7221511278975067
-0.9989722673241487 0.06368209416507703
0.4418474579348939 0.8982047783865728
-0.9891619256528223 -0.1534916441986355
0.8094225752325386 -0.5889279197863908
-0.11993076376221844 -0.9937895209265446
-0.7953493842623657 -0.607799602626948
-0.6081875307743547 0.7950527827827492
0.1868032145603556 -0.9834152525916596
0.8295456502779064 0.5602276448953634
0.2728126674192243 -0.9631065613397137
-0.9607495161513437 -0.2810006534066408
0.04042118886180736 -1.0001835469007667
-0.5415128580630085 0.841881716485417
-0.19290695185423784 0.9822361772640563
-0.2075995238697261 0.9792361501134765
0.5702128741605081 0.8227139710383023
-0.7829917235193633 0.6236384857432845
0.17126219713580446 0.98624046754948
-0.7593850050520954 0.6521774406570877
0.7694903631252769 -0.640223071325401
0.7837529702701796 -0.622681525013125
-0.22493976723345507 0.9753989445949586
0.6698135263657781 0.7438755540394114
0.8802367858678327 0.4766384382370637
0.6359204942204983 -0.7730498852146328
-0.25285110006957584 0.9685387556487377
-0.15704504250091064 0.9886039928231563
-0.9793219068505696 -0.20719460119067837
0.7083633690416393 0.7072639799961385
3.6161420697463538E-06 -1.0009999999934682
0.8423477875284122 0.5407875783022285
-0.8535909613349159 -0.522860852165597
0.7990046960858735 -0.6029863146313694
-0.9975772717724063 0.08270784027601348
-0.83175024809695 -0.5569493018136051
-0.8887862011752945 0.46049982475608914
0.8358600941041773 0.5507621111552209
0.9648571292995707 0.26655528514698706
0.3236430470760014 -0.9472360730458702
0.41704391260425056 0.9099864696575098
-0.795459352857664 0.6076556738410878
-0.015601303040107381 -1.0008784138662652
0.40661808937825333 0.9146926966967533
-0.9772450319651818 -0.216779029196486
0.7859709978733828 -0.6198794967587805
-0.19002480593085413 -0.9827978292257982
0.07279725527776507 0.9983494176008838
-0.8098901228130048 0.5882847856012733
0.9168902479184328 0.401638236815265
-0.6206180881478027 -0.7853879224076254
-0.8436246918562941 0.538793447705494
0.8522557795485792 0.5250343667094978
0.2089925054129161 0.9789398003356653
0.8798037554896478 0.47743727527949875
-0.11703333714522389 0.9941348992951874
-1.0009948293433724 0.00321739457214806
0.512755420387697 0.8596992956045946
0.8823245304355665 -0.4727625439812856
-0.9532703484567443 0.30541225049620585
0.9940459755637611 0.11778624056098622
0.09423444546606563 -0.9965544989049535
-0.419297645809732 0.9089502099776513
0.30503279346579243 0.9533918370273868
-0.425282521572125 0.9061654246578023
0.6217190525952059 0.7845166790069665
-0.8697967922714192 0.49543368895781575
0.5504080286925219 -0.8360932973961769
0.25959638628870846 -0.9667526654868057
-0.3569830745171487 -0.9351813110345415
-0.5639784955842698 0.82700015508977
0.42384300648690004 -0.9068396252106243
0.425943247337375 0.9058550380980898
0.846618524138487 -0.5340768433339625
0.36260801995883923 -0.9330146964874294
0.3291922176767765 0.9453218942884195
-0.7071610469883638 -0.7084661273641254
0.5700210869979392 0.8228468632605267
0.3734664440903478 -0.9287216026013991
-0.8442974457242 -0.5377386197248545
0.8672994617631852 -0.4997926006107827
-0.7143022845968781 -0.7012654605922644
0.9589353771549619 0.2871305320593248
-0.9472426049652808 -0.32362392887206143
-0.02109042186891674 1.0007777945704988
-0.9236574010504339 -0.38582120922100405
-0.038757289054073434 -1.0002494051711197
-0.9816978515733386 0.1956280353535543
-0.6394203432810182 -0.7701575323259424
-0.5000050164335321 0.8671770197262513
0.8708659917796889 -0.49355184566728
0.9909461686560418 -0.14151569109435036
0.9604534857390077 -0.2820108184658697
1.0005219749728422 0.030931821744653296
-0.8794608840103704 0.47806856568456574
-0.9879733082969047 0.16096503375848242
0.18086674336733058 -0.984524362900023
-0.9817807056301238 0.1952117979334659
-0.13032684714231688 0.9924796788418104
0.10130112995452092 -0.9958609747700415
0.5491805141826698 0.8369000913144043
0.9449222725741776 0.330337552805084
0.7323870031960776 0.6823564153354671
0.267421377942956 -0.9646174405530363
-0.7482372395372826 0.6649376161487836
0.1920305706947095 0.9824078887705779
0.46961124531866455 -0.8840058134821587
0.9037111407440346 -0.4304731978824183
0.1870261552803295 0.983372878027993
0.7696306931249933 -0.6400543697217779
-0.7927162841862619 -0.6112298199416695
-0.9773605482911609 -0.21625762100791102
-0.8655127483364425 0.5028803858444848
-0.9496978824001132 -0.31634622198588164
0.163872157063532 -0.9874952739832962
0.9680963104770591 -0.254539846862344
0.15349322608293106 0.9891616801851223
0.32516140776133073 0.9467159335844462
0.9681568710931405 -0.2543094039848706
-0.13446948265985212 -0.9919268915767894
-0.9729851067305803 -0.23516160843233153
-0.6998678974613662 0.7156716608215017
0.9809850980091577 -0.1991713771704241
0.9841021161181605 0.1831502799663667
0.914056916451232 -0.4080452836238467
-0.8601429740996901 0.5120108046779285
-0.9437940177971724 -0.33354737590074146
-0.9540390297944698 0.3030025241294647
-0.8164253318163779 -0.5791810404083659
0.9961825692300532 -0.09808816830897785
-0.18159806751539728 0.9843897306832661
0.4806740090168247 -0.8780395760190389
-0.7970828179874868 -0.6055245505090006
0.9905637186920182 -0.14416837104940977
-0.4363991295787239 -0.9008644735491195
-0.22986953330996165 0.9742489402898319
-0.925407466097402 0.38160453573193515
-0.07635869364853416 0.9980833381558323
0.7354722481581638 -0.6790298757707031
-0.9990171853604304 -0.06297351311879809
0.41003144470584674 -0.9131676813994438
-0.1596337713848399 0.9881892829986837
-0.8576036498103832 -0.5162528254953281
0.7431376395165498 -0.670632126231491
-0.26317080820687405 0.9657857555937243
-0.604861521345351 -0.7975860705878629
0.9566268903951486 -0.2947303726678138
-0.4432669755167853 0.8975050910252274
0.3158779434466162 -0.9498537386587139
0.9623868499693202 0.27534079066881667
-0.9568379649672818 -0.29404439936389026
-0.6322058255595426 0.7760907125643092
-0.3157809512327043 -0.9498859883367943
-0.4094329170278261 0.9134361972541296
0.9402840434761724 -0.3433175171529986
0.9965126074201959 0.09467641339110015
0.6269494407549212 -0.780343128845953
-0.8229604713469322 0.5698570545324811
0.3204680271482129 -0.9483149495688299
0.9884071713597254 -0.15827906875094494
0.864526694652876 0.5045736757229541
-0.32101518020480135 -0.9481298719469179
-0.1545091801454285 0.989003495065001
-0.7091843876110162 0.7064407295511691
-0.9606306865013258 0.2814066171076859
-0.9735402190537368 -0.23285283310452154
-0.5922220141939979 0.8070155425417803
-0.9154904245712016 0.40481882678358866
-0.024239652973741966 -1.0007064700618822
0.9943587625443197 -0.11511581712053907
0.09720699305928746 0.9962689398452466
0.9998992471123841 0.046930753500103145
-0.4107041728982391 0.9128653144708552
-0.8493516702377222 -0.5297194920563068
-0.9314433080686859 0.36662564538513004
0.015058751317268693 1.000886723864776
0.9974142448890136 0.08465119073278658
-0.3462444803021192 -0.9392101787461182
0.945739637383815 -0.32799014967088597
0.5178955032514101 -0.8566126590892577
0.9657706581330658 -0.2632262066915544
-0.5602775207565354 -0.8295119647931006
0.9901571627347763 -0.14693465583387005
0.8851241752636493 -0.46749994049608656
-0.8207343016733623 -0.5730586410278955
0.43486976353151435 0.9016037315617348
0.9709158019504605 -0.24356417126271704
0.5415141289123273 0.8418808990518334
-0.2298008616141944 0.9742651405040488
-0.9087962061354263 0.419631333093533
0.5428650026548206 0.8410104570649414
-0.9514180319694929 0.3111345825254675
0.21492169638648703 0.9776551868743677
-0.5580876877583896 -0.8309868427192421
0.755351433107574 0.6568448922708725
-0.7049014313596706 -0.7107144096379976
0.6965786824132657 0.7188735210086673
0.9967798189841349 -0.09182043599305795
-0.47918843417629997 0.8788512072880517
-0.4622812821847043 0.8878609216209855
-0.7066679359999037 0.7089579876337073
-0.2505693797856336 0.9691315627477225
-0.3333795454076062 0.9438533141880775
0.9996641440958186 -0.051697185698782566
0.7051478971543412 0.7104698748988663
0.7315138787371687 0.6832923570587506
0.7847026174483983 0.6214843539218285
-0.933420926894514 -0.3615610228376207
0.5854335732926751 0.8119535277722304
0.9128156852626107 -0.4108144651038353
-0.17933710652507323 0.9848041440932377
0.9287980511394586 0.37327627864564855
0.9612977389486779 -0.27911943159185393
-0.949935982809889 -0.3156305253979883
-0.07948360507113542 0.9978393440453708
-0.4221297688176884 -0.9076383962117981
0.586150285514297 -0.8114362838766259
0.37441887543927005 0.9283380341851735
0.7265018895588952 0.6886189109132532
-0.23112943508819075 0.9739508120207169
0.8726280987093614 -0.4904296089581918
0.9307905113965897 0.3682798173862843
0.841637149658064 0.5418928937672551
0.8362282143877584 0.5502030293099641
-0.9965004966902047 0.09480379789953207
-0.8626495505795081 0.5077762823182791
-0.11998247502794906 -0.9937832790332948
0.659919519106437 0.7526667445173387
-0.7617128961203766 -0.6494570531481727
-0.9095617958345265 -0.41796930456466685
1.0007628468906766 0.021788168423896973
0.44522706379207694 0.8965343616767211
0.3852814189385171 0.9238826918070946
0.4439919765332281 0.897146657338764
0.4196744356356403 -0.9087763025486012
-0.9298371071614795 0.3706803935273235
-0.5665569756613693 -0.8252358410354234
-0.09949598978197062 0.9960429448659862
-0.9963867254295813 0.09599215274029577
0.14783684224685908 0.9900228623998929
-0.03748347332397854 1.0002979502266165
-0.9632563045712526 0.27228347673653336
-0.48237112028339024 -0.8771083754682468
-0.48999745253939536 -0.8728708360948387
0.5510808467856969 -0.8356499867204924
-0.9840307394188297 -0.18353338627844046
0.43806305222636494 -0.9000565328212007
-0.3432797362317297 -0.9402978372264152
-0.03375730581819906 1.0004306294310947
0.013672571995103236 -1.0009066194081437
-0.44414190425036465 0.8970724435010029
0.9268901165523212 -0.37798903666326655
0.9641589057455762 -0.26906988770855295
-0.9466246973489016 0.32542692323945843
-0.9244241992440749 -0.38398033784550856
0.513799209393275 -0.8590758828106196
0.8606523536836198 0.5111541118868606
0.5361002340966727 0.84533871258892
0.7742095493365159 -0.634508135263961
0.9769741891924185 0.21799640742869278
-0.9926922227904245 -0.128697905233171
0.496304659630921 0.8693001120606368
-0.8695047929917046 -0.49594597988536304
0.3202856686776617 -0.9483765551929799
-0.9463090311458547 0.3263437107893972
-0.8962744796394079 -0.4457499939956348
-0.9981681476820379 -0.07524193613278127
-0.13242690374262372 -0.9922016504547561
1.0009836643856656 0.005718709036598061
0.7152393079364546 -0.7003097403167983
-0.9986484834876547 -0.06857263614451206
0.1648252843067476 -0.9873366323869482
-0.9076697309086229 -0.4220623882701089
0.9929472264273201 0.12671545103219312
0.9891589054124756 0.15351110657927386
-0.04625066478434753 0.9999309356185585
-0.9314750184181638 0.3665450723483831
0.5511799318424117 0.8355846352908809
0.9935012871886916 0.12229551240504705
0.9744948374608501 0.22882484952939725
-0.933291125540253 -0.3618959449728716
-0.11353884418941197 0.994540059957432
0.9239157218378224 0.3852022052648393
0.2805814365860484 0.96087202969142
-0.8409735367441229 -0.5429221956192999
0.8832594141803354 0.47101359562311035
0.9283825561173621 0.37430846837467235
0.7866866701014747 0.6189709872721447
-0.05908403788787032 -0.9992547605425078
0.744915783410849 0.6686564705627257
0.38609955268295365 0.9235410848565553
0.3910963710367698 -0.9214361771505769
-0.457063232913617 -0.8905583648018544
-0.8049460093136708 0.595031866449181
-0.9721888444200405 -0.2384320674431737
0.8193794305656434 -0.5749942162891049
-0.11942868018807813 -0.9938499838247892
0.9129880859382162 0.41043118172827986
0.958412678495121 0.28887045141344564
-1.000680559119561 -0.02528672774723255
-0.831696702594836 0.557029258560874
-0.3687739908485272 0.9305948332511041
-0.931888132061197 0.3654935147488846
-0.9940877233315175 0.11743337822595487
-0.9580896785616994 -0.28993993832092135
-0.9174816632610718 0.40028539516162365
-0.9426976846072621 -0.3366334437279026
0.715317516099175 -0.7002298559485354
0.3291966665002919 0.945320345049812
0.8885596754211937 0.46093676704661213
0.2510533920329414 0.96900629221319
0.46464115031609726 -0.8866282205259056
-0.8402896918720849 -0.5439799938724921
-0.47538522555523793 -0.8809142338070123
-0.3732445903165812 0.9288107857897686
-0.17286405733780413 0.9859609615399143
-0.03229828972496261 -1.0004787956177994
-0.6101052855677151 -0.7935820943811276
0.9536785571774642 -0.3041351830681714
-0.5221408160421249 0.8540315967356616
0.4188147627469342 -0.9091728078342584
0.8945719187546488 -0.44915707962318263
0.9880300541534053 -0.160616350629751
0.9693455764866482 0.24974017167001294
0.4505037720201554 -0.8938944856053268
0.053099144818116874 -0.9995906566287945
0.017538317006365926 1.000846345567882
0.9532082934449249 -0.30560587250217264
-0.42072002197717195 -0.9082927188453775
-0.8363822026294575 0.5499689183260242
-1.000418604598187 0.03411180988772082
0.6068545713846167 0.7960706810262472
-0.8596200068051195 0.5128883347282978
0.14984993456030865 -0.9897201610113191
0.2527067428153812 0.9685764307145001
-0.8763797643219012 -0.48369361034345804
0.5347842173645 0.8461718743008653
0.7989218453248649 0.6030960827784515
-0.21342407402878968 0.9779832128543688
0.14513296350159888 0.9904228505568939
-0.10612696314561072 0.9953582609761624
0.04046448996636116 1.000181796000988
0.38618426275053885 0.9235056660377471
-0.658954337105256 -0.7535118987847322
-0.5922683804361346 0.8069815149900016
0.9569960412896634 -0.293529516328278
-0.7599736344849405 -0.6514914234951602
-0.4811952374547009 -0.8777540335714294
-0.7717424293838728 0.6375065667808278
0.009947246402389661 -1.0009505743487088
-0.7814246799400866 -0.6256008868124575
0.6052226362925824 -0.7973120847692304
0.02444286175304362 1.0007015271844655
1.0006611565497046 -0.026043228920537145
-0.3824924607688681 -0.9250408193452739
0.968229387947069 -0.2540331716836286
0.6920957220905551 0.7231905084166641
-0.2425933674824854 0.9711588222600399
0.03376757888231492 1.0004302827365967
0.3125460276704689 0.9509552989428107
-0.6400069557883511 -0.7696701218980294
-0.17437804651107286 0.9856943222393959
0.9648054523828605 -0.2667422708389202
-0.8249837590723036 -0.5669239783841669
-0.01870862012677316 -1.000825153327469
1.000750422521436 -0.022351550800053046
0.7283593573125624 0.686653949682976
-0.2755871635441702 -0.9623163280801582
-0.6740699439746236 0.7400207501347835
-0.5615758202161356 -0.8286335729069723
0.8956389114536916 0.4470256595432151
0.3482008545144295 0.9384866354484869
0.498851298249897 0.8678412194833756
0.6158415852131933 -0.7891388609884202
0.9172884814293453 -0.400727890016462
0.2667936305956257 0.9647912513459089
-0.5069661046562219 0.8631259286626122
0.06325607118508669 0.9989993340629548
0.8307410394404628 0.5584535122903063
0.9928555904556565 0.1274314580507874
0.6300963342979522 0.7778043516876743
0.8212460492053355 -0.5723250183808389
-0.1760869363309669 0.9853904763359417
0.06680385592255367 0.9987683639532635
0.70862673651791 0.7070001048740916
0.9917942460625943 0.13544435564884297
0.9177205454998995 0.399737414270127
0.5519253593203528 0.835092448618175
-0.8511932517867804 0.5267552070104734
0.6318078867931558 0.7764147050294493
0.22551268709133585 -0.9752666445443755
-0.5239049787474134 0.8529505104305127
0.7329813081859482 0.6817179782358802
0.826522668367914 -0.5646780309822432
-0.8336237751204791 0.5541411386586281
0.8410335483787865 -0.5428292277515897
-0.8766373413126624 0.4832266257319299
-0.608457327249391 0.7948463253463072
0.547002500475237 -0.8383252736699749
0.904503871991088 0.428805020438345
0.7945949055581182 0.6087856240591473
0.4298974963923526 0.9039851451188715
-0.9257507889699754 0.3807708979445093
0.9192826728262211 0.39613175515411375
-0.9982752972033108 -0.07380671374368077
0.670938000870005 -0.7428614938119765
-0.6213877810110009 -0.7847790935099026
0.02161471116234603 1.0007666082865516
-0.40959813609005036 0.913362122551377
-0.14763703471596612 -0.990052678386497
0.16174550939609444 0.9878458332099184
-0.9997345785297661 0.0503167217921721
-0.9111025592594607 0.4145999596127103
-0.03539282274367028 -1.0003741040721892
-0.9511687590661164 0.3118958027557027
0.9514281455623376 0.3111036544816075
0.66012733504986 0.7524844858998555
-0.9732821319315147 0.23392924499268045
-0.927962904803744 0.3753476352772156
-0.7418047003549505 -0.6721062315819593
-0.666610208276409 0.7467475009812101
-0.8141003548048839 0.5824445143587176
0.8383732340789081 0.5469289902538285
-0.977994529314829 -0.21337221147625143
0.7663199131100037 0.6440145889427321
0.08150745160206706 -0.997676067335153
0.10417494241772286 0.9955644536504225
-0.04398688093893697 -1.000033076605601
0.12166543211001483 0.9935786444109411
-0.9814199741862099 0.19701734509514426
-0.06505642142092234 0.9988837079619947
0.7485445210816064 -0.664591679122383
0.35162852512494946 0.9372077572867464
0.10878424470861106 -0.99507134824754
-0.617613554377079 -0.7877528149424227
-0.18605393041583249 -0.9835572860676802
0.6918225732142044 0.7234518140078694
-0.9164731740077087 0.4025890228561083
-0.9853002860415202 0.17659090102974861
-0.05295855480761572 -0.99959811498056
0.5372677685851182 -0.8445971494384574
0.5096759116978042 -0.8615285630987588
-0.976413190045487 0.22049553806187455
-1.000215177268319 0.039630785534797694
-0.2951793597810143 0.9564884450735778
0.9399879383581705 0.34412741207459224
-0.6596874761361695 0.7528701307855762
0.8419814340845719 0.541357797262483
-0.7780532168487045 -0.6297890057403216
0.3089830108488692 -0.9521189521308604
-0.4967314828851055 -0.8690562892648347
-0.932133264272318 -0.3648678906632274
0.3006488617732914 -0.9547833586287646
-0.29245772274388154 0.9573241250524624
0.11821631851243632 0.9939949205289563
-0.6422911486004521 0.7677649903645725
-0.9494928785537742 0.3169609969312753
0.695275224912363 -0.7201342663858337
-0.6516399601840556 0.7598462754342634
0.7342417070919697 -0.6803602836487961
0.7919380517027762 0.6122377987883556
0.9134955698126139 -0.4093004323632311
-0.9566670532354712 -0.2945999817613031
0.3064450788684253 0.9529388299556927
0.9059202502869851 0.4258045327611794
0.008478997520545841 1.0009640885671407
-0.4797829659400129 0.8785267813753912
0.8663267885676285 -0.5014767147237245
0.32479497068086177 0.9468417117028686
0.1302074069311339 -0.9924953557474565
0.2468186488424851 -0.9700935803228316
-0.8495815518005936 -0.529350721960493
-0.43989045025718965 -0.8991648301465794
-0.7065687654503309 0.7090568240204697
0.8495785534034469 -0.5293555342082545
0.09617710793797486 0.9963688894725121
0.8325314057336405 -0.5557809446779984
-0.855699746421056 -0.5194024874554806
-0.9328947559648453 -0.3629164839095791
0.8097141930749275 0.5885269114773078
0.9699879474380154 0.24723345611989045
-0.0047139571010190616 1.0009889003422814
-0.9217873659079675 0.39026792342242395
-0.08435291344435278 -0.9974395149548916
-0.367629273075497 -0.9310476451707408
-0.6341460137994802 -0.7745061866649159
0.38355771739474365 -0.9245996308818937
-0.06514408500173462 0.9988779946466368
0.06379304611512776 0.9989651882159625
0.4841561993321867 -0.8761242917806878
0.9425837963778739 -0.3369522025538263
-0.12082473176892836 0.9936812286608651
0.504322947341628 -0.864672981412426
0.9241068382399287 -0.3847434879477523
0.6729011485091321 0.7410836959042418
0.31060447597222474 -0.9515912250047389
-0.9770757547546968 0.2175407306012824
0.6717533408909174 0.7421242813719888
-0.8675818993466401 -0.49930216094673213
0.6614187899945789 -0.7513495752591514
0.9987818313840036 0.06660220189465037
0.9873323040334796 -0.1648512099195534
-0.4010302213337015 -0.9171563452198552
0.5912299061821916 -0.8077426558228784
0.9040195546913301 0.42982513274084966
0.059112744378118615 -0.9992530627684296
-0.7365888412154459 -0.6778184705338787
0.8932240688400012 -0.45183156468413416
-0.8024366658218722 -0.5984115618407426
-0.9836737732513993 -0.1854370723921049
0.6393444964633268 0.770220497547329
-0.14736638455099005 0.9900930000279619
0.9893418345918626 0.15232772015102003
0.04362287716264042 1.0000490210924928
-0.49543913050973076 -0.8697936927569445
-0.6273261342412592 -0.7800403331225364
0.9486320673103762 -0.3195280908941215
-0.9785306112904318 -0.21090007768508245
0.9350634713786767 -0.3572916238778324
-0.8556141576763091 -0.5195434661160317
0.5375041016472419 0.8444467660618942
-0.17065548666265976 0.9863456315470407
0.7388779812228704 -0.6753223888366322
-0.8771418291473371 -0.4823102855632086
0.25794933737241954 -0.9671934342979845
-0.17490100568780614 -0.9856016630512522
0.9660984517404155 -0.2620205746592658
-1.000854914967177 0.017042276433755478
-0.47220117934076267 -0.8826250881485258
-0.6202961731617395 -0.7856421943613399
0.9475971853666263 -0.32258421270305176
0.8132815580104514 -0.5835872748784818
-0.9797766857524657 0.2050332803617847
0.2177224104495138 0.9770352869717928
-0.1656050341209237 -0.9872061449736867
0.9853546529289018 0.17628728811619873
-0.30890660664288816 0.952143743545257
0.8753658644860653 0.48552610979489386
-0.18881858339456387 -0.9830302856803905
0.3088854925413105 0.9521505933924067
0.09232426618717827 -0.9967332792041205
0.9077346547059543 -0.42192273776825784
0.857991071453815 0.5156086900989302
-0.2358695402737476 0.9728137334408119
-0.923485931151311 0.386231452584582
-0.2931622626483134 0.957108608131241
-0.7011386875277151 0.7144267218210087
0.6611456899322155 -0.7515898992695782
0.776093486176475 0.6322024206806279
0.7468749902780089 0.6664673652154501
0.9699391072367102 -0.24742499520633265
-0.554036412402063 0.8336933811256098
0.3731533088772429 -0.9288474622207701
-0.7466248113020915 -0.666747621779123
0.9455530136404698 0.3285277741613721
-0.868768393320202 -0.4972348326171798
0.8838985105162395 -0.46981317894155905
0.9657727901926949 -0.2632183840908854
0.9641415486939942 -0.269132075535315
-0.29754704900978196 -0.9557545467459574
0.7259738599745139 0.6891755615470594
0.7048630791765431 0.710752446083559
0.7228706473732266 -0.6924297994498879
-0.8695202964612192 0.4959187978308481
0.9574903465562098 -0.2919130628315037
-0.39580552520802736 -0.9194231812472413
0.6642990820214532 -0.7488041997915441
-0.5237159980928487 -0.8530665585648116
-0.12392997495537297 0.9932987271247058
-0.7610475418095596 0.6502366024037918
-0.9989359059134788 -0.06424994845770331
0.5727924656923944 0.820920088221763
0.25180021073288505 0.9688124967582089
0.8992570638451703 0.43970186845698433
-0.6500264140433605 0.7612270758754773
0.35317259384737354 0.9366269902982286
1.0007170178700568 0.023800213134765765
-0.9313526568921648 -0.36685586883666665
0.3861051086386899 -0.9235387620902035
-0.22273353519092073 -0.9759051041476087
-0.917513810938792 -0.40021170239833637
0.997722934091035 -0.08093174154048789
0.424701670613233 0.9064378031494102
0.8712090077286352 -0.49294610745241396
1.0009928118071325 0.0037935089891223007
-0.9972371016442378 -0.08671310802986988
-0.3498608786602613 -0.9378690556698573
0.20978617854255044 -0.9787700236993944
-0.9678993326558725 0.25528784116035885
0.9996992224454753 0.05101435721355485
-1.0009621485306657 -0.008705010561381083
-1.000568136493197 0.02940075227831842
0.7744068149601572 0.6342673607740388
-0.594117416150534 -0.8056211863069473
