1000
-0.9783092527362851 -0.2119245290441189
0.778978841111059 0.6286437505465808
-0.5058475716808072 0.8637819367320844
-0.605038521212356 0.7974518091077136
0.5110905945655557 0.8606900743860282
-0.980538573523528 -0.2013581531312916
0.4235684378623593 0.9069679037578126
-0.9917736260348388 0.13559526061668925
0.5743240432990263 0.8198493113302335
-0.9970013330622711 -0.0893831184959131
-0.9451170255902871 0.3297799386551107
-0.037790774659236706 1.0002863876663797
-0.8286206165602269 -0.5615949374872866
-0.4686651069544638 -0.884507782624529
0.6218497093896173 -0.7844131175165601
-0.9983231112363622 0.0731571293268808
-0.9988526271769952 -0.0655318943844493
0.38977668176089797 0.9219951943234106
0.3600109006822016 -0.9340198881126621
0.800367314027753 0.6011764821048808
-0.2777905425636862 -0.9616825954867713
-0.7798613444699821 0.62754863030802
-0.39153656539932846 -0.9212492159862592
-0.5714201217243328 -0.8218759301065756
-0.8977862316797006 -0.4426972805499971
0.9050864945432534 -0.4275738969995775
-0.9990677483588913 -0.06216618203730238
-0.23350706270455987 0.9733835069832901
0.1616954001743492 -0.9878540365673752
-0.4174966134889655 0.9097788619907836
-0.42906015633389905 0.9043828737026869
-0.9756755987763949 -0.22373673357838067
0.3018655007479843 -0.9543994024820891
0.26024676715915906 -0.966577787962876
0.5797174446308391 0.8160445357887584
-0.950479179887122 -0.31399096898016654
-0.101387535914501 -0.9958521815817776
-0.2850612209451727 -0.9595525521373216
-0.7141086273187305 0.7014626635744475
0.8202180538459125 0.5737973023160914
-0.19393123795850387 0.9820344571062066
-0.9571787933826548 0.29293302561938134
-0.047433104259450846 0.9998755425653295
0.9603722761459331 -0.28228724946458245
0.9467013396325932 0.32520389533007354
0.9612629494613957 -0.2792392200117637
-0.34223157689752337 0.9406798327668318
0.7184248968898679 0.6970413671574899
-0.7372987045570686 0.6770462467649226
0.9876761939601326 -0.16277818000096467
-0.33434691499292096 0.9435110706476721
0.300014839117633 -0.9549827727813842
-0.28339967125559984 -0.9600445960121946
0.8641758553218465 0.5051743175169883
0.8450162460008787 0.5366083711558947
-0.8621664678264037 0.5085960890094836
-0.34292896053308497 0.9404258227142096
-0.6898675626939916 0.7253163075118687
-0.8802111538364499 0.47668577140701984
0.14668228809593037 -0.9901945800492662
0.9185447997563646 0.3978397300930867
1.000830736331628 -0.018407531444798644
0.944512673258999 -0.3315068778368546
0.9434942343914159 -0.3343944223071849
0.01733041176456817 1.0008499671919215
-0.6559208138638675 -0.7561540094055983
-1.0000078459381023 0.044556795915288654
-0.593698969881064 0.8059296080689451
0.7452965100715154 0.6682320795017398
0.9727844877300992 -0.235990127826756
-0.9789137961222183 0.20911427440896502
0.9984284260596884 -0.07170549515883315
0.9870117248799087 -0.16675987212032517
0.7932378695214066 0.6105527678728021
-0.7822423419499265 0.6245781924312555
0.9613383412220582 0.27897955784684586
-0.19036549612134737 0.9827318952219233
-0.09726624757166763 -0.9962631565421493
-0.4149735367993014 0.91093246937206
0.029165428036681717 1.0005750235776611
-0.38191412612776776 -0.9252797416263167
-0.40552991327437693 -0.9151756604279182
-0.747106636563857 0.6662076805338114
-0.6976017861583088 -0.7178807337913014
-0.3575379096985712 -0.9349693273730301
-0.48198817097948093 0.8773188719250571
0.6130000884451094 -0.7913481481410618
-0.9963349428681831 0.09652813900544364
0.11513286008762229 -0.9943567893508065
-0.555880815009641 0.8324647256816454
0.9118394448653084 0.41297678722626324
-0.6899767000617242 0.7252124884280009
-0.9311439226691822 -0.36738534983889604
-0.9720143885951485 0.23914227640465335
-0.5919734611677461 -0.8071978823517063
0.9972380309859006 0.08670241954734519
-0.0149098736916042 -1.0008889527147857
-0.42538999444178016 -0.9061149775987715
0.639119819275676 -0.7704069422123786
-0.6512171125807591 -0.760208703108547
0.9287405498329958 -0.3734193234098959
-0.9725023260596494 -0.23715021781261617
0.4609162764257752 -0.8885703045487163
0.8411530044309998 0.5426441035676166
-0.594651032809692 0.8052273897343324
0.9102248934702969 -0.41652328063025096
-0.27797555151224185 0.9616291347299462
-0.7014963355578353 0.7140755500638072
-0.7981463336054624 0.6041220325001878
0.4320963242183402 -0.902936191874597
0.3280772736666593 -0.9457094175820879
0.9645878208139527 -0.267528196527749
0.5691055624812774 -0.823480332948437
-0.5536916693923652 -0.8339223796286412
-0.10936289557391099 0.9950079180949716
-0.9997126265210662 -0.050751003678265
0.8654139205663288 -0.5030504409003297
0.25101524791154656 -0.9690161739186323
-0.18835700509974196 -0.9831188324052469
-0.835399154757869 -0.551461016056292
-0.5070860143779076 -0.8630554872210294
-0.983004037605877 0.1889551852967886
0.9936745053164935 0.12088001275654299
0.144893248608266 -0.9904579478744886
-0.1928015791776316 -0.9822568661336053
0.9925262702657203 0.12997154624154642
-0.7380814899046876 0.6761928084947935
-0.732264354091433 -0.6824880333947668
-0.34200896155318833 -0.9407607933036484
0.972741955231316 0.23616538385791497
-0.767073187852486 0.6431171934242038
0.982471463373472 0.19170504337859354
-0.8679675744250044 -0.49863141672659816
0.4788052720128188 0.8790600158650891
-0.5965137096558184 -0.8038484895754012
0.9627553830976531 -0.27404939758461644
-0.6221415954119915 0.784181634099028
-0.45620478005756193 -0.8909984279742762
-0.545858374376871 -0.8390706973328527
-0.3376673614572139 -0.9423278373297285
-0.9003404488454387 -0.43747922941871625
-0.5590608979206114 -0.830332410794737
-0.9997994315669996 -0.04901118890931421
-0.4825967747567472 -0.8769842375974528
0.9688417615387951 -0.25168758630175747
0.08652392454545116 0.9972535337020636
0.8651450434661705 -0.5035127146020425
-0.27064251642778414 0.9637186458202605
0.06484063055533068 -0.9988977388247443
-0.9612788546020895 0.27918446177195283
0.9051531279415101 0.42743281925666415
-0.955704312846835 -0.29770835797128514
-0.829240393586136 0.5606793822186709
-0.9710309542841874 -0.24310468078986133
-0.3678896097633731 0.9309448077239343
-0.6997010416843523 -0.7158347939754202
-0.9744861420119861 0.22886187761747287
0.7736693365603582 0.6351667164345557
0.5069486323156691 -0.8631361909879997
0.9642638925027616 0.26869340448813145
0.6752724212367234 0.7389236476910812
0.393696721060363 -0.9203281435587629
0.13379268543767212 -0.9920184057382082
-0.4115662387968637 -0.9124769756451956
0.7057507406829696 -0.7098710390102133
0.6126646692910575 0.7916078593612365
-0.9780860886501428 -0.2129521147795089
-0.9275452134907821 -0.37637863506094416
0.012293446111241923 -1.000924508233618
0.6314534285492489 0.7767030111782742
0.6357425947102666 0.7731961932595488
0.7530360998503232 0.659498015404303
-0.4862687792019931 -0.8749535269792352
-0.7346156425492699 -0.6799565116402101
-0.39853819610360003 0.9182419649779073
-0.859100115174274 0.5137586905421155
0.9823653245250067 0.19224819679486785
0.30975718407966857 0.9518673683402716
0.7230381006014698 0.6922549422565496
-0.050893287673319985 0.9997053932383283
0.34392510974970414 -0.9400619760864993
0.6524097764626714 0.7591854079050302
0.69646803887373 -0.7189807165893815
-0.9406426119368366 -0.34233386716573316
0.24706638246957935 0.9700305163516226
0.4128373232164624 0.9119025959824142
0.4390928066558329 -0.8995546159867689
0.7996590984113031 0.6021181996319508
0.19698420366667344 -0.9814266266541817
0.8763740970328873 0.48370387847296775
0.9290601107866955 0.37262355071172465
0.9901650400871147 0.14688156245520592
-0.44347841769327 0.8974006312903248
-0.8953914633183595 -0.4475210915885494
-0.5537099752273789 0.8339102249844976
0.9927508455269615 -0.12824491687978617
-0.40308365025117077 -0.9162557344432786
-0.15555698617953526 0.9888392306390053
0.4594155786696978 0.8893471347430016
0.7986964954839142 -0.6033944879609972
-0.6232189253771332 0.7833257119817856
-0.38915587102274446 0.9222573979364596
0.194045851251268 0.9820118164320482
-0.882573090237904 0.47229835950161486
0.7642334055400931 -0.6464892124827696
0.9581656418879485 0.28968880321036855
-0.2978045664854921 0.9556743379312788
0.5754591894075888 0.8190529417115605
0.9897606852556987 0.14958203743153675
-0.5202458129744001 0.8551872859687553
0.24279372121318624 0.9711087523750641
-0.9451906565625909 0.32956884371368955
-0.9690503161401594 -0.25088340875525666
-1.000215238856949 0.03962923110957987
0.9404459384373762 0.34287379146946
-0.7791500075021051 -0.628431591988714
0.8042938044557124 -0.5959131447737633
-0.6368855744670107 -0.7722549870579184
-0.5749005337008075 0.8194451637239228
0.4841328008317587 -0.8761372216489817
-0.12957197363624584 0.992578512586288
0.31066153170169725 0.9515725998160914
0.035670424669410006 -1.0003642440650824
0.8032421104271262 0.597329985884332
-0.9680106202352604 0.25486553143127516
-0.6716856431917918 -0.7421855541103107
-0.7286977318389367 0.686294845975685
0.30112018429290033 0.9546348174099925
-0.7250906134471607 -0.6901047763135829
-0.6244452722890048 0.7823484530028232
-0.5023723801249961 -0.8658077105729346
-0.5470799691298455 0.8382747207072913
-0.4082855365823754 0.9139496269585331
0.09792795659233997 0.9961983313164345
-0.6947192989586775 -0.720670587476944
-0.6692185290856125 0.7444108813877517
-0.5595993052923656 -0.8299696485512598
0.4796028390034064 -0.878625128720931
-0.6231253198119869 0.7834001760334298
0.9573138129957726 0.292491475854417
-0.9988595405568542 0.06542643379055686
0.7428722579682286 0.6709260826210184
-0.07220196756157891 -0.9983926461469138
-0.5000335887935726 -0.8671605445811176
-0.9220034992018324 0.3897570364465233
-0.9943202286509621 0.11544818272930268
0.999817855954717 0.04863388647962353
0.23712905519848532 -0.9725074864393969
-0.8040478335512408 -0.5962449843491819
-0.8627615194892221 -0.5075860128969756
0.9621526978800067 0.27615790041609284
-0.7134918598594654 -0.7020899984434196
0.9235329115596908 0.3861191024361271
0.9203162986722576 0.3937244091978498
-0.5469049575644612 0.8383889117774727
0.23550635578091883 -0.972901719798455
-0.9933198459083515 0.12376059035334627
0.8036947027437188 -0.5967208935353993
-0.3271611603187331 -0.9460267306894136
0.5297238740366845 -0.8493489372899496
-0.3441775918051588 -0.9399695661558417
-0.9616641551505543 -0.2778543731859743
0.8600772641197924 0.512121176816789
0.8887052520149149 0.4606560268151353
-0.82200574897971 0.5712333574331123
0.7657728739843889 -0.6446649559807708
-0.4283120800863391 -0.9047373994989449
-0.9994499186699759 0.05568536675445958
-0.22846943874316328 0.9745782244439818
0.9872297564091895 -0.16546421987926088
0.9926219972931737 0.12923842497380875
0.9774322223682216 -0.21593344038457685
0.5747613932578349 -0.8195427632651711
0.9865274220031094 -0.1696014317035648
0.7741182727631541 0.6346194921164894
0.3998691553794069 0.9176631509307539
-0.9508222076981773 -0.31295068197395615
0.19664756992403395 0.9814941330659965
0.9318572828115387 0.36557216041582824
0.40752170110998864 0.9142904697766575
0.7032466214194792 0.7123518719439765
-0.7184641637656162 0.6970008933886482
-0.8169983339852798 -0.5783724770986921
1.000778022417732 -0.02107960734106007
0.9995363412998698 -0.05411194342167045
-0.035584737215191634 1.0003672957855658
-0.4943771269011772 -0.8703977575780727
0.3522955653165889 0.9369572213597935
-0.31860749227655333 -0.9489416556697498
0.8366148525609958 0.5496149456431687
0.6086687670643987 0.7946844229002509
-0.11887832015587523 -0.9939159647560336
-0.11766934638535581 0.9940598195889638
-0.8873152504915235 -0.4633277956751192
-0.34301867304621014 0.9403931039419724
-0.9763775816388847 -0.2206531623906697
0.43032967402472955 0.9037794928265246
-0.857909914762018 0.5157437136340363
-0.5162090967085472 0.8576299717683297
-0.013404610792826005 1.0009102439327378
-0.3358043226001985 0.9429933493524871
-1.0007379693931424 -0.022902327717723395
-0.5475537542903125 -0.8379653251552741
0.1569027591947716 -0.9886265847917846
-0.23650979862358254 0.9726582725474721
0.26028494492233684 -0.9665675079614335
-0.7707545832150864 -0.6387005342513331
-0.04412227531287914 1.0000271120430757
-0.3836167078866129 0.9245751572642632
0.3448734012198518 -0.9397144976699312
0.8970490018079162 -0.444189248356397
0.8735956136738829 -0.48870410656117036
0.9980741631221821 -0.07647852579617226
0.8580643716586995 0.5154866963268414
-0.9951125474183018 0.10840672474832055
0.851761339463639 -0.5258361157196294
-0.9986977982499441 -0.06785062837375985
-0.8476090747823928 -0.5325033862301123
-0.15038829430891992 0.9896385001276242
0.17387965716352785 -0.9857823617942726
-0.9998786976545961 -0.04736654913067474
0.1789876842610768 0.9848677113617124
0.5298900042508238 0.8492453022508055
0.17967909706885216 0.9847418047775376
0.05260524133529314 0.9996167708597409
0.41681549410128116 -0.9100911184475458
-0.40112558090506745 0.9171146429665007
0.947558777118795 -0.32269701564336434
1.000667817308805 0.025786031149284565
-0.9030776410560228 0.4318006186015593
0.891065897896628 0.4560729827622725
-0.08531024497187509 -0.9973580912103931
-0.8398168869833956 -0.5447096440650913
0.7949098668117782 0.60837431211819
-0.6387344618907154 -0.7707264671679429
-0.8712087408806272 -0.4929465790663246
-0.6601746833044453 -0.7524429463579783
0.9729090379990141 -0.2354761214642221
0.6813610345612292 0.7333131258757417
-0.8555758321588709 -0.519606577542717
0.9668617642108468 -0.25918975463372185
0.2564985265160593 0.9675791987713929
0.9823934049510462 0.192104653532104
0.9207709860891213 -0.39265989249790606
-1.0007225465901937 0.02356660234394335
0.4966412566523963 0.8691078541761825
0.9686140259155621 -0.2525626037236054
-0.10238598808640755 -0.9957500235719655
0.963546347250042 -0.2712552980148068
-0.24830434226094641 -0.9697143670248259
-0.9862763177018995 -0.17105562001986876
-0.07964592064021149 0.9978264013972437
0.8307192059116973 -0.5584859899133002
-0.157316209701962 0.9885608783302161
0.9640302484576043 -0.2695304807600985
0.9426539410622043 -0.3367559166516516
-0.7795097664335944 -0.6279852896642112
-0.9863691859000715 -0.17051929247692263
-0.999910631847673 0.0466875606343623
0.8191311114934722 0.5753479140341684
0.6759990260472277 -0.7382589767711596
0.6684358074744737 -0.7451137975409852
-0.8848671257462762 -0.46798629229233163
0.996713496563992 0.09253759110318877
-0.9814541584374273 -0.19684698343099175
0.13708953506975277 0.9915681819090199
0.2742387491377582 0.9627014638356783
0.8115801983699957 0.5859510061547112
0.9839812288398488 0.1837986433323733
0.9766998969256857 -0.21922205944054762
-0.26117668824739004 -0.9663269309690823
-0.952089307886319 -0.3090743434977258
0.3446516541992308 -0.9397958487127583
-0.033236672886205514 1.000448061408215
0.8611548907884895 -0.5103070194217053
0.13006868025596977 0.9925135457093118
-0.6601374933293969 0.7524755742884818
0.8551552630450227 -0.5202984490524627
-0.4888168878032564 -0.8735325123876836
-0.6347139340869822 0.774040839927601
-0.9968335622897259 -0.09123513080373823
0.8105984644709576 0.5873083767471102
-0.44733695854176847 0.8954834702676538
-0.9512952767074305 -0.31150970532895655
-0.6802231026183334 -0.7343687974473645
0.7229807689056089 0.6923148184118656
-0.6502742745784049 -0.7610153532101237
0.8013059582550425 0.5999247963411481
-0.8521039847679672 -0.5252806860551336
0.03804136446198788 -1.0002768889611866
-1.0007286873629877 -0.02330438346645659
-0.0909732123441306 -0.9968574996637131
0.9443691463408284 -0.33191552455330414
-0.7431023694353674 0.6706712074776601
-0.513753754859186 -0.8591030667900607
0.5848130495213981 0.812400576753539
-0.5884197012998175 0.809792106112571
-0.21247857606765422 -0.9781890690006008
-0.9374880062756239 -0.3508806607514239
-0.5921723951189838 0.807051952763294
-0.9953086486164066 -0.10659124724564623
-0.32513018106389546 0.9467266582078264
0.9199441943124578 0.3945930553757921
-0.028589188750407616 -1.0005916541160003
0.9962906025748565 -0.09698471643011324
0.9780982530602751 -0.21289623613497263
-0.9190883010306696 0.3965825196709473
0.1875022980411032 -0.9832822017250721
-0.9732328287602242 0.23413427989803623
0.4290939170862908 0.9043668560487738
-0.9294517784423506 0.3716455186738453
-0.6467054607159194 0.7640504218179651
0.8540272711927929 0.5221478909839548
-0.4283061964362782 -0.9047401848565633
0.9455733156309589 -0.3284693361132434
-0.3354680571092089 -0.9431130275101561
0.9294693133515279 -0.371601662453008
0.6493055319383725 0.7618420611873745
0.15957623733297888 -0.9881985754283644
-0.3011551641853459 -0.954623783007996
-0.13019045671739068 -0.9924975793319182
0.49487106386000235 -0.8701170209541184
-0.9850569851495234 0.1779430695703868
0.13790990005195106 -0.99145441623287
0.4921810803535117 -0.8716414309462636
-0.9823604596153456 -0.1922730542336263
0.15580491440519936 -0.988800196524651
-1.000765141771086 -0.02168250483450037
0.40242753222072747 0.9165440967627991
0.8857215151813733 0.46636723463898305
0.3276850700328917 0.9458453863489206
-0.6155579763878058 0.7893601064820475
-0.9414811648354121 0.3400209056222214
-0.20980209748943457 0.9787666115520256
-0.2605583690320137 0.9664938366732491
-0.9965427378690137 0.09435873886678553
0.6735582811631421 -0.7404864900027236
0.3178047944684901 0.9492107840795114
-0.7035767305894484 -0.712025831113635
-0.04016723380075115 1.0001937778894627
0.09641382692007626 0.9963460111721357
-0.2871080839032309 -0.9589420984383861
-0.7820639253395388 -0.6248015818502
0.49461650607397784 -0.8702617490842458
-0.9043855241710085 -0.4290545695712029
-0.2571231490941933 -0.9674133998451155
-0.8173345844624199 -0.5778972028325136
0.9222160213398608 0.3892539145391828
0.1057759661659726 0.9953956223440281
0.9005895218252755 -0.4369662609155558
-0.9970765698501544 -0.08853989979579996
-0.5948719204896543 -0.8050642199309012
-0.6871398603812563 0.7279009632327927
-0.6203144956812638 -0.7856277276469431
-0.5087439165284368 0.8620792465865924
-0.9196169159770095 0.39535519200958275
-0.9827328424723054 0.19036060602525615
-0.8827142199859177 0.4720345388153847
-0.7837043648648624 0.6227426984652349
0.9389543762658498 -0.34693757261387687
-0.5093753756605744 -0.8617062879372812
0.9985283430862931 0.0703004128959586
-1.0005355949094967 0.03048808487097157
-1.0009169673235188 -0.012892808999212359
-0.679466981506686 -0.7350684465015436
0.9771022050938036 0.21742189586338012
0.9943489690430625 -0.11520038091516328
-0.8685171067203897 -0.49767362330551845
-0.8514599053473048 -0.5263240727783207
-0.9734534663672821 0.23321524139198715
0.20147560359280733 0.9805144471943867
0.06352504588890202 0.9989822663815473
0.9948113065343193 -0.1111371422679235
0.05442877032476318 0.9995191388667523
-0.47887684557989796 0.8790210274887891
0.23663573001215749 -0.9726276426678471
0.46416240751570037 -0.8868789429506311
-0.6515540386180855 -0.759919952863762
-0.49008783883203977 -0.8728200904132195
-0.14732769306557436 0.9900987581327308
-0.0021230131779537823 -1.0009977486563326
0.8071823725980387 -0.5919946092381255
-1.0005319747762436 0.030606656961361202
0.6862889009034512 0.7287033309219417
-0.9597688927142537 0.28433197600350096
0.7326163292556065 0.6821101920570024
0.6093070650623438 0.7941951274498684
0.8984425356754009 -0.4413638069542585
-0.7737603598653268 -0.6350558286490094
-0.429490072143383 -0.9041787864854338
0.130345106566672 -0.9924772809460793
-0.7772467160918863 -0.630784069491596
0.927175685160715 0.37728801842459647
-0.973787154612199 0.2318179835825456
-0.6573208610698061 -0.7549372726276327
0.9997771554911409 -0.049463515423422935
0.6952469442521421 0.7201615697245021
-0.7443968545510218 -0.6692341316270003
0.999334433340166 -0.057720796431522135
0.8472871579755095 -0.5330154518677522
0.11238688167879994 0.9946708947317778
-0.42797304350484444 0.9048978251897838
0.9585799712819719 0.2883148255935755
0.3545583870130931 0.9361032796645217
0.6584971949406668 0.7539114299805206
-0.3071114469043984 0.9527242828753169
0.9944558833501081 -0.11427377682721422
0.13923950569690596 0.991268561013251
-0.17221612768671227 0.9860743406886694
0.21127724160378333 -0.978449246093172
-0.8832234133397288 -0.4710810993114867
0.18151520951380457 -0.9844050125406512
-0.7155221392386524 0.7000207627344653
1.0007161537556148 0.023836518465763373
0.9246394707128937 -0.38346166588041103
0.8660876132852172 -0.5018896752413983
-0.6475122066297392 -0.7633668464542365
-0.9884922194071367 -0.15774705122934335
0.28489150518181006 -0.9596029544948487
0.39612357447462654 -0.9192861979522183
0.8232258416086053 0.5694736286324446
0.9861606012062838 -0.17172148563432812
-0.996003782419284 -0.09988726348478838
0.8728018626242252 0.4901203001301651
0.9953746477450285 0.10597315993429876
0.5659824273840038 -0.8256299969674739
0.24017178517365942 -0.9717605227660246
-0.5658520291764216 0.8257193718672985
-0.5771000025319851 0.8178976629613162
0.41726061590805674 -0.9098871239950751
-0.6276803857736298 -0.7797553034863355
-0.7543571001562045 0.6579865997449508
-0.7591247003626754 0.6524804129621656
-0.6106867561403974 0.7931347211380414
-0.21418049828811161 0.9778178328058127
0.715141909402396 -0.7004092014075024
-0.5891479770403237 0.8092624179765758
-0.2829418207313556 -0.9601796321945313
-0.6841743901495678 -0.7306889925703458
-0.3193365731121744 0.9486965547913478
0.6661542540088949 -0.7471542744747249
-0.915571067698062 -0.4046364046823157
-0.9374137245402716 0.3510790638069092
0.5460201574132836 -0.8389654269982602
0.34727335020712385 0.938830240371453
0.6805455390788665 0.7340700029560226
0.9191101490628789 -0.39653188256382665
-0.17970893290074266 0.9847363603704681
0.7195241682247896 -0.6959065823373312
0.797695098451704 -0.604717727461438
0.9555998207105443 -0.2980435918753758
-0.9753198410122125 -0.22528250648444192
-0.6701219683990071 0.7435977053952226
0.8697682771703924 -0.49548374749132523
-0.20993543114106578 -0.9787380215111778
-0.7663782665154033 -0.6439451472080876
-0.9752105854599116 -0.22575498667125019
-0.5761971701433547 0.8185339462226292
0.7530812795341044 0.6594464242190385
0.9352661083482962 0.356760853478956
0.8008988406119231 0.6004681899205632
0.9973866642954349 -0.08497553698344974
0.8354328404438004 -0.5514099827786975
0.4987944720839427 -0.8678738817469396
0.8554355002318953 0.5198375755397133
0.3247051867936645 -0.9468725054986502
-0.4380964394490719 -0.900040282288546
0.8741257009377016 0.48775532694187146
-0.4946006460516901 -0.8702707629957763
0.17089433650000674 -0.9863042764543923
0.8871057977083108 -0.46372869619239826
0.3627679375951942 0.9329525301176524
-0.9181086519011569 -0.3988452122117555
-0.5070855710166213 -0.8630557477166507
0.5925824459747189 -0.8067509186376048
-0.8981577994407469 -0.44194294575629883
0.8112342466435634 -0.5864298739599222
0.9318161759741506 0.3656769259782611
0.2205344517506355 0.9764044016651331
0.4466647691584276 0.8958189459888916
0.8979951290788573 -0.4422733862111152
-1.000894500081245 0.01453271162290893
-0.983026686377211 -0.18883732117947552
-0.6638954598684359 -0.7491620775013095
-0.9584332987119644 -0.2888020289404186
0.3020878501431518 -0.9543290474442704
-0.9935314540935578 0.12205019347277006
-0.5368566095589766 0.8448585566666414
0.9931297906125895 -0.12527657002725606
-0.9305578393690849 0.36886733060646687
0.49074869333866766 -0.8724486918933344
-0.6480620509245294 -0.7629001102054532
-0.36924824009485363 -0.9304067589967591
0.1933151993454984 0.982155911096609
-0.9992667750422781 -0.05888049164710676
-0.9453701825449696 -0.32905351837488517
0.9424386054768874 0.33735808113454147
0.19536151444450295 -0.9817509249671987
0.8837453987574285 0.47010112760455436
-0.28275558800235495 0.9602344908684767
0.5189038768830043 0.8560022000881703
-0.016038409044015572 -1.0008715049572232
-0.2722441840172985 -0.9632674105713093
-0.38829920161479736 -0.9226184097585041
-0.6859211016430204 -0.7290495472331255
-0.6130008749712479 -0.7913475388756097
0.1809114549130504 -0.9845161479027368
-0.913748324253055 0.40873585593232936
-1.0003689788101746 0.03553739205806259
-0.4679290027083107 0.8848974225436561
-0.919996449652751 0.39447120633366056
-0.8672295620881267 0.4999138792236478
0.9824015169770292 0.1920631652379812
-0.902880267540362 0.43221316787696823
-0.2589113346391658 -0.9669363581929091
0.8381468716487077 -0.5472758185279929
1.0005343672251947 -0.030528347503250022
-0.2575267965504214 0.9673060265802534
-0.7198929963181515 -0.6955250346695464
-0.7657672873720547 0.6446715920457834
0.9557899704326195 -0.29743324027487644
0.816861215024554 0.5785661201527525
0.9558802064670971 0.2971431151556765
-0.021219934844078914 1.0007750568260647
-0.9664099227582507 -0.260869433231247
-0.5332890282117972 -0.8471149936041251
-0.5505625412778713 -0.8359915598507274
0.8169505464292393 0.5784399750094795
-0.9999020498066896 0.04687100161486347
-0.3439168352492351 -0.9400650033014475
0.03362303348799914 1.000435151131279
0.301299962159098 -0.9545780915163129
-1.0009869878971993 -0.005103925988107085
0.3756708145160643 -0.9278321179614537
0.969094427593999 0.2507129641766844
0.632210085531029 0.7760872423592912
0.14671767219970053 -0.9901893377856081
0.9732098883328589 -0.23422961651154278
0.773436631219047 0.6354500590042713
0.6393885525540111 -0.7701839253469827
0.9747273224266607 0.2278324974953144
-0.7709333696982665 -0.6384847214191394
0.9406405723250617 0.34233947142563087
-0.7350778065228507 -0.6794568554055176
-0.5383613915266457 0.8439004752418935
0.17593262535311197 0.9854180388730265
-0.17237502228444015 0.98604657683724
0.37716702300929095 0.9272249116338004
0.050584659551346604 0.9997210572044956
0.8216557241335353 -0.5717367147547864
-1.000187276965661 0.0403287861956722
0.5402658045317246 0.8426825383581223
-1.000664370014951 0.02591946339300248
-0.7138152469101686 -0.7017612081602794
0.9768047312860166 0.2187544672395353
0.7017651713047228 0.7138113506688255
1.0006906394847837 0.024884614675232418
-0.7596372012738236 0.6518836724760579
0.12044537544951182 0.9937272822725691
0.7675654152470952 -0.6425296361387187
-0.6803467430892496 0.7342542537621763
0.5287236462249393 -0.8499719441973395
-0.9458831182049237 0.32757613877529357
-0.6757431831894811 0.7384931620353349
-0.009832690445638845 -1.0009517062269289
-0.9196314022832889 0.3953214943997755
-0.5222555845962411 -0.8539614185418675
0.6216588878998647 -0.7845643549735761
-0.7368677114705616 -0.677515295614894
-0.9777518393067189 0.21448156268623159
-0.9093391579228661 0.41845345723046995
0.5794471280658325 -0.8162365011295798
0.24433486600951093 0.9707221400854698
0.7462729548765883 0.6671414219037562
0.5692189396672758 0.8234019666748812
-0.530472294050518 0.8488817027388331
0.4586870725154281 -0.889723085857182
0.00020801648914475063 1.0009999783861836
0.11045902419871936 0.9948868297314357
0.6297149960543287 0.7781131175762923
0.7667203098627169 0.6435378516016128
0.9038002929893567 0.4302859867487589
0.9139865116663117 0.408202959925632
0.7128408856588005 -0.7027509315064454
-0.5596229228595845 0.829953724137735
-1.000217764163867 -0.03956544263666163
-0.9980235615166313 -0.07713605290432521
-0.20909202705267632 -0.9789185483087971
0.814267484987864 0.5822108405822916
-0.9344146029654141 -0.35898516649715123
-0.9940156873812739 -0.11804157420135318
0.9390088371210181 -0.3467901437593539
-0.9666498399456807 0.2599790124856041
0.7581881691936194 -0.6535684356628826
0.09537722184968149 0.9964457765238591
-0.9921232161384073 0.1330132474574741
-0.2636907443559883 0.9656439257516121
0.8256812665703387 -0.5659076303026856
0.240480309378764 0.9716842186642192
0.9409516853008206 -0.3414834196993252
-0.809927974887173 -0.5882326712238642
-0.991598054707028 -0.13687329140938306
0.9980738204970107 -0.07648299705490781
-0.7937932270305398 -0.609830560664552
0.5981528769995611 -0.8026295133728562
0.9793856605054264 0.2068930351566954
0.14873731769892415 -0.9898879786742182
-0.4452304476082652 0.8965326812350701
0.6249126712384939 -0.7819751615784033
-0.9114173720562023 -0.4139074460723872
0.9003653487603407 -0.4374279812171028
0.7802773593173071 0.627031293108095
0.9438361893846364 -0.3334280246288375
0.5275278187490369 -0.8507146410200563
-0.48067571975215156 -0.8780386394918797
0.41308715408112534 -0.9117894510977612
0.5665311484491128 0.8252535718413639
0.969989836898558 0.24722604295160516
-0.9568441990658195 -0.29402411247054266
-0.12666273923354543 -0.9929539518476447
0.0899937092372299 -0.9969464039243658
0.9921409291751955 0.13288106206446373
0.15469894500276304 -0.9889738299950267
0.1523306615058335 -0.9893413817106788
0.8893242831348612 0.4594598126350826
-0.17814538092969767 -0.9850204176835183
0.11212411344561084 -0.9947005495042394
0.5733184063204595 0.820552865435353
-0.12408737037484542 -0.9932790768527524
-0.1418904549298668 0.9908925768214208
0.5120385385274309 -0.8601264645752348
0.9233217518808732 0.38662377384692126
-0.8320174738788242 -0.5565500185610456
0.47228367138785593 0.8825809502478557
0.13547769550524222 -0.9917896924351396
0.7361536181747482 -0.6782911251433466
-0.5717712037319522 -0.8216317244258003
0.9558028142734819 0.2973919639581606
-0.9978140587837928 0.0798004015867935
0.9285665797009693 0.373851718014567
0.5372565036426944 -0.8446043152231862
-0.6466635682714208 0.7640858783346761
0.9135710282402775 0.40913197914609684
-0.829045873014864 -0.5609669691140664
0.9459980366048547 0.32724412101634454
-0.7950505306456506 0.6081904748679227
0.026501809379518966 1.0006491163737725
0.6001840042635779 0.8011118280403414
0.6669533392160494 0.7464410514625796
0.9529140381018146 -0.3065221623121131
-0.8809111944866324 0.4753908575352861
0.9996077882584697 0.052775653979939156
0.5219728548682782 0.8541342627366376
0.0958846631249459 0.9963970751549884
0.7714694415809619 -0.6378368919298717
-0.7552755013400974 0.656932201277624
0.8514265313370247 0.5263780597017721
0.9940808142443635 -0.11749184972270747
-0.7967603469695287 -0.605948801052528
-0.8479111242769324 -0.5320222977727799
-0.6850149773346288 0.729901007553242
-0.7053863835024504 -0.7102330955181784
-0.6401468853732998 -0.7695537441575236
0.9739983337934185 0.23092909251033025
-0.5119178998250759 0.8601982700742217
-0.09484495224311607 0.9964965805430548
0.8982565142469134 -0.44174227170714
-0.41769907405367723 0.9096859257648766
0.2783758913109966 0.9615133192716616
-0.9915858499644403 0.1369616813210844
-0.9544522030691017 -0.3016985118566849
-0.9583148983972655 0.28919466715318054
0.0019128361188454368 -1.0009981723549661
-0.4537834711654222 -0.8922340283227604
-0.06090845309942532 0.9991452148416841
-0.6066610684714078 0.796218153523976
-0.9239502584115676 -0.3851193580971974
-0.2727879562577722 0.9631135607604681
-0.3846768015025005 0.9241345997125125
1.0001339771059985 -0.041629650949031115
-0.09298912455027938 -0.9966714718077229
-0.5446353414020512 -0.8398650754114443
0.49951899215142254 0.8674570747189898
0.9964615584325656 0.09521219757017937
-0.9346014539647826 -0.35849842711916385
0.9080974630650785 -0.42114130357252805
0.5247014007759739 0.8524608143625905
-0.7411134267455182 -0.6728684036997987
-0.671278627671853 -0.7425537044759751
-0.6378301911456553 -0.771474981618391
0.9081601496067495 -0.42100610763532426
0.4949951825975035 0.8700464178452
-0.12261802285532554 0.9934615344697805
-0.636709689115958 0.772400007629376
0.9982995694541947 -0.07347768115264158
-1.0009973941561203 0.0022840518068585006
-0.9857610364887074 0.1740005141966813
-0.09698061863433455 0.9962910014696016
0.8049141249235574 0.5950749965328268
-0.19927198152569597 0.9809646667331208
0.9752731207995643 0.22548467762994112
-0.4048239495407222 -0.9154881593326321
0.9921501293282289 0.13281235211371928
-0.9521727579771968 -0.3088171610615232
1.00097495480573 -0.007080949912742536
0.18307820230454694 -0.9841155276901871
-0.9403936335313602 0.3430172211619788
-0.8703382318628509 0.49448191287229754
-0.9317861862671878 -0.3657533363916857
-0.43848968917911507 -0.8998487608946312
-0.7838504347596921 0.6225588292900854
-0.4021982197339001 0.9166447469128274
-0.4173551849654844 -0.9098437500925234
0.9962410968713626 0.09749193251005038
-0.8886895585396264 0.4606863016659427
-0.1197699948651683 -0.9938089093633632
0.6226228831524998 0.7837995568861139
0.6394766663850087 -0.7701107668050852
0.2670762944302247 0.9647130417660061
0.8744645019889358 0.487147651909811
0.7860503053085536 0.6197789263312603
0.025087243685501796 1.0006855800921008
-0.8638395234024903 -0.5057492242285286
0.7008255348354282 0.7147339153297791
0.9622707597601604 -0.2757462328130768
0.37344908663644605 -0.9287285823589173
-0.4928861399487496 0.8712429357225352
0.972720465883117 0.23625387880864937
-0.9453341330036944 -0.32915707037545683
-0.03314193752995818 -1.0004512041957672
0.9724467738556001 -0.23737790970904474
0.4193013169694251 0.9089485164670801
-0.9801944762040851 -0.20302657170675764
0.9970759506152258 -0.08854687292470483
-0.9694362105352121 -0.24938811860858182
-0.55328358657849 0.8341931867516316
0.35348427813984284 0.936509404708759
0.18532320953263423 -0.9836952312624695
0.587164235895971 -0.810702880274087
0.9882945062891835 -0.15898103295242202
-0.39630960939331195 0.919206012546981
0.6625155458281285 -0.7503826700664514
-0.461664460029683 0.8881818092854082
-0.8052128282093619 -0.594670750320781
-0.588984867597432 -0.8093811375002729
0.541089658128433 -0.8421537756647866
-0.7986851526811648 -0.6034095018200032
-0.86335310966383 0.5065791231720811
0.5481665423245604 -0.8375645896740955
0.939847695791684 0.34451024471713776
-0.9655761830378223 -0.26393869506025386
-0.7782869195643857 -0.6295001754050427
-0.7337960765808372 -0.6808408903661486
0.9033189022357774 0.43129567684310277
-0.5536803943966042 0.83392986567266
-0.3586748384519422 -0.9345337662500339
0.23834903309816488 0.9722092050691404
-0.9206776788912169 0.3928786219578271
-0.4677813153493736 0.8849755030564461
-0.7225085925230087 -0.6928075733783667
0.1593360036795356 -0.9882373388672556
0.9462492944136282 0.32651687984193256
-0.9451840993676007 0.3295876488927602
0.426690267102302 0.9055034047203612
-0.5054830396816653 0.8639953105163153
0.8829951479035562 -0.47150882152805695
-0.3314340622859908 0.9445382270488611
-0.7097768894446539 -0.7058454272787149
0.8948368223840613 0.44862909101572523
-0.9741120762656891 0.23044882918632542
0.3643078473185312 -0.9323522898465675
0.1640167888084307 0.9874712618547289
-0.9950354803983188 0.10911183596882058
0.7770095413255491 -0.631076201966973
0.6626954478064844 0.7502237955814006
-0.4387079857376086 0.89974235381583
-0.7223710420298106 -0.6929509922330479
0.9946433511661429 -0.1126303865792214
0.7123855618413298 0.7032124936887945
0.13389204887060754 0.9920049996089894
0.6895391822002331 0.7256284973804665
0.7107599267447118 0.7048555359319043
1.0009854128345306 0.005404007076626971
-0.998502029862113 -0.07067316577909916
0.8929652165596615 -0.4523429252398635
0.004118558929204035 -1.0009915271731058
-0.4454244350905062 0.8964363182202646
0.02461956098220611 -1.000697195567692
0.02541953894422791 -1.000677194223923
0.8245941775912861 -0.5674904777020936
0.004585212984411864 -1.000989498357444
0.7869007816665099 0.6186987633837938
0.02556498802019807 -1.0006734889001143
-0.9910587876158505 0.14072483607878314
0.9822629236176288 -0.19277071584176964
-0.870460475704577 -0.49426668938555984
0.9989855606633419 -0.06347321944055177
0.6021592595359618 -0.799628179940591
-0.17619435604615025 0.9853712746459998
-0.45517967044136387 0.8915225558654651
0.326458018213098 0.946269603413518
-0.39676750873667654 0.9190084569855118
0.8989821818385638 0.44026359915029917
0.933088742352168 -0.3624174373504253
0.023955215047150476 1.0007133194237223
0.7566644872067368 0.6553318653935317
0.9013340029501574 -0.43542854192834624
0.8056211287152935 -0.594117494244612
-0.9753281008418894 -0.22524674405671913
-0.9823724859381988 -0.19221159921191933
1.0001381113441798 -0.04153020872686656
0.07491655758720961 -0.9981926213909229
-0.5181165391171616 -0.8564789850855973
0.8920093280740441 0.45422500881049305
-0.6268542118144671 0.780419628873123
0.15174751744193885 0.9894309935261825
-0.9695688628606152 0.2488718951010211
0.03032934290722323 1.0005404194528156
-0.9979826909637555 -0.07766304485880864
0.9435939392346554 -0.3341129716721958
0.03794238393902822 1.0002806483687583
-0.42472639850827604 0.9064262167491566
-0.9591756948871631 0.2863267125814978
0.236210179970633 0.9727310783964092
0.43294670285662706 0.902528754381585
-0.7188099386241601 -0.696644293836626
-0.7029185192291785 -0.7126756312128675
0.24370043810933156 -0.9708816078520182
-0.7867877666785785 0.6188424760833201
0.45408663987687536 -0.8920797741711942
0.8597364884063128 0.5126930568115606
0.8197631770211824 -0.5744469806693543
0.5794389009893721 -0.8162423414772286
0.6984819022196892 0.7170244293408451
0.741745841479862 0.672171188498385
-0.8257417199844798 -0.5658194163132555
-0.8809487098295218 -0.4753213340990503
-0.697318923983386 0.718155497266889
0.7985745161116719 0.603555914739479
0.6939880969142782 0.7213747440417487
-0.9995765691264683 -0.053363681032691325
0.5550084317012399 -0.8330466017819952
0.8020851475894273 -0.5988826396018228
0.48617920704961537 -0.8750033020695449
0.9688639827775787 0.2516020327349678
0.017333046196798575 -1.000849921571431
-0.6206989851103604 -0.7853239903905703
-0.93708031345311 0.35196801863041605
0.3589884345849248 0.9344133474187242
0.10416781937817951 -0.9955651989729226
0.6494252749571274 0.7617399899223222
-0.6478995089055561 0.7630381552451615
0.6407481572064183 0.769053183490309
1.0004263063014258 0.033885183489036935
0.6723216904498984 -0.7416094285744962
-0.4443560072925177 0.8969664089491044
-0.9359244214028191 0.35503024860115573
-0.7124210324555477 -0.7031765585647545
-0.8107915017836579 0.5870418559484499
0.828647646386157 0.5615550535243028
-0.0679162257235101 -0.9986933394608544
0.5833105965700126 -0.8134800230670302
0.9666677399917654 -0.2599124476803923
-0.9510132445992894 -0.3123696665758893
0.1716407678725577 0.9861746532963209
0.9754836256602823 0.22457225133277292
-0.982517828469843 0.19146727328424615
-0.7078548361766147 -0.7077729373897944
-0.545872897731103 0.8390612489697332
-0.3880723126707723 0.9227138668830973
0.41274680947205217 0.9119435680296459
0.6044118278126723 0.7979269029178954
-0.9996317842231904 -0.052319174025979354
-0.608425315006061 0.794870829795493
-0.05446666615210062 -0.9995170745306333
0.9599099003430097 -0.28385556754003083
-0.06273345574511734 0.9990322885323955
0.813697623656594 -0.5830070130415343
-0.9803247159219551 -0.20239676714942367
-0.41317173153445585 -0.9117511284669844
-0.9280333923390901 0.3751733235500633
-0.8675775864733698 -0.4993096548726476
-0.018143306401940788 -1.0008355611351973
1.0000684272001394 -0.043175698227581986
-0.4615090330406976 -0.8882625807844436
0.2841995098532443 0.9598081259289148
-0.9132697424428983 -0.40980407213482173
-0.7159222578622914 -0.699611549859891
-0.521365090016908 0.8545053791004836
0.36556113030151255 0.9318616099038959
-0.9990987278391947 -0.061666295738455425
-0.9552894741268496 -0.2990368215160923
-1.000184684552154 0.04039302894446317
-0.899788910633638 -0.4386124899050768
-0.8442232108394154 -0.5378551573425582
0.2475971258808279 -0.9698951815817797
0.9983666693551603 0.07256027508688323
-0.31617311944051085 0.9497555256713468
-0.928347676633895 0.37439496696463365
1.0006196360289652 0.027592462616829946
