1000
-0.4518395766781585 -0.893220015979995
-0.7361124581639854 -0.6783357936418916
-0.06966057528484947 0.9985731842238624
-0.4221262561101523 0.9076400299140768
-0.9432007025617732 0.33522147110078926
-0.9540688539729146 -0.30290860317727725
0.6030761480457851 -0.7989368934141534
-0.39785834802147285 -0.9185367357431191
0.24721482780923548 -0.9699926952875728
-0.6055518532927198 0.7970620759851471
0.6107051090621454 -0.7931205896743527
0.19265324136460668 -0.9822859708820597
0.38159011654232516 -0.9254134119177302
-0.1370594234730126 0.9915723445302643
0.6234196896902764 0.7831659405939966
-0.9064897025525351 -0.42459088445963655
-0.5907657910773987 0.8080821617216255
0.9275046507728582 -0.3764785821195123
-0.18045238866703575 0.9846003937762573
0.7886296259199637 0.6164935629196288
-0.8410861179733157 -0.5427477702879835
0.925248341077902 -0.381990192717811
0.9788530858228619 0.20939827213962584
-0.9583347172297049 -0.28912898462842057
0.19341655806288044 -0.9821359554904343
0.9919912970175422 0.13399353208813627
0.8112408950086978 -0.586420676874108
0.9993375841117147 0.05766622045670656
-0.8333348289438667 0.5545755700254895
0.13614374431068757 0.9916984828490291
-0.7380018990319591 0.6762796736744511
-0.8311832851135094 0.5577950757652085
-0.847513714104172 -0.5326551458545687
-0.04733232007587897 0.9998803185762957
-0.5363409484763287 0.845186007330642
0.82774557961468 0.5628838738393183
-0.7287759732683727 0.6862117608921725
0.5285952142223682 0.8500518216563087
0.7881210023578793 -0.6171436507349092
-0.06135542569904773 -0.9991178667891435
0.38116420719804495 0.925588919094803
-0.10942604351939114 0.9950009753762517
-0.5198136415368573 0.855450044171015
-0.8598261189691074 -0.5125427251834939
-0.9961232099408335 0.09868916159928663
-0.9349355018414147 -0.3576263516528696
0.9884627982136911 -0.15793130325416738
-0.9882587899951694 0.15920290197506975
0.33501252536276926 -0.9432749375712576
-0.9072635143493095 0.4229348833219368
-0.8943038679633883 -0.4496905510967764
-0.860686208064137 -0.511097105497749
0.8242883693072436 0.5679345774161011
0.9948180565123171 0.11107670519535666
0.3968162152287317 0.9189874271890475
-0.14408385922626302 0.9905760150086748
-0.20476733103421443 -0.9798323020502664
0.9789709969679015 0.20884632411338527
0.9933632408554278 0.12341179731776622
-0.44281823650598606 0.8977265783175458
0.4791881266888553 -0.8788513749436964
-0.6822605196217592 -0.7324763363859935
-0.9454757372948861 0.32875010294552237
-0.9603409456901743 0.282393817267485
0.24659618693508492 -0.9701501536303938
-0.6084954347926811 -0.7948171524548686
0.43466379678176337 0.901703046333582
0.14416701949688995 -0.9905639153983873
0.5693412225883645 -0.8233174188984381
0.7044361255382056 0.7111756077346307
-0.5730489612657311 0.8207410602572938
0.6975938912872978 -0.7178884055608127
0.1067123045438568 -0.995295676700617
0.5863944536005585 -0.8112598503479034
-0.029809871685187974 -1.0005560311897144
-0.9369919210649579 -0.3522032649749285
-0.9821795891236091 -0.19319486201495686
-0.1535068536606698 -0.9891595654287542
-0.5625337703764931 -0.8279835488619365
1.0000327925560475 -0.043993338274712336
-0.4520053099071871 -0.8931361597291354
0.9952377172568995 0.1072515088438184
0.5963430741501659 -0.8039750853808405
-0.8119488008083389 -0.5854401291899117
-0.01870582857236732 -1.0008252055066464
-0.9800536601018945 0.203705236360974
-1.0000422965787898 0.04377676385275181
0.7029287741781669 0.7126655165169559
-0.9992948955478054 0.05840129906175818
0.914253934809447 0.40760365882244404
-0.9361188162284824 -0.3545173647411151
-0.914510673921678 0.4070273053289156
0.9065331094498496 -0.4244981996088877
0.28449789041272333 0.9597197248940494
0.867042167313214 -0.5002388230643484
-0.514136275082315 0.8588741995452432
-0.17351970777989234 -0.985845784599184
0.986421907709913 -0.1702140416943793
0.59242167401781 0.8068689857429988
0.6904458677603683 -0.7247658267969261
0.8646986241081699 -0.5042789797973319
-1.0009997745138919 -0.0006718803001227904
-0.9149487690507786 0.4060415619274277
0.7235028276355022 -0.691769223371084
0.5464451277703707 0.8386886921474638
0.9122679155065051 0.4120294289700871
-1.0002644830218104 -0.03836618309280041
-0.21796658784311082 -0.9769808424856812
-0.9473834999169592 -0.32321123756004044
-0.9683027429668134 0.2537534196083776
-0.6770469617452994 0.7372980480046445
0.9984821967575293 0.07095282065047757
0.8687088273444027 0.49733889179704494
0.9894447169558431 -0.15165801030005469
0.996101139672087 0.0989116754684162
0.5441232785566379 -0.840196916045742
-0.7902672495794687 0.6143929314714662
-0.27798596832371125 0.9616261235090947
-0.7413244150531373 -0.6726359428740958
0.5408287784644882 0.8423213355867282
0.1385699294179986 -0.991362383117844
0.1557657474362638 0.9888063672558051
0.3665972140257473 0.9314544984423879
0.9476029800301465 -0.32256719026892
-0.9371939707803875 0.3516652685905877
-0.8339295670385497 -0.553680844186339
0.997458718270338 -0.08412553326127811
0.973409939302471 -0.23339685102237284
0.88745107512979 -0.46306758605086995
-0.8985344985381453 -0.44117655755582
0.7584171829633656 0.653302668436241
-1.0002407062914633 -0.038981142589132774
-0.7621601688401196 0.6489321051031459
0.02768148758838167 1.0006171771686185
0.4787405703702959 -0.8790952543845996
0.9082801838120881 -0.42074708281137174
0.3347635447976346 0.9433633282434304
0.9021992874475834 -0.4336328466906917
-0.5529940337893444 -0.8343851620165529
0.5184235970261473 0.8562931589394317
0.9911985985931175 -0.1397366743093592
-0.38267247095513296 0.9249663669415732
-0.15429069970533524 0.9890376029173199
1.0005760017392877 -0.029131851012611985
-0.9664959055745952 -0.2605506946978709
-0.9426404101733876 -0.3367937901864395
-0.17482483098935572 0.9856151776781561
0.9757568965467184 -0.22338191252094827
-0.9222999905607905 -0.38905491567587963
0.9042562691102267 0.429326914803688
-0.21268539204822964 0.9781441223098418
0.9846137513867905 0.18037949046394244
0.5603913626890521 0.8294350611250452
0.656031794961216 -0.7560577253093608
-0.9471337788073457 -0.32394228659148205
0.6325361565837834 0.7758215069294067
0.7136036400628823 0.7019763848513739
0.10984832225361915 -0.9949544442325312
0.8955643130024117 0.4471750901789124
-0.9814123906542118 -0.19705511784875027
-0.8265397514080383 0.5646530256204586
0.9394684593530637 -0.3455430709488775
-0.9984885308598738 0.07086362777399245
-0.8173774044217273 -0.5778366367242561
0.36811590875568734 -0.9308553473665898
-0.48103969675850977 -0.8778392849163684
0.8954777898374182 -0.44734832950162307
-0.8734498621362541 -0.48896455733944416
-0.10224597295326127 0.9957644103977813
0.8996747706213022 0.4388465644248651
-0.6851324465364023 -0.729790744462441
0.4767240548471747 -0.8801904200399298
0.6061862303886957 -0.7965797223675375
-0.6752539784399626 0.7389405013943967
-0.3287220455697361 -0.9454854926208273
0.05127072410328199 -0.9996861071606052
-0.9920351588168093 -0.13366840939918462
0.9792769958394296 -0.20740676319662726
0.8403839342793749 0.5438343893182184
-0.9790750286600547 0.20835807700761944
-0.5716598400699118 -0.821709210883779
-0.8212664287784254 0.5722957740203326
0.9994769403022095 0.055198240951444315
0.8912209069641276 -0.4557700022928646
0.8025322187666287 0.5982834092982288
-0.8832835895115028 -0.47096825848423696
-0.6256975207880534 -0.7813473059271937
0.33942159886892903 0.9416973920645951
0.9247588370498105 -0.3831737116482313
-0.7204633856922783 0.694934176650436
-0.7084507571226157 0.7071764452612886
0.5618884725084471 -0.8284215982590772
1.000488583651468 0.03199365535663645
-0.9804039323805654 0.20201269606815214
0.9991419843735259 -0.060961422737112234
0.9677237795606946 -0.25595250823690746
0.7707979627104924 -0.638648182242269
0.9510994277510509 -0.31210715873177836
0.09468157905103451 -0.9965121166289964
0.8594803312668721 -0.513122363735384
-0.8790493535882817 0.4788248468448813
-0.9449444230697276 -0.3302741850484529
-0.7135029212816578 -0.7020787572078652
0.909698400519067 -0.41767190484045125
0.9980564468709604 -0.0767093792134566
-0.6256585493102049 0.7813785124221487
0.914986434929367 0.40595667736255703
0.8560634794932217 0.5188027747400339
-0.6157953599549423 0.7891749328621399
-0.23632423039884481 0.9727033762285364
-0.05883701960698438 -0.9992693356266704
0.019852298357521003 1.000803120623594
-0.0020453732565116354 1.0009979103116258
0.9746326562636857 -0.22823712525439946
0.6417331776549428 -0.7682314291259437
0.7528107906996011 -0.6597551920267406
0.8691992903688638 -0.49648121175152593
-0.96008814865884 -0.2832520905568771
0.010922353277770955 -1.000940408914974
0.9041410841888206 -0.4295694354605133
0.9249158117235995 -0.3827946462839768
-0.10781513257210358 0.9951768170473324
-0.7352874173551744 0.6792300154433382
-0.47462881478362456 -0.8813220116263362
0.19963937487592917 -0.980889963247228
-0.649925515579005 0.7613132234496945
-0.8306137686249071 -0.5586427904938265
0.823468155866206 -0.5691231819863867
-0.574598688663916 -0.819656847092555
0.3966834150343987 -0.9190447585600209
-0.3463049320989222 0.9391878906821365
0.1290647492100497 -0.9926445942588651
-0.7374261233126181 0.6769074624024493
-1.0007370107668485 0.022944177506130016
-0.8765550674457062 -0.4833758514192176
-0.9702875020473589 0.24605520390899382
-0.39531916930450234 0.9196324017673574
-0.5264622121679922 -0.8513744999465183
0.2775165439236169 0.9617617001361051
-0.21874981160653728 0.9768057738988363
-0.08687447083620241 0.9972230574535116
-0.6534008892774502 -0.7583325641771144
-0.31900363939139936 0.9488085571152076
0.03399070477490729 -1.000422726645544
-0.9671775941504094 -0.2580087234444333
-0.9958211836220512 0.10169154463168006
-0.9990918995036389 -0.061776826935436256
-0.8601040195188322 -0.5120762400341851
-0.6082139283717863 0.7950325888506455
0.5536284649327403 0.8339643414536485
0.15096682904233522 -0.9895504113125831
-0.8918344153835638 -0.45456833978782213
-0.085124283082625 0.997373980224905
0.946014598787458 0.3271962390997258
0.9894723946368758 -0.15147732586617324
-0.5914879476851698 0.8075537181780453
0.9993374335055336 -0.0576688303555155
-0.45274771525293134 0.892760049696026
0.5684429168876781 0.8239378922226045
-0.6028387159707109 -0.799116063239117
0.5587276397520012 -0.8305566955826423
0.6547818253874776 0.7571405161145736
-0.2620632669843521 -0.966086871920682
0.6736833119700321 -0.7403727407009852
1.0009816166126404 0.0060665643938622085
-0.8236730918097998 -0.5688265445884932
0.7971867980082691 0.605387651906878
-0.08763676205586131 -0.9971563558120483
0.9677972204307965 -0.25567467634950525
-0.5270858302218724 -0.8509885590178751
-0.5320140957185332 -0.8479162706050588
-0.5990694802902887 0.8019456077470113
-0.5825148727714071 -0.8140500125914324
-0.31198817638146253 0.9511384640514594
0.27514988838402904 -0.9624414470097682
-0.9955641861057672 0.10417749921917473
-0.8983381298623292 -0.44157627250051945
-0.455683535322795 0.8912651208454863
0.2374477250002068 -0.972429729025304
-0.08110964326964581 0.997708487369267
-0.993408792824665 0.12304458679129977
0.7701475286026196 0.6394323921942626
-1.0004447529520535 -0.03333611091151295
0.4955982932751325 -0.8697030135067808
-0.32442786384156874 0.9469675607766068
0.9830213951436915 -0.18886486356585835
0.9969671696583291 0.0897633701654548
-0.9355759080340897 -0.35594763702852206
0.295954272791955 -0.9562489573412276
0.2961384010017469 -0.9561919511542274
0.9754584602101393 -0.22468153552186734
0.5038156603852184 -0.8649686585944061
0.91138230267189 0.41398465959076725
0.8158167374324434 -0.5800379736923122
-0.9783719943277938 0.21163468693731557
0.239213404238755 -0.9719968864314875
-0.22335311121495777 0.9757634896380366
-0.36123448935552777 -0.9335473441127938
0.994236646179371 -0.11616579270162221
-0.9542562122346547 -0.3023178483179079
0.9308933486807786 0.3680198002579297
-0.9709524801634676 -0.24341791483868028
-0.8689663328142356 -0.4968888330757485
-0.9401950884890116 0.343561050733548
1.0009797332116672 -0.006369748778371394
-0.8940981348037986 -0.4500994616086185
0.7003734549926721 0.7151769176515888
0.4872095742670631 -0.8744300033407518
-0.7761627402143576 0.6321173947163135
0.2872881334335429 -0.9588881730359755
-0.9904979486331269 -0.1446195483106194
-0.6504384385723765 -0.7608750473156081
0.8952997598825025 -0.4477045230443102
0.435834984699375 -0.9011375400637217
-0.614260144136631 -0.7903704671388255
-0.7323393843149669 -0.6824075220725334
0.0893467949773689 0.9970045888697163
-0.3670201572180982 0.9312879276548164
1.000999875043023 -0.0005001638256337705
-0.2516533163481652 0.968850663606611
0.9602171588456816 0.28281444068209666
0.40548112629033545 -0.9151972772153123
-0.7053846848639838 0.7102347825609066
-1.0008018980352704 0.019913836621809424
0.46218113504104846 -0.8879130579128612
-0.9335332885376827 0.36127081143100903
-0.9951484607968815 0.10807655145126362
-0.9225446475823709 -0.3884744177125684
-0.613402939589068 0.7910359244076657
-0.03268248507552793 -1.0004663188580052
0.6139928711869564 0.7905781138708544
0.9320525309385794 0.3650740740876957
-0.020650498239826526 -1.0007869688012765
-0.979261650227151 -0.20747920472759984
-0.8073364258488578 0.5917845008933502
-0.4754293332873886 0.8808904296505379
0.940608571003549 0.34242738814916857
-0.4827300832917041 0.8769108658724583
-0.14202474033952328 0.9908733385915129
0.6990551914658645 0.7164655185594234
0.5329856261940603 0.8473059201200741
0.2515852895432302 0.9688683306236452
-0.9533610856408211 0.3051288914307445
0.8074850136572125 -0.5915817379864015
-0.9339118030756052 -0.36029119344784444
0.7393209309437835 -0.6748374330669701
0.9492676718431146 0.317634833092268
-0.5022141403011657 0.86589950761134
-0.6387726147408886 0.7706948466527386
-0.44604060406277807 0.8961298898749623
-0.8375018019993489 -0.5482624660213787
0.9164397820877029 0.40266502928245906
0.9290046823214463 0.3727617204392488
-0.2867508893292223 0.9590489703184608
0.7610043212265455 0.6502871850763512
0.45156769511629363 -0.8933574965977271
0.8465977931042773 -0.534109704752654
-0.456481977461177 -0.890856444245162
-0.9324464130570614 0.3640668712984194
0.8030648661991034 -0.5975682560817769
-0.710517641104121 -0.705099767181805
0.8432214478489329 0.5394243134004522
0.9471922169188092 -0.3237713764501606
-0.9067728284521714 -0.42398589313896856
-0.4530458028366639 0.8926088171937822
0.4234829245771631 0.9070078349119002
-0.9360509641145146 0.35469647951493355
0.3965180365018744 -0.9191161225485592
0.9587852500880594 -0.2876314381523298
-0.5769035048942687 0.8180362742817145
0.9993224605089741 0.05792771290401278
0.7537183572936478 -0.658718177886845
-0.7659528253653838 0.6444511380351392
-0.26845170063349244 0.9643312109576179
0.9757746291122277 0.2233044405758528
0.8071074802677843 0.5920967111002965
0.6144999034382415 -0.7901840726529433
0.15630616262516228 0.9887210847986384
-0.39009750061635373 -0.9218595012326303
-0.5791749554825532 -0.8164296484950694
-0.8655971479879803 0.5027350966414367
-0.26823092137594357 0.9643926445270165
0.7580128030419012 -0.6537718183162684
-0.22184306999864753 0.97610791016853
0.904424743641682 0.4289718907908508
-0.998457121785881 -0.07130481018174302
0.9798220540769719 0.20481636249182683
0.9890010036994457 0.15452512637590393
-0.9881540341516961 0.15985182135255338
0.6242760425670918 -0.782483496744034
-0.8783405884970811 -0.4801237450893273
-0.3381353844777013 -0.9421599979643146
-0.7143379147301531 0.7012291662352448
0.5357566105336019 -0.8455565352296358
-0.6273586242014934 -0.7800142028450568
-0.6386946082283683 0.7707594938889893
0.9535242284758341 -0.30461868903526845
-0.9070240223354405 -0.423448252926421
0.9400053053647642 -0.344079970190211
0.7035909931697927 0.7120117374947864
-0.9495873585936153 -0.31667783060896554
0.9902740011369887 -0.14614514248561025
-0.9620219866094323 0.27661290150685525
0.839248481859761 0.5455849940165935
-0.9473310345498183 0.3233649810643866
0.9442144116997009 -0.33235544938903544
0.8253006679396468 -0.5664625384774996
-0.0893792172974003 -0.9970016828046501
-0.18742230268169202 -0.983297452685347
0.9871297009447518 0.16606009006599012
0.23734385894358606 0.9724550851436621
-0.7589156286147624 -0.6527235775152144
0.21255377474026832 0.9781727315989048
0.9359948199088776 0.3548446097994836
-0.9657344733871649 -0.2633589317103473
-0.9337706939865728 0.36065674962744604
0.3394743087424848 0.9416783918641289
-0.3796955928349838 -0.9261923432968393
0.7095989911196936 0.7060242713971759
0.003923167479310479 1.0009923120368753
0.02600986009985252 1.0006620244506064
-0.7822154872266462 -0.6246118246901673
-0.9885149086056992 -0.15760480787167006
-0.77636088563329 0.631874018502655
0.9198817956664903 0.3947384982509222
0.8550870700809681 -0.5204105135182663
1.000713842909012 0.02393333679779951
-0.5410471638514616 -0.842181077018648
0.9613807446147409 -0.27883339807850555
-0.8392407822101886 -0.5455968378530348
-0.7028347122867848 -0.7127582810495803
0.14327121472454998 0.9906938775582252
-0.47349410172326284 0.8819321604484556
-0.9763836675600489 0.22062623081127009
-0.788349924653018 0.6168511946163197
0.07960901517192273 0.9978293464833335
0.2410847405249626 -0.9715344295937286
0.875696977214729 0.484928658770531
-0.25990057709015746 0.9666709316143747
-0.2342930145214231 -0.9731946276806425
0.8868771377874282 0.4641658566396058
-0.553228181104757 -0.834229932111958
0.7093579435028232 -0.706266456791943
-0.807389919366487 -0.5917115159479132
-0.5322113289328843 -0.8477924872016107
0.99911841707958 0.061346464057794745
0.9561962841038101 -0.2961244101151842
-0.43276038585915244 -0.9026181077460376
-0.6129008839930176 -0.7914249846956928
-0.6168868802178011 -0.7883220008442923
-0.5669373306148026 -0.8249745833390032
0.9641916875447604 0.2689523929426678
-0.736094387682809 0.6783554027365527
0.5568853594708264 0.8317930610476674
0.12927262085308916 -0.9926175444237189
0.19795419764275404 0.9812314383648811
-0.14963946722257668 -0.989752004215876
-0.8821444232929441 0.47309852721516593
-0.29538418200272926 0.9564252114110013
-0.969651543483609 -0.2485495608925002
0.15049942948305128 0.9896216053246191
-0.7238875242033141 0.6913666554750787
0.8524606489709261 0.5247016694809227
0.12585668704383088 -0.9930564406549868
0.992585167349927 0.12952098500597328
-0.8569816313467027 0.5172847219224094
-0.7326615847878938 -0.6820615823927426
-0.7752796394568042 0.6332001900218664
0.9529947206787663 -0.30627122352320363
-0.308800212606612 -0.9521782546845476
0.995950908250222 -0.10041308856696834
-0.9485739257716018 0.3197006527147726
0.9895489175954427 0.15097661966572054
0.9962030198840701 -0.09788024915098484
-0.0392901363714075 1.0002286164592153
-0.17277781958459007 0.9859760773262173
-0.08059179405061932 -0.9977504511307937
-0.7860529713343389 0.6197755450616431
0.24291114765764427 -0.9710793862211503
-0.1684025837512636 0.9867327752668898
-0.6334000034928869 -0.7751164013070623
0.03354830661133722 -1.0004376597887106
0.4259448365078384 0.9058542908505268
-0.7423192874120919 0.6715378437109886
0.015015505054384322 1.0008873735880386
1.0007261694171992 -0.023412258404071996
0.4247499778574006 0.9064151677405545
0.9274243768838182 -0.376676286964897
-0.6875398372062976 0.7275231764379316
-0.9157844380448851 0.40415326676251667
1.000352152185898 0.03600793825036337
0.6352546325779752 -0.7735971508402948
0.975815815986939 0.22312438967926437
-0.9989606909438566 -0.06386343201686327
0.8699002654428507 -0.49525198453156943
-0.4435241498706975 0.8973780298633764
0.2397937501725008 -0.9718538765566602
0.7564628111274511 0.6555646538528098
-0.1167679908036455 0.9941661009729108
-1.00027887930806 -0.03798899327715601
-0.8680950371491953 0.49840947671260943
-0.8157523518577348 -0.5801285206215727
-0.9514217535210931 0.31112320216732214
0.15929470172013765 0.9882439972010417
0.1458140455175374 -0.9903228080428166
-0.8095757513065005 -0.5887173370103138
0.579066687180301 0.816506443206685
0.9574123770336747 -0.29216868467159324
-0.9912948030007017 -0.13905255676829556
-0.5571881562964313 0.8315902587710992
-0.954581164640613 0.3012902257182779
-1.0009997962371044 -0.0006386965440910909
0.9716781450129081 0.2405048492323473
0.7054174280024398 -0.7102022615216195
0.24107944068606163 0.9715357447250696
-0.39652603210237647 0.9191126731065921
0.7734213738337448 0.635468629042475
0.6539131072627477 0.7578909210103908
-0.09299997540802915 -0.9966704593666385
0.9658724799839717 -0.26285233955514276
-1.000115740325306 -0.04206549599808701
0.2149519666329902 -0.9776485319584999
0.9329234568779669 -0.36284269815839515
0.13200287191179155 -0.9922581528045205
0.03258708190543004 1.0004694308637765
-0.5304710864333758 0.8488824573862943
-0.8614440818570506 0.5098186872148404
0.9367665542703371 0.35280224319082726
-0.9335691705235427 0.3611780777511068
-0.5186330923308747 0.8561662896536597
0.8517873391571618 -0.5257939984932903
-0.041042700779724085 1.000158235837063
-0.339406772145776 0.941702736016831
0.9245311329119795 -0.38372279613868593
0.9669581002271802 0.2588301226770998
0.14590873520264866 0.9903088614122179
-0.9964075867392534 -0.09577536785863572
0.7172313494368703 -0.6982694260706006
0.8999304450747866 0.4383220209246809
-0.6225745260752586 -0.7838379676196906
-0.20216256829088186 -0.9803730391958126
-1.0003096501080513 0.03716993275092266
0.8479282055811725 0.531995073454532
0.6488100348641114 -0.762264087216255
0.679585984048572 -0.7349584275894346
0.5629763701895072 0.827682672651933
0.5043357202164791 -0.8646655314708256
0.7507520843429241 -0.66209690216369
0.9806860807090024 -0.20063850852619455
0.8388223013704681 0.5462400083512298
-0.49019320092571583 0.8727609213101837
-0.5169538443392209 -0.8571812660242293
0.16366686514159054 -0.9875293196937114
0.9165824754661793 0.40234011193055397
0.30607899496880264 -0.9530564772556177
-0.3929247704031952 -0.9206579847063708
-0.6426456058730144 0.7674683219860648
0.8588530190908015 -0.5141716557713147
0.8581942132451612 -0.5152705040583236
0.3847194827217878 -0.9241168322318775
0.13631232758222622 0.9916753245640005
-0.2995146076681482 0.9551397802381573
-0.6079144544192137 -0.795261602309699
0.8619510190721968 -0.5089611387133611
0.879737905416964 0.47755860140151707
-0.977021734222655 0.2177832198691067
0.16744654899289285 0.9868954621591746
-0.6411077373056769 0.7687534514828503
-0.07528231545089725 0.9981651030667981
0.5223858525135626 0.8538817371824264
-0.9553088856260108 0.29897480335973053
0.9833642118050325 -0.18707171603710462
-0.3450172637735067 0.9396616878952991
-0.9999528512824367 0.04577439472155651
-0.5462556356807228 0.8388121246662148
0.9885592241307539 0.1573266041901429
-0.8707286584387766 -0.4937940900551651
-0.1208766380939093 0.9936749158367209
-0.30812784109699415 0.952396048679805
0.8037743959685867 -0.5966135435818848
-0.9283410489528642 -0.3744114005063091
0.9943400629398632 -0.11527722772841542
-0.7137641417296242 0.7018131873803548
1.000568888124938 -0.029375161555729744
-0.6376500073271051 0.7716239162673373
-0.6158138194672352 0.7891605285068275
-0.7689700412954622 -0.6408479348410628
-0.05383327913954889 0.999551388402359
0.23344626535273455 -0.9733980897828292
0.6686893876451565 0.7448862348377405
0.9796038340492155 0.20585754374342755
-0.360744268695293 -0.9337368861748465
0.0940278143223185 0.9965740163850187
0.994248574679049 -0.11606365386579696
0.19287412765667752 -0.9822426232253799
-0.06522704372998218 -0.9988725808461493
-0.9067005289063955 0.42414048484065103
-0.6434539805945496 0.7667906982071633
-0.5879177331702955 0.8101566138864146
0.11329460570950055 -0.9945679123705574
-0.7544348186196906 0.6578974878005497
-0.5682589489049108 0.824064783247947
0.27384814087454384 0.9628126483068012
0.013866074451621727 1.0009039574201424
-0.1403238408860558 -0.9911156439482655
0.17976903399775712 0.9847253903578973
-0.9816598023383166 0.19581887670267425
-0.935705431501147 0.35560700985674093
0.08730315014328434 -0.9971856196190653
-0.9735482234394209 -0.23281936482592513
0.8732445872607633 -0.48933106463802134
0.33426637027160405 -0.9435396089753979
-0.25631909021926225 0.9676267482811591
0.3831269003641435 0.9247782319115019
0.7413309411337892 0.6726287502907459
0.0222897934292512 -1.0007517999528561
0.889561478607792 0.4590004093430841
0.9082527791415895 -0.4208062370991891
-0.9320062358056599 -0.36519224583685356
-0.8376615957180865 -0.5480182944565164
0.3364728986178846 -0.9427549991889085
-0.55150742195885 0.8353685195913854
0.19805227782361334 0.9812116465110259
-0.9585827363573848 0.2883056321988671
0.8695313570685202 0.4958994041885688
-0.21696050420219265 -0.9772047582857598
0.7734184095691481 0.635472236796801
-0.34180160695507916 -0.9408361501786193
-0.839670236665908 0.5449356784588598
-0.36776040297915424 0.930995857133967
0.8831942188933137 0.4711358314896345
-0.0703401209848532 0.998525546683627
0.669697385234025 -0.7439801154672817
0.6468606650832643 0.7639190271017189
0.05599859144251521 -0.9994324178034522
-0.610105638936831 0.7935818227111059
0.5761046421499533 -0.818599072375039
0.9910725193418339 -0.14062809607411347
0.5804362824216532 0.8155333972612837
0.9402105553840805 -0.3435187208062451
0.906007148752866 -0.4256196029422305
0.6343033077427755 -0.7743773716906852
-0.4568918222012181 0.890646317460332
-0.7622550089703921 -0.6488207004246608
-0.697471902615024 0.7180069254976434
-0.9363325171337951 -0.3539525637114264
0.7149857284329996 0.7005686319962755
-0.104961876879809 0.9954817951132344
-0.26574399024201517 0.965080893837533
0.9831332071630763 -0.18828196135913755
-0.906888107658949 0.42373925967128706
-0.9243371577649936 -0.384189821279707
-0.8776089175254144 -0.48145985074549097
0.9794604663400118 -0.2065386038420098
-0.9969524594111242 0.08992660159324765
0.5753343000784908 0.8191406736044751
0.9993534418884467 -0.05739075000132943
-0.6639027685334705 -0.749155600615515
0.10577838315223867 -0.995395365499407
-0.5787582547072769 0.8167250961052848
-0.9960011316266466 0.09991369174662468
-0.6477232004366894 -0.7631878245989333
-0.016739189223944666 1.0008600299463082
0.9814549207030652 0.1968431828327822
-1.000811203944076 -0.019440526227683372
-0.9456731019978607 -0.328181937586065
0.524475791650701 -0.8525996387357729
-0.6454576342745924 0.765104857099108
-0.710427521269352 -0.7051905678772825
0.5173858170000896 0.8569206009702123
-0.21463937329734234 0.9777172083125693
0.8365009891918616 0.5497882274849446
0.849656447309584 0.5292304994473164
0.6799156474409112 0.7346534641346262
0.7594659676862372 -0.6520831572172427
0.5626404735845862 0.8279110444271851
-0.7127583287471343 -0.7028346639157691
0.5632055075307504 0.8275267707373762
-0.6417069207786701 -0.7682533617399651
-0.9792495451359781 0.20753633019541398
-0.6693914719086326 0.7442553710494768
-0.9794719241412887 -0.20648426046302287
0.9872026956037474 0.1656255952221607
-0.3935384193221496 0.9203958455563693
0.7313342953436132 0.6834845634352401
0.47758893362861826 0.8797214391359798
-0.7660851024875428 0.6442938892668867
-0.8908033989387287 -0.4565854842624853
0.6238967155730729 -0.7827859786027929
0.8571553321092006 0.5169968439330807
-0.3961214888458877 -0.9192870966539872
0.903360255192295 0.4312090552608
-0.15893052203184213 0.9883026303550376
-0.3517043929629481 0.9371792891280537
-0.911005081537709 -0.41481410464504714
0.36731099089015334 0.931173257762106
0.7302004937706742 -0.6846957272373354
-0.6840613113199454 -0.7307948565467856
0.3964745275081901 -0.919134891643853
0.9772621725694581 -0.21670174448956914
0.78439736208712 0.6218695830725022
-0.8400874544896927 -0.5442922641458618
-0.40480337240199615 -0.9154972581564462
0.2616949084268271 -0.9661867184470477
0.03330252189174913 -1.0004458716170752
-0.904313092707425 0.42920721144679297
0.9802441149679542 0.2027867724253539
-0.46976326969636695 0.8839250366655412
0.7242398215333965 0.6909975983353878
0.5197512247099165 -0.8554879685960183
-0.06877603810420466 0.9986344959907448
-0.616971782995715 0.7882555543648826
0.9114491194250253 -0.4138375317674149
0.9182658103965757 -0.3984832511621032
1.0003763416482776 -0.03532952123095843
-0.8658565767661927 0.5022881528273689
-0.8881342496741218 -0.46175594696309497
0.8960500645116024 -0.4462009433974264
-0.39960256822030443 0.9177792694715526
-0.9984068384948671 -0.07200545011792045
0.3638423539395308 -0.9325340430674589
0.3143553963130954 0.9503587137543574
0.617606668732681 -0.7877582133731901
0.35412381582001884 0.9362677624852142
-0.950980862459438 -0.31246823716324096
-0.7063946640389425 0.7092302719267625
-0.7020297259850686 0.7135511641314374
-0.8988223957898042 -0.4405897193837785
0.9500942101715794 0.31515391763143724
-0.6700974197922053 0.7436198275919147
-0.9634673905554825 0.2715356097019497
0.9702225474111025 0.24631120253677288
0.8691005028436678 0.496654121050942
-0.23991774697663223 0.9718232733813574
-0.06012518416467575 0.9991926552117784
-0.5268827661258985 0.8511142994683627
-0.8980263360066879 -0.44221001779516844
0.9674030551016116 0.25716206753731835
0.9812957953261164 0.19763492119381237
0.9496835085760638 -0.3163893701416935
-0.24717225451085437 0.9700035446327098
0.32345100251684444 -0.9473016673535671
0.01766187373375324 -1.0008441727942532
0.9787309235485292 -0.20996851975913722
0.300832992839743 0.9547253586341379
-0.355746302393621 -0.9356524826735974
0.7888349195420181 0.6162308574804882
-0.4305123513024356 0.9036924893878715
0.5834461770383428 0.8133827871914568
-0.3434428456912251 0.9402382739197087
0.1710825491116446 -0.9862716468546897
-1.0003186831517097 0.03692603604002823
-0.8679515621258008 0.49865928829550765
0.5472578776120324 -0.8381585860632663
-0.990322058925818 -0.14581913319221337
0.225341026161611 0.9753063221001042
-0.8349457984161582 0.5521471848223116
0.8219527224621037 -0.5713096551233279
-0.9971169842741495 -0.08808359479508893
0.973789586162273 0.23180776924406388
0.9794878644179087 -0.2064086322275414
-0.9886005004129453 0.15706702576694476
0.9260687714825151 0.3799968822041376
0.9220068201202609 -0.38974918043752804
0.9381168825210325 -0.3491958114425477
-0.686081648568053 0.7288984644641135
-0.9042588597289402 0.42932145835226654
-0.280273613996002 -0.9609618625614754
0.998601239758144 -0.06925723033371903
-0.6365415303460701 0.7725385945987963
-0.6547640312442021 -0.7571559042818338
0.7936740688443 -0.6099856329817394
-1.0001630507482888 -0.04092519905725524
-0.056537232462216175 -0.9994020919257239
-0.5532023246236492 -0.8342470785270936
0.7111253459604469 -0.7044868645564903
0.8334256485013704 0.5544390754808595
-0.9530013931795603 0.3062504605675185
0.872714103676922 0.490276547719128
-0.5127005210108238 -0.8597320371809055
-0.32334279287463863 -0.9473386080467894
0.24677789292601676 0.9701039488441409
-0.616155232890105 0.7888939909659222
0.710651992040333 0.7049643581125974
-0.5890064205835714 -0.8093654530008857
-0.3826589590680935 -0.9249719568964905
0.9345736475815758 0.35857090964838256
-0.9693658634411069 0.2496614163123275
-0.19801502842120194 0.9812191643661219
-0.51299881335448 0.85955408061209
0.012926303648231932 -1.0009165353185017
0.9392536307780411 0.3461265911054324
-0.675308570471284 -0.738890610745617
-0.6118185242991414 -0.7922620105270862
-0.8256757461103204 -0.5659156847845498
0.5746706065526409 0.8196064262586157
0.8781946060138438 -0.4803907097022064
-0.47270395835023993 -0.8823559189805521
-0.9866481339321583 -0.16889777916890972
0.7951366982110167 0.6080778166962535
1.0009814425684092 0.006095213996771357
0.16567722064713739 0.9871940328824115
0.2864536017883965 -0.9591378076285256
0.8862526065086825 0.4653571934079954
0.7694478205077594 0.640274200257873
0.9776738795241431 -0.21483664793561527
0.9619214821480919 0.27696220352607337
0.511675596432967 -0.8603424225359154
0.6949294960010529 0.7204679004561706
-0.8752939641333585 0.48565571792341844
0.9981906708221255 -0.07494254254877528
0.8039634031362136 0.5963588235430394
0.7178331088208522 -0.697650792216701
-0.9875017067841714 0.1638333882282493
1.0009367182587698 -0.011255489388037831
0.5159043156178027 -0.8578133463212884
-0.9680202951693353 -0.2548287820091616
-0.045608733984056515 -0.9999604209089336
0.9547310628390999 0.3008148893424703
-0.8555419865097661 -0.5196623031536184
0.8696634607629062 0.49566769615729966
0.5923999437294861 0.8068849401676188
-0.08410086372568921 0.9974607985883922
-0.9767394725282169 0.21904566374457313
-0.9793902185065849 -0.2068714574164928
0.34110645280583024 -0.9410884059716302
-0.35788340966395804 0.9348371329206493
-0.3673181168432996 -0.9311704468241527
0.38336213580518164 -0.9246807410295131
-0.49739345212321673 0.868677589088696
0.6881010302743433 0.7269924154593274
0.7492543682703416 -0.6637913012595233
-0.1795932522983492 0.9847574644189814
-0.9982718243707256 0.07385367064366624
-0.8654098635609606 0.503057420232919
-0.8512387418904211 -0.5266816916362416
0.1028525089957726 0.9957019440541806
0.6857219759965247 -0.7292368419350613
0.34811933967523023 0.9385168753645732
0.6469619943445923 0.7638332133873649
0.9914804234862389 -0.13772280073955898
0.7890143401630271 -0.6160011128375523
-0.13147499518521047 -0.9923282348301135
-0.35342832545953945 -0.9365305220668817
0.697485878406014 -0.717993349150388
0.6646185944214054 0.748520623596515
-0.9740743297597508 -0.23060832617902635
0.37749620896439356 0.927090940640405
1.0008343403084325 0.018210526060071997
0.008477366154182193 -1.0009641023848397
0.8199311178539994 -0.5742072465362057
0.2322098690833228 -0.9736937797379143
-0.9683910828738005 0.25341608198870874
0.9577316252555546 -0.29112048018879405
0.4326876514107978 -0.9026529766840676
0.8015612232935885 -0.5995836933340382
0.22418710240126583 0.9755722131738502
-0.21282988813069625 -0.9781126922386169
-0.590496943192266 0.8082786401239302
-0.24812659803020573 -0.9697598627237346
0.33129149813343955 -0.9445882400625689
0.87763453693935 -0.48141314852344097
0.9837106019642231 0.18524160327309272
-0.5389243664406437 -0.8435410643570063
0.2129184053958079 -0.9780934273594247
0.9003863743643229 -0.43738470121744016
-0.7257331774789548 0.6894290065744985
0.8199020566594918 0.5742487418232064
0.47815411844806954 -0.8794143727567508
1.0000655980209554 -0.043241180083211386
0.6610882958632747 0.751640382811216
0.9132630250917486 0.4098190417736444
0.9894436717034174 -0.151664829561965
0.44628064192400985 0.8960103730671278
0.6426950678754944 -0.7674269018795952
0.13631678789165513 -0.99167471145477
-0.9104207876138484 0.41609492844852125
-0.9833824931156605 -0.18697559261472563
0.8581485800730171 0.5153464994726018
-0.7903324418181812 0.6143090683114741
0.9860520014893459 -0.17234398846160814
0.2647797485963265 0.9653458886499005
-0.3269264478979526 -0.946107867880205
-0.7749016291893631 -0.6336627376449327
-0.9512636307221238 -0.3116063299507293
0.8693004253495222 0.49630411089083243
0.24957781959370934 -0.9693873900391163
0.9881602951080304 -0.15981311326674777
-0.9157802299671484 0.4041628018525663
0.981024933057969 -0.19897507562156497
1.0003575929803845 0.035856466174058514
0.7827363838294662 -0.6239589356917413
-0.5435091188407657 -0.8405943360128799
-1.000484403041454 0.032124122879633066
-0.7336014456002654 0.6810505994514658
0.14335386046304277 -0.9906819220568943
0.6474947898349921 -0.7633816195956904
-0.9306501247404018 -0.36863443317285843
0.08747955766432462 -0.9971701594967903
0.00016239495243816686 1.0009999868271124
0.17226593340398708 -0.9860656409126388
-0.9936076939755777 0.12142796412908678
-0.29393010693834803 -0.9568730805259449
-0.9662872078556661 0.2613236153402531
-0.30920379929450803 -0.9520472732495175
0.6127471471762588 -0.7915440187553414
-0.9842046613866268 -0.18259842415759028
-0.6654895978858034 0.7477463440938991
-0.03339772114413822 1.0004426981203762
-0.07494371410307207 0.9981905828630308
0.15692744949406778 0.9886226659324006
-0.05997889844328892 0.9992014470273397
0.7629193292291356 0.6480394255665048
0.28101615838982946 0.9607449811077976
0.9870742548831211 0.1663893486582941
-0.5278591679185695 0.8505090821645089
-0.5289916437164223 -0.8498051781898001
-0.7533467689564941 -0.6591431147351922
0.6778709226828636 0.7365405706280429
-0.5131596961622599 0.8594580421606729
-0.6471565422365221 0.763668389970718
0.7489077054399939 -0.6641823911642069
-0.9793947536897206 -0.20684998536391444
0.8005428920537677 -0.6009426578153607
0.9997352713388085 0.05030295459631503
-0.964419274044098 -0.26813515967186224
-0.9898213615526357 -0.1491799993768818
0.9405135595559624 -0.34268826109362616
-0.2515839723267002 -0.9688686726632862
-0.9778150502304578 0.21419320143927834
-0.9936014298209472 0.12147921080485002
-0.8907254837203639 -0.45673746578436497
0.08990616939246068 -0.9969543022150886
-0.2571195351223236 0.9674143603743333
-0.6403112970685877 0.7694169499343921
0.06602097136079889 -0.9988204199657597
-0.008774477165035008 -1.0009615419937372
-0.5802447328474639 -0.8156696941794364
-0.9164878535029329 -0.40255560408667357
-0.9649723724855823 -0.26613778450183767
-0.558107638907027 0.8309734432541291
-0.9644689614430927 -0.26795638154909146
0.6261055401879401 -0.7810203918886931
0.5554721850193477 0.8327374446185494
-0.9484178528882169 0.3201633588075074
0.721682401479627 -0.6936681565378351
0.27362844862645885 0.9628751072191437
-0.9102156774185373 0.41654341980340204
0.3562550503720478 0.9354588922472273
-0.8563653894777458 0.5183042732841673
0.07945554496716778 -0.9978415787959382
-0.5801166284420797 -0.8157608089415634
-0.9999232607247187 -0.04641629737114237
0.180619553417608 -0.9845697420311188
-0.9992238676830708 -0.05960421337862736
-0.7964725420156038 -0.6063270485597706
-0.9928606644677694 0.12739191871001607
0.8448286539905768 -0.5369036649124963
-0.4873468637854056 -0.874353495079953
-0.7689160021081167 0.6409127723037439
-0.7260107815137301 -0.6891366665080467
-0.8866887719717842 -0.46452558773351693
0.4821003296485103 0.8772572440013235
0.8753612625901593 -0.48553440656307983
-0.7442723763536434 -0.6693725642696304
0.8662544179972945 0.501601717800257
0.8891067114395689 -0.4598806972173492
0.3278424822648218 0.9457908367194303
-0.7711581145553063 0.6382132577403146
-0.3199743202425888 0.9484816468362965
0.6713871272832681 0.7424556049477441
-0.7869551308624181 -0.6186296323401542
0.17047640551412435 -0.9863765990548355
0.9400163516682287 0.34404979086805565
0.19232180195342555 0.9823509171845809
0.1625817598214309 -0.9877085457630538
-0.6822000292769582 -0.7325326750763527
-0.9887822154852183 0.1559189864645845
-0.8773953883029584 -0.48184886902918095
-0.48158984978256836 0.8775375869935162
-0.6956432652491745 -0.7197787490010155
0.866548473651468 -0.5010935469673412
0.5603984184649292 -0.8294302939861832
0.9219921285728824 0.3897839335447853
0.5924976971636039 -0.8068131622970874
-0.5405144544173619 -0.842523070643114
0.7446077925315604 -0.6689994284760463
0.9439800578591577 0.3330204954116505
-0.9204228047262242 0.3934753620494057
0.04259169131927083 1.0000934695470038
0.9490965713186517 0.31814571867491703
0.5660669200154309 0.8255720695761477
0.9834868409765524 -0.18642594676160712
-0.9475675420623776 -0.32267127735493356
0.9159755170951155 -0.40372001694532783
-0.3033329221308533 -0.9539340324946782
-0.5592617795520208 0.8301971223343929
0.5491760516686306 0.8369030196346848
1.0009951869743798 -0.0031041350045345273
0.8343723635954996 -0.5530133442043326
