1000
-0.670453031261036 -0.7432992216280658
-0.4226421777062121 0.9073999061184383
-0.5270903968879181 0.8509857304964267
-0.9010713996264835 -0.43597171098039167
0.90500581987054 -0.4277446270854277
-0.6211161432692913 -0.7849940997041196
-1.0009395422155791 0.011001492138193238
-0.8826832254941719 -0.4720924945719905
-0.8830880893511885 -0.47133472866537984
-0.9040169411904467 0.42983062948173945
0.8007693669937127 -0.6006408418385221
-0.2950651371424496 0.9565236875494028
0.9832424742870027 -0.18771051317913112
0.948813507866334 -0.3189889140556176
-0.9968862587492562 0.09065752653205919
0.3107027072297279 0.9515591561853199
-0.9268787542129938 0.37801689775533676
0.9992335523833373 -0.05944163348509244
-0.41208315303658527 -0.9122436489137243
0.8471040943084994 -0.5333063410515358
-0.05402917567917103 -0.999540818663965
0.9564825937711322 -0.29519831946142105
0.7354580372528274 -0.6790452675928303
0.704017804670274 -0.7115897207712096
-0.940152218557424 0.34367834662886976
0.12617319889264017 0.9930162757383175
0.9107284689394601 0.4154210585215761
0.34491725978498844 0.9396984005000832
0.9778628398158148 -0.21397492027653636
0.9053614809501163 -0.42699132170550275
-0.5447916676536919 -0.8397636803619869
-0.5560584144999822 -0.832346105693879
-0.3010690770804119 0.9546509366391199
-1.0009447583379707 -0.010516213945217023
-0.3461234927310081 0.9392547725615705
0.8468105440657665 0.5337723320471383
-0.23320147432000246 -0.9734567645124139
-0.9617375359061295 -0.277600273827686
0.33654291984649837 -0.9427300054104534
0.671864334180403 -0.742023797769535
0.8733398965253405 0.4891609399135499
-0.6772636829310126 -0.7370989782808824
0.987607379343562 0.16319517231260752
-0.7350502354870111 -0.6794866822171641
-0.9990845792992789 -0.06189510001917049
0.3330110751289772 0.943983381125665
0.6578471978676794 0.7544786705120577
-0.9637952294662897 0.2703696648258121
-0.9902119129344426 -0.14656523285797327
-0.6057647894714533 -0.7969002571442714
0.8768810929409474 0.4827841638275737
0.8593965967449813 0.5132625931266996
-0.1500412712800141 -0.989691172494065
0.6762534618403182 0.7380259178030169
-0.9686605164607712 0.25238423851332714
-0.7476502713191033 -0.6655975298906023
0.5575525002936971 -0.8313460226742213
-0.19711570438690826 -0.9814002237028749
0.5378651580309449 -0.8442168393110544
-0.585581971454549 0.8118465093275968
-0.580015693834174 0.8158325777425548
1.0000736002610449 -0.04305570880744687
0.12445503774880608 -0.9932330761603457
-0.9666301135579445 -0.26005234773590374
-0.9996604689750858 0.05176820229167306
-0.8020555004693332 -0.5989223440203977
0.7351523989323003 -0.6793761479063596
0.9968498551949804 -0.09105693931681857
-0.8171660705455496 -0.5781354626289118
-0.741374301111632 -0.6725809584364095
0.9975032750347629 -0.08359555188478666
-0.8809994584152055 -0.47522726591822834
-0.8415415213601607 0.5420413894038225
0.7617587939020503 0.6494032182803637
0.9900673652336499 0.1475385112412973
-0.34019168175955394 -0.9414194706195568
-0.003551285600319964 1.0009937004649854
-0.7086457391407467 0.7069810580190001
0.4784211264249997 0.8792691429762758
-0.8552195549412992 -0.5201927650842583
0.1962527304605817 -0.9815731586523576
0.43072919841154217 -0.9035891531197962
0.09781271366167354 0.9962096531584802
0.9856216996307784 0.17478805799291797
0.34331286286271795 0.9402857428425705
-0.9891320961217275 -0.1536837545801041
-0.6089004420035455 0.7945069236500629
0.03091749961568151 1.0005224176486573
0.3454076454695396 -0.9395182587109144
-0.18448587146828607 -0.9838526125536218
0.8768818719527579 -0.4827827489053717
0.24103150641083132 -0.9715476380071775
0.9496672421203352 -0.3164381918219684
0.5871745576130172 0.8106954045089669
0.9596121653106878 0.28486047845872414
-0.929932499715309 0.37044101551156117
-0.7946707330694334 -0.6086866402369033
0.9248113843099949 -0.38304686847777647
0.8898141677681812 -0.45851035630508835
0.3795034162958882 0.9262711034139788
-0.9982733035690438 0.07383367376304543
0.3676081246235818 0.9310559954754243
0.31894580207290024 0.9488280009253913
0.021943622265024536 -1.0007594503385366
-0.9542785681339683 -0.30224727360256415
-0.6332233538813216 0.7752607200802131
0.9720336447904836 -0.23906399435157077
0.865799389758579 0.5023867202600725
-0.5214507996667388 -0.8544530785987716
0.5584538131002243 -0.8307408372253164
0.5684446509845094 0.8239366958493228
0.7699450459659003 -0.6396761885458672
0.5966041097673862 0.8037813982723566
-1.0001270203570392 -0.04179644903279112
0.9436261448123359 -0.33402200350666805
0.9991759485009535 0.06040218487124435
1.0009997176606429 0.0007518266510538873
0.29067237459463857 0.9578677208505953
0.6276943606689775 0.7797440538948428
0.9668930544647978 -0.259073003664476
0.732453823397905 -0.6822846888138341
-0.14331845168951823 -0.9906870451385338
-0.9608211734591515 -0.2807555389170069
-0.8773313649644051 -0.4819654303471296
0.16863173359770067 -0.9866936395983477
-0.3441179439304593 -0.9399914045697829
0.7678422147475474 0.6421988268843078
-0.6565686553411342 0.7555915568768189
-0.9938125687334489 -0.1197396268050966
0.4626097982847954 -0.8876897963426756
0.1285274422824531 0.992714307633536
0.8290921004651016 0.5608986440938912
-0.08126688051832028 0.9976956921480723
-0.9337977760280934 0.3605866241071439
0.9431576515823292 0.3353425774662467
-0.2903330941182621 0.9579706125240567
0.856451241548538 -0.5181623981436397
-0.9814045399854898 0.1970942132480531
0.4682397316867561 0.8847330409055122
-0.6867609351988228 -0.728258482878736
0.9798135071692643 0.20485724582905562
-0.9789579192498938 -0.20890761675419675
-0.7805972845250772 -0.6266329702402162
0.820590296476266 -0.5732648300122674
-0.02206716313130325 -1.0007567338326215
0.2496510248657668 -0.96936853971205
-0.11185864467275283 -0.9947304376623723
-0.9888449136242208 -0.15552085647753916
-0.9652494137854449 -0.2651312301236028
-0.3100880023724913 -0.9517596496934706
1.000548086573521 0.03007534628338934
0.25170309279013076 -0.9688377331007928
0.34196790509760194 -0.9407757181619631
-0.902240499874014 0.43354709131429925
0.879881229051505 -0.47729448222540033
0.28704946963985556 0.9589596456470302
0.5181568283430545 0.8564546113142636
0.9104006540517053 0.4161389781097503
0.4199451740922267 0.9086512261350057
-0.8078939212269942 -0.5910231907839752
-0.4551323099455841 0.8915467348622823
0.9827599047065451 0.19022084454965082
0.21657354659855788 -0.9772905908243066
-0.23346701023578809 -0.9733931143847085
-0.9454436789814645 0.32884228723507186
-0.9963794578202813 0.09606755973668919
0.7624020039067331 -0.6486479664956931
-0.5190840583746951 -0.8558929491129461
0.8615232285788214 -0.5096849287737709
-0.9250264284655318 0.38252726261052594
0.6821355459805438 0.7325927223975306
-0.8796862650553776 -0.477653718788957
0.7816162215121208 -0.6253615612340713
-0.1648453616633864 -0.9873332804773003
0.11459461336940953 -0.9944189633080794
-0.8330346826798467 -0.5550263214051089
-0.9117581380706572 -0.4131562630070231
0.024362409588849013 -1.0007034890510902
-0.9994680926642402 -0.05535821299595726
0.9141772206944261 0.40777568486045707
0.9071613842637778 0.42315389978189566
-0.9122724722766393 -0.4120193397478673
-0.37409919099856515 0.9284669058691425
0.8163256642107055 0.5793215082758023
-0.08394340163178408 -0.9974740624810677
-0.9193188568295414 0.3960477742364236
-0.7802765798167236 0.6270322631169118
0.908909338481529 -0.41938623537387265
0.7138096383387087 -0.7017669130236635
0.4179625158713812 -0.909564915399921
-0.496547839048683 0.8691612298855047
-0.9253255536880042 -0.3818031163990001
0.6051042647604137 -0.797401924231914
-0.9448472697218964 -0.3305520184465342
-0.40008359418457345 -0.9175696800049321
0.9828059895543805 -0.18998259629775294
-0.6373814085085256 0.7718458007190866
-0.7476055611959297 -0.665647748339104
0.6990536956211381 -0.716466978051626
0.9438787031572681 -0.33330765626692993
-1.0005174586591392 -0.03107756293948374
0.9747147283768324 0.22788637143383064
0.66152936048047 0.7512522247702834
1.0008687584316172 -0.01620889865331598
-0.4966337951238495 0.8691121179346668
-0.4236255488344473 -0.9069412298350502
0.6065262645231351 0.7963208464203433
-0.720440727514637 0.6949576664360072
0.6128119960373088 -0.7914938139447265
-0.4205714744690435 -0.9083615111082893
-0.8944157565778397 -0.4494679681415469
-0.3131769528307179 -0.9507477037656553
0.6831986299869109 -0.7316014160620576
0.9061999299654964 0.42520899206217355
0.958540415706267 -0.28844630602186044
0.6294589279315826 0.7783202798637734
-0.6102420992318287 -0.7934768933782073
0.11419601874471134 0.9944648155178027
0.8342357439358784 0.5532194171752753
-0.9043985385205833 0.42902713611359494
-0.277154064850534 -0.9618662195632125
-0.8441754929448668 0.5379300485298169
-0.2459745245917972 -0.9703079579452285
0.9743428806982498 -0.22947102394994498
0.9133755923831217 0.40956809841439257
0.9962212071822608 -0.09769496589036185
0.07873075655279195 -0.9978990269424182
0.9573459500460293 0.2923862717886485
0.11015057943631593 -0.9949210269412562
-0.9367416480399212 0.35286836756424117
-0.862570905361697 0.5079098672240011
-0.5653554817592621 -0.8260594283977108
-0.7791113520807761 -0.628479515226125
0.6683058433573433 -0.7452303668896149
-0.4517343251142556 0.8932732501947923
0.9967593102721276 0.09204280192297704
-0.959014407367994 0.2868664610243158
-0.10505491370908702 -0.9954719810750959
-1.0007568234705333 -0.022063097633106866
-0.38532874814982254 -0.9238629529585493
-0.23431498979091567 0.9731893369531353
-0.11458522985245001 0.9944200445986904
-0.8334103020089575 -0.5544621434375283
-0.055392066360415146 -0.9994662170300321
-1.0000585113481808 -0.04340476794155923
-0.9906727901016733 -0.14341695489782905
-0.2708834424588174 0.9636509537180257
-0.9199386480778993 -0.39460598547488723
-0.9522496184964244 0.30858007724643227
0.9100209892172574 0.41696858297004136
-0.5665833450814527 -0.8252177367678857
0.48646435832177803 -0.8748448022835712
0.9662481188127391 0.26146811065757664
0.36939844686184525 -0.9303471327714492
0.529486162088988 0.849497147821153
-0.7723281198225473 -0.6367968870302124
0.9922600138081036 -0.1319888820982366
-0.9950339023295992 0.10912622606289281
-0.1414549971004086 0.99095483438718
-0.49966671363545 0.8673719936017933
0.9912335599908176 -0.13948845668344828
-0.4886197705832098 0.8736427872965079
0.7169801578814727 0.6985273460676099
-0.5095664825662973 0.8615932914345441
0.9751418571477756 0.2260516720539518
0.6040995998486695 -0.7981633125261254
0.7819269916664382 0.6249729431771217
0.28963791859212823 -0.9581810247096421
0.9570754412295717 0.29327052322935665
0.8070953151078644 0.5921132934928393
-0.12260844570131109 0.9934627164834666
-0.13653025441791963 -0.991645344681544
-0.020691461110954525 -1.0007861227240782
0.8966001264461861 -0.4450946115790249
0.08219326147639547 0.9976198012107983
0.08555523091634823 0.9973371057284744
-0.2064389596184783 -0.9794814730007099
-0.5195919359294197 0.855584724102247
0.9961977688724803 -0.09793367803514819
-0.7548576410934215 -0.6574123072188984
0.9064433713780439 0.4246897861790482
0.9969910433885293 -0.08949781786754168
-0.7286452960385003 0.6863505172730376
-0.08768716266797842 -0.9971519249859769
-0.09501896109697613 -0.9964800033277393
0.5609404512115841 -0.8290638155139474
-0.2588633194622059 0.9669492136803297
0.5159351447157994 0.857794804395018
0.9747748462939483 0.22762908213277463
1.0009372568305568 0.011207492517066184
-0.9776758700897796 0.21482758911320596
0.998417541132958 0.0718568963845372
-0.6094603523399713 -0.7940775018382261
-0.9998555954789772 -0.047851731310161204
-0.05268554229551386 0.9996125417545678
0.9330329634429567 0.36256101435324534
-0.13243906884481849 0.9922000267302543
0.8141484985621577 -0.5823772164920125
0.29389312442856813 -0.9568844399474861
0.6852917670309147 0.7296411405887463
0.9859538673923103 -0.17290451519305886
0.9540521120487057 -0.30296133003306547
0.011908068844817541 -1.0009291672722835
0.9935976911329408 -0.12150978633546017
-0.7470689499029963 -0.6662499411563458
0.026829629918540213 1.0006403804356658
0.8824863332439824 -0.4724604445216456
0.9657244047596533 0.2633958504829062
0.2637954501021128 -0.9656153273977292
-0.1376219702748718 -0.9914944242393208
0.9132883488391302 -0.40976260429020994
0.9939874576802611 0.1182790512911355
0.7658329435455884 0.6445935948954966
0.7370116867585046 0.6773586742497536
-0.9670796554143702 -0.25837557950321627
-0.014813788307250735 -1.0008903794502113
-0.561972324244568 0.8283647184562838
0.2509521788387111 0.9690325092256211
-0.6659450156654139 -0.74734077642692
-0.7875172729409609 0.617913865210704
0.46675237136659475 -0.8855186185640934
-0.8676535945860695 -0.4991775633999114
0.9967584297123571 -0.09205233727264092
-0.14943621280780126 0.9897827126706454
0.7947317345978829 -0.6086069914345711
0.5516338614548821 -0.8352850309303861
0.85542114612643 0.519861195666444
0.3128655890607532 -0.950850210696547
-0.9682064811815239 -0.2541204631628305
0.7708165585481928 0.6386257378683704
0.7114986120136508 -0.7041098814124457
0.300142188099478 0.9549427558355829
-0.0830498067384805 0.99754886075856
0.4683948207720482 -0.8846509435217491
-0.9987879180561895 0.06651086185716175
-0.7545767191047588 -0.6577347299520513
0.6118165071301644 -0.7922635682669281
-0.7596087490194713 -0.6519168263000072
-0.43504637721195244 0.9015185243103746
0.09006354555859876 0.9969400973786812
-0.9692953089673081 -0.2499351996297656
0.9894329062063337 -0.15173504577416672
0.9715750592569784 -0.24092095016788975
-0.14430899798530186 -0.9905432414087122
0.730953836319293 -0.6838914308354128
0.2906942765502788 0.957861074259159
-0.9618578955459316 0.27718295181333186
-0.22826617765555637 -0.9746258523856844
0.8514560447015597 -0.526330318280427
0.8402799924573877 0.5439949763332491
-0.3061509258410327 -0.9530333732911342
0.9768255738341771 -0.2186613781707474
-0.9207431775333984 0.3927250959968062
0.8156738581744631 -0.5802388793340083
-0.9288674271182739 -0.37310360871838016
-1.0009981480330181 -0.0019255218689648822
0.9220176341181286 0.3897235974061728
-0.9808461677200969 -0.1998544351992205
-0.8109295062385065 -0.5868512042347465
0.7657042706897235 -0.644746438413985
-0.25963123015712014 0.9667433083953054
0.3975700640249438 0.9186615504042837
-0.18497388847275995 0.9837609773635397
-0.14486736161040914 -0.9904617345157959
-0.9968148644711649 0.09143919274213469
-0.21376421805052784 0.9779089216697261
-0.4013096673150508 -0.9170341056468311
-0.9538821457231249 0.30349604951407033
-0.5716971473794319 0.8216832550796082
-0.9875238056546247 0.16370013214841037
0.8702350641359881 0.4946634544296078
0.8048081965504316 0.5952182513710763
-0.05221486653693993 -0.9996372380581515
-0.00828871174110477 -1.0009656823576285
0.9955438053955514 -0.1043720821797882
-0.8465357694105595 0.5342080035982911
0.043923566297092834 -1.0000358595189198
0.9910869442662794 -0.14052639931674346
0.9317271544630019 0.3659036890170381
-0.9856455979944262 0.17465324261006454
-0.981523650485723 -0.19650018711741843
0.6698047294118855 -0.7438834750533654
0.8685710434627614 -0.4975794835581646
-0.9590420008134569 0.2867741980648211
0.4121255717521955 -0.9122244861370067
0.8319773875180011 -0.5566099412144214
-0.9531829479991458 0.30568491562989797
0.3479996335582189 0.9385612686678187
-0.9541226159492182 -0.30273921737069454
0.49770202759723325 -0.868500830008586
0.5033554850201571 -0.8652365316490759
-0.15949374326980437 -0.9882118931979041
0.887800102979171 0.4623980721739369
-0.745454843281491 -0.6680554442770208
0.9820171099105122 0.1940190605146958
0.6346164740756429 -0.7741207469328018
0.442644756801058 -0.8978121291654129
0.33874251696577573 -0.9419418810094873
0.3728958450693515 -0.9289508537753836
-0.25686719549299075 -0.9674813920068777
0.7924849720028206 0.6115296960489233
-0.27944900615885715 0.961201983433673
-0.9897410753531303 0.1497117355414372
0.9245266295283212 0.3837336462873725
0.15676697762451242 -0.9886481248282807
-0.6435027492839428 0.766749771218751
0.6645430923831621 -0.7485876557663932
-0.5092425984372826 -0.8617847619544248
0.04271217991255178 1.0000883309423814
0.728292306799045 0.6867250656975655
0.0816934476633584 0.9976608545036104
-0.9982533524393125 0.0741029307360638
-0.9945629282574705 0.11333835068468989
-0.5304252518334593 0.8489110979469
0.9969788985331826 0.08963300664131542
-0.192321405312949 -0.9823509948376153
-0.2996709683382103 0.9550907342945169
-0.41387164883443744 0.9114336280229428
-0.9419709199273174 -0.33866175752701
-0.739512395424417 -0.6746276135866666
-0.9956270097693156 0.1035753707104691
-0.6571542641511505 -0.7550822955863552
-0.7271614964466884 -0.6879223488777005
-0.9697572858371499 -0.24813666912764912
0.7096298087907472 -0.7059932963390003
-0.6523851063421573 0.7592066075996258
-0.8720798227649224 0.4914038896125078
0.8009462341980927 0.6004049716015799
-0.983066988192199 0.1886274018447978
-0.3066504621007871 0.9528727586059818
-0.9444634002214178 -0.33164723071691393
-0.9945787984173294 0.11319900060840289
-0.8314638074922965 0.5573768355703467
-0.5535476123370741 0.8340180099230018
0.3455611838561384 0.9394617971008423
0.97402815691476 0.23080327020481242
0.8256895609797522 0.5658955282462164
0.5852067767934569 0.8121170041287235
0.0009621563424055748 1.0009995375898895
-0.8206364485104619 0.573198760794313
-0.9681245448609651 -0.25443243825768186
0.8871529099252412 -0.46363856009954224
0.39254118940686594 0.9208215976067475
-0.4294634707354101 0.9041914218260952
-0.4457547703501871 -0.8962721041681773
-0.964298431132 -0.2685694243884875
0.8151700441747238 0.580946468342978
-1.0009830640471926 -0.005822842149136365
0.603424562437139 -0.7986737741077689
-0.6695650730791555 0.7440991956133974
0.9816722924662455 0.19575625201782426
0.3069516877894282 0.9527757665700894
0.27612627273975365 -0.9621617751204062
-0.05919704921464231 0.9992480719842692
0.5923674366310249 -0.8069088052680976
-0.9827257913330641 -0.1903970037810546
0.48772359067360277 -0.874143408772524
-0.06617045740847508 -0.9988105278611922
-0.32820384531228414 0.9456654989594525
-0.9086380369587328 -0.41997371083411933
-0.1533174127660273 -0.9891889460273662
-0.18349760843842924 -0.9840374117366559
-0.5679338980744624 0.82428883737313
-0.5649114132563304 0.8263631738967652
0.7174024243553261 0.6980936624329865
0.2982102714529559 0.9555478187929447
0.7527185921014843 0.6598603800083465
0.7714572519433024 0.6378516351190833
0.8606921657690216 0.511087072604885
-0.9422894079864502 -0.3377745869608091
0.9904827945601656 0.1447233004055831
0.923638940841545 -0.3858654000569485
0.07933849226778567 -0.9978508924907942
0.057203120895738556 0.999364199358666
0.06953565375092767 0.9985818909120229
-0.9972752313228217 -0.08627347790608869
-0.7485378868612973 -0.6645991513184647
0.340818949242267 -0.9411925646951302
0.0911289878587243 0.9968432713179362
0.46348801149509894 0.8872315724771741
0.8981632932896707 -0.4419317804673623
0.7115930347127133 -0.7040144550705979
0.7603714348339299 -0.6510270970463446
-0.8144438054486162 -0.5819641636444436
0.3194622909146462 -0.9486542282009637
0.2112391244326188 -0.9784574759839799
0.8276041337156106 -0.5630918200940533
0.1914218299533454 0.9825266831070353
0.668251032557628 -0.7452795163464941
-0.30714851505490515 0.952712333130818
-0.9898916197014849 0.1487130836368166
-0.974162965984162 -0.2302336111538466
-0.6655254584149082 0.7477144269048354
0.5159245302905296 -0.8578011885305921
0.019501272561888133 -1.000810022116319
0.609599341498507 -0.7939708072999829
-0.7972079267317601 0.6053598281650746
0.9242355550265514 0.38443418009428143
-0.8050497346028358 -0.5948915235703931
-0.8994670037414688 -0.4392722494994926
0.9603586411217956 0.282333633176599
0.7678696241830337 0.6421660534916234
-0.2682495225697356 -0.9643874706989451
0.4265637649174122 -0.9055630041358153
-1.000495337163914 -0.03178176070116427
0.3652062769167388 -0.9320007378219259
0.15780157704860168 -0.9884835164437363
-0.9995599884382205 -0.0536733594382209
0.8783556236131181 -0.4800962387555336
-0.7381167383653288 -0.6761543318983684
-0.9968724286377922 0.09080947649771846
-0.5173335763972895 -0.8569521402808851
0.08883835505434157 -0.9970500221509645
0.20255670799323475 -0.9802916811066712
0.17910628590023706 -0.9848461495843005
0.23777774036391025 -0.972349086587442
0.4893591905525125 0.8732288260369041
0.33271753463627746 -0.9440868827314346
-0.9970858537780266 -0.0884352881814925
-0.7441401726694129 -0.6695195317685186
0.8041216566019561 -0.5961454196617851
-1.0002577596794417 -0.03854107161281569
0.6087777903091159 -0.7946009073908423
-0.5487854098027315 -0.8371592285746171
-0.646944766453767 0.7638478049703886
-0.9314759849511908 0.3665426161569878
-0.8884376684037881 0.46117188700227657
0.2209515906500404 0.9763100914101098
0.30403721066247874 0.9537097957620964
0.7279411050876297 0.6870973348251327
0.9837236980030847 0.1851720442916152
0.9485895994560639 -0.31965414404287673
-1.000727911988908 -0.023337655544635526
0.12607947204152642 0.9930281802294081
-0.7662476272917976 -0.6441005928189247
-0.0013464958575603472 1.0009990943796632
-0.6544924504493372 -0.7573906735000253
0.6936984873256379 0.7216532468451325
-0.6388514700352282 0.7706294824582226
0.4502038652820568 0.8940455691322986
0.5178979616873381 0.8566111727499826
-0.8395108449451587 -0.5451812003540342
1.0007471154427445 -0.02249913182827964
0.6966426521320022 -0.7188115297005816
0.7868629629532647 0.6187468606242856
-0.9113568432138556 -0.4140407037083139
-0.25827090316852147 0.9671076158197268
-0.3880447776733514 -0.9227254469886692
-0.012403640350008911 -1.0009231487512253
-0.9939123841070383 -0.11890825336646398
-0.6865939110375096 0.7284159535088564
0.1715955006040611 0.9861825308594965
-0.8809264328867257 0.47536261931442314
-0.7470020430556871 -0.666324956511933
-0.9464636043304363 0.32589514521980756
0.9138779572133933 -0.40844593194139583
-0.9058458849487554 -0.42596271282989795
0.18028392269299642 0.9846312544391559
0.42390567722315503 -0.9068103312258734
0.5671744060323304 -0.8248116106977843
-0.3413612282908544 -0.9409960211498023
0.10250142540775468 0.995738147200045
0.6231482701476826 0.7833819205291572
0.8368540948817346 0.5492506020749297
-0.03568356225763071 1.0003637755259862
-0.6127357143097566 -0.7915528689919027
-0.39229981467395075 0.9209244569489855
0.1260481093437928 0.9930321616800007
-0.43355867249054514 0.9022349347637988
0.6210338343488906 -0.7850592185268032
-0.9866263536136017 0.16902496370396944
0.9883486625355886 0.15864400796788108
0.12725339252356438 0.9928784286564211
0.10825569615782343 -0.9951289887493908
0.27574855641396556 -0.9622700939110671
0.9592344109117806 -0.28612994412107456
0.9720612328843887 0.23895179330417715
0.731352937555306 0.683464615564862
0.8575534927224187 0.5163361377238482
-0.7306056996131626 -0.6842633350492785
1.000953238958625 -0.009675402742911477
-0.5683721622542341 0.8239867020616575
-0.5035418042469975 0.8651281126952692
-0.058303942904416366 0.9993005805270997
0.9975282987438501 -0.08329641772129331
0.637214704192264 -0.7719834329577063
-0.8502859360513603 0.5282185409025909
0.053617499234384046 0.9995629863974811
-0.3036226167024072 -0.9538418666774818
0.9926910215103583 0.12870717078982546
0.7652496743128536 -0.6452859334931077
-0.7531733266286601 0.6593412925451565
0.9042076222965498 -0.42942936064132825
0.9626758590514751 -0.2743286175365309
-0.9767863100859318 -0.21883670722415383
0.9614953419290195 -0.278437977741539
-0.13863517865729544 0.9913532605679268
0.2215922120943505 0.9761648895238613
-0.9663965678278518 -0.26091890251675554
0.10045240170673594 -0.9959469438636521
-0.9839915415338786 0.1837434248885696
0.9826658174006213 -0.1907062959431829
0.3684055800861824 0.9307407418617515
0.99257536178133 -0.12959610790707402
0.4446531216462818 -0.8968191575843019
-0.6853256374718231 0.7296093273964083
-0.514647330392674 -0.8585680667947614
-0.9826751149772928 0.19065838141651276
-0.8762458359266515 0.4839361889972722
-0.6432613499661088 -0.7669523033668908
0.9933856733017351 0.12323110029070765
-0.6443283248267891 -0.7660561401267557
0.8124898916005162 0.584688956665834
-1.0009974075614452 0.0022781692795058386
0.9612854732501335 0.27916167164972167
0.9595394581517265 -0.28510529326880446
-0.9117287527348235 -0.4132211047812093
-0.9990051170658343 0.06316467427509422
-0.9295812201733993 0.37132163295576276
0.9759047641580268 0.22273502484716193
0.36307707403219297 0.932832266976342
0.5329118418883668 -0.8473523285948699
-0.9557165121168686 -0.29766919300990385
0.2576892083583694 -0.967262772929692
0.8345442170525971 -0.5527539685828295
-0.10591166713786596 0.9953811926915628
-0.7492993355544411 0.6637405409779286
-0.7815336891156062 0.6254647014639204
-0.505748987131043 0.8638396622151151
0.8403679491449296 -0.5438590902521948
-0.9996271558410801 -0.0524075309957751
-0.21464675350461124 0.9777155880980576
-0.6743871471460253 0.7397316917398126
0.9411728205339015 0.3408734690295807
0.05223461140824199 0.9996362065126643
-0.648580420223424 -0.7624594667933546
-0.5898731471493521 -0.8087339922818372
0.7460970351302342 0.6673381557875093
-0.4731129994749839 -0.88213666159376
0.9123947466259765 0.4117484988792553
0.5629468398380689 -0.8277027579489702
-0.46399292643564577 0.8869676229816313
0.35856343352622433 0.9345765159353646
-0.3618047629389728 -0.9333264774529187
-0.9969063703825136 0.09043610280613984
-0.4866218666936038 0.874757199945009
-0.9920023243368025 0.1339118684448154
-0.869353296434884 0.49621149319398156
-0.7216941367770504 -0.6936559470959851
-0.9776615190528121 0.2148928899785845
-0.3156107799414782 0.9499425433070843
-0.704647706468849 0.7109659694867193
0.8065541410352508 -0.5928502488646595
-0.7841040828666658 -0.6222393327585656
-0.5165831230270093 0.8574047334856869
0.9551849029739217 0.29937067513485655
-0.8478509992142097 0.5321181101329535
-0.6635375584348078 0.7494790914671162
-0.713241327156044 0.702344508938943
0.9133276926496455 0.4096749026231343
-0.30447037490734036 0.9535715971041627
0.9317902258430151 0.3657430450786766
-0.9787472482810579 0.2098924104922741
0.9953217445716337 0.10646889115079308
-0.8946010637114176 0.44909902783951805
0.2669008010370424 -0.9647616091065114
-0.4565583091406308 0.8908173271522328
0.6278898157354715 -0.7795866720869948
0.46647334940086377 0.8856656334637467
-0.35774849879394793 -0.9348887696462487
-0.9573302139827302 0.2924377906423517
-0.2484384935551437 -0.9696800064557642
-0.9289411122416489 0.3729201120712696
0.9273087157027474 -0.3769609340259562
-0.4030258219269808 -0.9162811723810991
0.15607819465343328 0.988757097144554
0.5823386344105695 0.8141760957390195
0.16725136935508375 -0.9869285584320932
-0.1847756845089995 0.9837982244414912
0.9899594110239477 -0.14826113626004123
-0.7592032717314808 0.652388988405089
-0.9526481676371403 -0.307347472248592
-0.1350747563907525 -0.9918446502280379
-0.5237339208041986 0.8530555551657005
0.9094329860947127 -0.41824949946515666
0.3284310704215282 -0.9455866073405276
-0.684540542536794 0.7303459766599879
-0.5205220650617941 0.8550191692493248
0.8191827225540613 0.5752744276159993
-0.29771467985257993 0.9557023435151113
0.9544550197213008 0.30168960096233244
0.5397772146981115 -0.842995586283077
0.9865072930048314 -0.16971847527090186
-0.9905636342716566 -0.1441689510904752
-0.9976278807712344 0.08209513693207227
0.499810099060239 0.867289377818842
0.9019161227853068 0.4342214958519665
-0.4812937188861545 -0.8777000376898336
0.9327430701199738 -0.3633061589667393
-0.1663315892887396 0.9870839895392297
-0.16457922963924929 -0.9873776770675704
0.7309086034602655 0.6839397732167389
0.8026464189722933 -0.5981301916062707
0.7095060380968116 0.7061176827584519
-0.3062047595094184 0.9530160781717061
-0.39096675305377504 0.9214911817302369
-0.14311845996283412 -0.9907159564768636
-0.08005834456770006 0.9977933961823356
0.18797330333400744 -0.9831922687011434
-0.09066355337126282 0.9968857106459577
0.937573787589279 -0.35065138360698556
0.9883039769978232 -0.15892214776514355
0.9743991498281638 -0.2292319716229645
0.22415566377917118 -0.97557943725548
0.9958372286410018 0.10153429988240027
-0.35004217850732483 0.9378014039581335
-0.973508346676042 -0.23298604883571702
-0.6143215490455365 0.7903227406435249
0.4033979197088062 0.9161174151682783
0.8817042395284763 -0.47391838326605495
-0.4364052768038009 0.9008614956683396
-0.36603284824144483 0.931676421301009
0.46787321516257246 -0.8849269204479188
0.2820766558299333 -0.9604341519520229
0.8419602790882914 -0.5413906985140828
-0.951776740566154 0.3100355400873709
-0.38011297381552267 -0.9260211267228842
0.3428586655202487 0.9404514530148137
0.8828737104519819 0.4717361671451003
0.8653337700628965 0.5031883011246726
0.9996283443142493 0.05238485700613041
-0.5315587641484927 -0.8482017921797426
0.05274915885382632 0.9996091867526098
-0.1689170566386275 -0.986644833755563
-0.3455419651652491 -0.9394688660672783
0.5626439955216177 -0.8279086509413159
-0.013092437217048019 -1.0009143760021222
0.730485477589106 0.68439167662342
-0.06116543903796701 0.9991295156621551
0.0642357559119925 0.9989368186539201
0.36818328138732115 -0.930828701376824
-0.41083973476584873 -0.9128043121817113
-0.8965020639131165 0.44529209447229406
0.9618560746924334 -0.2771892703141013
0.7496714212547065 0.6633202545934719
0.5704191164490753 -0.8225709887842242
0.06106416449241312 0.9991357104091733
-0.405970258542185 0.9149804091778094
0.9986131807760699 0.06908484045215905
0.9616366198771422 0.2779496560732983
0.5423440446282344 0.8413465024924557
-0.43101305440456145 0.9034537879343085
0.24161915658881097 -0.9714016590315829
-0.1465219776477877 -0.9902183143459734
0.42861002284794325 -0.9045962902390688
-0.9167049755776857 -0.4020609254219002
0.994686348121306 0.11225002833451815
0.7644293006237806 -0.6462575681164885
0.04380459422054715 -1.0000410779188889
0.9048207721031939 -0.42813592511091614
0.04311614099232717 -1.000070996672701
0.49689187624732317 0.8689645926730357
-0.1281444006150833 -0.9927638251825058
0.9069619055189869 -0.42358128138217843
0.9755276792944207 -0.22438080784782302
-0.3275722682261747 0.9458844586360213
-0.5695451999733134 0.8231763269114087
0.890389104420925 -0.45739287568621256
-0.6474786740236155 0.763395288618302
-0.06727615493690116 0.9987366614763404
-0.9459868320343878 0.32727650941908876
1.0008888547008041 0.014916451847285654
0.8705475341986482 -0.4941133379100927
-0.6348387441276627 0.7739384787917009
0.4288565918761379 0.9044794213271984
-0.6344683510988613 0.7742421529817993
0.8552613600079882 -0.520124029513429
-0.6970748725546293 0.7183923872459587
0.6679895121478856 0.7455139245248407
0.8303070702174904 0.5590985325922859
0.9853498092925188 -0.17631435939025755
-0.37605389275663753 -0.9276769209927448
0.7788114940890931 0.6288510608043167
0.9436519655391052 -0.33394904990759194
-0.9842670858193696 -0.18226163549317195
0.8132284598066486 -0.583661264913568
0.689896255233886 -0.7252890161957927
-0.26172978456313456 0.9661772714530886
0.9889592645888118 -0.15479203139682834
-0.7260876026623867 -0.6890557258016132
0.9665489274094865 0.2603539339506342
0.9761400008398069 -0.2217018239899299
0.8478761061075528 -0.532078103939538
-0.2323472462547512 0.9736610073109809
0.4710719684134996 0.8832282833871609
0.6807401331865426 -0.7338895496388869
-0.7553472939059636 0.6568496521951869
-0.6356677837542174 0.7732576987634855
-0.415082129512139 0.91088299235394
0.1736514980533232 -0.985822578978508
-0.965126532900986 -0.26557819091657725
-0.5662625194602586 -0.8254379195642275
-0.941228140060161 0.3407206896548695
-0.6386347441714971 -0.7708090966880233
0.9988580925047386 0.06544853732357338
0.7226137364226349 0.6926979052468101
-0.028414380113078053 1.000596633515619
0.8581075201971602 -0.5154148656966351
0.053458996884026236 -0.9995714760096717
0.4999428091874981 0.867212884787647
-0.9968122431970531 -0.0914677637884461
0.4556398628074771 0.8912874482571733
0.07004411215664472 0.9985463546336681
0.9983322759864862 -0.07303195686576137
-0.43089600080692264 -0.9035096216912138
-0.9035128102996453 0.43088931481812953
-0.7962757739880855 -0.6065854364882785
-0.7054299498429252 -0.7101898238250165
0.5892546051419075 -0.80918478131948
0.5976497671757497 0.8030042065859756
-0.03451404226539955 1.000404808508287
-0.8901635456033644 0.4578316962365612
-0.8700871961539722 0.4949235002390967
0.9533967221200587 0.30501752449773717
-0.9387627493155494 -0.3474557532945903
0.46854663957553055 -0.8845705435647729
-0.7702660486320901 -0.6392896169379779
0.9709248054064329 -0.24352827812490335
-0.4452516050909964 0.8965221738272241
-0.6705601267162802 -0.7432026079463434
-0.759114033825367 -0.6524928226803568
0.9762458687678737 0.2212351773874572
0.8132818680952327 -0.5835868427470999
-0.6191564279741826 0.7865407285692527
0.07942484870937247 -0.9978440225844385
-0.1858295658487278 0.9835997013300041
-0.6392892193217102 -0.7702663786373116
0.3117260399736664 -0.9512244088554163
1.0008057762699676 -0.019717966037787894
-0.4412308971644916 0.898507815985714
-0.22545846069000083 0.975279181826053
0.8982619116741994 -0.4417312961919415
-0.8692979424282467 0.4963084598211245
0.38581647845782785 0.9236593771247064
-0.45461892258639724 -0.8918086315047548
0.9557173723171801 0.29766643117950764
-0.5698917190143911 -0.8229364669273214
0.976955656843676 -0.21807944552649078
0.9937342346077929 -0.12038800176290022
-0.09511453583712638 0.9964708852106458
-1.0009666437883578 -0.008171782123310652
0.6459583976704806 0.7646821225051527
0.4127880151053393 -0.9119249171863845
0.06383454268577682 -0.9989625374157419
0.9932293345740152 -0.12448489443164948
0.9352059195275805 0.3569186014773855
0.5250705876945949 -0.8522334644556342
-0.0679196062132798 -0.9986931095646115
-0.9969783847701027 -0.08963872099264392
-0.9408771884552263 0.34168862469299244
-0.7173328228532756 0.6981651819285685
-0.4174058737998766 0.9098204968659266
1.000670781235704 0.025670753419515562
0.1960525773649133 -0.981613155427623
0.7642340302685632 0.6464884739726369
0.20753008696958228 -0.9792508682673698
0.9530639853451378 -0.30605561559632083
-1.000088559365196 -0.042706831149675384
0.8373228215900947 0.5485357713444057
0.11983487921824922 0.9938010876039267
0.690406278311985 -0.72480353949701
0.6873384787757988 -0.7277134158404466
-0.5350441323656885 -0.8460075510425705
0.4071137091172748 0.9144722127264311
-0.22941895661908734 0.9743551417957466
-0.24203969428166777 0.9712969609712762
0.3416643305519352 0.9408860107518328
0.5848877224400716 0.8123468176455582
-0.9818683374963204 0.1947705517325756
0.547551704829217 -0.8379666643361285
-0.6128582761964506 0.7914579794894452
-0.42276950659100987 0.9073405889173007
0.4355792032138421 -0.9012612039401199
0.4908848767865879 0.8723720752879567
-0.9079231852939474 0.4215168912460003
0.32661959693007947 -0.946213844171196
-0.8889887136911536 -0.46010875554562986
0.7248964693545867 0.6903087053755405
0.8721977087493736 0.49119462217367843
0.30570338492498983 -0.9531770247154531
0.9554779017483502 0.2984342126341584
0.994196934916652 0.11650516985239137
0.9548350401484487 0.3004846853081042
-0.2880695012239962 0.9586537239611381
-0.3380761613259082 -0.942181250685418
-0.7499147034608571 0.6630452002188196
-0.19626900127720226 0.9815699053748793
-0.8256851784023191 -0.5659019227452143
-0.7400688817176121 -0.6740170994219976
0.7625634433000842 0.6484581674574846
-0.7944884605569267 -0.6089245323041969
0.2281473954700432 0.9746536646112997
-0.11847446281618688 0.9939641853006657
-0.8928899924427424 -0.4524913937254491
-0.9773009579605146 -0.21652675947665292
-0.5810913553871655 0.8150667682431341
1.0006876958990474 0.025002705378735165
-0.35417368260022924 -0.9362488998943561
-0.9659689856392614 0.2624974643364318
-0.7475382097479233 -0.6657233847228666
-0.9205536719204269 0.3931690948101325
0.026030701365660217 -1.000661482513648
0.9931107355569451 -0.12542753653621477
-0.661403284585465 -0.7513632245056703
-1.0007846342867661 0.02076332765969553
0.6537129774101312 0.7580635482369412
-0.714891532531684 -0.7006647534409736
-1.0007849751091897 -0.020746893639736093
-0.9458260602503565 -0.32774084846306384
-0.1501462465061529 0.9896752521206709
-0.997308367933713 -0.08588957590647216
-0.7188805885924078 -0.6965713885489652
-1.0007561424789306 -0.02209396502871844
0.8059789671852938 -0.5936319604392332
-0.9305808062028289 0.3688093858985872
0.06310718658273676 -0.9990087502127354
-0.17298093264198147 -0.9859404631834066
-0.9500789131420649 0.31520002982676354
-0.24949325110814383 -0.9694091590507533
-0.27615724143220943 0.9621528870218872
0.9560331767764911 0.29665057711497966
-0.6144768306001567 0.7902020150920815
0.4034470954032489 -0.9160957598475619
-0.4797486305405537 0.8785455318277269
-0.9944775100829525 0.11408541510294432
0.9322882710948505 0.3644716444100621
0.6977130219836246 0.7177726234361951
-0.9385214748453713 -0.34810693939372883
-0.41912792076177546 -0.9090284847230646
0.11729137457076902 0.9941044881959339
0.7242998055482434 0.6909347231705589
0.4211280676093375 0.9081036012876643
-0.9211551719937806 -0.39175776840939414
-0.8229129746364648 -0.5699256409172735
1.0009040932991489 0.013856262735993002
-0.3672738116491575 0.9311879226432757
-0.9372492571765441 0.351517894170434
-0.498968877659133 -0.8677736220510422
0.9522423218156849 0.3086025932215633
-0.20030606424770683 -0.9807540367623238
-0.49961948956964114 0.8673991962425209
0.4272725214295945 0.9052288066733165
-0.8581493742160692 0.5153451770731621
0.9921852050214207 0.13255006200150007
-0.8870718241997712 0.46379368118905034
0.887558420530899 0.4628618045860944
-0.5009695096095729 -0.8666201881109995
0.3808830794644183 -0.9257046396003975
0.26097126026754525 0.966382430156079
-0.8526888405231211 -0.5243307555802306
-0.9255543150674661 0.3812482260417662
-0.8675653685544585 0.499330883568167
0.028560595066832412 1.0005924706939526
-0.24023547025657044 -0.9717447807066445
-0.8586329658464492 -0.5145390461002258
0.2440592579682704 -0.9707914701932528
-0.5327368739974316 0.8474623431654322
0.2734828976002463 0.962916457809385
-0.8237917317155612 -0.5686547131230664
0.018550758031547532 1.0008280918201962
-0.8374546896952372 -0.5483344259732867
-0.2135757511248745 0.9779501002256943
-0.9996235855333239 0.05247558713822673
0.5797648291277083 -0.8160108718065704
0.08347604137244355 -0.9975132833786156
-0.2109624899417931 -0.9785171576613048
-0.2754613236201688 -0.962352357086231
0.983782785897935 0.18485786477966748
0.7139977198435625 -0.7015755526372006
0.8207830541388532 0.5729888114426811
0.5669019332345319 0.8249989079356107
-0.5957336668757413 0.8044267512650131
-0.6273057431480206 -0.7800567316634796
0.5623031517231898 0.828140184728508
0.855846393372882 0.519160814151675
-0.06285662231085923 0.9990245467613246
-0.9641590467597146 0.2690693824116714
0.8507461809513821 -0.5274769526686811
-0.9671265800797099 -0.25819988013809064
-0.057650547563428634 -0.9993384883840094
0.7247072732847586 -0.690507326570957
-0.8918941847499022 -0.45445105700097926
0.2923906626068502 -0.9573446090203501
0.3912128648093755 -0.9213867235898515
0.7112991310382196 0.704311398590335
0.8592048788138367 0.5135834656825512
0.7129849633142902 0.7026047552413236
-0.5896717781452189 -0.8088808280946309
-0.4451313282328271 -0.8965818984485908
0.4587399920926133 -0.8896958017518511
