1000
0.6404277750420267 0.7693200016603748
0.9994456802646022 0.05576138628501214
-0.43122489109938755 -0.9033526959589601
0.8998638641583578 0.43845869358696554
0.02432046920263449 1.0007045092222597
0.9816321555919767 -0.19595742167075283
-0.9628368751603316 -0.2737629482444406
-0.8761763724293554 -0.48406194272689473
-0.7833483435344859 -0.6231904786514127
-0.5003403312755201 -0.8669835943656043
0.9353944067944088 0.3564243310125393
0.5868734776506035 -0.8109133870089251
-0.6122555583388941 0.791924321689345
0.16517927446066652 0.9872774722886407
-0.3820067910503932 0.9252414882566503
-0.10472853214280944 -0.9955063709264811
-0.9864397473539872 0.1701106253007197
0.22085891502737795 0.9763310604774025
0.17536265597168346 -0.9855196288712655
-0.26005905925805334 -0.9666283079332078
0.7586443262385278 -0.6530388857228107
0.7366973355354982 0.6777005502542385
-0.28618796894550125 0.9592171007810738
0.8946107715102607 -0.44907968947372384
-0.5742904358546307 0.8198728531216888
-0.8782497264875551 -0.4802899311088405
-0.8105930008976835 -0.5873159174547273
-0.39510540427796664 0.9197242627604996
-0.5825877384625542 -0.8139978667005746
-0.30891321870793853 -0.9521415983494794
0.3588976675766907 -0.9344482137646855
-0.6152217666628393 0.7896221740961019
-0.9942822114511489 0.11577514410188672
-0.9985949922873807 0.06934725213421218
0.9994125788933304 0.05635154966620372
0.6389935255693865 0.7705116963942895
0.2248795461044444 -0.9754128304179001
1.0008972432039085 -0.014342543247841033
-0.13685647276256246 -0.9916003760905852
0.34562073862435405 0.9394398889938387
0.312348459259545 0.9510202100892432
-0.5529033329969922 0.8344452674446762
0.9381925678605899 -0.34899241483326326
-0.12169364823457561 -0.9935751888907852
0.32278595143471794 0.9475284848258568
0.9335646556218875 -0.3611897476030936
-0.9716212999511858 -0.24073439613226813
0.9904450317215662 -0.14498151309068913
0.9848203029159276 0.17924834996334213
-0.9755478028122321 -0.22429330000743736
0.6415146306039722 0.7684139370944862
-0.475471696938183 0.8808675640587095
0.26702575344073737 -0.9647270323772453
0.47879362055343094 -0.8790663620667879
-0.19272944395660732 0.9822710223925863
-0.11444211039762237 0.9944365255599467
0.4725864379755981 -0.8824188680221747
-0.011820825439879433 -1.0009302014056325
-0.3792694476769512 -0.926366928413801
-0.9965009922453559 0.09479858888201456
0.9399800523652165 0.34414895198951984
-0.5659073391172177 0.8256814661437366
0.22651033551591745 -0.9750354187948592
-0.615974295871342 0.789035276033844
0.667589943909927 0.7458717495590917
0.34602609225044756 -0.939290659743769
0.6620658768119605 -0.7507794448179904
0.7262972363844171 0.6888347584293043
0.8620299493107063 -0.5088274427459482
0.7006036529706517 0.7149514119464193
-0.5808557654290655 -0.8152346777264903
0.9939596413538763 -0.11851257890904902
-0.9060718459625638 -0.42548185619834833
-0.9843363082530732 -0.18188741642761003
0.07676203702324226 -0.9980523982597519
0.8404785893528538 -0.5436880915004823
0.9955195611814706 -0.10460307502675158
0.12416087837777379 -0.9932698909563602
0.4617103983352373 0.8881579296888119
0.5606056321281022 0.829290253907672
0.05227146868720312 -0.9996342799050475
-0.5751697523426319 0.8192562212092842
0.9923965013191114 -0.13095871169795006
0.8989193453882033 -0.44039188285757963
0.2027690566380258 -0.9802477797323109
0.19257311800564078 0.9823016818786302
-0.9932646046559415 -0.12420316073947629
0.9472630699340574 0.3235640220097178
-0.6495960101485823 -0.7615943957245503
0.595018638221489 -0.8049557877107566
-0.0938960580988738 -0.9965864389371817
-0.08696177663454313 -0.9972154478369074
0.4285990942961837 0.9046014682546624
1.0005720092858148 -0.029268656165719255
-0.9988203270106527 -0.06602237764828635
-0.7622972141724156 0.6487711131554597
-0.043990568234876834 -1.000032914411507
0.5067025324007195 -0.8632806864853968
0.4042137461544762 0.9157577449411851
-0.0247482650058257 1.0006940208571258
0.19160368598798716 -0.9824912353379122
0.35028341392217005 -0.937711325478705
0.8959073438054428 0.44648743690665704
1.000995627054706 0.002958820264240164
0.7962063782221531 0.6066765227684039
-0.9534433098842251 0.3048718662602594
-0.32334648106608427 0.9473373491962515
0.5814708586223153 0.81479607299804
0.39520742676290027 -0.9196804281006782
-0.6173700158818434 -0.7879436930961834
0.7031014667013677 0.7124951421044114
-0.6221351078214723 -0.7841867810770371
-0.9903519540605071 0.14561595753397102
-0.9945823761270016 -0.11316756203774798
-0.14464091846000174 0.9904948282081271
-0.5357123412308923 -0.8455845832635053
0.5324849944993717 0.847620628956731
0.3428163539972758 0.9404668773710292
-0.9910621053393246 -0.1407014689347109
-0.8504285152483355 -0.5279889586464015
0.40683904361450623 -0.9145944415919188
0.8207499976409345 -0.5730361606150227
-0.25996201247598194 -0.9666544119122601
-0.8328879705099241 0.5552464575122112
-0.7508373373375099 -0.6620002211932547
0.9362494118463761 0.3541723292654508
-0.6710032861983145 -0.7428025241684783
-0.393537053901451 0.9203964293751723
0.6394861601759113 -0.7701028833496657
0.8868297488252016 -0.4642563910153847
-0.1657858508331593 0.9871757957241077
-0.33503192363465595 -0.943268047876987
0.38135296155836274 -0.9255111661728701
-0.9565716308455633 -0.2949096727160021
0.1539365567718687 0.9890927845703967
0.8968971457502326 0.44449579294419206
0.10789938572765814 0.9951676856488026
0.7652679808046374 0.6452642230553255
-0.4340147778345164 0.9020156166171711
-0.8401555193869001 0.5441871950383691
0.9901522701195153 0.14696762220696857
-0.9875712626676071 -0.16341358925471333
0.5477306449329555 0.8378497124194342
-0.999866780498802 -0.04761744695970731
-0.4883627852254269 -0.8737864670540874
0.999134686651128 0.06108091298067089
0.9966421435676267 0.09330293492128791
0.7067006050658162 -0.708925422593667
-0.179822938694017 0.9847155481251668
-0.5221599556035071 0.8540198948292383
1.000987832956726 0.004935410073893448
0.9993893171071538 -0.05676260082216651
0.40860121459688575 0.9138085398101452
-0.23112848396258373 0.9739510377329846
0.13395014687760032 -0.9919971563222696
-0.06408356289885034 0.9989465936506261
-0.2567189936848929 -0.9675207275719813
0.815528084113517 -0.5804437475088662
0.4344091410744819 0.9018257581988501
0.06877639812250547 -0.9986344711961903
-0.9899927123136346 -0.14803860836245758
0.5844868375317142 -0.8126353036585203
0.623531584212108 -0.7830768566941172
-0.7049843829999005 0.7106321268604802
0.7664444138581029 -0.6438664150782437
-0.9949243818155774 0.110120272742539
-0.4449622474230055 -0.8966658231293686
0.11244140221220136 -0.9946647329972819
-0.18350589772003364 0.9840358659632099
-0.6575185478522434 0.754765102021998
-0.6418709047695857 -0.7681163594210667
0.8503425958402009 -0.5281273233792668
-0.4184799300071603 -0.9093269753951008
0.8426329406313823 0.5403431570427346
0.7367190452024475 -0.6776769499075456
-0.37680084770028505 -0.9273737764096776
-0.7659717130534557 -0.644428688686308
0.8855049685330887 0.4667782671710559
-0.9681336847143965 -0.25439765824654387
0.723176514826819 -0.6921103440947373
0.22084888120663984 0.9763333302053021
0.25744351843299035 0.9673281939532429
0.966936097617914 0.2589123077867098
1.0006888310503084 0.024957231640701266
-0.9947953569481982 0.11127981755155353
-0.9841945405399898 0.1826529670475635
-0.6295828265628948 0.7782200617415848
-0.3868255691855444 -0.9232372279237225
-0.8109036744099948 0.5868868978162395
-0.9521285400000153 0.3089534646470876
-0.9368624056912567 -0.35254763196253514
0.18167857230735543 -0.9843748759310962
0.14500246428164867 0.9904419646563091
-0.0621762113738336 0.9990671242410073
-0.9891656029743556 0.1534679441850297
0.9935855285940276 0.12160919935813493
0.5812427704565538 -0.8149587976038972
-0.20684481769734925 0.9793958450962258
-0.5399219827428814 -0.8429028725487865
0.508734084886523 -0.8620850485159061
-0.9665181556489769 0.2604681454629341
0.704869640462371 0.7107459391051403
-0.06613052188702372 0.9988131727580238
0.9675702872987938 0.25653214055266005
0.8972274723913332 0.4438286412414812
0.9749664580802034 -0.22680697876948785
-0.36424822359495906 0.9323755850556773
0.8915543813654866 0.4551173311004586
-0.9810172790895454 0.19901280895395926
0.9798427819748987 0.20471717712906012
0.42755637843947664 0.9050947703172961
0.7305885610596312 -0.6842816338678231
0.9179756145657834 -0.39915131349222976
0.8123770423381039 0.5848457412702895
0.3342880217966119 -0.9435319382423194
0.3641057875802126 -0.9324312175440036
0.43939730442992503 -0.8994059199603457
-0.38712042883154874 0.9231136298318197
0.3139768768545732 -0.9504838351074931
0.9896366386032978 -0.15040054366246786
-0.7290955598481599 -0.6858721926202418
-0.9134053807803363 0.40950166099971896
0.9992889008703408 -0.058503782761000295
0.9080726160163511 -0.42119487656098153
-1.0009273060080348 -0.01206350228986562
0.8570759519299118 -0.5171284295254278
-0.27846109547973 0.9614886469970556
0.730530882587557 -0.6843432103746226
-0.7481588157891577 -0.6650258539011586
0.22856093598712646 0.9745567703016016
0.034122613061696457 -1.0004182361781706
-0.019437568342298234 1.000811261395943
-0.9773406158439646 -0.21634768457679437
-0.32709781537245075 -0.9460486346793013
-0.6832906176216468 0.7315155035064045
0.9838462210191957 0.1845199538972627
0.1860800056127465 0.9835523532131679
-0.753044197372651 0.659488769277673
0.11884856265513113 -0.9939195234800499
0.9994907834350292 -0.05494700927649954
0.9472991781156711 0.3234582927386067
0.44364611921365227 -0.8973177368728793
-0.9456728791689626 -0.3281825796782712
0.290787086173255 0.9578329032325356
-0.25438938220478974 -0.9681358593820731
0.9436097454927653 -0.33406832865609803
0.4606865154973608 0.8886894476918807
-0.989746139254293 -0.14967825436990398
0.6790689434473789 -0.7354361767313738
0.6813097782387715 -0.7333607475698682
0.5520997597497315 0.8349771585404531
-0.371457167603462 0.92952706934011
0.11081854586240342 -0.9948468474558998
-0.909613111334012 -0.4178576165265605
0.9657384929221963 -0.2633441916738721
-0.9838884702734155 0.1842945415986007
0.0632047157611981 0.9990025845339672
0.7680049526561384 0.6420041999049871
-0.5594561864269851 0.8300661271661279
-0.15095535637592405 -0.9895521615263229
0.8858380388858312 -0.46614586650844014
0.5975445749182526 -0.8030824870371441
0.7145104598271748 -0.7010533523188939
-0.9485912939867731 0.31964911539452034
-0.9416944115743927 0.33942986788077195
-0.6230347890021531 0.7834721767191497
0.6554038996302632 -0.7566020938045597
0.10681509497281175 -0.9952846504824382
-0.5557468558582978 0.8325541617237983
0.7716429908099395 -0.6376269244110474
0.9945756051377866 0.11322705359058692
0.9985260779076371 -0.07033257949479325
1.0008083178541305 0.019588540374046986
0.49251066942611876 0.8714552429708805
-0.994836131867236 -0.1109147002494956
0.9743959592339515 -0.2292455334974875
-0.9393523460316774 -0.34585859828083476
0.9192603905617169 -0.3961834604628512
0.19326129415991974 -0.9821665195778326
0.997130053435542 -0.08793552487836329
0.8466058613892431 -0.5340969157946691
0.013135419355271334 -1.0009138128522161
0.903873567724916 -0.43013204201527655
-0.9207779745556861 -0.3926435044326192
0.993686353465226 -0.12078257712510426
-0.4705408640521632 -0.8835113441586608
-0.9570107842218075 0.2934814455517776
-0.7476079263003151 -0.6656450920219742
-0.6187529468184992 0.7868581770582443
-0.959815778272955 -0.2841736648218509
-0.5143162404779019 -0.8587664436741093
0.8098433865530753 0.588349121913381
-1.000418881407347 -0.03410369076321431
-0.5114957240658097 0.8604493734452906
0.0883102314146859 0.997096937628175
0.1281917105471504 -0.9927577173444665
-0.04130047871912905 -1.0001476243323135
-0.11695798694390244 0.9941437669120246
0.9533928099566857 0.3050297525207908
0.6266041502745734 0.7806204191914787
-0.9719571458526035 -0.2393748245452328
0.8936550859245364 -0.45097847775831773
-0.9562774090307331 -0.2958623277429351
-0.5548820959386963 0.8331307578085684
-0.714979070653911 0.7005754267221123
-0.010187386536378585 1.0009481590749634
0.8139685644422252 -0.5826286777183758
0.3269150292908336 -0.9461118134891738
-0.5567320472336409 -0.8318956831135975
-0.6664061747910203 0.7469295885158119
0.9945871313364228 0.11312576267139683
0.8783750972179437 -0.48006060928529426
-0.8206424675530986 -0.5731901433628824
0.8327204949139567 -0.5554975943694582
0.48033388304996166 0.878225688985551
0.5238565482210217 0.8529802558593934
-0.8351330549394431 0.5518639148807549
0.9079466040378649 0.42146644494681723
0.9047414476059585 -0.4283035290350462
1.0000711936452047 -0.04311157200863042
-0.5799104438858866 0.8159073949119924
0.13966852709870028 0.9912082034255364
0.3456562072798657 -0.9394268392849432
-0.37521816061008717 0.9280152649328474
-0.15390354968130365 -0.9890979210348663
0.9956104115156977 -0.10373479879742888
-0.5819650180527961 0.8144431949269444
0.49453817862841964 0.8703062621163227
0.7951796808214939 -0.6080216075178801
-0.8585140056815517 -0.5147375079092417
0.7136340653783474 0.7019454542424024
-0.9275565290474621 -0.3763507478688259
-0.6885930632770636 0.7265263885136657
0.8604873003457673 -0.5114319172124998
0.29493566725801124 0.9565636163784779
0.48537630471934057 0.8754489378695927
-0.051333892440002256 -0.9996828654563197
-0.06154310746807583 -0.9991063236328619
0.5337409867713382 0.8468303012058309
-0.4043979527833438 -0.9156764143433206
0.6305506077888156 0.7774361266478136
0.6123574076211391 -0.7918455691178161
0.5551221635544699 -0.8329708179345807
-0.003594567638037993 1.0009935459749455
-0.1418953786363534 -0.9908918717608122
-0.9809581534166385 -0.19930404222046993
-0.7083405968729114 0.7072867868281774
-0.13989520201254194 -0.9911762368286834
-0.531441755749601 0.8482751088212959
-0.5230860666192744 -0.8534529670162124
0.7138998497516327 -0.7016751417319814
-0.9322582683029021 -0.36454837975346177
0.9937354333377133 -0.12037810651903151
0.08906503228873124 0.9970297989646083
0.09674567477272483 -0.9963138433308905
-0.05146107501368387 0.9996763264969497
0.21496619373290293 -0.9776454037901411
-0.017481773268605828 1.0008473348135494
0.7742985833728904 -0.6343994828077456
0.3224936511463992 0.9476280098067303
0.9852985476002998 0.17660060049937487
0.42843945015927987 -0.904677090208
0.973224193887696 0.23417016981597844
0.14699942615208628 0.9901475489597281
0.7048221887359915 -0.710792995368839
-0.09084032802899174 -0.9968696177552937
-0.02740961928514411 -1.0006246612844616
-0.7721706220255175 0.6369878574044606
-0.9170995808635822 -0.40116001642716315
-0.9486579226591646 0.3194513198845772
0.7023200450376577 0.7132654164743322
-0.20602159451312957 -0.9795693454749733
-0.23453687666745157 -0.9731358864429349
-0.7024588368632406 0.7131287278694802
-0.4379841959255196 -0.9000949083954848
-0.6316792874966347 -0.7765193350765606
-0.08631891557442771 -0.9972712995038284
0.14773074887585952 -0.9900386991610872
-0.4910206876359858 0.8722956404301719
1.0009997532880122 0.0007027925289086454
0.25521373125088126 -0.9679188764462665
-0.8987901510489944 0.4406554939829139
-0.9896131931724521 0.15055473389775212
0.9809473448471119 0.19935723372228378
-0.9009951692947614 -0.4361292295954309
0.7666487287968122 0.6436231246888446
-0.9627125011685954 -0.27420000017087365
0.9835928160630296 0.1858660060075516
0.9737792699412268 0.2318511018579194
0.9689035935103882 -0.2514494511480517
0.3881298703777727 -0.9226896573174175
-0.5869795263737898 0.8108366269588476
-0.9151699784166681 -0.4055427358550947
0.3780173793458446 -0.9268785578016678
-0.10209260097702179 -0.9957801468324956
-0.6656213855145778 0.7476290331077665
-0.9526221062322033 0.3074282399483179
-0.2409513639054948 0.9715675170733539
0.5941691661615504 -0.8055830199196654
0.8632383561990286 -0.5067746445776456
-0.9452513810620368 0.32939463656883095
-0.946447557285967 0.32594174526658315
0.21976037949568833 -0.9765789141712569
0.6064225316465066 -0.7963998449971231
0.009850216076533025 1.0009515339132287
-0.9538724358530469 0.30352656575623643
-0.6307116509586111 0.7773054826418395
-0.7614244765600927 -0.6497951727238275
-0.9720430093652196 0.23902591479629878
0.9609326160990546 -0.28037387060321267
-0.29255755773331954 -0.9572936202718136
0.969711373059004 -0.24831603444002787
-0.02227300675038133 1.0007521737025094
0.8294885003983584 0.5603122591081535
0.9986505426038176 -0.06854264188883256
0.15125481241056712 -0.9895064333912358
-0.18221857907692843 0.9842750578162515
-0.8851481304701606 0.467454582954515
0.9798810565027406 -0.2045338972079512
-0.43574478239367287 0.9011811608198935
0.8980958447725844 -0.4420688335567414
0.8551932583321693 0.5202359953936363
1.0000993672314815 0.042452981793866314
-0.22235757931890487 0.9759908334197801
0.43681194492530795 0.900664379650139
-0.5297550771530615 0.8493294756633339
0.13395020015767664 -0.991997149127818
-0.002478344419996784 1.0009969319677938
-0.09995026202033418 0.9959974624074434
-0.47700481835238195 0.8800382964784039
0.98346286834807 0.18655236953892282
-0.9401788666871104 0.3436054403453772
0.9510851180140619 0.31215076212012977
-0.7500362749750857 0.6629076754884482
-0.9991068333605105 0.06153483186239457
0.9982845592458802 0.07368133258335269
-0.6666769263323922 -0.7466879374249955
-0.257738822679222 0.9672495537780974
-0.5895954181512764 -0.8089364887894609
0.7784500564027506 0.6292984265724446
-0.38635466045393496 0.923434392009267
-0.6085409054348185 -0.7947823390165204
0.19912137018240006 -0.9809952497013854
-0.9438156694480746 -0.3334861048144025
-1.0009994728625535 0.0010272920179377296
-0.564015084492587 -0.8269752018439367
0.26678896372835526 -0.9647925418621095
-0.8933469207482402 0.4515886172055685
0.46512791813243354 0.8863729574923799
-0.25433199972740517 0.9681509355026514
0.47260381928941286 -0.8824095591011353
0.49868935657267127 0.8679342864763063
0.9369529076211992 -0.3523070378238001
-0.9849890767362303 0.17831858767472497
-0.9156637997961328 0.40442651463882495
0.829934767182469 0.5596510361124879
-0.7730503840299848 -0.6359198878405148
-0.996811447041751 0.0914764398439876
0.8944105517521148 0.44947832529998316
0.609377148474023 0.7941413544940651
0.6738547227119465 -0.740216733584702
-0.9873706688126502 -0.16462126948988015
0.8628792465410784 0.5073858550341159
0.4949536022604408 -0.8700700728156401
-0.7947224886660295 -0.6086190647757206
-0.7678688994832356 0.6421669200499234
0.7762765997288561 -0.6319775634572838
-0.6548431044586945 0.7570875170962069
-0.9201974766100026 -0.39400203557923874
-0.6134915190648029 0.7909672281678682
0.9721829976020159 0.23845590614106998
0.8164524691196425 -0.5791427852165985
-0.8146616511319572 -0.5816591735500724
0.741642930103721 0.6722847344891651
-0.8645547157259654 -0.5045256619003589
-1.0002576335908668 0.03854434385483127
0.5624341785721487 -0.8280512029904143
0.06198698839322512 0.9990788824061583
0.6104491250063054 -0.7933176323384197
-0.8552965761642256 -0.5200661177213461
-0.9982354356631536 -0.07434389676626989
0.7403751668908921 0.6736806455964753
-0.3533273651450775 -0.9365686163008224
0.6468545673332057 -0.7639241904274083
0.5362526759708075 -0.8452420171253604
0.35325332279239346 -0.9365965459770462
-0.43341989046474455 -0.9023016117405137
0.9938000402966756 0.11984356430916941
0.9938814968836699 -0.11916614515992274
1.0004220237039647 -0.03401138762332179
0.9229726305518974 0.38745647917167536
-0.999264678384661 -0.058916063453017135
-0.10640558189641457 0.9953285146831098
-0.3052443366655005 0.9533241290000156
0.44019913160906476 0.8990137510242128
0.8557668622977223 -0.5192918999879655
0.576293741690941 0.8184659573176242
-0.8805378616520854 0.47608200364766246
0.053952171457836914 0.999544978075016
-0.6995667574109611 -0.7159660270749678
0.9977582710010943 -0.08049492312504467
-0.9076774469723867 -0.42204579402914333
0.9727528381394012 0.2361205537257186
-0.9992332231537463 -0.059447167685056874
-0.9974594711942903 0.08411660552356356
0.5789696471833676 0.8165752553441519
0.7893496235926494 0.6155714188736695
-0.9892117688792288 -0.15317008947842048
-0.7189515934413887 0.6964981021424884
0.16651235043394216 -0.9870535128112174
0.4892387102039871 0.8732963325457969
-0.869082951306749 -0.49668483341848785
-0.6347949274036813 0.773974418273986
-0.3836833302422155 -0.9245475120805005
-0.1685928919869608 0.9867002770707388
-0.9543739654423141 -0.30194591251731256
-0.9422135340270861 0.33798617767031414
-0.2861123235570758 -0.9592396667719549
-0.5616303922912644 0.828596586074768
-0.22162023538165304 -0.9761585277348043
-0.6901372303984973 -0.7250597238972053
-0.7470224249744107 -0.6663021060940382
0.9691947004500104 -0.25032505391912824
0.7999627735992572 0.6017146839286737
0.4319936661143023 0.9029853113075121
0.8112241960398017 -0.58644377715138
-0.6516037451116534 -0.7598773317822208
0.33190650039778835 0.9443723179941759
0.22794100690072497 -0.9747019530980143
-0.4123871971818778 0.9121062435925297
0.20770888686901404 -0.9792129586130053
-0.21318572869769004 -0.9780351962376583
-0.7334253527920394 0.6812402306689415
-0.9300527356624074 0.3701390399388749
0.6924968896366755 0.7228063764546699
-0.9022062544221949 -0.43361835118162795
-0.25341771963490306 0.968390654320376
-1.0001774438170017 -0.04057192230703731
-0.046469720354294856 -0.9999207794071456
0.8950100974406304 0.4482833093918545
-0.15810600005586628 0.9884348702602183
-0.04521792348102759 0.9999781694597457
-0.4075039714675684 0.9142983721073549
-0.20935054817109622 0.9788632938160781
0.9989753368271275 0.06363392500174059
0.5681169885479447 -0.824162658292169
0.6883325091726893 -0.7267732499315241
-0.8617337447599688 -0.509328924313121
-0.43849714174751897 -0.8998451292746192
0.5625471507846069 0.8279744580264059
0.8655663807111954 -0.5027880672634564
-0.8653549859323387 -0.5031518143881049
0.8698800670445849 0.49528746093406045
0.7171637633593353 0.6983388407673422
0.828376534146321 -0.5619549071551284
0.6807963492870823 -0.7338374007894262
-1.0009276236285727 0.01203711997358103
0.9995798604410729 -0.05330199433984748
-0.7932970949100927 0.6104758137774234
-0.8627090782209964 0.5076751386025111
0.01604100066617168 1.0008714634245637
1.0009343649146878 -0.01146285884196536
0.010000454937388789 1.000950044158571
-0.9940153703936129 -0.11804424349051788
0.6312980120644343 0.7768293377335163
0.1564366268071534 -0.9887004509927158
-0.002081646936370457 -1.0009978355351385
-0.7536411867789238 0.6588064674777072
-0.9285031569779104 0.3740092077503626
-0.9997156966708972 0.050690490526553604
-0.46564674969393127 -0.8861005047394327
-0.9948986833802942 0.11035220798949655
0.5525875676013794 0.8346544076037644
0.9646684431687408 -0.2672373378747774
0.5255318639832401 0.8519490946871774
-0.14132540126640653 -0.990973325048101
-0.06961284872719145 0.9985765124876937
0.21257104075152014 0.9781689795908556
-0.9780502238988958 -0.2131167744015466
0.9908918389892899 -0.14189560748812255
-0.9690296251513107 -0.25096331520584897
-0.8486651750345549 0.5308186325700789
0.8628229041869638 -0.5074816607626066
0.08827029932343791 0.9971004735017182
0.8090936668698426 -0.5893797063278579
-0.08833248921878947 0.997094966063119
-0.97223443255406 0.23824610837595053
0.47896379171986286 0.8789736550212024
0.8427086527675961 0.5402250702722183
-0.36461671508736415 0.9322315437051569
0.9305736165221684 0.36882752640340205
-0.5127846150639843 -0.859681882182986
-0.9883259999574053 -0.15878513094176933
0.3398709038592129 -0.9415353252586551
-0.7891001193430888 -0.6158912255039222
0.9888127282580753 -0.15572536220802824
0.8589074718585292 0.514080688983344
-0.007151389203716227 1.0009744540358945
0.3451716894346454 -0.9396049727480335
-0.9828346251198684 0.18983440063773394
-0.44097322243850223 -0.8986343066521572
-0.6809428548849752 0.733701457257037
0.6356747464019966 -0.7732519749646666
-0.1888566837402828 -0.9830229666730187
0.406660919618157 -0.9146736557129623
-0.5512709972013314 0.8355245583731513
-0.6275672711623355 0.7798463439459468
0.9402670087377863 -0.34336416860134916
0.0075280496138562195 -1.0009716921416965
-0.4111508803731291 0.9126642063587248
0.7508331912345243 0.6620049236528232
-0.9983565406160966 -0.07269950349940653
0.9983917644992897 0.0722141577531367
0.5034015729704198 -0.8652097181209346
0.06523213645647652 -0.9988722482746848
-0.9747091055320517 0.22791042010603135
0.09134074829150395 0.9968238900134507
0.7461889323666706 0.6672353986513966
-0.0805201892748575 -0.9977562323128537
-0.9902723881790295 -0.14615607141067216
0.32655256732498456 0.9462369791830488
0.27396954224767606 -0.9627781104286692
1.0007593570936826 0.02194787437176935
0.2714918237706355 -0.9634797297430259
0.3132284165927853 0.9507307500227267
0.7234210021324949 -0.6918547923326228
-0.3426447212376203 -0.9405294227231775
0.5210621340622458 -0.8546901499645928
-0.15596042864961243 0.9887756796642144
-0.08072238886912551 0.9977398939279023
0.6338426793774637 0.7747544500030946
0.28748326201465757 -0.9588296898101413
0.8779027539265082 0.4809238553536856
0.830709609112788 0.5585002643935624
-0.8759056844699327 0.48455157817641953
0.8677988958188777 -0.49892492061986293
0.24851075665399844 0.9696614892978154
-0.16202292841293237 0.9878003698463055
0.5449997240118752 0.8396286684165685
-0.9810613165517708 0.19879560650503883
0.32689794467113054 -0.9461177166556974
0.8890149960294831 0.4600579711674367
0.04054097706627588 -1.0001786986226568
0.6598185285992937 -0.7527552785049489
-0.5181245039856089 0.8564741667847704
-0.9579419120871541 -0.29042777599053304
0.42777338507378104 -0.9049922270508839
-0.1329410156930682 0.9921328975225523
-0.9475474315520988 -0.32273032853920125
-0.9889938586199128 0.15457084981359126
0.5064702081425116 -0.8634170071663407
-0.7297736268237746 -0.6851506794804149
-0.18022167785367568 0.984642649305628
0.6111391407478464 0.7927861947877145
-0.9689350925914396 -0.2513280452810996
-0.9637725165677682 -0.27045061713486807
-0.6389963146989481 0.770509383331029
0.8209270623847228 -0.5727824702663215
-0.8915254826254324 0.45517393799457556
-0.4849325566070423 0.8756948187254266
-0.34580269511822964 -0.9393729270364186
0.9978202668418505 -0.07972273878673639
-0.6468246503972883 0.7639495216559965
-0.8032647325869258 -0.5972995641904109
-0.9864348606299738 -0.17013896007065615
0.546760237076351 0.8384832992685141
0.309691000695593 0.9518889032277675
0.7200675166616253 -0.6953443545817857
-0.9994875622267054 0.055005572027910156
-0.8226505661051615 -0.5703043451411336
0.9394614221969628 -0.3455622030889084
0.7906840520531162 0.6138564407325747
-0.8654072165276169 0.5030619738977717
0.963900366408913 -0.269994599273325
-0.045642048970016176 -0.9999589008383388
-0.4219878461301686 -0.90770438894963
-0.6294787222956384 0.7783042709487406
1.0000357182527966 0.043926782475081326
0.4147663887777362 0.9110268068176017
-0.6965451880334108 -0.7189059750951443
-0.06484520564399311 -0.9988974418352408
0.9346964345351335 0.35825071565498484
0.6193327054952886 0.786401932795111
0.3761727086315348 -0.9276287475498021
-0.10578909635516516 0.9953942269735934
0.9640695455610582 -0.2693898871926984
-0.2237380778198886 -0.9756752905211147
-1.0000284788853084 -0.04409128506106745
-0.9390702664571053 -0.34662376527898536
0.9301972370211723 -0.36977574317169193
0.16026289760720733 -0.9880874473701919
-0.4354956612693694 0.9013015749545513
0.9584982487802864 0.2885863944906692
0.5213953552313039 -0.854486912447009
0.9637868027678294 0.2703997019424488
-0.9377667028458939 0.35013513253248524
-0.3588219717513755 0.9344772830777938
0.6798255989500418 0.7347367930165312
0.9716009200333463 -0.24081663603321757
0.31226919432141603 0.9510462398211003
0.8930186575730162 0.45223741245775756
0.042122769953707846 -1.0001133297039027
0.8393830911402691 -0.5453778747875703
-0.27452049798371264 -0.9626211592245282
-0.7764062453417767 -0.6318182825736248
-1.0007026903466616 -0.02439519487426625
0.672496494190832 0.7414509190101799
0.9799423585866187 -0.20423999081398053
0.9688796660993004 0.2515416319802907
0.8378291808615465 0.5477620502525434
0.2910576806805662 -0.957750712094149
-0.5241169730243146 0.8528202615955076
-0.005206009147992748 1.0009864621805586
0.9007337504005104 -0.43666888014768246
-0.7497379065467304 -0.6632451066437852
-0.4227238379295627 -0.9073618665373263
-0.34323555587105203 0.940313965219006
-0.7025719533267349 0.7130172861850238
0.6015505122823288 -0.8000862335853979
0.25136082039743207 -0.968926590598653
-0.31422460904793076 -0.9504019649962193
-0.8008678180714363 0.6005095652672795
-0.965964410024302 -0.26251430164164813
-0.30992379235826495 -0.951813134459843
0.992586957888587 0.12950726245844452
0.6194574847352324 -0.7863036465675962
-0.9079445641930237 0.4214708392668943
0.5964459212773948 0.8038987890223246
0.07244147734124458 -0.9983752963493328
0.1280003921678571 -0.9927824029488409
0.630619552143666 -0.7773802032815873
0.19565013485996427 -0.981693447431161
-0.9997898720387697 -0.04920581031443961
-0.31107104558501913 -0.9514388075954453
0.4687072041706843 -0.8844854757193588
0.7865612432447032 -0.6191303664216018
0.09145778236745238 -0.9968131590445762
1.0003412259335323 -0.03631021478589055
0.9583676084353322 -0.2890199423948837
-0.19170695898763485 0.9824710895877361
-0.10088705363180489 0.9959030085352154
-0.20540298873984703 0.9796992457977797
0.6263649735231299 0.7808123461776003
0.04023103354532244 1.0001912136886002
-0.7234356122697579 0.6918395152778428
-0.4162935032726764 0.9103300056204684
-0.9104428238165856 0.4160467095902594
-0.8887336997705046 -0.46060114078476877
-0.33402030524170806 -0.9436267459574449
-0.6783870193964584 0.7360652497668866
-0.714028860031381 0.7015438596711446
0.9625996528846864 -0.2745958999444114
0.9882139367259816 0.159481081199425
0.5466635200447639 -0.8385463587973344
0.9271994784896149 0.3772295416435281
0.26318311768826014 0.96578240124983
0.8837479256691979 0.47009637722002273
0.5725808199306017 0.8210677223272145
-0.950242842425644 -0.3147054820285669
-0.9775447527468616 0.21542343506934677
-1.0009829476056848 0.005842824884845467
0.5306122616869781 0.8487942199069395
-0.3037578249879221 -0.9537988172348542
0.9999093607095283 0.04671477673565887
-0.7219519673843742 -0.6933875949206415
-0.8075084948834914 -0.5915496857331581
-0.05784756229485277 -0.9993271033733364
0.3397450643205154 -0.9415807407067377
-0.6086557656198602 -0.7946943808645571
0.6056858139196243 0.7969602843407708
0.9494203952055311 0.3171780464782725
0.4162578711975109 0.9103462993092883
-0.9734508183978473 -0.23322629388763425
0.46933760302206157 -0.8841511264424797
0.5603822132436735 -0.8294412426930085
0.6139671368038232 0.7905980994948796
0.7627925504905996 -0.6481886491724813
0.9742405026448014 0.22990529138409255
-0.5528350983439948 -0.8344904757029799
-0.04412128342344146 1.0000271558058151
0.8983740574869226 0.44150317420657753
0.8124509672591594 0.5847430425406156
-0.7781090005328615 -0.6297200832828435
-0.8197926330181737 -0.5744049432666207
0.9309498598758389 0.36787682503408115
0.007743562567875237 1.0009700481226986
0.15594773716912766 0.9887776814187448
0.7330423141684664 -0.6816523788842369
0.020083809837145722 -1.000798501488899
-0.08125312717606431 0.9976968123253227
0.8565445582235196 -0.5180081271347734
0.4028455880936038 -0.9163604269901219
0.672574261842625 -0.7413803762623126
-0.9179542002093317 -0.3992005590151973
0.836742851267795 0.5494200586547971
0.3597760968193468 0.9341103575902774
-0.82679300046638 -0.5642821407592132
-0.07808237469007498 0.9979499700700224
0.4451777483518616 -0.8965588504790786
-0.9887764127902015 0.15595578062303786
-0.7552751156370885 -0.6569326447204329
0.0022087412149942955 1.0009975631649886
0.8727232050212422 -0.49026034656848483
-0.7185230023427571 -0.6969402378284312
0.8322378768029931 0.556220384752704
-0.7201210269373562 0.6952889374660634
0.6195123227790232 -0.7862604415363521
-0.9666491980266044 0.25998139924718155
1.0003024576536146 0.03736299254795386
0.28144277908926635 -0.9606200924915689
-0.8707131136563294 -0.4938214998427063
0.5041792546654037 0.8647567745701898
0.9940235488672449 -0.11797535461853005
0.7880395865994224 -0.6172476083001144
-0.7384908891014139 0.6757456671812282
0.7711368901006751 0.6382389025481441
-0.878456516961443 -0.4799116041605683
-1.0006314741150297 -0.02715976823138471
-0.7095292961190574 0.706094312361171
0.9936254561014389 -0.12128253372686161
0.32757249979525654 -0.9458843784405611
-0.998188599706994 0.07497012348256052
0.9598520137938349 0.2840512482210208
0.5741951263841958 -0.8199396056031427
0.253656312738633 -0.9683281855899066
0.4548523723953059 0.8916895868666191
0.8036482253379061 0.5967834866274652
-0.9698252222583826 -0.24787101135767908
0.0770609673885089 0.9980293619454025
-0.5758335324841238 0.8187898038366473
-0.9936426817511275 -0.12114132656706264
0.1467996783131409 -0.9901771833602097
0.995513770563799 0.10465817033489454
0.9972545796798289 -0.08651186801594253
-0.0014653974426375542 -1.000998927377215
0.15423543507526138 -0.9890462226646158
0.9766097473708963 0.21962331693186396
-0.4451745237554358 0.8965604516144581
-0.7055663994413292 0.7100542627006746
0.9563824417183637 0.29552263055952355
-0.5190377410314287 0.8559210380549082
-0.7676753703745842 -0.6423982609878742
0.4670181249080105 0.8853784902556681
0.5140167234571343 0.8589457538205727
1.0008714709522417 0.016040530973015457
1.0009805017141755 -0.0062478146609370915
0.17264680731266083 0.9859990263305258
-0.4541646036443196 -0.8920400847476521
0.9241640339950585 -0.3846060819461651
0.9925583459651361 -0.12972636530387008
-0.38677318950112066 -0.9232591726504157
-1.0009728580552724 0.0073713931288054675
-0.8751126295651809 0.48598239224843776
-0.9989863291722406 -0.06346112295706528
0.6265350545584845 -0.7806758773072195
0.6078928199029185 0.7952781397162113
0.9954257313266922 0.10549224337703611
0.36738904904863084 -0.9311424631274974
0.9078553144955607 0.42166305024529555
0.19126709995378238 -0.9825568159018947
1.0006519686404858 -0.026393894292434814
0.9887257966129533 -0.15627635493599373
-0.06637774573084734 -0.9987967735589112
-0.27292401550271134 0.9630750135694912
0.8369449072121484 -0.5491122128414633
-0.9816568188331916 0.1958338327212604
-0.32551314625059846 0.946595051549519
-0.7633396639794197 0.6475442513031728
-0.9063036039127286 0.4249879734001893
-0.40473770629071737 0.9155262907784402
0.8779183570836967 -0.4808953714639629
-0.8838278428366385 -0.4699461077897489
-0.9934792667642051 -0.12247426876555506
0.6483567406170477 -0.7626496816339979
0.9529405194077553 -0.30643982520370555
-0.5871906881781408 -0.8106837211372148
0.9086327313828747 -0.4199851895718427
0.5480140285462014 0.8376643865633558
-0.7817025495523854 0.6252536477488959
-0.9588599460283693 0.2873823305328159
-0.17756880801368127 -0.985124519246476
0.4981411883411894 -0.8682490175508566
0.9982694592869075 -0.0738856322638258
-0.6921662969546836 0.723122961438814
-1.0007306994859275 -0.02321781872627287
0.4299104413492945 0.9039789889255473
-0.4708648741878092 0.8833387064179281
-0.48253248907106605 0.8770196103798829
-0.9269389367438989 0.3778692995575193
-0.7332168159799729 -0.6814646731593578
-0.10571839966042731 0.9954017379798159
0.9640956151142874 0.2692965742771413
-0.997158761164581 0.08760938895300095
-0.9402913396709748 0.3432975335474513
-0.7435766182995973 0.6701453668556807
-0.9082728923448357 0.4207628227773298
0.6813419127565923 -0.7333308925179604
0.9960492269087482 0.09943308088601698
-0.44348459245563354 0.8973975798131286
0.9604776238415572 -0.2819285975201453
-0.9719135248474797 -0.23955187375294626
0.41686248486073496 -0.9100695955341731
-0.3287163543630853 -0.9454874712941692
-0.7302511483778955 -0.6846417021280291
-0.886897802160329 0.46412637128607326
-1.0000295488161381 0.04406701140979583
-0.37363888169172055 0.9286522417396947
0.844452606183832 -0.537494926403342
-0.9827312395620936 0.19036888083074638
0.9998729788307882 -0.04748711619003927
0.9474208543581658 0.3231017250452915
-0.0029653937003789655 1.0009956076028514
-0.18286613450573327 0.9841549557112086
-0.5632271187705717 -0.8275120619552324
-0.844879232189144 -0.5368240708234706
0.9998811935445447 -0.04731383302942958
-0.9639780253229648 0.2697171976245445
0.7014976606793538 0.7140742482833239
0.7017843112328788 0.7137925332387514
-0.9950779678359741 0.10872367694034282
0.9998883654481806 -0.04716202541627738
0.05834947006725757 -0.9992979232155295
0.6408328951889849 0.7689825748635033
-0.2004453680109776 -0.9807255755015997
-0.24653695250861754 0.9701652081206394
0.9262669220019797 -0.37951362189647214
0.768561203818822 -0.6413381915842555
-0.3835321375079121 0.9246102419390626
0.8521341081302558 0.5252318171636725
-0.10587491334980219 -0.995385102723148
-0.8035439501285695 0.5969238814218903
0.6132921080766894 0.7911218554501261
-0.30668264080003493 0.9528624023603391
0.9993050479781814 0.058227322498328855
-0.3480722340417155 -0.9385343466752878
0.5196696174423143 0.8555375437158551
-0.7421575931529355 -0.6717165376298561
0.9813306011046204 0.1974620250469551
-0.6430783650665268 -0.7671057400276462
-0.766193178828263 0.6441653613141903
0.45709204112738244 -0.8905435789100965
0.9868366161334428 -0.1677930065833977
-0.45146473120701863 0.8934095345787253
0.9330855958686454 0.3624255382591782
0.8954245637182517 -0.4474548588293333
-0.9591389279118676 -0.2864498506965454
0.6137529416554955 -0.7907643938678738
0.978379091793314 0.21160187319986115
0.9868545722839533 -0.16768736733056397
0.44216915346010366 0.8980464574443658
-0.3396910777901489 0.9416002186011678
-0.6097517311129877 -0.7938537815018044
-0.18979027308702223 -0.9828431473239021
0.6032905761486289 0.7987749875467155
-0.8958859051017313 0.4465304525338129
0.7534579243547417 -0.6590160515700998
-0.6861109809499099 0.7288708540063544
-0.9915209214699099 -0.13743093642794163
-0.7646702675098752 -0.6459724312897384
-0.9839295293698697 -0.1840752053753758
0.8937298425836191 -0.4508303100673906
0.9512158196976276 -0.31175224835912635
0.8387195480633661 0.5463977669211166
0.8754528862896369 0.48536918308349997
0.7769468283777488 0.6311534091437334
0.9882029363179228 0.1595492295582636
0.7556662770246921 0.6564826561057355
-0.4009646501589598 -0.9171850136820285
-1.0006184415929515 0.027635743957652736
0.9983483205199385 0.07281229920156453
0.6697376860894639 -0.7439438364766057
0.08671844418143698 0.9972366376335915
-0.9999729679024119 0.045332807815553496
-0.9765789611143848 -0.2197601708880588
0.488039445972026 -0.8739671041723012
0.8798043638419301 0.4774361542287059
0.9418191103201043 -0.3390837115460532
-0.4738565050043236 0.8817374964608726
-0.46412528133349773 0.8868983725473295
0.08003720914343397 -0.9977950917661051
0.1000783229259044 0.9959846029333678
-0.7496496975136129 0.6633448055255643
-0.8881968895579573 0.4616354464071946
-0.9382180961767476 0.3489237796517733
0.9964416680065736 -0.09542013550754033
0.364003936581256 0.9324709830087737
-0.6182041352652837 -0.7872894303500478
-0.24686911542217183 0.9700807388308843
0.9961381552343109 -0.09853819404872352
0.6570436272565886 0.7551785695327332
-0.785494546312914 -0.6204831324965001
-0.7183605251825343 0.697107707502559
0.9976103500883867 -0.0823078938895078
0.24439795073061288 -0.9707062592147415
0.8009318371669373 -0.6004241769052897
-0.7501843064751266 -0.6627401499218478
0.28942934264350173 0.9582440480467127
-0.6333853339336769 -0.7751283885639363
0.5769380139984273 0.8180119363453999
0.6018957506081044 -0.7998265470712427
