1000
-0.5113194303106878 -0.86055414715563
-0.021417493800743724 1.000770848376038
0.17776420030774095 -0.9850892797553679
-0.2374823458629291 0.9724212746559179
-0.4234984284761174 -0.9070005959635632
-0.6144460878704424 -0.7902259202916015
0.32496948173805384 0.9467818312256001
-0.35483292626924523 0.9359992491638037
0.5968908704068467 -0.8035684717713587
-0.8558115407306381 -0.5192182650410627
-0.3895056630033135 -0.9221097215019204
-0.7949452192269568 0.6083281174072143
0.8903849768529571 -0.4574009105746937
-0.7321216482788201 -0.6826411151707049
-0.009011602901814244 -1.0009594352485718
0.4880171205934782 -0.8739795707038297
-0.7522346978030531 -0.6604119619004106
-0.586524322135614 0.8111659630084084
0.6486128449037907 -0.7624318837940942
-0.13429942588597024 -0.9919499302921991
-0.023115764272784292 1.0007330620310717
0.9959045136369636 0.10087219496730941
0.452876776966618 0.8926945865660485
-0.9800969725980152 0.2034967427361074
0.7431028944495933 -0.67067062576248
-0.24755231531787847 0.9699066198252064
-0.7491447154049717 -0.6639150513287102
0.22825777591189828 0.9746278201117355
0.751408770392635 -0.6613515402394012
0.7408142142380564 -0.6731978163830087
-1.0009964226320323 0.0026761685062812735
-1.0009861700300016 -0.005261882616425679
0.9970699324544967 0.08861461389175791
-0.6444511000606127 0.7659528573160792
-0.17724969175209052 -0.9851819866267292
0.603000198360122 -0.7989942182379379
-0.9997979368400953 -0.04904167095734716
0.7531025470806905 -0.6594221361014327
0.300834428009086 -0.9547249064125467
0.9829442349258136 -0.1892660324149763
-1.0009276503726998 -0.012034895902591014
-0.6684606364258309 -0.7450915229347151
-0.7399189900038041 0.6741816433512191
-0.7625896757337806 -0.6484273177961023
0.788842899493926 -0.6162206422362169
-0.823635140950444 -0.5688814943303591
0.7393261105374422 0.6748317584980554
0.22057489465451247 -0.9763952661950747
-0.2665659981292273 -0.9648541696242852
0.09092155943445655 0.9968622121587349
-0.015368413737073443 -1.0008820169526507
0.7566720578223853 -0.6553231240470891
0.7230656651324275 0.6922261508398828
-0.9919098714806542 -0.1345949733802569
0.8986503712996731 0.44094048369701744
-0.9276378607411603 0.3761502350385595
0.2765726456042683 -0.9620335605910305
-0.7571333875964193 0.6547900681796955
0.3189624498249317 0.9488224046689022
0.901287824989148 -0.4355241170432827
0.7077582643947302 -0.7078695071699015
-0.7788604144495596 0.6287904697142446
-0.6427244207022308 0.7674023188868937
0.8482055283396898 0.5315528023573837
-0.5370768706416917 -0.8447185537335661
-0.6336674992172382 -0.7748977354695079
-0.1819938025010342 0.9843166440994557
-0.9574694068180902 0.2919817374552979
-0.6416709850082449 0.7682833767553147
0.15177859916584321 -0.9894262260700666
0.5144886279247003 0.8586631771167081
-0.8187744422939836 0.57585537476538
-0.8711192440970665 -0.4931047176450004
-0.03396384867931668 -1.0004236387565462
0.7224885800791844 0.6928284431626376
1.0003689551703232 -0.03553805750791496
-1.000999999660792 2.605944229691634E-05
-0.571330116925374 0.8219384998246757
-0.992170204575678 0.13266229740305757
0.6195367006959356 -0.786241233013631
0.8530861637577646 0.5236840623935967
0.33457622908560347 0.9434297784842589
0.21903419216402967 0.9767420450984236
0.9243245336139219 0.3842201928053832
0.4796484991832563 -0.8786002032957025
-0.38976901394103236 0.9219984358833996
-0.6103571305243403 -0.7933884125811855
-1.0006180691153308 -0.027649227112294093
0.7218778266019755 0.6934647817015713
-0.982804127105259 0.18999223074870691
-0.43703666376072425 -0.9005553589474083
0.23067657988289034 -0.974058168434274
-0.337032435522716 0.9425551110707672
-0.6427779762630007 -0.7673574611817111
-0.9840115287934719 0.18363635588176536
0.8780660818391363 0.4806255880866802
0.4919176199629886 -0.8717901439967928
0.9265408510375831 0.37884436297581536
-0.9946893538069036 -0.1122233907133651
-0.628864586504699 -0.7788005725731548
0.6915243451897202 0.7237368858984105
-0.3050419347643365 -0.953388912267827
-0.820530465953221 0.5733504638897488
-0.2936286616912395 0.956965625836901
0.6780496853507691 -0.7363760073466021
0.8827774317750351 0.471916312441807
0.8155394896781502 -0.5804277222665217
-0.9754989878211202 0.22450551164719765
-0.32504154366528154 0.9467570939220318
0.7256956113778514 0.6894685486858166
0.8315265473383456 0.5572832323617589
-0.36817670331073943 -0.9308313032656539
-0.7318526652425119 -0.6829294812624739
0.4094438142395188 0.9134313126781862
0.5370617385646582 -0.8447281746040597
0.9937135967351254 0.12055823349626706
0.9081633623260487 -0.42099917734913206
-0.028714317889539327 1.0005880710602832
0.20304507571632316 0.9801906433073887
-0.1226359201392303 0.993459325333254
0.20040422133197086 0.9807339843567808
-0.9939811486875878 -0.11833205843601058
0.9858386036598126 0.17356050107691806
-0.5770037601354319 0.8179655621048926
0.9701018344585242 0.24678620459864883
0.860244928254448 -0.5118394898916061
-0.9980118332845456 -0.07728764858643548
1.0008332706538132 0.01826921871320446
0.34469839569355604 0.9397787058697854
-0.012094582849085482 1.0009269309323765
-0.11784566866758385 0.9940389320224283
0.32379062257170216 0.9471856379478257
-0.9998969910794616 0.04697879553840335
0.5176926870225832 -0.8567352460377347
-0.6373530852689555 0.7718691888514165
-0.4340372514443321 -0.9020048028467751
-0.7636288982336629 0.6472031410480346
0.9773938791373965 -0.21610692960835967
0.16343044357387668 -0.9875684736327126
0.9451820421642333 -0.32959354843541694
0.9987715909679705 0.06675559209016894
-0.7094831560420457 0.7061406738693207
-0.23660904983728445 0.9726341334412943
0.8903707130898979 -0.4574286756116047
0.9722639065289296 -0.2381257988146286
0.6127643711170535 0.7915306851218858
0.9238042082810152 -0.38546956398954096
-0.6676116284752299 0.7458523402957529
-0.07528850286560107 0.9981646363883346
-0.1805242902497025 -0.9845872133182724
-0.8949836485685203 -0.4483361114108245
0.7004497630296613 0.7151021811403538
0.34199536615380993 0.9407657357330366
-0.13490387457615377 -0.9918679068426105
0.6638436416540532 0.749207994775473
0.8021204978032647 0.5988352920493606
0.5330081426264014 -0.8472917560639627
0.9759206316362892 -0.22266549069540711
0.9906940203906006 0.14327022706168951
0.7278723506110105 -0.68717016903821
-1.000573321789986 -0.02922375270483371
-0.7267348506950991 -0.688373050594786
0.7856752976490542 -0.6202542435679663
0.8636240903510071 -0.5061170127207695
-0.7798128020831663 0.6276089496710517
0.6235937612007719 0.7830273437061279
-0.06993475442507575 0.9985540196321401
0.43585291150940203 0.9011288695457367
-0.7850899515211726 -0.6209949822828545
0.8685986885323913 -0.49753122342201794
1.000590794080053 0.02861927326556556
0.6077718363287749 0.7953706022764162
-0.20528921692940544 0.9797230922115246
0.03963729715862663 1.000214919241839
0.36868922531122567 0.9306284194776174
-0.43872740748422673 0.8997328836505696
0.9524138663387204 0.3080727628430173
-0.22971975370725678 0.9742842679406649
0.46398736625442494 0.8869705316166271
-0.9572948515287045 0.29255352883982727
0.8594434066666836 -0.5131842074120807
-0.8056176676342475 0.594122187429114
0.07049152261313502 0.9985148698140063
0.04400064940309979 1.000032470898873
0.5277195677408013 0.8505957076211129
0.17378907102641142 -0.9857983357623287
0.7879980662612714 0.6173006136142235
-0.7326568030332804 -0.6820667188545801
0.003188971812721732 1.000994920296191
0.20638524234192768 0.9794927931044024
0.5084022063032773 0.8622808107721984
0.039699294391196065 1.0002124604427007
0.23525210466712562 -0.9729632301632409
-0.6591660231746909 -0.75332672453064
0.18434524740913705 -0.9838789710923108
-0.970751007106743 -0.2442201510957773
-0.3390982815092422 0.9418138645600195
0.48474101102144446 0.8758008633438927
0.714691257460569 0.7008690366319735
-0.986346858638899 0.17064839422970185
-0.45767365615059025 -0.8902448115354289
0.13874184699343017 -0.9913383377499588
-0.1332479510397219 -0.9920917213361453
0.7417598023600306 -0.6721557822430813
0.742670272953638 0.6711496596668799
0.6760048657779766 0.7382536294827814
0.36164654520927236 -0.9333877952588612
-0.39860878346855544 0.9182113252088097
-0.7550917328871828 -0.6571434203622764
-0.5887060933357912 -0.8095839275018438
-0.2921889713329104 0.9574061860210721
-0.22929058483028025 0.9743853589356667
0.7830994368666375 0.6235032253157599
-0.48182071206458355 -0.8774108509846329
0.9460952865960083 -0.32696285520042956
-0.6878454492735816 0.7272342386835378
1.0004311815265476 0.03374093996016953
0.9831483829454385 -0.18820270219040297
0.7528150187223561 -0.6597503676285892
0.9408021664684374 -0.34189513533873905
0.9494857005629863 0.3169824986121713
0.803971418393489 -0.5963480178606797
0.7829736387189731 -0.6236611909291543
-0.9987185070042336 0.06754512393381795
-0.1368213544404649 0.9916052223385458
-1.000849543062522 0.017354888404746027
1.0002130781827159 -0.03968372754992127
0.44713641874691545 0.8955836214615489
0.28217098511081634 -0.960406442690589
-0.8028711278046791 -0.5978285307156582
0.6186983977483743 0.7869010691463029
-0.5884024510831356 0.8098046403666492
0.9866574862644042 0.1688431366636115
0.22327369735074037 -0.975781664139745
-0.47274857059667474 0.8823320174394675
0.9681908867964361 -0.25417987080870663
0.9962121340902259 0.09778744240135265
-0.9347845771221779 0.3580206619379824
0.5908035285831852 0.8080545715566848
-0.7642807705665805 0.6464332167688739
-0.5248500527265647 -0.8523692991614154
-0.41772613362271216 -0.9096735003772617
0.36632893279678574 -0.9315600426145209
0.4981494348124117 0.8682442862444156
-0.8194111077901907 -0.5749490729012897
0.6732841817874478 0.7407357224778667
0.6807776896602716 -0.7338547112752107
0.7541760359016615 -0.658194125521989
1.0000221954792634 -0.04423356812234294
-0.17526410196325706 0.9855371604171063
-0.3281834835050733 -0.9456725655079962
-0.720821899817337 -0.6945623001169333
0.5416163743929632 0.8418151239966062
-0.9664187946634861 0.26083656438692526
0.7400797284099637 -0.6740051895917674
0.15972955509022327 0.9881738051733002
0.17666160359747904 -0.9852876117227737
0.39095959374163514 0.9214942192229832
0.25397403290151005 0.9682449021873251
-0.1421831680281154 -0.9908506177671227
-0.5809910841314254 -0.8151382460416091
0.33409675705035763 0.9435996804410408
0.01955315175127605 -1.000809009879803
0.8600010920192334 -0.5122490817226772
0.3373185178634023 -0.9424527667243794
0.9079870180942314 0.4213793717926232
0.5620587211256868 0.8283060992209084
0.44399158955398144 0.8971468488521425
-0.6556979921856538 0.7563472370834061
-0.9800470457244944 0.20373705643964413
0.9297645205022151 -0.37086242249018164
0.9989905605233348 -0.06339447913874972
-0.9997635206282647 0.049738343568894484
-1.0007782754319101 -0.021067591782920746
0.6409960675486838 -0.7688465655689197
-0.9119962433344758 0.4126304062279021
-0.989665035146977 0.15021357531039817
0.11250298958426208 0.9946577689510113
-0.9282515437881188 0.3746332492651635
-0.8568199491476828 -0.51755248501245
-0.5988901195540329 -0.8020795625750329
0.21330537193605145 -0.9780091095195499
-0.14498062884422055 0.9904451611573123
-0.6562552186317262 0.7558638025587846
0.4681952344597804 0.8847565893674663
-1.000983106059096 0.005815615555117276
0.026954946121319313 -1.0006370125473056
-1.0001830410306933 -0.0404337041908628
-0.4389115734537018 -0.8996430573779779
-0.019289229648727813 1.0008141314048071
-0.4750250951011843 0.8811084831189124
-0.7887894730376028 0.6162890289669781
-0.9438151967049146 0.33348744274539527
0.9996330876694409 0.052294263896337935
0.8499507974446753 0.5287576400612674
-0.3596140514888669 -0.9341727538157825
-0.727206991667237 -0.6878742554204853
0.8517200620076079 -0.525902972014569
1.0009980977358324 -0.0019514941057725687
0.884209204349556 -0.4692281779087069
0.03879943187700895 -1.0002477713476903
-0.19657115345572834 0.9815094404177092
0.823017160043653 -0.5697751787097085
0.9425241662494638 0.3371189642184984
0.16776172009957868 -0.9868419353013078
-0.5293001054672265 0.8496130874417971
0.8737857467592673 0.48836407398614967
0.9713568230098476 -0.24179934324190325
0.21376098481298023 0.9779096284277934
-0.5999849544065283 0.8012609153614045
-0.8208331167685196 -0.5729170920962978
-0.35644360364503264 -0.9353870628892313
0.06381180551597336 0.9989639900801188
0.3690253992179943 -0.9304951664205461
0.7648347729426316 -0.6457776475674837
0.1641804670526212 -0.9874440613211379
-0.12865164650985322 -0.9926982189216942
-0.062046259951966796 -0.9990752031884151
0.9766095571385593 -0.21962416284559177
-0.9118761435252702 -0.41289574818527824
-0.49686828091935137 0.8689780845431307
0.22900094146813968 -0.9744534718531745
0.9405225392786203 -0.3426636150934268
-0.4039187283165212 0.9158879084883501
0.224635402384553 0.9754690851049714
-0.14671551900041577 -0.9901896568256198
0.8859725532358667 0.4658901532686857
0.36363535151734605 -0.9326147817437038
-0.02019261541957353 -1.0007963120847905
-0.6508013134885202 -0.7605646917663327
0.41643259936416865 -0.9102663841902555
-0.3509325170452833 0.937468595996827
0.8555875949908477 -0.5195872085586568
0.9955378748679476 0.1044286344994056
0.9026662195931417 0.4326600235813635
-0.7223267951010087 -0.6929971147696831
0.32182239781102384 -0.9478561833248561
-0.8886626621905926 0.4607381825161972
-0.2525092559988037 -0.9686279345728837
-0.763875470903544 -0.6469120998651122
-0.5728726949343588 0.8208641028810099
-0.9387357764572135 -0.3475286204030863
0.977226908065297 -0.2168607160209975
-0.9297993215719371 0.37077516314387277
-0.9815415653248603 -0.19641068081859253
0.9524933640515683 0.30782688550178094
0.8010738136376091 0.600234741667039
0.11747550606313131 -0.9940827457889062
-0.5422934159149382 0.8413791363323123
0.9599137031033907 -0.2838427074883825
-0.7620330863215745 -0.6490813318461838
0.7106203869686435 -0.7049962167448386
0.5733599864827378 0.8205238119034174
-0.33041480944798207 -0.9448952607021869
0.09175437075869228 0.996785902512007
0.39180011896740946 0.9211371595897778
0.9675842060703821 0.2564796369366354
0.993186499406537 -0.12482618874494561
-0.03662560683437475 1.0003297281016963
-0.9681455794361226 -0.254352387482985
0.9990141614182731 -0.06302146686442925
-0.9525233186298359 0.3077341831295383
-0.961087382662065 0.2798428896502132
0.3324912799472078 0.9441665895164197
-0.9086773351863159 0.41988867634016475
-0.9721611399593199 0.23854500194511655
-0.873036127410753 0.4897028897562639
-0.04068765002253811 -1.0001727426478104
0.09007748792081795 0.9969388377277087
-0.7004618259528376 -0.7150903651866782
0.48122403674290565 -0.8777382448434513
0.5936987122802633 0.8059297978340032
-0.054911491016460305 0.9994927354184968
0.4810641678462022 -0.877825874769274
-0.7918102843850846 -0.6124030319503745
-0.9434932664673915 -0.33439715329334335
0.82611936765804 0.5652678925786252
0.8574064687622618 0.5165802428709685
-0.9509504529639996 -0.3125607717029826
-0.8643425639748168 0.5048890294920655
0.5475428764152588 -0.8379724330113161
0.0712458498949456 0.9984613306847425
-0.11933333891435277 0.9938614361285742
-0.716904173553229 -0.6986053291680229
-0.06591752587374056 -0.9988272522226678
0.993173648980349 -0.1249283913730522
-0.6812715003067497 -0.7333963068285729
0.25616717341808826 0.9676669774581476
-0.9990937258866204 0.061747282482636355
-0.41267559343925136 -0.9119757971457146
-0.6115429177682459 -0.7924747691425265
-0.37437657399696755 0.9283550941543289
-0.24429953368887697 0.9707310326961827
-0.917671349934335 -0.3998503388890591
0.9017478333349488 -0.43457087462889815
1.0009857808850138 0.005335397456530732
-0.48976860414184864 0.8729992636863706
-0.5472089871129501 0.8381905060443118
0.8271397851960808 -0.5637736919596208
0.9522763692437559 0.3084975147062452
0.9589382039370671 0.2871210912314733
-0.4621978443519224 -0.8879043600954081
-0.41422221279338955 0.911274359580334
0.9704266770172437 -0.24550573218006588
-0.9134489039563465 -0.4094045674646894
0.10355655607469381 -0.9956289668817139
-0.28609875846260163 0.9592437127269366
0.8207077561675754 -0.5730966576122946
0.49034003097977513 0.8726784367788363
0.8758347146299729 -0.48467984551560833
-0.3080298623325444 0.9524277420945874
-0.3023030340628412 0.9542609054113035
0.9673583839468116 0.2573300546143276
-0.6134051445468958 0.7910342145845538
-0.1239613692315224 -0.9932948096805128
-0.6606600590545887 0.7520168125580621
0.07874460961096938 0.9978979338876376
0.9861021765317822 -0.17205666926708124
-0.8905428179602697 0.45709352366816797
0.02108793774216858 1.0007778469179773
0.7449591024439061 -0.6686082079110082
-0.7454166347257313 0.6680980771370066
0.08889990256900135 0.997044536278707
0.016054104994753474 1.000871253315239
0.49870130977963156 0.8679274184078297
0.7292531295080477 -0.685704654426903
-0.6472627785014072 -0.7635783493307273
-0.6850921297844169 -0.7298285920046237
0.9020548682568453 -0.4339331914639919
0.41746399525746075 -0.9097938297568735
0.6911024019771361 0.7241398138353068
-0.1730547629336692 -0.9859275069831309
-0.58880278762348 -0.8095136053747454
0.9552600969373594 0.2991306523899328
-0.9189342621319575 -0.39693931762927553
0.9939234154299753 -0.11881601011653513
0.05074895979465784 0.9997127302779335
0.9973495104291804 0.0854105031402702
0.9998068371817084 0.048859884616205274
0.8050272983866348 -0.5949218846641263
-0.8990589146018727 0.44010688255797886
-0.5815460475109973 0.8147424099826504
-0.09795161314894774 0.9961960055538864
0.7191807199134364 -0.696261511290687
-1.0009517534707086 -0.009827879929748611
0.9995376718658174 -0.05408736008589559
0.5739734545230192 0.8200947954370347
-0.7076799369217711 -0.7079478136687747
-0.43762697880230705 0.9002686418088576
-0.7782465430787835 0.6295500918798466
-0.8318625193627376 -0.5567815989052431
-0.9924112722387585 -0.13084672993028443
0.6955323240232242 -0.719885953633527
-1.000987549399517 0.0049925892229942025
0.2130946771916669 -0.9780550386111098
-0.7882131205249565 0.6170259934818875
0.2521124675918436 0.9687312855920116
0.7152543361317755 0.700294391413135
0.6798168680458088 -0.7347448713127486
-0.9370738138475994 0.35198532270694843
0.8327130709174977 -0.5555087231746685
-0.9983270079761077 0.0731039338577099
0.7712825434041108 0.6380628795346787
-0.5532101809377132 -0.8342418688287364
0.7869407590850243 -0.6186479141569021
0.12711817707423587 0.9928957493399411
-0.12685963720099314 0.992928815398784
-0.3887914127685431 0.9224110999751902
0.7092261561874686 0.7063987962755517
1.0007216275533337 0.02360559567151263
-0.6822987629039015 0.7324407130545144
0.5341177225648593 -0.8465927346972262
0.6875959921055748 -0.7274701036058804
-0.12968374749449496 -0.992563915138861
-0.41460926782339014 0.9110983234728031
0.3124055907908603 0.9510014441853459
-0.9540847753177999 -0.3028584512718496
-0.78899916513141 -0.6160205495127075
0.9933944755235716 0.12316012341357845
0.9775092841395832 -0.2155843209069704
0.7709518279552664 -0.6384624334856619
-0.08390990423775274 -0.9974768809204608
-0.5048076808837436 -0.864390077060569
-0.9499828177939414 0.31548953373492905
0.5199592964741989 -0.8553615200662561
-0.9442882418918241 0.3321456250274087
0.6050651842125921 -0.7974315787914233
-0.37767387712418926 -0.9270185772345573
-0.8037423844391088 -0.5966566679893351
-0.7576978812244679 0.6541367752908807
0.9403574882130444 0.343116298595176
0.6393114491750685 0.7702479282371837
-0.8170690562598019 0.5782725631592049
0.8142362278976009 -0.5822545535924011
-0.6294280688687252 0.7783452358177491
0.36936915174286733 -0.9303587639941674
-0.4436533888000509 -0.8973141426536365
-0.986056566702628 0.17231786692802847
1.000991103632131 -0.0042202428044059645
-0.9988333106563446 0.06582566006722665
0.9358458848616932 0.35523721621957693
0.4372906936291942 0.9004320347840242
0.21345379102890374 -0.9779767272769782
0.2770124132127546 -0.961907024054844
-0.22513853149262414 0.9753530856245571
0.6118942373331666 -0.7922035359164098
0.6698564037258937 -0.7438369434139531
-0.34094787868427573 -0.9411458675575707
0.9905536171029183 -0.1442377608129194
0.9674798602791372 0.2568729646231013
-0.9833099334527655 0.18735681138703714
0.5444423108461787 -0.8399902202766846
0.6535572366972279 0.7581978227090101
-0.39854290584164775 0.9182399208285902
-0.8133068251212195 0.5835520612689514
0.7205563841167256 -0.6948377489087865
-0.7656646230201615 -0.6447935212573045
-0.1220370224051942 -0.9935330720023738
0.7520565548203005 0.6606148184470435
0.35303553940506216 -0.9366786577674207
-0.04310332686487727 1.0000715490469567
-0.3681797013573126 0.9308301174266119
-0.8909720420586726 0.45625630984107907
0.9729194566832409 -0.23543307075937184
-0.9554360951099912 0.2985680293684706
-0.9172177338975771 -0.4008897961083487
-0.9603938471145436 -0.2822138522902921
0.5575012498572608 0.8313803921236008
0.27511823867899105 -0.9624504946989065
-0.20922892072359386 0.9788892985076709
-0.8847463069427803 -0.4682146648185119
-0.7168227599977336 -0.6986888654825062
0.8582217378497596 -0.5152246584570059
-0.5127720037899696 0.8596894044532708
-0.8601853868477304 0.5119395474600692
-0.9994285210735453 -0.056068094891355995
-0.5207311109724319 0.8548918703938041
0.22484786470326162 -0.975420133961968
0.5373297402885323 -0.8445577246117986
-1.0007169924559165 0.023801281687870438
-0.8574398508003445 -0.5165248321808769
0.07971708650899755 0.9978207184251673
0.850630163821998 -0.527664026058401
-0.9806893312927757 0.20062261958345723
0.4435905587152835 -0.897345204600026
0.4378382669374578 -0.9001659024897597
0.5662357767849704 -0.8254562647946414
-0.891401612462411 0.4554164745586325
0.9456936718087748 0.32812265862149353
-0.3877901726762315 0.9228324777421623
0.3758961303328677 -0.9277408577834523
-0.9980381965068742 0.07694646394283428
-0.12606940515364592 -0.9930294583164216
0.0198555133123723 1.0008030568454025
0.3586144100214443 -0.9345569564905991
-0.8227394244916189 -0.570176147683503
0.7576015528491741 -0.6542483374992406
0.01535189605681979 1.0008822704431628
0.9955317854183766 -0.1044866700670441
-0.8646179409300477 -0.5044173036503452
-0.8074839918391729 0.5915831327239433
0.6659767189863364 -0.7473125248302709
-0.9884108198189199 -0.158256283492602
0.2191177146226622 0.9767233114544475
-0.8795571692304401 -0.47789139566991057
0.2613503321998568 0.9662799821268288
-0.8099437818331359 -0.588210906282634
0.9335369485984183 -0.36126135359536327
-0.07813171052274794 0.9979461086705983
0.7051984810450491 -0.7104196663464176
-0.9534410002871709 -0.3048790891015634
0.07849550645147021 -0.9979175594541501
-0.7561466569126665 -0.6559292898169727
-0.09440672962208324 -0.9965381926459531
0.3753000708772507 0.927982142500345
0.9752901644855798 -0.22541094706710837
-0.7154109095891155 0.7001344374053274
0.28988384598714473 -0.9581066515976712
0.6994941428005735 -0.7160369712435879
-0.9224472933805116 -0.3887055324213543
-0.9985019685986082 -0.07067403133191252
0.43564840695277096 -0.9012277545213047
0.19603581694241803 -0.9816165027523319
0.92364108606421 -0.3858602650366147
0.474400191384018 0.8814450966536754
-0.7237738767756848 0.6914856291327359
-0.9195602199229848 -0.39548704395364453
-0.7696494832151315 -0.6400317749820559
-0.9387689943689853 -0.34743887982124855
-0.9684612495610215 0.25314779892131145
0.9269121735704502 0.37793494478137835
0.43496464817445535 -0.9015579597776686
-0.9103662010855427 -0.416214343723372
0.04570901446552601 0.9999558420233317
0.3726353087138171 -0.9290553948499295
0.9823548709370112 -0.1923016056779766
0.9793618976626677 0.20700549124740256
0.36277334342795065 0.9329504281032869
-0.9602695613813067 0.28263646170399337
0.7033087059179925 0.7122905756641448
-0.31944790175928534 -0.9486590736727236
0.06213009701520022 0.9990699930659923
0.8869609715310123 0.46400564110877224
-0.7959495984281098 0.6070133744507866
0.3460097274240437 0.9392966882343081
0.9053203968935846 0.42707842250392647
0.2508053220368358 -0.9690705291350052
-0.9944717980113175 0.11413519597449956
-0.3627315336573773 0.9329666845555457
-0.024865461488840987 -1.0006911155920928
-0.5501972273835134 0.8362320317827431
-0.28992016128227904 -0.9580956633249403
0.5294546463489115 0.8495167905695267
-0.24642622172425277 -0.9701933401372684
0.9249695753908237 -0.38266471564715654
-0.6025026555315326 0.7993694703186076
-0.8836197262326507 -0.47033730387088735
-0.42035364984035917 0.9084623322218092
-0.7891787562731685 -0.6157904600163394
-0.640175427020604 -0.7695300011299022
-0.5254462665834767 0.8520018902170852
-0.9668433460741522 -0.25925845049320395
0.11471736473344823 -0.9944048100389564
0.9996950308240359 -0.051096431829727396
0.13419939573605819 -0.991963468170112
-0.5084651829864804 0.8622436765152441
0.5256336465990125 -0.8518863008424449
0.8601416367193996 0.5120130513782558
0.4819918595697863 -0.8773168454489286
-0.9972969048762929 -0.08602257566573135
0.9962684011707109 -0.09721251374568736
0.005609060580138285 1.0009842848114092
0.028061663934053422 1.0006065875344077
0.9993882603584802 -0.05678120338325496
0.17096111799938657 -0.9862927030716591
-0.9598093729434226 -0.28419529836004276
0.9958475997681437 0.10143252947662813
0.9916504090083175 0.13649346619394193
-0.9284660674030136 -0.3741012719587874
1.0008514495366778 0.01724459220540829
-0.16710599170780518 -0.98695318406465
0.306246031123834 -0.9530028165860265
-0.6486645825540673 0.7623878667318608
-0.861427567810522 -0.5098465900798479
0.3652497659525349 -0.931983695389366
-0.7163932892068627 -0.6991292120769754
0.9960621432866491 -0.09930360875218434
-0.6778135117590381 -0.7365934043126372
-0.9952888492782944 -0.10677596406630363
-0.9434030869395884 0.3346514837153056
0.2233267188770633 -0.9757695304915015
-0.1438750056373575 -0.9906063712458397
0.884757550613433 0.46819341797222935
0.8808743622891254 0.4754591021967364
0.9984544077027964 -0.07134280439440359
0.969812073387392 0.24792245221449347
-0.9687453910059535 -0.2520582619251393
-0.9000441828403711 0.438088425931579
-0.513208540536254 -0.8594288765922682
-0.7728551590350345 -0.6361571371547532
-0.5719331801287009 0.8215189818061851
-0.3586203871149321 0.9345546628986109
-0.16251566270577322 0.9877194234069225
-0.9098291809447798 0.41738694457463715
-0.05977428574497036 -0.9992137082544847
-0.7738370607243503 0.6349623638055236
0.6098292023507985 -0.7937942705513745
0.9892192239779051 0.15312193478581482
0.41988809815579714 0.9086776023580133
-0.39802612458410797 0.9184640461926402
-0.5177393672497254 -0.8567070372069172
-0.9095984887674746 -0.41788944618394747
-0.061136343537621374 -0.9991312964264757
-0.22020678814501676 0.9764783512474077
-0.42714262409760223 0.9052901074677744
-0.6833669310094477 0.7314442135957661
0.21545975352986652 -0.9775367484697695
0.474790140948721 0.8812351116801314
0.18335316812575622 -0.9840643351622129
0.7657182298523899 0.6447298600745296
-0.16292329242288484 -0.9876522671396483
0.9979837407257414 0.07764955406862434
-0.8935020676254022 -0.4512815696980447
0.3401735806543402 -0.9414260114447683
-0.3489290773584183 -0.9382161259399685
0.16356754717546387 0.9875457748940059
0.6400163281582301 -0.7696623283563102
0.595100098690585 -0.8048955662310832
-0.9935793403752915 0.12165974839444958
0.704310144701302 0.7113003726069816
-0.9391444261162445 -0.346422786338875
0.7371204752222018 -0.6772402860198109
0.8985476603211665 0.44114975023381514
0.9648962113265639 0.2664137784868548
1.0006051410148986 0.0281131957371451
0.7356972366642951 -0.6787861047226291
0.3439726010406784 0.9400445998639162
0.3770171240959536 0.9272858718531283
-0.7360103634147541 0.6784465674952461
0.24675343249631224 0.9701101708317915
0.13424341830361974 -0.991957511510528
-0.5314516629438913 0.8482689019138757
0.8493689056453544 -0.5296918558207339
-0.8248268573714486 0.5671522329663703
-0.5437060227333252 -0.8404669897405305
-0.766123318231236 -0.6442484468451284
-1.0009702375372191 0.007719039103618383
0.8108120065771074 -0.5870135347591268
0.9909692609333299 -0.14135389589696404
0.6460451527187424 -0.7646088285186202
0.6813597677146561 -0.733314302969627
-0.8134745113271756 -0.5833182831190985
0.04963034807189429 -0.9997688875686533
-0.8703102317855095 -0.49453119259502
-0.08527709919596962 0.9973609258200968
-0.027485558875078676 1.0006225782248392
-0.8318141504344672 0.5568538579708194
-0.9923059605044318 -0.13164300493143255
-0.08827225690699646 -0.9971003002008099
0.829754398985502 -0.5599184202758544
0.6207561652530238 -0.7852787933596327
-0.6534959939936298 -0.7582506088584947
0.9296634942517094 0.3711155985076644
0.42924301166531015 0.9042961002550516
-0.7606589305648122 0.6506911643414226
-0.6101431863005847 0.7935529548876811
-0.5733473554471968 0.8205326379868785
0.7960595128601844 0.6068692214841727
0.9770865179870176 -0.2174923823217848
-0.11220016166615934 -0.9946919742925886
0.6462671724003602 -0.7644211809451926
-0.9836446225228856 -0.18559163931009867
-0.9848313902364121 -0.1791874236798326
0.17960807571448836 -0.9847547609116387
-0.9851810890719961 -0.17725468043161974
-1.0006933844763324 0.024773983638149946
-0.20568758580751909 -0.9796395342393417
0.48672336158471907 -0.8747007312719424
-0.930265707309817 0.36960345480442397
0.998074606927225 0.07647273374912968
0.6778417846342771 -0.7365673866007224
-0.9940806115599425 0.11749356459232414
0.7922908552523023 -0.6117811705859991
0.6671603061049257 -0.7462560726439563
0.5353148301958965 -0.845836291827407
-0.7529428563897839 -0.6596044686109952
0.9088475265088805 0.41952017062197344
0.4124655312001343 -0.9120708226732127
0.28745429926693505 0.9588383731541804
0.6758658506602095 0.7383808989345211
0.7813755063086331 0.6256623035958994
0.17160917318271335 -0.9861801517367633
0.8593641308386295 -0.5133169494843969
0.275671041507366 0.9622923032396362
-0.997484803896873 -0.08381566676234746
0.7077373527294232 -0.7078904149312576
0.9989998442344581 0.06324801356191731
0.6441612418652592 -0.766196642173931
0.7246112343384622 -0.6906081081702489
0.9720289164892644 -0.23908321879359626
-1.000689920134878 -0.024913525251383285
0.3293776890403255 0.9452572866486958
0.6005674872698447 -0.8008243835163769
-0.4719668264599042 0.8827504260669414
-1.000513746310743 -0.031196849892933125
0.3561727271679578 0.9354902396186395
-0.39921139552571827 0.9179494875440634
-0.9920843760517594 -0.13330262860870914
0.40560578634768496 0.9151420360147796
-0.7887954877127716 -0.6162813306956254
-0.9396961308221707 0.3449234432708827
0.7936821941805804 -0.6099750606710896
-0.028517506835933716 -1.0005936996622868
-0.8232246025519238 -0.5694754197972263
-0.9679439287600651 0.25511869938624665
0.6236809558676562 -0.782957894964989
-0.9738872903223661 -0.23139694412104783
0.9648189744726624 -0.26669335668051397
-0.9742076058797356 0.23004464924460544
-0.7621002426532837 -0.64900248084873
0.8222340599842257 -0.5709046773340158
-0.6252528146554489 -0.7817032159108973
0.06657753358096419 0.9987834760458723
1.0009819601145993 0.006009619383521617
0.5461522442459089 0.8388794467056377
-0.7065621640516868 -0.7090634021937652
0.7623527350753139 -0.64870587119525
-0.8009787087850545 -0.6003616477366179
0.5286012364491982 -0.8500480767723546
0.9836108170731611 0.1857707203427612
-0.7379592922348992 0.6763261661389175
-1.000346426176957 -0.036166664692639273
-0.8678981811599684 0.4987521901096963
0.9539475752271366 -0.3032903290879328
-0.0019042248112947008 1.0009981887735202
-0.7641485183549674 -0.6465895466955122
-0.7382333004651495 -0.6760270660885793
0.9051953998337962 -0.4273432907157123
-0.8076938268238891 0.5912966109412274
0.9982924612375041 -0.07357419273336392
0.8283316592584394 0.5620210514475062
0.5113518601815895 0.8605348773227196
0.2705328201628192 0.9637494452474418
-0.7267577240589808 0.6883489017356028
-0.9143174425506024 -0.40746118127709524
-0.6521213204137003 -0.7594331988146765
-0.9777715453749497 -0.21439170938980515
0.9457373898938328 0.3279966300997625
-0.05939384559216236 -0.99923639400583
-0.24104280478346796 -0.9715448349212294
0.9204886422285793 0.3933213184257705
-0.777448782297505 0.6305350037104416
-0.7968605589000815 0.6058170100529119
-0.4668412420139758 0.8854717695979067
-0.725394187888842 0.6897856711885856
-0.5538429162583074 0.8338219378923137
0.9437436337042253 -0.3336899067139206
0.08173947806195933 -0.9976570842359405
0.8223954529601082 -0.5706721641630493
-0.46328794575154075 0.8873360577150674
0.27641474190637133 -0.9620789419048907
0.8265496483751984 -0.5646385381559038
-0.32294652658528833 -0.9474737679569275
-0.9872960795401595 0.16506802029657694
0.9680727771938474 0.25462933463407456
0.5662653384442372 -0.8254359856927934
1.000933834402881 0.011509089779209518
-0.9787442158954006 0.2099065502820178
0.8489814230299814 -0.5303126845079115
0.5208201435083697 -0.8548376326039473
-0.05434934288447593 0.9995234609192651
0.01050008875960805 1.000944927623913
-0.6888344256684079 -0.7262975519813313
0.9517827913544203 0.3100169641835556
0.11583389022386821 -0.9942753692391283
-0.9965394199083131 0.09439377399385422
0.3523726254130191 0.9369282431752903
-0.9853918768492724 0.17607909881490272
-0.6415765238994203 -0.7683622609037593
0.9402306147305504 -0.3434638134118519
0.8868868544750552 0.46414729058709614
-0.09665339730599284 -0.99632279949282
0.9508956213598012 0.31272754480339177
-0.31802618755252565 -0.9491366308550133
-0.3417495153549951 -0.9408550731938612
0.13719784755851103 0.9915532011068854
0.7104539046543237 -0.7051639875670235
0.8403322628965163 -0.5439142284728542
0.04855219556860467 0.9998218262797967
-0.766495243640025 -0.643805903574376
0.9965257534694866 -0.09453794302856411
-0.6981163651958842 0.7173803319339657
-0.8797372266634594 0.4775598517698958
-0.7221446947529484 0.6931868722358863
0.08035668788652692 -0.9977694135981054
-0.2773960298183151 -0.9617964663280045
-0.4684479853450383 0.8846227925088607
-0.9894567817251149 0.15157927661187168
-0.8705996641022202 0.4940214821898956
1.000859305031887 0.01678247690562637
-0.6299887841578201 0.7778914653313479
0.423432048142083 0.9070315874357412
0.9976795942874305 0.08146426911516498
-0.549347516114561 0.8367904794742602
-0.5663439064804147 -0.8253820809737168
0.44224820217233024 -0.8980075320816311
0.3085919611150077 0.9522457674020891
-1.0006397235315199 0.02685411869273172
-1.0008705588910807 -0.016097339688776267
0.02706595375571993 1.0006340160854483
0.995783227014422 0.1020625533520695
1.000125564762934 -0.041831264714596084
-0.9659580102116628 -0.262537849667291
-0.9873279353377096 -0.16487737292234997
0.7874725474008997 0.6179708626544927
-0.4353621145261195 -0.9013660905732731
-0.8822799018189471 -0.4728458256623918
0.94859187508582 -0.319647390918756
-0.6343034472734298 -0.774377257399159
-0.9445854471632348 0.3312994612241797
-0.6566891813803883 0.7554868093209539
-0.45624818591909 0.8909762021768817
-0.2169377914263514 -0.9772098007342419
0.2506211789612267 0.9691181685718645
-0.44186419653777265 -0.8981965440915638
0.8318373475571049 -0.5568192051367842
0.7017917060356577 -0.7137852627643422
1.0002007195214047 -0.039994007911993944
0.716173272224094 0.6993545911423145
-0.38773336777496636 -0.9228563460874518
-0.9959262271615267 -0.10065758814817292
-0.9390124346317338 -0.3467804025705374
-0.8657597572763019 -0.5024550155793838
-0.4655383607308963 -0.8861574547945696
-0.9998651479617597 -0.04765171446452271
0.5483893665811688 0.8374187140377891
-0.43836007928030396 -0.899911907296134
-0.20657367193875045 0.9794530708827971
-0.984858999793592 0.17903561245061092
0.9495973976995671 -0.31664772584405254
0.5320954754796909 -0.8478652044836146
0.9781148231273918 -0.21282009486529005
0.41085374321854623 0.9127980070548516
-0.1875847841468396 -0.9832664688458483
0.902378128914548 -0.4332605595443453
-0.6830252963426365 -0.7317632435125815
-0.1846330615670956 0.9838250009917217
-0.5478270659597153 0.8377866708189918
-0.4342259634320067 -0.9019139718850937
0.6901366289878479 0.7250602963404419
0.3637527200136573 0.9325690101449146
-0.9892594765196064 0.15286166333045817
-0.9959748539912401 -0.10017529743967822
0.9943439601242511 0.11524360704360934
0.9890781861238109 -0.15403032731910904
0.02073281266769473 -1.0007852669173773
0.9039112769130974 -0.4300527914911539
0.9398737601297183 -0.34443913108069557
-0.41171453109011 -0.9124100749604045
-0.34827756426489737 -0.9384581707405558
-0.2791469184669328 -0.9612897575187284
-0.3114987718375477 0.9512988569023403
0.6790943371749517 0.7354127284844293
0.8876299818736288 -0.46272455659822226
0.46442397740220753 -0.8867419969832904
0.9651475338475736 0.26550186046042495
-0.15792799693831863 0.9884633264734967
-0.6569391210772259 0.7552694825016313
0.20086059745410528 -0.980640617346834
-0.7259375794097334 -0.6892137772859283
0.8332800625875402 -0.5546578560645339
0.7982508911631613 -0.6039838696167463
-0.2795596837387029 -0.9611697993736156
1.0003422771709534 -0.036281241770801546
-0.7573547796029241 -0.6545339852235377
-0.8911041878009417 -0.45599816500028156
-0.9366959616219181 -0.3529896251750044
-1.000497364709272 -0.031717868935374816
0.6662548337022827 -0.747064586611053
0.35249890462003725 0.9368807406717644
1.0003109303880184 0.037135462111798793
0.6713118300413861 0.7425236877342601
-0.631098972051811 -0.7769910472297268
-0.9911313036324081 -0.14021319110527153
-0.9390784056589153 -0.34660171382309934
0.4042354845921317 0.9157481493274034
0.9459803322205391 -0.3272952964097076
-0.34448793841544006 -0.939855872081608
-0.06451098103975936 -0.998919082471292
0.6059994787353283 0.796721803249108
0.4881356367389064 0.8739133825188297
0.9778476811460984 -0.21404418346967122
0.7583082137325265 0.6534291491705776
0.9785062854467412 0.21101291273573905
-0.9519138080643502 -0.3096144409042114
0.2590020959017303 0.9669120509738778
-0.97111506001294 0.2427684909869153
0.6528041985629203 -0.758846281099554
-0.9247477598901747 0.38320044438662126
0.1399018791120487 -0.9911752943959599
-0.9927131374943777 0.1285364798260352
0.7826999048993494 0.6240046945901524
-0.3498905153022054 0.9378579995402061
0.6776667815561536 0.7367283985128606
0.6869104336273378 0.7281174741577782
-0.7495112521410062 0.6635012305293948
0.9369424450583577 -0.3523348615281582
0.3361630042925774 -0.9428655442559074
0.7856871157227499 0.6202392733351108
-0.6210474517333295 0.7850484460818565
-0.4304779246875025 -0.9037088891654994
0.9743515835174047 0.22943406830095198
0.6672054562319485 0.7462157055264365
-0.9242968794421104 -0.38428671412576426
0.9728842735611827 0.2355784163656125
-1.0008134259803738 -0.019325795647963693
-0.6377720442667351 -0.771523051860299
0.712864112884769 0.702727370009886
0.8691723021092544 0.4965284576397398
0.11075869792526012 0.9948535122488642
0.12851599351080498 -0.9927157898471902
0.8441926787159216 0.5379030778889787
-0.9550302908872814 -0.29986354144469557
-0.9055316480760927 -0.42663032514414095
0.25747213358684506 0.9673205778986808
0.9130735788464082 0.4102409531148884
0.5302041525427399 -0.8490492074234772
0.43809442867730525 -0.9000412610330181
0.3722982392438113 -0.9291905192456269
0.8740529185085154 0.4878857403601243
0.9599452069771286 -0.2837361443341997
-1.0009851032453307 -0.005461051266424668
-0.008152176845161282 -1.000966803651692
-1.0006170147807911 0.027687356883203427
-0.9544536258079139 -0.3016940108489502
-0.9930016441623664 -0.12628829989685178
-0.22674829467886637 0.974980107930529
0.8112630033236933 0.5863900915245935
0.8806666670318151 0.4758436944828356
-0.13202898494548562 -0.9922546785650671
