1000
0.9118100628288762 0.41304165567651974
-0.7645541861114784 0.6461098176776258
-0.3818849580444908 -0.9252917803694992
-0.34969488533871446 -0.937930960768405
0.05297174740737451 0.9995974159513465
-0.8314742459510474 0.557361263742052
0.8076098635458027 0.5914112852351822
0.6936431959610652 -0.7217063923070929
-0.348847326737089 -0.9382465255082945
0.9818538921058884 0.19484335902595812
0.009121710044113347 -1.00095843790133
0.7355102569585822 0.6789887052880338
-0.833471206259029 -0.5543705875469216
0.6874372277008016 -0.7276201330165598
-0.9948710644573432 -0.11060092723622592
-0.7350431395651678 0.6794943583122536
-0.38678414600874805 -0.92325458265653
-0.38002615142314633 -0.9260567608060059
-0.916644424103455 0.4021989554437521
0.43050876318793235 -0.9036941987300775
0.007716602295628864 -1.0009702563258367
-0.21949087441746368 -0.9766395220589105
0.9231981726439862 -0.3869187692873075
0.2999364683462475 -0.9550073900007164
0.36130935155051885 -0.9335183728680135
-0.5332175452917478 0.8471599904345358
0.6698895860207321 0.7438070600236141
0.7327468818820159 0.6819699458863148
-0.7336599651458345 -0.6809875590216115
0.7405423441172465 -0.6734968719818479
-0.6872046084410804 -0.7278398354977152
0.5912295621386897 0.807742907646544
0.7838989513550315 0.6224977382002941
-0.8396874554004241 0.54490914586118
0.916091348605798 -0.40345711173507687
-0.7450802842399837 -0.6684731632884487
0.721466432905036 0.6938927771574532
-0.880094423401821 -0.47690125382202175
-0.6229647226055615 -0.7835278899879543
0.7678967916975452 0.6421335665580931
-0.3522866997946178 0.9369605547448713
-0.8702960500629143 0.4945561497392277
0.9418058593843719 -0.339120514314992
-0.8749072742937285 -0.4863519933010645
0.7755698725954644 -0.6328446671358267
0.7980889246357435 0.6041978718712625
-0.991270565356212 0.13922523570953516
-0.8908000458977915 0.45659202602377175
0.07671088388798883 0.9980563312224032
0.8443688067350783 0.5376265601816748
-1.000534428761949 0.030526330634390617
0.9352178739337973 0.3568872767061724
0.4128252562058421 -0.9119080588735801
-1.0009957814179922 -0.0029061285902980036
0.4357604065877835 -0.9011736059441874
-0.7489076439624818 0.6641824604839883
-0.8396005639995804 -0.5450430193402962
0.8738081884279402 0.488323918968016
-0.9923366162887592 0.13141171931215165
0.3945901290811594 0.9199454494869322
0.8759129028141783 -0.48453852961724286
-0.9225799190226761 -0.38839064486173264
-0.9849009286763261 0.17880481171520687
0.9590368750181791 0.2867913394009059
0.058085186776808635 -0.999313319773685
0.5081082822874343 0.8624540413673722
-0.9807159112304918 -0.20049264689595506
-0.06726705028471937 0.9987372747354496
-0.9967097258387102 -0.0925781962371441
0.2746875077624641 0.9625735156751646
-0.8184577922589256 -0.5763053377252768
0.9494350392617228 0.31713420853337587
0.9134739729401242 0.4093486298511152
0.44935972236510074 0.8944701447873817
0.23068212742221142 -0.9740568546486199
0.9485081331493839 0.31989579764271797
0.9961403460198381 -0.09851604453832474
0.5336180083989606 0.8469077996525518
-0.20029385638781633 0.9807565299773929
0.9732390657280713 0.234108352992265
-0.6941133034186973 0.7212542700166034
-0.19428863900795343 -0.9819638103068957
-0.9468008266473412 0.3249141342876782
0.5631699781150791 -0.827550950546165
-0.11012112478374722 -0.9949242875095382
-0.9884754993174846 -0.1578517888687029
0.6481044453988956 -0.7628640952713597
0.9978528633198999 0.07931370098713848
0.9474218266887356 0.32309887389741754
-0.9706830852407858 -0.24448997531070532
0.9386500595951983 -0.34776006904463697
0.16780817118974356 0.9868340375574577
-1.000101697187519 0.0423980575338547
-0.943110623898176 -0.3354748143905785
-0.8926488432482212 0.4529669332827866
-0.9271627210681572 -0.37731987578378445
0.6747554223664369 0.7393957803416864
-0.988252942908699 -0.15923919376929707
-0.45860311576747914 0.889766363832866
0.5571164044743662 -0.8316383299641464
-0.3477845755646928 0.9386409798209785
0.20551968761218442 0.9796747715460422
0.1740215094991159 0.9857573302956713
0.7785873261911321 -0.6291285842294433
0.615034786560751 -0.7897678211475645
0.9827983172425437 -0.190022281917738
0.8499307497269172 0.5287898643777512
0.7845615454996685 -0.6216624335788449
-0.7028698861762166 0.7127235951661992
-0.9931351839959967 0.12523380657489405
-0.051658748133566086 -0.9996661311364273
0.1591330447262404 -0.9882700410698264
0.9898902524986208 -0.14872218398146458
-0.7905908969250023 0.61397641135415
0.9740660458180993 0.23064331419811931
-0.10127157299373664 -0.9958639809247919
0.7309890126319564 -0.6838538319051504
0.7057711127038633 0.7098507846531907
0.9618222679115283 0.27730655410488264
-1.0006710935595213 0.025658575844958006
-0.5580250551109567 -0.8310289031486292
0.6844035819133103 0.7304743233435593
-0.8184519412765882 -0.576313647088618
0.977751115999796 0.21448485998119618
-0.20366594497738208 -0.9800618260377608
-0.7621716631130951 0.6489186050248664
-0.3563967823754891 -0.9354049035109867
-0.4440396682878625 -0.8971230534251168
0.9756211266884359 0.22397414395234727
-0.9942233516796478 -0.11627952087486097
0.748451265140921 -0.6646967005401447
0.9773805731430046 -0.21616710027812233
0.9824502331784253 0.19181381422529922
-0.585915938765823 0.8116055154446428
-0.6974715078768138 0.7180073089461163
0.15106325011904914 0.9895356964068904
-0.09576727073834726 -0.9964083650067015
-0.960092278073047 0.2832380934558538
0.6387978715986548 -0.7706739123916344
0.5504065942638893 -0.8360942416921829
0.43538877125171027 0.9013532148208747
0.8656902446592102 0.502574770856911
-0.003937976069190995 -1.0009922538883498
-1.0007008018008392 0.02447254124846382
0.8325559411452799 0.5557441901304029
0.6126404354240117 0.7916266145623689
-0.9662748511651597 0.2613693019574956
-0.26625453913259317 0.9649401641507573
0.12772671447628495 0.9928176501297172
1.0004009492485788 0.03462572371145959
-0.9671717157651353 -0.25803075829041044
-0.9921008690350245 -0.13317982452289548
0.5779390792754462 0.8173049740740903
-0.639524345130732 -0.7700711733243288
-0.9458697872056054 -0.3276146297887543
0.01240587835036967 -1.0009231210149738
0.8225301978515137 0.5704779343869049
0.9766312731853352 0.21952757511618265
-0.37107253548339464 -0.9296806835736262
-0.9056705824317104 -0.4263353094898503
0.5373662492697482 0.8445344955333457
0.6513061084309845 -0.7601324576154387
-0.687051620584015 -0.7279842516516952
0.7075302853870648 -0.7080973769617416
0.489348711412166 0.8732346984856092
-0.8762259819260029 -0.4839721361791526
-0.9542151340459145 -0.3024474796683507
-0.018848525992371433 -1.0008225282575902
-0.9915061304231799 0.1375376069780629
0.05759683507693472 0.9993415855397594
-0.5518103111023543 0.8351684743577926
0.1409353770479599 -0.9910288691538454
-0.08042501953905697 0.9977639080624946
0.4802814018795507 -0.8782543908279727
-0.36016922386604083 0.933958848226052
-0.5666565186309175 0.8251674920239458
0.7221497086119464 0.6931816488855435
-0.6813268567179016 -0.7333448808813654
0.05594661008994662 -0.9994353289830431
-0.9907088057153398 0.1431679512952705
-0.6615157851887227 0.7512641785325237
1.000377395966908 0.035299654934125714
-0.9240932427973767 -0.3847761409134261
-0.9962403689736276 -0.09749937039432852
0.9986672584409769 -0.06829865970854086
-0.08564371786420152 0.9973295110395547
0.8099980050593877 0.5881362357479873
0.6233113121688445 -0.783252199564325
-0.8317380116961193 0.5569675752678842
-0.5997686383330979 0.8014228474856838
-0.02626016415504346 1.0006554870576336
-0.956943574340638 -0.2937005201360116
-0.7803811647014198 0.6269020958485109
-0.3340297846150029 -0.9436233904424237
-0.9712568149229129 -0.24220074208350037
0.24591345808249934 0.9703234363519758
-0.48705214686105475 0.8745176992137081
0.9401430764749737 0.3437033542986914
-0.45392274893153006 -0.892163179021889
0.2701554802506296 0.9638552881478379
-0.35651801455021753 -0.935358704081579
0.33915974904553237 0.9417917310251622
-0.9573458279529788 0.2923866715516041
-0.9979383611762583 -0.07823060330103408
-1.000972750432042 -0.007385992994370299
0.5424634769098455 -0.8412695027272066
-0.30648801181583685 -0.9529250225559068
-0.6889820138825447 -0.7261575480199548
0.39409017637689414 0.9201597322656695
-0.24712750150228918 -0.9700149473081516
0.9510493855264064 -0.3122596136067628
0.131433628742869 -0.9923337146522241
0.47625010052686995 -0.8804469556697588
0.8603976689774476 0.5115826924536976
-0.9853777443032865 0.17615817049392543
-0.7040007895360388 -0.7116065544474938
-0.723340308994855 0.6919391572842426
-0.3231650975238486 -0.9473992398890773
-0.9328006149263179 0.3631583852716098
0.7023695483562743 -0.7132166694222754
0.7365772074741724 0.677831112763017
0.925206912531848 0.3820905246185587
0.8388792242418 -0.5461525859459753
0.7567644520631751 0.6552164253844086
-0.1533433146648828 0.9891849310657673
0.9290164705320152 -0.3727323402660915
-0.9194531145400574 0.3957359854278961
0.48551400779537507 0.8753725768119952
0.5903927390584641 -0.8083547573108258
-0.008330359404474658 1.0009653366187024
0.8614883377112887 0.50974390039258
0.9402031145769886 -0.34353908560705315
0.2969824738908921 0.955930128305226
-0.9931409488487338 0.12518808138092385
-0.7634790470805918 0.6473799075264165
-0.25211093132231055 -0.9687316854050956
-0.9089000116589311 -0.4194064482174719
-0.7338427112383006 -0.6807906250547375
0.2790277164972264 -0.9613243643153665
0.08416654652217817 0.9974552583682789
0.32246973917695876 -0.9476361471129856
-0.18105540516977575 0.9844896851967563
0.3388607276745983 0.9418993615242776
-0.06037802257139636 0.9991774088670979
0.4103646916722426 0.9130179734423333
0.9917678899816237 -0.13563720876440227
0.4965202035658723 -0.869177017327831
-0.021788961515257825 -1.000762829623526
-0.7774867657595855 -0.6304881672709644
0.12546927634035396 0.9931054630272799
-0.67772545756701 0.736674422092682
0.03642926600603867 -1.0003368975391547
-0.7911741872842198 -0.613224596192255
-0.9992363532363691 0.05939453148971026
-0.6199115856827577 0.785945688922771
0.9310493835101322 -0.36762487057515947
-0.6589610007081623 -0.7535060713396391
0.18363363849994724 -0.9840120359077275
0.4770587111774098 -0.880009082958664
-0.9945169781729305 -0.11374084633843318
0.9428739194110398 0.3361395128432005
0.9730785654196648 -0.23477458448649674
0.9776838875718947 0.21479109847083244
0.6311321625638192 0.7769640875725963
0.504906434750948 0.8643323967936679
-0.9986815290997219 0.06808967201449366
0.1958880187966569 0.9816460075260942
0.5257633758276578 0.8518062412534351
-0.6935273919262568 0.7218176754887374
0.576608741601603 0.8182440706223393
0.8270727749173635 -0.563871993443984
-0.9011600760419648 -0.4357883859719534
-0.7639345423203375 0.6468423417261864
-0.6609768243446239 0.751738410405705
-0.2847374451084134 0.9596486791285305
-1.0005660359131574 0.029472152568656207
0.5805326661562373 -0.8154647898747871
0.5608812652720122 0.8291038573465128
0.6851442082731068 -0.7297797022868049
0.9496176392550473 0.3165870168147629
-0.9939229574917072 -0.11881984081346834
0.927072702361778 -0.3775409971587592
0.996341736235114 -0.09645799415288696
-0.7084728860616232 -0.7071542757528334
-0.8542061179846901 0.5218552557918005
-0.8662892054505956 0.5015416358785935
-0.48894005538714774 0.8734635780832609
0.9991626845363004 0.06062119951150303
-0.7119182261007195 0.703685611154303
-0.9872522581038408 0.16532990917818666
0.9605920026971534 0.2815386374092763
-0.757441563978581 -0.6544335544252612
0.5966896097842042 0.803717929111684
0.5858543536153293 0.8116499715702359
0.16763936382277791 -0.9868627278892917
0.5932860795837241 0.8062336062036703
0.13159898745838716 0.9923117990329084
0.4950110137442939 -0.8700374108461351
-0.9024727999531271 -0.4330633271760182
-0.8979052619700646 0.4424558062976116
0.3685440915432813 0.9306859043675999
-0.011044135272654652 1.0009390726093568
-0.685813498260905 -0.7291507701450638
-0.3017425530477528 -0.9544382807076757
-0.9918456582189692 0.13506735457607671
-0.6573324634236432 -0.7549271703478454
-0.34361909364476595 0.9401738767285281
0.9650074146452181 -0.2660106946717596
0.741244557303549 -0.672723945068009
0.730643380863318 -0.6842230995812846
0.5263000207372742 0.8514747724812196
0.9757008201383787 -0.2236267192919827
0.5139570822752763 0.8589814419293846
-0.9789374559660714 0.20900348635052973
0.8617545855295557 0.5092936621623949
0.9502912105671635 0.3145593983952712
-0.8483346011579587 -0.5313467836339723
1.000647854147375 -0.026549425422295672
0.20361943326084816 0.9800714904528807
-0.9512723889514095 -0.31157959178784195
0.18408432500962663 0.9839278232094822
0.7868346938750382 0.6187828088389131
-0.7031908487105435 -0.7124069274577174
1.0009518015909455 -0.009822977748141446
0.3665256807105738 0.9314826489954875
0.9467421459062971 0.32508507988638824
0.9643962029638438 -0.2682181271072495
-0.39950385404669947 0.9178222434664751
-0.7488520557464204 -0.6642451344227973
-0.702215800502752 -0.7133680463297184
0.7108515383782404 0.7047631448829379
-0.4505633997041464 -0.893864432029288
-0.6763796396469774 -0.7379102811799175
-0.9323239154561493 0.36438045593653173
0.9338682832289978 -0.36040398108084803
-0.23916294674966637 -0.9720093028886175
0.8874226312160106 0.46312209362721235
0.37051731883210803 -0.929902100462982
-0.19590701188202683 0.981642217254054
-0.3953341575484645 -0.919625958678552
0.8328495186401732 0.5553041322562184
0.8792989807627883 -0.47836628479599347
-0.9998129964824708 -0.048733685113512205
-0.6930794928009312 0.7222477529621009
0.9976064790540847 -0.08235479918809914
-0.019072821944991703 -1.0008182789413145
0.47320957353306903 0.8820848595892863
-0.9994713251556995 -0.05529982089943949
-0.344916571343666 0.9396986531928891
0.6138204463142801 -0.7907119954108056
0.9949102009627822 0.11024831980668219
-0.23950011378648048 -0.9719262808959653
0.9953525437204845 0.1061805712414513
-0.03188937947540916 1.0004919127492602
0.5153603273230934 -0.858140275841563
0.5643251896869141 -0.826763618142954
0.7953747250492198 0.6077664409564566
-0.9984989237495697 -0.07071703663864193
-0.016759387876896417 1.000859691923894
-0.9687490121872185 0.2520443440870841
-0.6005799845624256 -0.8008150111873508
-0.212741766981102 -0.9781318625736299
0.8362316973710031 -0.5501977356478406
-0.833340085679464 -0.5545676708930511
-0.6743043959107248 -0.7398071246314626
0.7085291115997026 -0.7070979408934355
-0.6760857081596376 -0.7381795955065957
0.3031041931339919 -0.9540067337836728
-0.005876601026942399 1.0009827498815203
0.3394281870304273 -0.941695017428274
0.9021735094634626 0.4336864752587743
-0.5064313191415332 0.8634398178174125
0.3041736901750333 0.9536662761182776
-0.9904288618097413 -0.14509193531778544
-0.2625363417119393 0.9659584200577744
-0.7129511459499741 0.7026390705679687
0.7176962513339341 -0.6977915812197925
0.8406950639754575 0.543353300723665
0.23612450857579945 -0.9727518781528192
0.1272493456575806 0.9928789473192176
-0.40266191650279926 0.9164411497735644
-0.42941492315050855 -0.9042144788575567
0.430827386750444 0.9035423414681701
-0.9675796352081503 -0.25649688015736727
0.6630809904258749 0.7498830576402168
-0.4379445990329905 0.9001141750788247
-0.30238829819617674 0.954233890151686
0.5967840171414591 -0.8036478313816958
0.11741093747188587 -0.9940903740415018
0.7481845821852167 -0.6649968653913587
0.9738099070570441 0.23172238760540873
-0.9521299306433997 -0.3089491789485691
-0.9951369081587537 -0.10818287304484159
-0.970201701647966 0.24639329966415724
0.4563096522709576 0.8909447240117413
-0.5253237876588571 0.8520774132200384
-0.9615932077301136 -0.27809980734856793
-0.9961053734162034 -0.09886902978873514
0.9789339890986519 -0.2090197239195394
-0.7969325808634652 -0.6057222643739425
0.15609760483471016 0.9887540329955002
0.4708492522581191 -0.8833470335309731
-0.47468564045368816 -0.8812914062596275
-0.42852598335100306 0.9046361045155427
-0.433643835410772 -0.9021940057494481
-0.21285690135630697 -0.9781068139753406
0.9999534951185299 -0.045760327798608245
0.9384484943450851 -0.34830363687656585
0.5667983969296744 -0.8250700438374619
-0.2725067370885964 -0.9631931676674864
-0.996640080838008 -0.0933249659373578
-0.8395486005654769 -0.5451230570142392
0.33343268345718136 -0.9438345435522812
-0.539592654040522 -0.8431137335528971
0.737756083495321 0.676547826295854
-0.0262240972599967 -1.000656432909367
0.9667181018208362 0.25972506927888067
-0.9009577998039104 -0.43620642243380225
0.30125107320736216 -0.9545935212913466
-0.31893852853757976 -0.9488304458723295
-0.32412859001759753 -0.9470700381350918
-0.242647647295215 0.9711452616689724
0.8405795154609093 -0.5435320397064951
-0.3025114504919312 -0.9541948555307075
-0.9784635460635482 0.21121100592712164
0.91480025097721 -0.40637605836470464
0.9292295948701259 0.37220069857202276
-0.9444028923822141 0.331819494394329
-0.7021150255924544 0.7134672317894544
0.9918173222106504 0.1352752725478487
0.8270622754349642 -0.5638873935036492
-0.10951387798869881 -0.9949913117851213
0.13797128713500048 -0.9914458754396587
-0.9373466000192336 -0.35125824037648257
-0.884340092477857 0.4689814504180897
0.9900342453734413 -0.14776059348771087
-0.7517034571819123 0.6610165750272537
0.9681347992761968 0.25439341664130777
0.9173382938576924 -0.4006138472672381
1.000998957859772 0.0014444250241700753
0.945694954122767 -0.32811896279663194
-0.6443771429379621 -0.7660150766526134
-0.455796230905849 -0.8912074931754231
-0.7727187162630559 -0.6363228626544664
-0.9536211506076766 0.3043151345459027
0.19513680005672404 0.9817956148117704
-0.31204410860610365 0.9511201155922537
-0.39617289873088557 0.919264942392109
0.9179646302642815 -0.3991765744426404
-0.6292740958222656 0.778469724733769
-0.24610363684297124 0.9702752186532763
0.6763264776912181 0.7379590067028048
0.6089074080077345 -0.7945015849407114
-0.5611944596934545 0.8288918979030809
-0.3123903812504896 0.95100644041046
-0.542115087856315 0.8414940472270376
0.9989394351614608 0.06419505338654828
0.0592513981103779 0.9992448507858149
0.21932439573437143 0.9766769217278315
-0.9240224313527475 0.3849461603353865
-0.9396191393866764 0.34513312344404373
0.3528696200958054 0.9367411762132815
-0.9930360291463506 0.12601763692931395
-0.17192127324915266 0.9861257910654149
0.23127493775504945 -0.9739162711272453
-0.5086862881852763 -0.8621132525441689
-0.9804466584691165 -0.20180522762491487
0.6835694724084951 -0.7312549325585241
0.4424773636546779 0.897894638948917
-0.993183876054418 -0.12484705981929431
0.6034382799280518 0.7986634099027413
0.10873195710729001 -0.9950770630979384
-0.9183174121166978 -0.3983643189384449
0.5737218986818731 0.8202707985615888
0.04636967411532628 -0.9999254238804205
1.0006913923120033 0.024854322615280176
-0.6274958157015758 -0.7799038410451726
-0.9415268901699965 -0.33989427045305637
0.2349336037801551 -0.9730401850976501
-1.000335974735058 0.0364545971156084
-0.9568007616832273 -0.29416543379941174
-0.06884081580579618 0.9986300326343047
-0.838815079503111 -0.5462510983038751
-0.9987708786170011 -0.06676624915796663
0.6613389490071818 -0.7514198523635612
0.4507882433424916 0.8937510613499658
-0.9034647083648824 -0.4309901631582303
-0.03583143310385772 -1.0003584899433422
-0.21838130721223065 -0.9768882252644246
0.927839838513664 -0.3756517457259288
0.9590531666004835 0.28673685433439755
-0.5569692432814147 0.8317368947200359
0.3598805295345485 0.9340701282355266
-1.0002735103532268 -0.038130099470534425
0.8651383934628034 -0.5035241405897035
0.8087885184147146 -0.589798382907694
0.9302661692561667 0.36960229211607565
-0.6972386636881712 -0.7182334201764307
-0.4288026769215266 0.9045049829961872
0.0969746022680411 0.9962915870943382
-0.3547636900212195 0.9360254933721239
0.28525191638219066 -0.9594958802414357
-0.4208199296117402 0.9082464350833259
-0.9714903658136553 0.24126224141222347
0.6332056022736815 -0.7752752190346498
0.24216976612323607 0.9712645388233925
-0.15933495674552256 -0.9882375076665034
0.7023719674874476 0.7132142870749381
-1.0007251959883412 0.02345382941218641
-0.9238447535632789 -0.385372380060643
0.12147111837607263 -0.9936024191800592
-0.5774289980966383 0.8176654280065365
0.13550070018873675 0.9917865497416075
0.6786569078923116 0.7358164182525737
-0.9875807262821393 -0.16335638670110894
-0.7727770292504751 0.6362520436610088
0.31427719409240207 0.9503845775650017
-1.0003337556617709 -0.03651543897609003
-0.9259087658688149 0.38038658925793933
0.7606913139326399 0.6506533062295418
0.4143673055771603 -0.9112083933265345
-0.18714585536908 0.9833501049057632
-0.19937319296697448 -0.9809441013259387
0.6337287457986148 0.7748476474433633
-0.6536780745708328 -0.7580936451556423
-0.9999715637905028 -0.04536376979899637
-0.1822876216042716 0.9842622734870304
0.982136270292025 0.19341495954778254
0.6259789850994946 -0.7811218280228807
0.711996053751369 -0.7036068642661737
-0.9710826383589735 0.242898146303703
-0.9450127153639316 0.3300787297001867
-0.8656137496009496 -0.5027065112983763
-0.577875288756942 -0.8173500783899644
0.7092403937462808 -0.7063845014428194
-0.9987793767932348 0.06663900128691456
-0.4225291810061037 -0.9074525283442166
-0.9991986124940908 0.06002610090521969
0.8387260220870665 -0.546387829178145
0.08399661202052748 0.9974695830796411
0.47948018955906524 -0.8786920665514187
-0.99973645472161 -0.05027943019432863
-0.5502233414875104 -0.8362148494748933
0.9234682160595422 0.38627380693985286
-0.03864338626241752 -1.0002538121387858
0.8660549977674238 -0.50194595410469
-0.15820750435290457 -0.9884186287026493
-0.40211598084284644 -0.9166808266516735
0.3319951229399769 0.9443411662868826
-0.8269558720199505 0.5640434253953532
0.5228029598783284 -0.8536264201291213
-0.3341840822222912 0.9435687570014413
-0.9856993617064405 0.17434955787588333
-0.12540039296908254 0.9931141633484035
0.22150485467870432 0.976184715796025
-0.3560412454717518 0.9355402885621356
-0.9624932635494297 0.27496857569905697
-0.6101937853295822 0.7935140479822368
-0.7496597990713169 -0.6633333895232117
0.6694476103201272 0.7442048757141215
-0.26508170859579366 0.9652630148140634
-0.661646408004833 0.7511491401674518
-0.05467213327503064 0.9995058568328439
-0.43834520917372444 0.8999191505876757
0.9850131840352448 0.178185373352441
0.5438363994903114 0.8403826334411096
-0.4978544163931957 -0.8684134845094188
0.9604463600299817 0.28203508559248225
-0.8088638644550586 -0.5896950472734434
-0.971651475092177 0.24061257438296205
0.7961514827353722 -0.6067485612164797
0.9047856934516418 -0.4282100523402406
-0.3210345617559114 0.9481233095743348
-0.6779611420209295 0.7364575275667138
-0.5649736618110061 -0.8263206166252073
0.005830435967529673 1.0009830198442073
0.4267493853362564 0.9054755447360946
0.060105174612425226 0.999193859060798
0.053557757948676246 0.9995661891858443
0.990084432538235 -0.1474239344388872
0.9889851267687361 0.15462670865742145
0.9107086646683782 0.415464472726537
0.9719947216948305 -0.23922220005131037
-0.9352575356489957 -0.35678332642062666
0.8168050572832082 0.5786453995294311
0.7987917910955286 -0.6032683270969872
0.9195605810020578 -0.3954862043954982
-0.33204996804150916 0.9443218830058069
-0.2313034024849649 0.9739095111964347
0.5896326847837944 0.8089093255950599
-0.12743873155953309 0.9928546568851341
-1.0009885851003206 -0.004780428731620838
0.743669871772607 0.6700418806445716
0.5417528607242212 0.8417272942569478
-0.8388356320434411 -0.5462195368295432
0.7387889482710841 0.6754197879189693
-0.14217241349367188 0.9908521609409672
-0.9765994736162568 -0.2196689967484036
-0.6653885762253542 -0.7478362405157937
0.5527039146807547 -0.8345773677116873
0.40114437044640294 0.9171064246090302
0.8377355318250762 -0.5479052643639745
-0.9877981152517734 -0.16203667333367536
0.08602013231876676 -0.9972971156259612
0.9546007389574737 -0.30122820117287363
-0.25460816229885286 0.9680783458433523
-1.0007362538874622 0.022977165954244184
0.6393278634105267 -0.7702343040055609
0.6409902377762913 0.7688514258785591
-0.10341447820390573 -0.9956437343235852
-0.1085827001091195 0.9950933610656907
-0.6019975894907096 0.7997498998107941
-0.09607556896546943 0.9963786855648615
-0.9836184582648201 0.18573025752617292
0.2815835463393606 -0.9605788392583656
0.20950177871175868 0.9788309377602494
-0.509913060958207 -0.8613882227336475
-1.0007156180811092 -0.023858996805054548
-0.8573453574621099 -0.5166816602494876
0.7223084341702031 0.6930162522817119
0.4533660052305997 -0.8924462254395207
0.770147701515116 0.6394321839342962
-0.8755818079777045 -0.48513657617056055
0.11093254953447049 -0.9948341416808041
0.7799973894858504 0.6273795281926712
0.9994474270543511 0.0557300686742602
0.8931313540264665 -0.4520148055704045
-0.6666747400014386 0.746689889474884
0.6806106249405904 -0.7340096574419024
0.0528917547434114 0.9996016517994369
-0.08229212590456775 0.9976116509013448
0.8414972923365662 -0.5421100506264642
0.7325763418487787 0.6821531377656056
0.9378678191835929 -0.349864193280495
0.3035753644643957 0.9538569065065835
-0.7088952462224888 -0.7067308751449571
0.9258028063321906 -0.38064440595842275
-0.5049030565668704 -0.8643343701770928
0.9976216354745499 -0.08217099508393695
-0.9019982960184206 0.4340507735045124
0.9170700281965765 0.40122757056754005
-0.3002570012718356 0.9549066620289361
0.7276278173417017 -0.6874290941112045
0.9998774909913568 -0.047392014188355695
-0.2552917055187822 -0.9678983134055515
0.4998663473805897 0.8672569600507036
-0.8034119613283699 -0.5971015159874422
0.5833232039202436 -0.813470982745065
-0.861846393254292 -0.5091382861606149
-0.9968809482673483 0.0907159025837947
0.973990332644843 -0.23096283665210723
0.004390591462285051 -1.0009903709360102
0.6813541858610892 -0.7333194893152455
-0.48983344600495676 0.8729628830453842
1.0009989891102258 0.0014226033551798167
0.9289481513893905 0.3729025771300516
0.9083399403534105 0.42061806042865385
-0.7124046899574357 -0.7031931155284799
-0.9307314391981826 0.3684290814906986
0.4952094443952543 0.8699244830338687
0.45810301998827563 -0.8900239452271054
-0.9780223524687524 0.2132446437111315
0.9741392639312482 0.23033387607446276
0.23808437640369695 0.9722740507246209
0.9922140305265981 -0.1323341136146046
-0.7212313795342252 -0.6941370881714637
0.8655383948520143 -0.5028362427639823
-0.968976846048312 -0.25116701977422484
-0.8189392815293406 0.5756209283618928
0.11055755913851283 -0.9948758847802747
-0.7789607444726537 0.6286661741899345
-0.7857177862651467 -0.6202004194988885
-0.9969557367783716 0.08989026034390175
0.9353583075025214 -0.3565190550111152
0.607785102849443 -0.7953604646663625
0.4842817729372401 0.8760548866371122
0.5677551640100157 -0.8244119563300621
-0.23971688477007794 0.9718728389846736
0.07325180919398024 0.9983161685807802
0.21812540987534287 0.9769453953864125
1.000816755951853 -0.01915257178576258
0.6911117932776101 0.7241308508775234
-0.8759234572969709 -0.4845194495135584
-0.7040559583527554 -0.7115519710519979
0.09590106638757019 -0.9963954965101592
-0.9942577047459966 -0.11598541526081056
0.8967231170109277 0.4448467729659349
-0.23427378244559774 0.973199257530868
-0.9985779875647087 0.06959168593457536
-0.3940559468177599 0.9201743915028058
0.919372586957592 0.3959230308417341
-0.8204739442021222 -0.5734313445264507
-0.5503712357905856 -0.8361175173469
0.9647606351166789 -0.2669043216758816
0.77822108653885 0.6295815598207208
-0.917321348903438 0.4006526461237676
0.88629180292022 0.4652825379018923
-0.2049942553400716 -0.9797848515248486
-0.8346853060219883 0.5525408943336046
-0.19526828350556172 -0.9817694726649386
-0.9585128485551766 -0.2885378989918675
-0.9086706461240788 -0.4199031517772273
-0.17597898074290655 -0.9854097616406526
0.12667169523272412 -0.9929528093655146
-0.5297005968996242 -0.8493634543846244
0.9641917527283257 0.26895215926011695
-0.10687832401850404 -0.9952778626368597
-0.11972814924523838 -0.9938139515413889
-0.7202429201237424 0.6951626687413706
1.0001983644761199 0.0400528613122072
-0.3158709812424726 0.9498560539412894
-0.6673702368888292 0.7460683393060906
-0.7241688317451555 -0.6910719956190214
0.9040762750169614 -0.42970581675310787
0.3777647897529534 -0.9269815335932572
-0.5887942091519323 0.8095198448890247
-0.999586203471674 0.053182909182226776
0.23595052691184365 -0.9727940937577815
0.986992647887671 -0.16687274497557614
-0.5298028666838965 0.8492996658739043
0.8439714082690757 0.538250185345359
-0.923878194857131 0.38529220218884414
0.9581160864422908 0.2898526606752277
0.9004383492293904 -0.4372776912181211
0.7316854983989024 -0.6831085795338467
0.6884394760197535 0.726671925876903
-0.9876933214928612 0.16267422253817512
-1.0008847322151853 0.015190550303953061
-0.8335810383812708 0.5542054244151732
-0.11211937492692838 -0.9947010836256261
-0.5780907552149739 0.8171976986843398
-0.5055443257535047 -0.8639594519990127
-0.5762587037412444 -0.8184906269240111
0.3207562374140874 -0.9482175046686059
0.09476218924919436 -0.9965044543245654
0.14755677149024501 0.9900646439437052
1.0003017046056994 0.03738314811425292
0.2878546636330617 -0.9587182550805512
0.36392460690454137 -0.9325019466410647
0.7162777357875548 -0.6992475993630966
0.22114382516409584 0.9762665663597171
-0.46702866951311817 -0.8853729281228372
0.8905677690432983 -0.4570449088888776
0.8368024423341629 0.5493292933237585
0.9910822906999163 0.14055921549655367
0.3605011903653858 0.933830761832753
-0.6236522596348434 0.7829807526704305
-0.11838326902777911 -0.9939750508007213
0.6292582068558519 -0.7784825682727636
-0.6699669095475227 -0.7437374134137272
0.9737835786003547 -0.2318330046569875
0.9983408193833783 0.07291507630747605
-0.7599262904692058 -0.6515466468747364
0.04213028253221442 1.0001130132608793
0.4122924718320168 -0.9121490654880077
-0.6856319036908533 0.7293215289851634
-0.9232492923751864 0.3867967736793023
0.42303427546460387 -0.9072171745409903
-0.9416270493904628 -0.33961669549097684
0.09540005332990968 0.9964435908894443
0.6038111061873412 -0.7983815804769167
0.6021867032893999 0.7996075127094818
0.36782038661349986 -0.9309721602666191
0.00921128514955973 1.0009576175972155
-0.054856185558407794 -0.9994957723302194
-0.7987805281301046 -0.6032832401784349
-0.9707975426637122 -0.24403510230722544
0.6485810709974082 0.7624589132168729
-0.4258382059312769 0.9059044223146454
0.11196344595425596 0.9947186470404827
-0.8387653698292363 0.5463274241471174
-0.40336335181234007 0.9161326358201166
0.22139221554164512 0.9762102677689688
0.9487598274933063 -0.319148538669491
-0.4865207455587666 0.874813445336171
0.11481340187965591 0.994393726221571
0.7741982094841614 -0.6345219715908335
0.5519039003214635 -0.8351066308022922
0.7266335409574085 0.688479990381491
0.9257233777674568 -0.3808375347242055
0.9812836706404819 0.19769511307653004
-0.7954884449589212 -0.6076175885677086
0.4000227925327365 0.9175961886659684
-0.4347728970170884 -0.9016504466917145
0.5259506756594369 -0.8516906050752127
-0.30899796998907053 0.9521140974392899
0.7943808454244015 -0.6090649164274801
0.4180830761424455 -0.9095095059664139
0.11817103373485499 -0.9940003052243173
0.5235818505378226 -0.8531489001266949
-0.8775014417362595 0.4816557066523617
0.7228259093481191 0.6924765012439518
-0.9986892217110868 -0.06797674924636891
0.9666921439430517 -0.2598216673774268
0.13490549248542538 -0.9918676867895561
0.8672507496696027 -0.4998771220985334
-0.6810293206867946 -0.7336211995061778
0.3754982583610649 0.9279019657096362
-0.06198344278689066 0.9990791023839325
0.4250284689118977 0.9062846134710707
0.978946427666819 0.2089614599833508
-0.3688867041113275 0.9305501595990846
-0.4444401324542717 -0.8969247285385934
0.9561281300081115 -0.2963443925691727
-0.9830390049460862 0.18877318335666424
0.9893948662615197 -0.1519828892189826
-0.9790695745192995 -0.20838370437872009
0.2752926689977508 0.962400616373501
-0.07746166134528996 -0.9979983421938273
-0.39394908780503274 -0.9202201455182246
-0.9585201178200661 -0.2885137496449809
-0.7467404501032089 0.6666181066995234
0.9783147492765678 -0.21189915372159038
-0.802019925651775 -0.5989699815996801
0.7546295663952868 -0.6576740967394578
0.9916334693524868 0.1366164794596565
0.026486452127397003 1.0006495229867964
0.5137710600647201 0.8590927178366569
-0.3802313988379862 -0.9259725067936457
-0.047045327054757904 0.9998938629686207
-0.5958798370248054 0.80431848159003
-0.5728142656499409 -0.8209048769911889
0.10325530714782724 -0.9956602540755596
-0.5040635919505907 -0.864824199054275
0.6247146361460035 -0.7821333795363592
0.8590062257019778 0.5139156586495907
-0.11020779506746599 -0.9949146907681922
0.9984958340639478 0.07076064836433672
-0.7374094488015293 0.676925627242923
0.45814862818123236 0.8900004688176602
0.9593626583222772 0.28569964966169215
-0.9991226395305814 0.06127765642910829
0.8474772880367814 -0.5327130993901148
-0.40274151949215753 -0.9164061700344166
-0.31635873479667387 -0.9496937142667882
0.4900335243685322 0.8728505857218377
0.1693760593753412 0.9865661409710355
1.000999471348541 -0.0010287662228729527
0.5856838716362587 -0.8117729993693817
0.7315158421539408 0.6832902550730625
0.3022310768346463 0.9542836979616545
0.9440262835019168 0.3328894351846549
-0.034510874765522365 -1.000404917782254
-0.9953696869925237 -0.10601974446491269
0.9312818966005793 -0.36703546022697586
0.5478624705238762 0.8377635187757192
0.9025537501469556 -0.43289459236131256
0.5014688284535663 -0.866331353518622
-0.5104911976876759 -0.8610457229923404
0.9987437761037636 0.06717045253677728
0.9232848805557669 0.3867118169090819
0.425497379173557 0.90606455637357
0.7878691645002197 0.6174651242213812
0.5732682787483201 0.8205878871765889
0.6959464726242233 0.7194855851522678
-0.8753588020899659 0.48553884252819557
0.8003766296612286 0.6011640796755345
0.35312494012222506 0.9366449576353224
0.3986076606068073 -0.9182118126584783
0.8298792824757482 0.559733308386715
0.07952280337553719 0.9978362209016547
-0.5474465347194553 0.8380353761170588
0.8984662153463847 0.44131560122110314
-0.9933876035819011 0.12321553899491616
-0.5859000220978424 0.8116170058012262
-0.46924953850419393 -0.8841978684737941
-0.09118166991118105 0.996838453849072
-0.8149324275609889 0.58127974204298
0.5776108408559448 0.8175369817480359
-0.8775491151211859 -0.48156884300172875
0.9935505178951145 -0.12189490715509692
0.9731513034814939 0.234472899355702
0.9762415039683755 0.2212544370844671
0.1905483078225377 -0.9826964650317856
-0.8233324642508588 -0.56931946507265
-0.8953440380420864 -0.44761596658574526
1.0009840551034768 0.0056499051850475756
-0.07043456738000797 -0.9985188890141193
-0.8560692748073881 0.51879321191661
0.9606405247657767 -0.2813730302956081
-0.820058348442998 -0.5740255265656244
-0.6733117215536396 0.7407106895532656
-0.9626608922583669 -0.274381133674174
1.0002288975465552 -0.039282979937917316
0.9993297495737603 0.057801830566561976
-0.6514457601511083 -0.7600127772486095
-0.4235216139903071 0.9069897697786041
1.000962589091043 0.008654203611873017
1.0009199603714025 -0.01265831466309432
0.9496082333216637 -0.31661522895734
-0.9898717872941069 0.14884503592384377
-0.17393106804339356 0.9857732921769002
0.9965861351800765 0.09389928203579734
0.2971593110097729 -0.9558751717040239
0.03393511745381368 1.0004246137532782
-0.37397211713172424 0.928518096543097
-0.0339318320961428 -1.0004247251895562
-1.0006953461348937 -0.024694619332257486
-0.010290985679164673 -1.0009470993083258
-0.799355174749163 -0.602521621688164
-0.8691243322287813 0.49661241942572776
-0.6098287109812155 0.7937946480438055
0.00697432155844296 -1.000975703420817
0.9667292898653185 0.25968342287581025
0.6978018230553582 0.7176862934044501
0.530192070865666 -0.8490567519260279
-0.6648558827924931 -0.7483098657081937
-0.2698847707574796 0.9639311233242667
0.7176272548569158 -0.6978625388187327
-0.8721360474781775 0.49130409594175195
0.6034219719404855 0.7986757313074286
0.07265966560118596 -0.9983594407800849
-1.0004954523956433 0.03177813297909708
0.6170857108895991 -0.7881663691225845
0.05671559571490822 0.999391985760694
0.581601411954179 0.814702889164452
0.38865433711441494 0.922468864646474
-0.5394661184872482 0.84319470290337
0.7273493232146947 0.6877237541477867
-0.7582403872838847 -0.6535078538866879
0.37144538527692905 0.9295317777012648
-0.6485026551640419 -0.7625256102224947
-0.02735971106510017 -1.0006260271502208
-0.9271448592783522 -0.37736376338186517
0.8599802923550112 -0.5122840001024719
-0.9754327016330492 -0.22479333750102795
0.02989372089205827 1.0005535295281445
0.18895847581152145 -0.9830034050902299
-0.9296595664586217 -0.37112543767837775
0.3261287517923992 -0.9463831344938115
-0.9511356262637344 0.3119968276311376
0.7284362881647621 -0.6865723371100408
-0.39307642805109455 -0.9205932444411009
-0.1446015684803529 -0.9905005736459832
0.302940374300122 0.9540587663340776
0.6086907902380243 0.7946675543140097
-0.9543467898821423 0.3020317940907054
-0.9633348895006366 0.27200531368117836
-0.02782761069550354 1.0006131240809204
0.7742279804989443 -0.6344856453951707
0.5200233451671612 -0.855322582702664
-0.995288372211817 -0.10678041084371055
-0.12985094369443337 -0.9925420557445741
-0.7992613671552622 -0.6026460544740181
0.5190800862967208 -0.8558953580959467
-0.3526781132106123 -0.9368132943453581
0.4609901715751293 -0.8885319699994665
-0.9964344785981821 0.09549518239560079
-0.9986508270509411 -0.06853849743371418
-0.8211909003337263 0.5724041449964211
-0.9572625208336722 -0.2926593005649459
-0.9942396738386443 -0.11613987672296872
-0.3969861431027794 0.9189140341644476
1.0009341312144846 0.011483247358856603
-0.03257056655618693 -1.000469968661833
-0.7882480276185732 -0.6169813991972766
-0.992953311878368 -0.12666775607778133
0.6969347751477636 0.7185283008968653
0.6248778244895704 0.7820030079617224
-0.5245720367361606 -0.8525404261819355
0.06878474450346787 -0.9986338963421943
-0.8798884864639104 0.4772811031124625
-0.5150954207810766 -0.8582993111324078
0.27026278304741785 -0.9638252061963645
-0.8967852566580379 0.44472148974473585
-0.4531004275965038 -0.8925810901603648
-0.6737579101917708 -0.7403048550793233
-1.0006752209109073 0.025497102872811
0.8925528301216165 -0.4531560939035168
-0.8108227797458504 -0.5869986540403753
-0.9828284766030996 0.18986623074688805
-0.7005275896180572 0.7150259409167717
-0.5115649483795207 -0.8604082191549883
-0.995637295803363 0.10347644758768303
-0.8193034324643095 0.57510250003995
-0.9710354811232129 -0.243086598560699
0.8373734740157168 -0.5484584442005151
0.9894655488201833 -0.15152203700443495
-0.8754002062394763 0.48546418911788153
0.9608279549551716 0.2807323297674544
-0.4258401233557441 -0.9059035209890536
0.43362633074236545 0.9022024192424407
0.6396285649344615 0.7699846095344254
0.6088540902019367 0.7945424449608541
0.46392569123990796 0.8870027919953655
-0.9824843933710327 0.19163876638705976
0.9410383331651893 0.34124456847499
0.5253126512128151 -0.8520842789746582
0.09085290389056543 0.9968684716925558
-0.7721713586249117 -0.6369869644815018
-0.5019554519260675 0.8660494929746783
-0.28689492933545757 0.9590058912861813
-0.9771794286896379 -0.21707455895565703
-0.7467319438878715 0.6666276351738208
-0.7826229299881718 0.6241012333401762
0.09935065470260294 0.9960574518621725
0.7053401633756265 -0.7102789972463247
0.6380538334911902 -0.771290026881715
-0.6871400051440205 0.7279008265764475
-0.09798760188485278 -0.9961924662819206
