1000
-0.6426465964476211 -0.7674674925195779
-0.6853330408307218 0.7296023733142022
-0.9847494879817866 0.1796369837188578
0.5247154934884101 -0.8524521399428909
0.9994619255357027 0.055469445683777395
0.006917955306427151 -1.0009760945668873
-0.05246451546882024 0.9996241666829698
0.8997783735277187 -0.4386341055273894
0.5143063556868279 0.8587723636098998
0.8910187226224207 -0.4561651410797516
-0.903919912919225 -0.43003463933513636
-0.9982603837394736 0.07400814993174058
0.9869597418948357 0.16706725555559743
-0.1808754565018279 0.9845227621722391
0.7653364684635127 0.6451829895772196
0.9552249978918537 0.2992427165404502
0.5078192876185695 -0.8626242351815584
0.6673475373785306 0.7460886437648081
0.9557472761475979 0.29757040198320667
-0.1404417374069164 0.9910989448052736
0.7980411637428929 -0.6042609543664801
0.970572553426526 0.24492839470978722
0.992127164152011 0.1329837965757056
-0.5010608158481185 -0.8665674000455001
0.716047471951669 -0.6994833935924596
0.8047863536780914 0.5952477844843456
-0.2611092151198941 -0.9663451649278704
0.9981491987122263 0.07549289443477762
-0.9815264288259004 -0.19648630872474232
-0.2647812540592174 -0.9653454757229809
0.40155088670825034 0.9169285061463722
0.3141917644213339 0.9504128235508026
-0.041717584636675166 -1.000130313075292
0.8136030051505677 -0.5831390486067326
0.9999895210113549 -0.04496618582314107
0.9459870873328661 -0.3272757714825227
-0.8671728022715837 0.5000123308483989
-0.7251614580791538 0.690030332461201
0.8090995992634239 -0.5893715623202113
-0.40897907971351694 -0.9136394870826703
0.9941009588234561 -0.1173212839440711
-0.5595255145232753 0.8300193965188188
-0.174221307790556 -0.985722037854358
0.01830384912750483 -1.0008326379106136
0.3424282418283196 0.9406082602222702
-0.998144854845003 -0.07555030606455376
0.7541451286606146 -0.6582295381684609
0.13984473330084626 -0.9911833587021199
0.3736506543814094 -0.9286475049664132
0.868336257208406 0.4979891007013076
-0.9079939501004257 -0.4213644344045017
0.5632819407865514 -0.827474745949226
0.9045086884333952 0.4287948606834034
0.9973475513449307 -0.0854333765355827
-0.40305887478098235 0.9162666333880594
-0.33243193971322627 -0.9441874842733841
-0.9641160852138695 -0.26922327951327446
0.0678254334561351 0.9986995096506693
0.6807553714677124 -0.7338754146432873
-0.3281980930988085 0.9456674953102204
0.8325492001352125 0.5557542886512149
0.628024962227087 0.7794778039300837
-0.6183224579450577 -0.7871965053281057
-0.675212849260993 0.7389780837026573
0.9911359160496 -0.14018058323648153
0.3132089298853686 -0.9507371699055751
-0.7147637829108342 0.7007950732125575
0.8023369055775043 -0.598545311524796
0.5656405949636465 -0.825864224512221
-0.5564226702513015 0.8321026451288395
0.5902863502229471 0.8084324490892681
0.8007158858842757 0.600712135795973
0.9549449525901078 -0.3001351987399626
0.9998850189071907 -0.04723292246904626
0.9765253830199307 0.21999812798698437
-0.8659746426293544 0.5020845728788746
-0.9555831813153518 0.2980969365612997
0.16318153468995414 0.9876096327680443
0.9050268297161154 0.42770017242689723
0.14672860949716549 -0.9901877171299532
0.10906353591889584 0.9950407756131744
0.5017143447798234 0.8661891919448963
0.8469300606669049 0.5335826761981246
0.6175290799112263 -0.7878190372566497
0.636031346063334 -0.7729586837760887
-0.9529311322718823 0.30646901498687973
-0.07658680200968776 0.9980658604310283
0.43967668076632516 0.899269379213096
0.16960856790078205 0.9865261951386014
0.7490187511604129 -0.6640571589931813
-0.9760374186322847 -0.2221530045478254
0.3259728527660581 0.9464368437775221
1.0009949198670811 -0.0031891065042861655
-0.7354393192189093 -0.6790655400967034
-0.9709161276037241 -0.2435628731128552
0.6479737469478424 0.7629751131369709
0.5486610434323944 -0.8372407416147857
0.9383419583299855 -0.3485905466839971
-0.9694223995444753 -0.2494417993469252
0.7696847568780806 -0.6399893554032989
-0.5949462393058331 0.8050092995337671
-0.8612446305987055 0.5101555510478145
-0.5449708785382257 -0.839647391197802
-1.0009750907441948 0.007061707275934845
-0.5533620091023209 0.8341411672386413
0.6696757921127073 -0.743999552055119
0.9495467097249154 0.31679969389282436
0.7373220636207157 -0.6770208080244574
-0.24059227466655042 0.9716565017385389
0.6438785107953661 -0.7664342524547958
-0.6955618919443871 -0.7198573848164266
-0.627252318021156 -0.780099692050373
-0.952286447514628 0.30846640316243457
0.7968692023526958 0.6058056407312318
-0.6153246559604691 -0.7895419987354252
-0.5426062349248666 0.8411774330191345
0.9910489812343104 -0.14079388052907477
0.7663890272334887 0.6439323403402775
0.14364390491951776 0.9906399086345515
-0.8530899242268243 0.5236779365055121
-0.5735549482942395 0.8203875433520381
0.9806187702043977 0.20096722997248742
0.07213541087286125 0.9983974571773525
-0.9721277165293526 -0.23868117386050086
0.6692711759927742 0.7443635489364381
-1.0003332480412843 -0.03652934249578534
0.991965519651119 -0.13418423090395318
0.8546955830162197 0.5210532222072561
-0.18868291028955284 0.9830563358041413
0.46617465335516545 0.8858228900684331
-0.01584191610132506 1.0008746343544923
-0.6208242457585251 0.7852249715071207
-0.832605766837655 -0.5556695394105031
-0.6300198980272403 0.7778662661985964
1.0004145032188663 -0.03423188205969561
-0.45736726208917106 -0.8904022616598947
-0.04958594928143087 -0.999771090617177
0.9804309405061761 0.20188157642086824
-0.8021081929424251 -0.5988517736590896
0.652021903923967 -0.7595185559309037
-0.902995384273144 -0.43197261022129274
0.1751957596256376 0.9855493117085496
0.8757997418411301 -0.48474303727955687
0.1937042264589287 0.982079259862435
-0.951704557884084 0.3102570458549818
0.9984619744212486 -0.07123682779870119
-0.5442106380502658 0.840140334368564
-0.9846605639691606 0.18012377345573982
0.8591422225401788 0.5136882726408322
-0.2413478215133784 0.9714691086446067
-0.0021131256220675567 1.0009977695779873
0.9983122642876733 0.07330499964408153
0.6317872506284886 0.7764314972637929
-1.0005482924690483 -0.030068495760048893
-0.26093867133615445 -0.9663912301968196
-0.8612893757227561 0.5100800047709233
0.9287175353420764 -0.3734765582310878
-0.2447139782146382 -0.9706266372124586
0.7877882229677473 0.6175683895353767
-0.6697281373473417 -0.7439524326496018
-0.7335308738187591 -0.6811266087554411
-0.04221240286196722 1.000109550521651
0.3188413159035887 0.9488631172476186
-0.03129446821333748 -1.0005106977235398
0.8088456646563774 -0.589720010485131
0.009776282850604454 -1.0009522587484505
-0.9093362358772824 0.41845980705503305
-0.38163788892531814 -0.9253937117446965
-0.06806928424416404 -0.9986829189199579
0.8393560015460086 -0.5454195657186279
-0.23384558884070017 0.9733022349608298
0.7943182855302238 -0.6091465023065682
-1.000999998703861 -5.093987145588707E-05
-0.7856951966690168 0.6202290366721274
0.7866355194006459 -0.6190359921824223
0.9188623246957514 0.3971058149344071
0.9615372459865098 -0.27829323488126323
0.9900045781680167 -0.14795923494789867
0.5692908770700216 0.8233522316025175
0.0658814098426293 0.9988296350415058
0.9335167303861441 0.36131359521773176
0.8717442550445579 -0.4919989367842261
-0.41248062048767364 0.9120639986986131
-0.0680709923320647 -0.9986828024968327
0.4242300257839265 -0.9066586376489053
-0.49422943051194923 -0.8704816310616982
-0.5009463985942499 0.8666335475478957
-0.9833174477724148 -0.18731736947316005
-0.7043654515754058 -0.7112456049965966
-0.7854281890065725 -0.6205671276452337
0.9380513360306548 0.3493718520017084
0.9288664776555741 -0.37310597246322236
-1.0003101489301167 0.037156506124871355
0.7827822778424187 -0.623901358786655
0.8681744440359 -0.4982711457860628
0.7762917549786331 0.6319589473630339
-0.9194763092266616 -0.39568209053597136
0.9745245879842954 -0.22869811414622349
0.6842921438016171 0.7305787171355234
-0.23701967768596408 -0.9725341497292739
0.5969064431045233 0.803556904133308
0.20406034904652248 0.97997978241748
0.974399656862854 -0.22922981635370318
-0.8684203223250282 -0.49784248891882876
0.3267546174971324 -0.9461672262049149
-0.9452010130185616 0.3295391402985159
-0.9384460971455792 -0.3483100956794534
-0.3089510010187309 0.9521293394122062
0.8917851462826942 0.45466498971171476
0.9855831961018878 -0.17500503867485606
-0.29127763428176995 -0.9576838412373968
0.21979032913807828 0.976572174095379
0.8893891878157117 0.45933416223541285
-0.9755198252270803 0.22441495179449758
-0.9565879250281071 0.2948568155739671
-0.6652940783063129 -0.7479203095053333
0.7022632559736536 0.713321329632924
-0.511747944653377 -0.8602993904118752
0.7585789747913099 -0.6531147977228546
0.9962490133797908 0.09741100214962123
-0.8826860703317695 -0.47208717546895757
0.483293151499937 -0.8766006671873224
-0.9227626220948563 -0.3879563677330551
0.5974445556550574 -0.80315689807044
-0.8813175562274803 0.4746370877683517
-0.9911028282887788 -0.14041432889126218
-0.5086517342671699 0.8621336400042632
0.7768151497768441 0.6313154703293586
0.8980668005859748 0.44212783409922396
-0.2842285780303776 0.9597995183530931
0.9020997256856121 0.43383993006400784
0.45383052899305104 -0.8922100935059452
-0.6965184214013035 -0.7189319082142872
-0.6310144762404754 0.7770596700221667
0.16221618832461362 0.9877686511756857
0.29644329030831834 -0.9560974718255342
-0.09262152696191264 0.9967057001659234
-0.43670926449969516 -0.9007141712553075
-0.995615527029593 -0.1036856901292838
-0.7062242294788905 -0.7093999842803405
-0.6395799920804796 0.7700249565633142
-0.9583449891318601 0.28909493562816874
-0.22268722517240966 -0.97591567245588
-0.9995543179572854 -0.05377885693231075
-0.7108033435858481 0.7048117527022225
-0.9549573720142895 -0.30009568080124316
-0.8913435805079939 -0.4555300445494119
0.26822317356528896 -0.9643947994273739
0.1578931775511982 0.9884688889807234
-0.9777841685608646 0.2143341310004984
-1.0000354252154948 -0.043933453245385494
0.36095252005035633 0.9336564026821094
-0.06317325181379338 -0.9990045746918635
0.28835957955937075 0.9585665093650743
-0.8420884273297425 -0.5411913529957041
0.6861081193125009 -0.7288735477526009
-0.5271426339999555 -0.8509533732347436
-0.32879734043095016 0.9454593110893424
0.46505032167982485 -0.8864136722239179
0.9760282964175727 0.22219307953266873
-0.7859731766063297 0.6198767342426681
-0.8458103998317017 0.5353557392393742
0.9475061112564683 -0.3228516209215078
-0.9646635231267475 0.2672550975167565
-0.21837973757433496 0.9768885761523494
-0.7702605915309567 -0.6392961920224308
-0.3598420936572579 0.9340849359840684
0.997654083334132 -0.08177609679321343
0.8829132430238815 -0.4716621728451968
1.0000196031576623 -0.04429213587525258
-0.19970167737574784 -0.9808772808324764
-0.13842775166111335 0.991382245942527
0.37123016479954624 -0.9296177519512532
0.06629462588717168 0.998802294039456
-0.829532742498735 0.5602467573511938
-0.19447835075082295 0.9819262554231045
-0.5311834636710747 -0.8484368732689546
0.4693836120353106 0.8841267017530264
0.9567905239636262 -0.29419873088341114
-0.7436091127564998 -0.6701093100573153
-0.9985944589756246 0.06935493135444373
0.6369324480594811 -0.7722163275980095
-0.24499383624109192 0.9705560366119377
0.3500673146285243 -0.9377920213079091
-0.18445082723733783 -0.9838591831819541
0.5735152312546113 0.8204153091690632
-0.30858967863926884 -0.9522465070754068
-0.6809120178489856 0.7337300756741696
0.9417443786900659 0.3392912100330067
-0.5428977229450939 -0.8409893354978005
0.001133858110533889 1.0009993578248615
-0.8980827616696326 -0.44209541186473056
-0.3952590214174634 0.9196582549991651
0.16102893345693226 -0.9879628953506923
-0.9631666298410073 -0.27260051936985763
0.9982721897365292 -0.0738487318688345
0.5346613365740603 0.8462495229971119
0.5455574716138164 -0.839266373189311
0.7151545138954603 0.700396331554462
0.891717506912796 -0.4547976339705688
0.059543500961098575 -0.9992274873587574
-0.7806125217563868 -0.6266139887340008
0.9906834757521681 0.1433431228612079
-0.40381242633508824 -0.915934781705209
0.4030773287548958 0.9162585154004396
0.23288268548818664 0.9735330784312417
-0.09657196984793012 0.9963306954218014
0.3026863907302329 -0.9541393760173117
0.99654381236698 0.09434739017633374
0.24039543174844583 0.9717052209361018
0.712695937316649 0.7028979306644335
0.5822709432115657 -0.8142245075478346
0.5288052478433887 -0.8499211786120477
0.9088398801428538 0.41953673529492386
-0.9966280949900399 -0.0934528773046823
-0.651592050586861 -0.759887359818552
-1.0006779849625296 -0.02538839127103622
-0.49190229804146596 0.8717987893898023
-0.5260080339951132 0.8516551814981201
0.9820948377761264 -0.19362522979582
0.9739524940925037 0.2311223469312121
-0.6725655276536328 0.741388299753908
-0.7418841657478559 -0.6720185150816961
-0.5173114774706993 0.8569654807966783
0.8682725562302804 -0.4981001587003707
-0.6243874575152372 -0.7823945953913907
0.3898524770366988 0.9219631479339888
-0.46099693453996715 0.8885284611900471
-0.7813137145551707 -0.6257394661102983
-0.5778024219063 -0.8174015911650857
0.9797510376965118 0.20515580453062543
0.9860433359737959 -0.17239356015138113
-0.9751618159197654 0.22596555660557138
-0.7595568202112413 0.6519773284943182
0.38438742269461806 -0.9242550022987104
0.8750652169636929 -0.48606775871300617
0.9987580939439035 0.06695722352025242
0.8028420894733072 0.5978675266061323
-0.3456089056165522 0.9394442422829197
-0.4451047593955993 0.8965950887459655
0.09693151139469354 0.9962957804280516
0.014693845795700508 1.000892147484299
-0.996224163105199 -0.09766481887223236
0.7255656066568417 0.6896053584744606
-0.1864133388127461 0.9834892308066644
0.4131847424925327 -0.9117452322723599
0.5382477518408901 0.8439729602530093
-1.0007025395328126 0.024401380546595026
-0.15897085789069842 -0.9882961430368407
-0.02267477852112172 1.0007431510727507
0.8905073694315486 -0.4571625804766869
-0.8025403577753896 -0.5982724915469119
0.967599179389662 -0.25642314256800747
0.9747432798938905 -0.22776421646452868
-0.12531758729616424 0.9931246157025151
0.23088233101869876 -0.9740094194736373
-0.06242894841600087 0.9990513632439888
0.9696385674082569 0.24860017818670846
0.4901331954797886 -0.8727946211387714
-0.7441518939723222 -0.6695065038499668
0.3450768990810377 0.9396397893451592
-0.9876112888228008 -0.1631715115752941
-1.0005845313704966 -0.028837399017313282
0.9127328444721217 -0.41099848493860613
0.4220921683000864 -0.9076558827329505
-0.9847825527008774 0.17945563210984347
0.2689363496986526 -0.9641961625160951
-0.009116988968131665 1.000958480913247
-0.45185159618235127 -0.8932139357552933
-0.5108369489276312 0.8608406424015472
-0.6469277154942752 -0.7638622460400555
-0.9337305422135844 -0.36076068873635014
-1.0009786601485475 0.006536201283532982
-0.9465844483574394 0.32554397879217817
0.5076954546644981 -0.862697122583012
-0.9958171416414725 -0.10173111821368835
0.5583110968484125 -0.8308367584164308
-0.5253088785329456 -0.852086604832196
0.4795332933920483 0.8786630870410886
-0.7058134661967794 -0.7098086720626113
0.7330243528344907 0.6816716938171749
0.7735776608350212 0.6352783662749873
0.8420669491922047 0.5412247713086801
0.9994527198876275 0.05563506726178522
-0.6648009416251071 0.7483586760467008
0.965378556530856 -0.26466061775489164
0.8037085403677626 0.596702255852884
0.7755391177726753 -0.6328823562119428
-1.0002710012265439 -0.038195865028131604
-0.7541265784638478 -0.6582507908498173
0.8829298059066453 -0.47163116716524744
-0.47408382185007775 0.8816152958405518
0.8421198648394357 -0.5411424334154645
-0.7266348952210411 0.6884785610657072
-0.15202770544070343 -0.9893879809146838
-0.10138674424657336 0.9958522621810325
0.957558017436955 -0.2916910064472473
-0.9929556360414835 0.12664953554377045
0.9945167274628052 -0.11374303845366755
0.14510458812811416 0.9904270081657559
0.9478075426384915 0.32196562257108136
0.8366038733565715 -0.5496316576442642
0.009418531072075015 -1.0009556889655227
0.951785297416679 -0.31000927021855934
0.5011561409927844 0.8665122747804676
-0.5155317813444298 0.8580372849846556
0.9654029435794711 -0.26457164724908183
-0.9598970735979238 -0.28389893993839094
0.6153977381023492 0.7894850371846907
0.9219005124078197 -0.3900005707972741
0.30463600772944227 0.9535186955664096
-0.9761190713998367 -0.22179395494359308
-0.06248526266201211 0.9990478426732422
0.7981223356121071 0.6041537365580677
0.7881138880294346 -0.6171527359536924
-0.9983663304510406 0.07256493796402906
0.9964605173391594 0.09522309270431574
-0.8874526163038271 0.46306463243859636
-0.903596032306382 0.43071476687033144
-0.9827868907825316 -0.1900813702233975
0.41175831042851174 -0.9123903187742938
0.9000481521172936 0.4380802710351666
-0.23555624931749047 0.9728896409189874
-0.10675972192348464 -0.9952905916237831
0.8567857087944825 0.5176091664620481
-0.3432938908500078 -0.9402926696008339
0.998102655863088 0.07610577086561876
0.06769509847940021 0.9987083526444867
0.4437374234053337 -0.897272589055074
-0.9606272013192926 0.2814185141128128
0.754734180691147 -0.657554040742252
-0.40863313326240674 -0.9137942669989498
0.2575335609611588 0.967304225659469
-0.7402551341241456 -0.6738125380273382
0.16163853800302805 -0.987863342285887
0.6442702028839539 -0.7661050226149604
0.9052081253027832 0.4273163346817214
0.972890448367815 -0.23555291438373638
0.24444786214854794 -0.9706936914861477
0.7776211059576634 0.6303224695099965
-0.9912378145544601 -0.13945821954011076
0.26510540754090633 0.9652565062679298
-0.5274035631134437 0.8507916793288729
-0.9985005063437844 0.07069468743269258
0.9994077357570098 0.05643737865144666
-0.8677024113132649 -0.4990927022118694
-0.46766927531880464 0.8850347162246146
0.5502149129590286 -0.8362203953249936
0.9652424507917712 -0.26515657862760084
-0.2435911581144569 0.9709090316236932
-0.9461017307325078 0.3269442079391428
0.830011278530144 0.5595375568384624
-0.6057274904505185 0.7969286086673742
0.6569020027795334 0.7553017666762325
0.9650400245340349 -0.26589236741085553
-0.47840985622090265 -0.8792752751389609
-0.9821608651583139 -0.19329002807044213
0.6325030517465464 -0.7758484965064414
-0.5402456970498694 -0.8426954294518872
0.3768757008843573 -0.9273433593243252
-0.08715780171553254 0.9971983341342463
0.5113484131664496 0.8605369256180434
-0.8952844317475958 -0.4477351742608397
0.9905383932935419 -0.1443422717413327
-0.48584510210590104 -0.8751888577671144
0.8925675725370932 0.4531270555321551
0.8206353361347395 0.5732003533556336
-0.605872482991903 -0.7968183822887285
0.08836274847825781 -0.997092284937241
-0.8622347737757063 0.508480279747363
0.23043574685926851 0.974115171101144
0.14413541010025896 -0.9905685153260375
0.5772344627163363 -0.817802772710256
-0.42218345717926886 0.9076134245834845
-0.8460794071688205 0.5349304971347749
-0.9531199305932704 -0.3058813461227726
0.9909296514843168 -0.14163130236346222
0.42637210418731786 0.9056532607852075
-0.4574393095328749 0.8903652498239623
0.09148576918310522 0.9968105908531347
0.9698647642070728 -0.2477162472458337
-0.8839854205147952 -0.4696496314459116
0.11380340105773597 -0.9945098219262051
0.44539910348318357 0.8964489046322587
-0.28235535001686024 -0.9603522563709924
-0.11059624906342146 0.9948715845239031
0.8757134214490031 -0.48489896214993145
-0.18131796586286975 0.9844413620197758
-0.7960430559783563 -0.6068908081596222
-0.1454730893094672 0.9903729500984767
0.890968950838809 0.4562623462890532
-0.9489082233194331 0.31870704999537836
-0.8097941591190003 -0.5884168759109064
-0.9735981464826435 -0.2326105095767619
-0.7989887672586493 0.6030074210111381
0.39852362191842483 0.9182482903730452
0.9028576559279456 -0.4322603996809044
0.42548599799114517 0.9060699010084593
-0.10107080777987346 -0.9958843767299113
-0.6131996319701557 0.7911935359642833
0.4316384122083766 -0.9031551810770015
-0.08418315912208973 -0.9974538564365897
0.9028745199070912 -0.43222517430448154
-0.6471654671668815 -0.7636608266152403
0.878961530660136 -0.47898604115317484
0.6811017735484488 -0.7335539339879227
0.8119183798116526 -0.5854823178576967
-0.956592127612937 0.2948431810114567
0.7319909166947698 -0.6827812957868358
0.09669286763712719 0.9963189696819533
-0.8279142451887785 0.5626357637170739
-0.6972985979438049 -0.7181752330076582
0.9928660374687583 0.12735003588961474
-0.4052092521347794 0.9153176836401516
0.45867230577553947 0.8897306985344217
0.7193264293604312 -0.6961109739284193
-0.5861218888586534 -0.8114567957696605
-1.0008912319613954 0.014756076131553341
-0.17758513103481544 0.9851215768804109
-0.2688066860519406 -0.9642323192746516
0.07864246802572354 0.9979059886696857
-0.2512345903832311 0.9689593286588297
-0.5959604241258761 0.8042587723336971
0.9560285142809308 -0.2966656027951269
-0.34965187270443215 -0.9379469963245705
0.4330562902260046 -0.9024761766914905
0.5817521999830761 -0.8145952232948896
0.8273556616508821 0.5634568387500776
-0.529977155316314 -0.849190917781642
-0.11479408331460096 -0.9943959565665784
0.8868040435970271 -0.46430549023241374
-0.7911159436297689 -0.613299734008405
0.9380099194661523 0.34948303389878954
-0.26326152180845075 0.9657610321063377
-0.15036572900113856 0.9896419289530715
0.9688569879241566 0.25162896683516106
0.606762151549829 -0.7961411253330795
0.9008378860150557 -0.43645401031486186
0.989590925934086 0.1507010262371097
0.11353348007850884 -0.9945406723212795
0.7077964354850402 0.7078313400201147
-0.7063884820520298 -0.7092364291435045
1.0009685722844923 -0.007932042532997929
-0.8436580931642277 0.5387411454850087
0.937876685991001 0.3498404234426565
0.9201431327284348 0.39412893232126717
-0.9969732000964038 0.08969636720367126
0.9130814808175357 0.41022336523905634
-0.14210112969405259 0.9908623864794112
-0.44617511885016103 0.8960629237498027
-0.21139988984177596 -0.9784227545263269
-0.03699901060140078 -1.0003159866834666
-1.0000805730986415 -0.042893441348215315
0.6516757320594122 0.7598155962105734
-0.924850157850806 0.3829532419543399
0.9422789860207071 0.33780365969567006
-0.9991106639506591 0.061472605118647196
-0.8482038713000014 -0.5315554465074087
0.13139182309295971 -0.9923392508735651
0.16845538443571484 0.9867237624860442
-0.7151280229814598 -0.7004233796402206
1.0002952501602949 0.037555459080577225
-0.40112461058081444 0.9171150673641721
-0.7189064932449134 -0.6965446532493815
0.6500087186730085 -0.7612421859362982
0.831674562706339 -0.5570623140612007
0.9538191007753917 0.3036941273650567
-0.7621510842190983 0.6489427746909991
0.8986695385892656 0.4409014180196709
-0.16614886746351767 0.9871147622442846
-0.7721929856667991 -0.6369607467395417
0.013913433746169747 -1.0009033002050653
-0.7132795824675678 -0.7023056579829696
0.4339571638725814 0.9020433359454886
0.9996538850807735 -0.05189518323424287
-0.5607872085985437 0.8291674780599233
-0.8469318373155068 -0.5335798561990321
0.29238339403896485 -0.9573468289445864
0.3240141988478311 0.947109180055287
-0.822931689179382 -0.569898618128145
-0.32775941566593436 -0.945819626272539
0.26981523763507703 0.9639505887440117
-0.7723398209051285 0.6367826953084027
0.9793449312887995 -0.20708574446092756
-0.7450859004725697 0.6684669033818952
-0.9343549138513371 -0.3591404947396778
0.7487414599957325 -0.6643697961854219
0.696337492387397 0.7191071524436619
-0.7500782733348527 -0.6628601540830509
-0.09551963739369429 0.9964321346043479
0.40879705999075666 0.9137209441305992
-0.016667150212423845 1.0008612321914545
-0.9838684272549596 -0.18440151260456683
0.6357262075171837 -0.7732096669570413
0.7621525326492817 0.648941073577783
0.4563124194382097 0.8909433067633694
0.4712289727033303 0.8831445268385939
0.3265504811733573 0.9462376991250395
-0.9590207440699156 -0.286845276139569
-0.0855468720238594 -0.9973378227496105
0.3745061403559688 -0.9283028335816257
-1.0008640301239198 -0.01649827882251633
-0.4660783732755337 -0.8858735519050291
0.6429892727173991 0.7671804189174474
-0.9937296190210054 -0.12042609468203928
-0.07199547869211097 -0.9984075575875283
-0.9169831654211706 0.40142605089128164
0.5512998753976813 0.8355055041030556
-0.08602863834912869 -0.9972963819165268
0.9855481855649747 0.17520209453538524
0.7310889540687443 0.6837469862739212
0.1436075928680144 0.9906451732435053
-0.21099483795839086 0.9785101830614296
0.39287583006469723 -0.9206788702642063
0.23718190016357882 -0.9724945995915834
0.3131327860059884 0.9507622512111679
-0.8703547831190553 -0.49445277985039393
0.5955375370940255 0.8045719619226003
-1.0009127507916553 -0.013216100131340155
0.6209721217044903 -0.7851080333723658
0.7674041283272449 0.6427222602542263
-0.8569828229176698 0.517282747850788
0.5477405342439853 0.83784324735962
0.7474906004804516 0.6657768411362579
0.834378788585582 -0.5530036502216388
0.9932722671422678 -0.12414186774033728
0.6154198152438932 -0.78946782772015
-0.4676680177708508 0.8850353807358682
0.6359584940970799 0.7730186244753579
0.1482412769996587 -0.9899623850397097
-0.34452180746141464 -0.9398434572754762
0.1835876083561088 -0.9840206248133644
-0.6129028094817206 -0.791423493541488
-0.7883182743300406 0.6168916423143589
-0.9970199548462954 -0.08917516267599977
-0.6704206700876094 0.7433284100041386
-0.9754484295545865 0.2247250793291458
0.6293501509993834 -0.778408239574231
0.6687764841299048 0.7448080385406989
-0.6402867421665369 0.7694373839408654
0.7196865919015949 -0.6957386071198487
-0.3016213054146912 -0.9544766042810781
-0.24373875769484551 -0.970871988470866
-0.22836474400478127 -0.9746027619987698
-0.42095391855220055 0.9081843416705373
0.16026945732247974 0.9880863833944671
0.4313416470025958 -0.9032969520379708
-0.7361422851078073 0.6783034247858813
-0.6351777636573372 -0.7736602668841562
-0.591100132844476 -0.8078376278381955
-0.7926299502303895 -0.611341771841063
0.7741148426313784 0.6346236762190615
-0.9921973960491214 -0.13245877575058188
0.30818024776388014 0.9523790920049607
0.2665513375446021 -0.9648582198712844
0.5701981311843166 -0.8227241890171413
-0.12969766540290828 -0.9925620965909565
-0.9799007267363012 -0.2044396383817696
0.47828751214128695 -0.8793418309904848
-0.0759363467763146 0.998115560062194
-0.48813515416122466 -0.8739136520686683
-0.33819713366729987 0.9421378342786275
-0.12938414775473048 0.9926030134498797
0.9840239128339333 -0.18356998385083478
-0.4362090439293656 0.9009565305797105
0.8918917203630747 0.45445589351200505
0.9329537209182762 0.3627648751253947
0.6791782126959124 -0.7353352673435336
-0.5928458549201698 0.806557370745549
0.9858727627388505 -0.1733663626245476
0.9605774800122248 0.2815881831564737
-0.07147234109521519 0.998445143439723
0.9748475348485585 -0.22731758356908632
0.5214914194147158 -0.8544282880832218
-0.8660908930950317 -0.5018840153838836
-0.8540116603277916 0.5221734233223373
-0.9945424448195372 0.11351795211497492
1.00070887103058 0.024140328098468524
0.03756932454010402 -1.000294729494063
-0.0698885946591537 0.9985572514065323
0.28465596534557513 0.959672851232741
-0.5636880078711309 -0.8271981804756801
1.0004961928958336 -0.031754810674024116
-0.22216679328743086 0.9760342801153963
0.3790858998193465 0.926442054614403
0.9581066676881194 0.28988379280595816
-0.33597015840492456 -0.9429342780180229
-0.9851762628177758 0.1772815026459355
-0.8367556131284662 -0.5494006224040927
-1.0001753747317932 0.04062289723933029
-0.9920910871589237 -0.1332526726929885
-0.540940103166318 0.8422498470088393
-0.5101105502430104 0.8612712850959175
-0.6896491685864062 0.7255239653299391
-0.7115798100560401 0.704027821837042
-0.2846939742503378 0.9596615762994515
0.9791042564198346 -0.20822068835868082
-0.33310913632281447 0.9439487821371818
-0.8163247309800148 -0.579322823294928
-0.547528411474346 -0.8379818844273301
-0.7893546983425244 0.6155649114468614
-0.1745623586708803 -0.9856616980157334
0.8362899160224683 0.5501092403869734
0.8643775761371824 0.5048290858015309
0.8423247856887716 -0.5408234050171692
-0.3097925371769093 0.9518558629905545
-0.9170330770942215 0.40131201765596747
-0.4843718308313619 -0.8760050967300786
-0.6865107636869088 0.7284943179888346
0.7025744478215783 0.713014828224634
0.058102117213466586 0.9993123355464559
-0.9387829927348773 -0.347401054333097
-1.0009610132850775 0.008834584501309611
-0.6579986766570692 -0.7543465659214904
-0.6858651938362705 0.7291021436561101
-0.9981868665136028 0.07499319648978156
-0.3466862395447868 0.9390472039840675
0.04999791764380405 0.9997505730087297
0.8751904808229082 -0.48584217836347515
-0.7970172247775962 -0.6056108844859205
-0.9934068016393298 -0.12306066169461763
-0.749312711807329 0.6637254401662985
0.956025328842601 -0.296675867928951
-0.9677802478853369 0.25573891335304433
-0.30477717935082244 0.953473581672275
-0.0795698642863297 -0.99783246925396
-0.42310945346284423 -0.9071821153386862
0.43416972360595163 0.901941046357206
-0.9468667113078135 0.3247220827371087
0.36021920836376686 0.9339395708105429
0.7334748112410933 -0.6811869796721328
-0.8001298088988367 0.6014925510025133
0.863183791906614 -0.5068675777653561
0.9951461790665626 0.10809755912702701
-0.6368722224793608 0.7722659983672722
0.9817997309686439 -0.1951160892133151
0.8028697570813277 -0.5978303715638491
0.7287325289994655 0.6862578969877455
-0.43652053944185387 0.9008056497632511
0.8346938638491006 -0.5525279663986783
-0.5229603696636562 0.8535299946464987
0.9208194144181827 0.39254631068264423
-0.7049943195574594 0.7106222691358008
0.44791776880161704 0.8951930922386415
0.945210383433381 0.32951226236624453
-0.9813253224089258 0.19748825686358656
0.688172713480098 -0.7269245603372051
1.0006359939400107 -0.026992732942161986
0.9743031564469328 -0.22963962928367507
-0.1813222594570714 -0.9844405712004064
0.9538502402478769 -0.30359630956101485
-0.7559184622396349 0.6561922572274576
0.9673144777495737 -0.25749505070208534
-0.6990281062779656 0.7164919445698195
0.5267253215781774 0.8512117454595923
0.7713342341979234 -0.6380003911866381
-0.7836957772586101 -0.6227535055758603
0.056178298672913435 -0.999422332529255
-0.380496251223095 -0.9258637063872692
-0.9079085616903941 0.42154838821810203
-0.7850182611023302 0.6210856058031564
-0.9613314234003834 -0.27900339493094517
0.23079313588325231 0.9740305582625088
0.7895260229130306 -0.615345154480908
0.9627824229858438 0.2739543866951354
-0.7495523441005112 -0.6634548089006733
-1.000982028605915 -0.005998200395693198
0.2520171829321872 -0.9687560784361172
0.7050053584252849 -0.7106113175229027
-0.9915032583866011 0.13755830984986991
0.4232273801144075 -0.9071271050528117
0.6126564976430331 0.791614183738374
0.2944391996474298 -0.9567165503486291
0.8200265238035347 0.5740709888669616
0.8979192578089065 0.4424274024694927
-0.4175679536140616 -0.9097461206922318
-0.5943665245810554 -0.8054374180887288
-0.5904252358916575 0.808331021811164
-0.8602075331042786 -0.5119023344258664
-0.8514391571224773 -0.526357636705848
-0.49891671381207037 0.8678036141195568
-0.3872549188561444 -0.9230572180649047
1.0004591636145157 0.032900789348337296
-0.33855372655579424 -0.9420097527282743
-0.759705749419971 -0.651803785121136
-0.846710139315006 -0.5339315873603687
0.9657782770377711 0.26319825151766185
0.9475108390054015 0.3228377455739651
-0.9264040372753428 0.37917879650627234
0.5903787496070536 0.8083649745086757
0.796293856660333 -0.6065616983003568
0.21166528705073565 0.9783653746212249
0.7729397743131119 0.6360543257338918
-0.03473275328511628 1.000397239025196
-1.0005496806529977 -0.030022267489059805
-0.8709056581626687 -0.4934818482783829
-0.9897351220212254 -0.1497510876008254
0.18280257718026777 -0.9841667631942528
0.7446013329291855 -0.669006618054022
0.9011392856954555 0.4358313753922316
-0.42369228251519747 -0.9069100560348099
0.4954330801995309 0.8697971390180617
-0.7917837242956979 0.6124373714433454
0.9793721832902563 -0.20695682302663163
-0.42492218637123114 0.9063344501504358
0.36280218920841595 0.9329392110451681
0.3508832298515477 0.9374870447152568
-0.07174582570040607 0.9984255287674525
-0.7055039532247042 -0.7101163087722422
-0.18232470402857096 -0.9842554050148234
-0.0935993474244179 0.9966143497671118
0.9653539493133694 0.26475035891397924
0.7012244758413642 0.7143425190208155
0.5297683355415663 0.8493212058211653
-0.883238463176533 -0.4710528814958636
0.4694227301497803 -0.8841059328037147
-0.3443295975238222 -0.9399138940717296
0.40655624022686787 0.9147201886547565
-0.260983280741785 0.9663791839507175
-0.9628755754497763 0.27362680095754915
-0.7326987864536469 0.6820216186671454
-0.9795591993237998 0.2060698304461776
0.999013130435187 0.06303780784646557
0.8518588980345603 -0.5256780553146047
-0.9210158287355181 -0.3920852499375957
0.9760409888880712 0.222137317914834
0.4182652966067416 -0.9094257208010308
0.4779479309707214 -0.8795264494492514
0.9564213995176739 -0.2953965242596025
-0.9291336004227596 -0.3724402671106329
-0.52122698249662 0.8545896282529224
0.8078952642820914 0.5910213549023164
-0.9812723821681097 -0.19775113651790524
-0.9629746012681747 0.2732780951931565
0.15663046534845984 -0.9886697615102451
-0.9858360756880957 0.17357485956179042
-0.6123609639983808 -0.7918428188542054
-0.11947947653701618 -0.9938438784268083
0.9775176333180825 -0.215546460310103
0.13324599796380124 -0.9920919836520354
-1.0000222045248943 -0.04423336362035309
0.28022243449993445 0.9609767880666682
0.6970134611992747 0.7184519711901466
0.8611324326202062 -0.5103449161984528
0.0005578762909878672 1.0009998445424675
-0.15789724690649665 0.9884682389532549
-0.38924239704404284 0.9222208826216243
-0.986229056508263 -0.17132789644077667
-0.26844124980499345 -0.964334120211005
0.8582433084742008 0.5151887260599342
0.6949670735612619 0.7204316530148406
0.8331093041718899 -0.5549143062692017
-0.9872469164213213 -0.16536180337850861
-0.5019436867992996 -0.8660563118425537
-0.8045402156834842 -0.5955804239126508
0.25103973523098694 -0.9690098303604335
-0.5657044917766736 -0.8258204574746835
0.5714124649298802 -0.8218812535413851
-0.39851219550853884 0.9182532493985328
0.1200460366180137 -0.9937756029870659
-0.9397907112223419 -0.34466566278091104
-0.9525095216392808 0.30777688539997355
-0.34391927645924736 0.940064110196612
0.48003725587971446 0.878387860211805
0.3548897268754603 -0.9359777143491511
-0.2041632952076886 -0.9799583403849055
0.675169077446859 0.7390180761385727
0.5153658399337129 0.8581369651922813
0.34451800035415514 -0.9398448528517749
-0.998521111664146 0.07040305079325701
-0.3427066717254506 -0.9405068512003856
0.9559527010279714 -0.2969098068392588
0.2238855674676404 0.9756414570320865
0.6057484097288565 0.79691270796177
-0.9709011403464842 0.24362260911889244
-0.05874804829890835 0.9992745702863999
-0.5171200547064946 0.8570810049349781
0.9129597398219066 -0.4104942307320734
0.9867374356443854 -0.16837527460391083
-0.9805390011602058 0.20135607069007364
-0.6419405153259579 0.7680581845036505
-0.9280192487981449 0.37520830729093263
-0.29943717070567394 0.9551640596252463
0.6715664234583494 0.7422934317932236
0.9042782271356741 -0.4292806633524998
-0.5976953091683782 0.8029703091634939
0.6604701987079912 -0.7521835657727618
-0.9756465514265018 -0.22386336611775987
0.8711631322219038 0.4930271767938578
0.02566870365382417 1.0006708338173609
-0.00513837522135011 1.0009868116514247
-0.6099437839537749 -0.7937062305514244
0.01566069624537242 -1.000877486305447
-0.11559594083818295 0.9943030616777438
-0.44953486317572 -0.8943821368909303
0.5202776759590835 0.8551679015834347
-0.8567946815496156 0.5175943137905331
0.26354237733252067 -0.9656844284495444
0.34810242622981546 0.9385231488103614
0.9001512837706171 0.4378683207610593
-0.3997909439654859 -0.9176972273703271
-0.7720487574295801 -0.6371355555542646
0.2716090374516754 -0.9634466932708702
-0.4390902265681524 0.8995558753809174
-0.3252669510377952 0.9466796768509275
0.9810670243157493 0.19876743646845427
0.1132772277658305 0.9945698917972975
-0.23020847826606844 -0.9741689055468877
0.6488020059652283 0.7622709210349663
-0.9563150402530608 -0.2957406698203456
-0.7384476885319226 0.6757928760366305
-0.17312442710494033 -0.9859152766539254
-0.9874142769868572 -0.16435950110207184
0.7343144474373685 0.6802817741823988
-0.781574767109563 0.6254133700342779
0.7760741348215802 0.6322261757163616
-0.92003030217213 -0.39439224521415134
0.0070060425094208125 1.0009754819017078
-0.8554960612032169 0.5197379043958423
-0.8641962309875526 -0.505139460294787
-0.3066203575493807 -0.9528824462315852
0.7705737186538786 -0.6389187304500731
0.2545204939081153 -0.9681013987081978
-0.965407224621006 0.2645560255400854
-0.9952544891777053 -0.10709575982094244
0.4293519316348446 -0.9042443910809885
-0.8915610013269729 0.4551043626607477
0.9180411577901436 0.3990005421090711
0.2719287271665068 -0.9633565110288109
-0.8238281672989183 0.5686019264519823
0.8215740877890183 -0.5718540183242944
-0.9881573214394296 -0.15983149904087093
0.6972808502012842 -0.7181924644150579
-0.5954308369286856 -0.8046509295554223
-0.6148659478113547 0.789899275997924
-0.8455121109633669 -0.5358267165924737
0.4710387518411792 -0.8832459987251026
0.6286687559382411 -0.7789586608460454
0.2886403046818556 -0.9584820157484258
-0.8058739044990404 0.5937745784786272
-0.203147715751222 -0.9801693759677766
0.9475582291402024 -0.32269862470838595
-0.8831802093027828 -0.47116209301671613
-0.9840160266672604 0.18361225248326332
-0.7976364676604673 0.604795060709107
0.025489634494395192 -1.0006754111765424
0.630413185097748 -0.777547565139852
0.9216619500503719 -0.3905640150210281
0.04730510121053409 0.9998816066912428
0.8262567836238652 0.5650670115265493
0.004287463231614362 1.0009908179693945
0.35998508863815215 -0.9340298367601443
-0.4631375856387822 0.8874145461782107
-0.89547628878484 0.44735133421521145
-0.445921953792968 0.8961889371809172
0.2906883565625466 -0.9578628708531121
0.46029974511051663 0.8888898383102337
0.33539037101473096 0.9431406570764518
0.2187674516043191 -0.9768018233595553
-0.7431884508731227 0.6705758171070652
-0.6687884189412621 -0.7447973218869995
0.273541034485263 0.9628999441544963
0.5665372608361775 -0.8252493756945478
-0.9200556784900029 -0.3943330425900174
-0.9680707078845717 0.25463720179083055
0.9344172733720695 0.3589782155283342
-0.028420589247342934 -1.0005964571728374
-0.5799582214634857 0.8158734346434564
-0.15775205222180558 0.9884914213182675
-0.7141480940682462 0.7014224830576016
0.4861504060752504 0.8750193041715532
-0.027038608495442998 -1.0006347553681263
0.49092466936631696 -0.8723496827577645
0.27181380897239255 0.9633889418360166
0.8995735719568035 0.4390539700730169
0.5924345523736465 0.8068595300012494
0.9967905708216306 0.09170364180929683
0.996940484636988 -0.09005925877869207
-0.9511549668666094 0.3119378608072115
-0.9439424870275169 0.33312697456721513
0.9980421332317789 -0.07689538538924211
0.6848463226075919 -0.7300592540409704
-0.9878318978179199 0.1618305955419015
-0.924196918105879 -0.384527055697769
-0.8509394210261824 0.5271651560408991
0.05145863034696917 -0.9996764523398628
-0.9793667464374141 0.20698254992291926
-0.8592731964562922 0.5134691556966069
-1.0009168404805697 0.012902652533239092
0.9534144034938031 -0.3049622521076268
0.7716504985837643 0.6376178385486309
-0.8384885972125833 -0.5467521123365453
0.7512362854801997 -0.6615474611680645
0.4900120494545774 -0.8728626417652006
0.6272246094426482 -0.7801219707901562
0.3969098786926186 -0.9189469779025397
-0.9795845660175329 0.2059492122350602
0.8837322285615112 -0.47012588548356377
-0.606613610489995 0.7962543108632396
0.6949657659530413 0.7204329144016829
