1000
0.4773638983441566 -0.8798435705042514
0.23605026414620853 -0.9727698971475758
0.7702706606872558 -0.6392840599329991
-0.083388666716826 -0.9975205913980875
-0.5897109164101566 0.8088522949628648
-0.9774616733527618 0.21580008602041575
0.684139420419378 -0.7307217346078038
-0.397663095250584 -0.9186212835960883
0.16211593227165338 0.9877851104889629
-1.000109305756008 0.042218201527729614
-0.7424881960960862 0.6713510844989974
-0.3169377529062603 -0.949500637589428
-0.679865177775953 -0.7347001701698943
-0.563157189872658 -0.8275596531336766
-0.7716840137043844 0.6375772760952914
-0.72855585946288 -0.6864454527799745
-0.6710496132504233 -0.7427606724621716
1.000040187805354 -0.04382491043039435
-0.9703029801063738 0.24599416008655525
0.8875947193591199 0.4627921932852856
-0.9418380605850917 -0.339031071781501
0.9671055923080476 -0.25827848018466487
-0.8904186800781784 0.4573352973124145
0.9886962291353127 -0.1564633071797127
-0.984204374567974 -0.1825999701020318
-0.5738217498715816 0.8202009506055916
-0.32664566222615515 -0.9462048463989373
-0.022380212566280984 -1.0007497819562532
-0.10164304893905987 0.9958261347255213
-0.7073480921973342 -0.7082793774103491
-0.6082585428735955 0.7949984559867336
0.7204014438501432 -0.6949983882705261
-0.8341079237378783 0.5534121172848366
0.9901336327739131 0.14709313121262219
1.000383613721813 -0.03512300381355089
-0.47111446389655065 -0.8832056170040279
-0.9086155995225504 -0.4200222521537119
0.7041361397895459 -0.711472625363954
-0.6599999960956511 0.7525961766802569
0.31753525783606706 0.9493009849520764
-0.8253270428758418 -0.5664241099192533
0.9139604182511868 0.4082613793516546
0.5348850859244483 0.8461081165286122
0.3662459685318283 -0.9315926634179679
-0.8934390172079836 -0.4514063829083861
0.4220897155739877 0.9076570233335222
0.25212529770886066 -0.968727946461347
0.8679366689432334 0.49868521003106164
-0.2835195186610415 -0.960009209611143
-0.15574082794069286 0.9888102924789707
-0.9964589068371345 0.09523994427204865
0.2715264167027072 0.9634699813863367
-0.9631637542217908 0.27261067945586037
-0.9529326248769755 0.30646437385947095
0.7840669314687949 -0.6222861455770232
0.08517658401722968 0.9973695150420209
-0.1055036139902997 0.995424526237417
0.23860709351422932 -0.972145902076788
0.7230195178971227 0.6922743507741799
-0.3287123046317727 -0.9454888792490733
-0.9958006910938836 0.10189201939771342
0.8047653953816776 0.5952761194573255
0.18958827383912222 -0.9828821325177817
-0.18176751967555208 -0.9843584554373461
-0.9863502450463287 0.1706288196555536
0.8202877895888457 -0.5736976052341909
0.8570098383779688 -0.5172379886699813
-0.2731658501323139 0.9630064477050453
-0.8564736721423908 -0.5181253216422921
0.2936199703575559 0.956968292581958
-0.6008142543963572 -0.8006392644094776
0.9591867141378645 -0.28628979622299966
0.8224968737778833 -0.5705259789226155
0.8297135386532586 -0.5599789672617065
-0.3652284651165191 0.9319920430286042
-0.631084643842735 -0.7770026848768854
0.2418686055863622 0.9713395789484277
0.9712601079013061 -0.24218753642486054
0.965696998356897 -0.2634963137588062
0.17618764039914306 -0.985372475448032
0.7615020876215003 0.6497042177391931
0.3245700429183613 -0.9469188387818531
0.7157726617342498 0.6997646009293892
0.8807963824417113 -0.4756035456949355
-0.6623347754759727 -0.750542234118236
0.6604007625145166 0.7522445299703049
0.4130184214381509 0.9118205873705297
0.8426556962933908 0.5403076692999099
-0.9133029163665417 -0.40973013430350685
-0.8710934925173793 0.4931502076384784
-0.7526238979467934 -0.6599683842725913
-0.6606356399025439 -0.752038264512223
0.4699372451953461 -0.883832555169931
0.7248360516663331 0.6903721447196149
-0.5031554773623108 0.8653528561230414
0.7305596858220514 0.6843124618561213
1.0007749828208723 -0.02122342479155556
0.9998460858972146 -0.04805002097834753
-0.5812818291228701 -0.8149309388724731
-0.7582466920056379 -0.6535005386857056
0.33075025238126826 0.9447778948248775
0.659821147598209 0.7527529828450914
-0.8431807606672207 0.5394879098187904
-0.0003933310055802624 -1.0009999227226343
0.2134730919747889 0.9779725144413433
0.07122880966743687 -0.9984625464549785
0.7387701004994746 -0.6754404034465188
0.4802263320517733 -0.8782845040213906
0.8995812594384546 0.43903821891393907
-0.41762976701971627 0.9097177461713372
0.9442166826679442 0.3323489975485752
-0.03250265910191884 -1.0004721771000453
-0.26733052625018755 -0.9646426228063933
-0.3132334515427393 0.9507290911898206
-0.7252673070202665 0.6899190774051479
-0.24848054110923215 -0.969669232620105
-0.10764844217262416 -0.9951948617722095
0.9020053410177559 -0.4340361330297767
-0.9898173799752045 -0.14920641507328566
-0.5143336592649673 0.8587560113018764
0.1126896184248268 0.9946366421458979
0.7032696032059227 0.7123291831776823
-0.6774850052736826 -0.7368955608695972
0.34692370456205296 -0.9389595003049607
-0.9323593682975735 -0.36428973132350234
-0.7224760186035085 -0.6928415421601268
-0.7245534013282586 -0.690668783588524
0.047044809049998124 -0.9998938873407763
-0.8039762113250805 0.5963415561768018
-0.8575485343722901 -0.5163443726777095
0.7832184292218538 0.6233537455789063
0.8039647204566188 -0.5963570476326333
0.5338705441397779 0.8467486298187304
-0.8688378585426463 0.4971134433537567
-0.8282685360916379 -0.5621140739392808
0.2954524190961389 0.9564041342707796
0.7651767458255095 0.6453724100454586
0.4565289154620307 -0.8908323912763062
0.515336032862342 0.8581548655305191
0.4833105697033412 -0.8765910638450701
-0.6463004328431156 0.7643930602162747
-0.41756258692536524 -0.9097485839506412
-0.0903941843888965 0.9969101721964051
-0.6782672467857985 -0.7361756189508131
0.623704174768361 0.7829393989170028
-0.632624853099206 -0.7757491832037002
0.47961889846874617 -0.8786163623741744
-0.9949059691199957 0.11028650238992059
-0.5001164933748952 -0.8671127337632624
0.998452492402676 -0.07136960427860094
-0.6899302257462234 -0.7252567018661497
-0.5646782767396519 -0.8265225004670697
0.7476878216803308 0.6655553480447152
-0.9980651264851015 0.07659636606444496
-0.3856661965482729 -0.9237221361643277
-0.5725298482383941 -0.8211032656591504
0.9995570088121543 -0.053728820334147075
-0.37784565060571595 0.9269485769546999
-0.3142374949515368 0.950397704525102
0.5899852599682632 -0.8086522077012965
-0.39346575654964183 0.9204269109618742
-0.9746272042982558 0.22826040533076708
-0.16838324275102462 0.9867360759395846
-0.9538719393837465 0.30352812597235607
-0.7866413578963934 -0.6190285728840941
-1.0001550083595319 -0.04112127494794977
0.9264054361734626 0.3791753787210565
-0.28857194520480406 -0.9585025990787482
-0.1624413820103535 0.9877316424062592
0.19345470012949406 0.9821284432281796
-0.6450920296577147 -0.7654131389466018
-0.9730210804447698 -0.23501271669867752
-0.910810965008368 0.4152401546340688
0.9637481513030558 0.27053742968384653
0.08459028150822138 -0.9974194124210536
0.9175798842851183 -0.4000601904155286
0.9996284149723008 0.05238350866413646
-0.2468438562586811 0.9700871665099707
0.12100425960169242 -0.9936593828663051
-0.9347036095232168 0.358231995143189
0.38359134789921734 0.924585679002688
-0.9906750077026052 0.14340163567213235
-1.000036733372093 -0.04390366620765876
0.6012256398800659 -0.8003303879966106
0.44881520537764485 0.8947434891754298
-0.9188273863012946 0.39718664904894735
-0.9838630234193424 0.18443034226544883
0.2553432310946887 0.9678847216141622
-0.338958732725435 0.9418640971547685
-0.995423143860654 -0.10551665587276682
-0.8285272831602108 -0.5617326241719985
-0.4469575687422505 0.8956728932729942
0.9809431199106408 -0.19937802160714266
-0.5442245217330641 -0.8401313408892789
0.026734346780640548 -1.0006429306711824
0.3672598992706007 0.9311934097639158
0.8180820340665547 -0.5768386130778074
-0.9252964924901875 -0.3818735405672359
0.9222935923431229 -0.3890700830477942
0.6994181589716938 -0.7161111917158162
-0.9064708143428183 0.4246312079259693
0.3558125942521281 -0.9356272750254615
-0.9304257491634318 0.3692003863671686
-0.7600038366889249 -0.6514561905593607
0.5456328265508609 -0.8392173845852564
-0.9215373749435878 -0.3908578598187343
0.6219121085169337 0.7843636460724207
0.8157663856879055 -0.5801087863338147
-0.7175551411972982 -0.6979366872011566
0.7965096660716121 0.6062782792204328
0.8720765929580103 0.49140962141043687
-0.6650025506452413 -0.7481795290138078
0.3815748131008403 0.9254197220759123
0.5174768466135043 0.8568656331181358
0.8675019923631484 -0.49944098074343884
-0.6075706007519808 0.7955243334442242
-0.5314818864354404 0.8482499657477303
0.06854446280329177 -0.9986504176232082
0.9331343965637063 -0.36229987296394084
-0.6205034669725151 -0.7854784831394739
0.7994351771736747 0.6024154691716467
-0.9838484169361305 0.18450824505227387
0.92896451292782 -0.3728618158524389
-0.8367880717561407 -0.5493511836399736
-0.5884281851288495 -0.8097859414351231
-0.08934589907602447 0.9970046691557151
0.08962773758939829 -0.9969793722312443
-0.6748505842737949 0.7393089265694807
-0.8795630552341486 -0.47788056234499643
0.9989333873477106 0.06428909426978101
0.2818921251343255 0.9604883288136581
0.27124065604204967 0.9635504691036575
1.0002555681112688 0.03859790748736188
-0.15967906919771274 -0.988181964447921
-0.7245216419626139 -0.6907020995536338
0.3988162392811828 -0.9181212377924902
-0.3165735430080384 0.9496221310960153
0.2855020684927527 0.9594214761440143
0.7403059522756525 -0.6737567046235898
0.5076345348631348 -0.8627329708631105
0.8874371836095435 0.4630942076372381
-0.8231065381793459 -0.5696460539724759
0.5396294021689645 -0.8430902136276793
0.9859771317995188 -0.17277180200598202
0.9778957015196099 0.2138246874181512
-0.38029092044276563 0.9259480632458789
-0.7547628868129925 -0.6575210906805331
0.21569878493269962 -0.9774840326974947
0.43955053215052947 -0.8993310456590422
0.7960369796721861 0.6068987782113122
0.3791728877552694 0.9264064557154866
0.9941023348633453 -0.1173096237281715
-0.6155391111744752 0.7893748175705487
-0.824724962924475 0.5673003926750126
-0.8991927419609352 0.4398333920983887
0.9574379075156808 -0.2920850103171929
-0.8702228510847504 0.49468493958268867
0.27296871947851237 -0.9630623438730543
0.9962025661038089 -0.09788486751375994
-0.8616997019774292 -0.5093865169122654
-0.5142588930558737 0.8588007865116027
0.8804073149592639 -0.4763233773039272
-0.23296946506334645 0.9735123154578468
0.6765095307316092 -0.7377912000215899
0.8820053254168649 0.4733577990656648
-0.9672616865426732 0.2576932861884911
-0.9935976484947966 0.12151013499132705
-0.825999287664588 0.5654433453296566
-0.28111162676025564 0.960717051633936
-0.7433538188868074 -0.670392496934743
-0.7953301324757597 0.6078247941439133
-0.17538307115709806 -0.9855159959896664
0.26896188234865104 0.9641890405120099
0.8805237027794925 -0.4761081902713834
0.6525117810543744 0.7590977378343636
0.011640155837629227 1.000932318776887
0.8045352133603992 0.595587181244809
0.7458542434082726 -0.6676095023214342
-0.7422693507999016 -0.6715930396178122
-0.5436216811463411 0.8405215451061476
0.9280795742081297 -0.37505906726495314
-0.8826810128653229 0.47209663155655734
-0.536842557742696 0.8448674855835561
-0.1231983578217615 0.993389734510087
-0.8960986427846354 -0.44610337635971153
-0.38997801455551456 0.9219100542695794
-0.221035033600662 0.9762912034434983
-0.23374580386627644 0.9733262038879402
0.5850405986727915 0.8122367252867736
0.9141195887297572 0.40790486329601355
-0.15174601672002358 0.9894312236884413
0.6041063020244755 0.7981582398586844
1.0009835985636217 0.005730218723772523
-0.9315800177752177 -0.36627813268324527
0.9912913640771215 0.13907707038228748
-0.10000906434467388 0.9959915597277433
-0.005718186487271664 -1.0009836673709
-0.9979131115176236 0.07855203282674948
-0.8914985884986052 -0.45522661027777644
0.19364761848616655 -0.9820904234614225
-0.9981275407575394 0.07577870664841589
0.2762022685973024 -0.9621399621789459
0.7069951041785881 -0.7086317256992573
0.1005727861503491 -0.9959347943946713
-1.0007689135121496 -0.021507713679323776
-0.9799794051185458 -0.20406216097920096
0.9533549856503025 -0.30514794991235245
0.48466208084187984 -0.8758445452213647
0.6458275538809264 -0.7647926324489398
0.06562209291774468 -0.998846705416349
-0.9676568077237295 -0.2562055863284817
0.718193287784764 -0.697280002137528
0.20358678681692993 0.9800782725035577
0.9613809231063759 0.2788327826621765
-0.46349908588562017 -0.8872257871495816
0.9858880808975113 -0.17327923113928625
-0.5668542818797138 -0.8250316497654098
0.5521800480234808 0.8349240651489132
-0.1732192835068507 0.9858986153866802
-0.5304941282543014 -0.8488680579970652
-0.9230273837180539 0.3873260240502883
-0.5979248692271152 0.8027993838810149
-0.9753335747696613 0.2252230404000301
-0.713347986305548 -0.7022361785281499
0.7126415738806926 0.7029530476332323
-0.6242642044912563 0.7824929411764037
-0.35097904451298084 -0.9374511775621999
0.9902385962500987 -0.1463848438077996
-0.46064205951463627 -0.8887124917576631
-0.0759964239831978 -0.9981109875869347
-0.774366571749743 -0.6343164924204243
0.6700688435488903 0.7436455774796571
0.9861101302665408 -0.17201107809006355
-0.8135281940289707 0.5832434118958922
-0.8604326652853405 -0.5115238298554285
0.9954540023017157 -0.10522513626266303
-0.6506953821942548 -0.7606553224628568
-0.038805394322411604 -1.0002475400477036
0.38973263710723643 -0.9220138131142284
-0.6359515105258057 -0.773024369771061
0.14256930575249213 0.9907951317286801
-0.7179697464644035 -0.6975101742353585
-0.8329983578073956 0.5550808372572251
0.3775918519709455 -0.9270519906268211
0.18164455966302512 0.984381152778143
-0.6102313056962508 0.7934851942842089
-0.9070750497967017 0.423338935176427
-0.6380124340073814 -0.771324272956567
0.9969376415281637 0.09009072596145798
-0.9731231831414061 -0.23458957869593744
0.7699345069337858 -0.639688873619534
0.9796145145170818 0.20580671259087252
0.6624515800116387 0.7504391408635903
-0.974095916391176 0.23051712663061555
-0.8293749287824632 0.5604803542561363
-0.09015272701070065 -0.9969320367068831
0.7827136759293665 -0.6239874209574571
-0.6599885017605428 0.7526062566467767
-0.9982065687877447 0.07473048928648493
-0.7355823373287977 -0.6789106163626423
-0.5952839945021999 -0.8047595702379096
0.4450196219199895 0.8966373492701436
-0.08988139842038641 -0.9969565357717436
0.9443333541820889 0.3320173431903902
-0.031210762424475385 -1.0005133124096266
0.6961735881383417 -0.7192658306763824
-0.41029823352741596 -0.9130478407861672
-0.7605206076967191 -0.650852829193062
-0.27944847140416623 -0.9612021389020495
-0.7502514121822653 -0.6626641823114606
0.9190099141598224 -0.39676413355538565
0.42817430262164174 -0.9048026119405662
0.7554167364399754 -0.6567697879062165
-0.00605359196341613 -1.000981695149487
-0.9488460613831191 0.3188920691985648
0.998400294397575 0.07209613128896333
0.7944152607417875 -0.6090200271752628
-0.5541414348399311 0.8336235782375295
-0.3643497988275109 0.9323358966029102
-0.8222924054087145 -0.5708206373346625
-0.2201482838617623 -0.9764915427758302
-0.9559825743750674 0.2968136073215288
-0.3991085875630296 -0.9179941913397076
-0.19790311502516808 -0.9812417424179095
0.38780791015611915 0.9228250239456792
0.7234055838763095 0.6918709136945821
-0.9859323987355715 -0.1730268913305737
-0.9539463938415963 0.303294044907931
0.9713896758751518 -0.24166732837346377
0.5917598059049091 0.8073545269058595
-0.1958269048633948 0.9816582008681142
-0.9851330156148892 -0.1775216650032173
-0.9234784144182056 0.3862494247291988
-0.24740412653120072 -0.9699444304574019
-0.5916001774275244 0.8074715041831023
0.9399814795172049 -0.34414505395929573
-0.7001121029817349 -0.7154327664137928
-0.5287541099524364 0.849952993528705
-0.11061835178063535 0.9948691271968065
-0.9972967209297113 0.08602470821133695
-0.2138029093292317 0.9779004632181929
-0.8726015819891969 -0.49047678753428364
1.000986255126807 -0.005245669376810738
-0.2804999679401865 -0.9608958153647846
0.8522832451773024 -0.5249897808434429
-0.8608950339571835 -0.5107452794768249
-0.6947516704079364 -0.7206393803181881
-0.9292011984705086 0.37227158468109073
-0.8406704364965041 0.5433914033188023
0.8502619810361416 -0.5282570999092167
-0.9833565992203811 -0.1871117280389627
-0.5131389694857619 -0.8594704171727439
0.20229950535124921 -0.9803447914558632
-0.7230697757796086 0.6922218570328638
-0.6034004090795917 0.7986920221979066
-0.532839301067169 -0.8473979462084215
-0.18969937489088043 -0.9828606957071837
0.9513626673386514 -0.31130383099840986
0.09305776692702453 0.9966650651119239
0.4817617224127002 0.8774432419353108
0.6401690063969223 -0.7695353424299479
-0.1870099973394273 0.9833759509440463
-0.35595173836301675 -0.9355743476369724
0.45230248579695315 0.8929857005248724
0.6694373548085775 -0.7442141009057103
0.41314101252468194 0.9117650485569628
1.000785399103124 0.02072643100007385
0.9428385420064288 -0.33623873023075673
-0.1380437212487603 -0.9914357926884598
0.9107410888896988 0.41539339066480807
-0.6173631030671614 -0.7879491093790801
-0.46169895409642886 -0.8881638789020097
-0.9990108228497325 0.06307436744907016
0.5891542758776988 0.8092578323470366
-0.8989085541016235 -0.44041390913881073
-0.4601157801562648 -0.8889850779687991
0.4932392674918572 0.8710430672498899
-0.9810578146010932 -0.19881288793769678
0.8920775193407845 -0.45409106959594814
-0.9002887300007305 -0.4375856517685099
0.8418183857947656 0.5416113046622043
0.9682590105571953 0.25392024038032307
-0.9071280056167532 -0.4232254498795787
0.9978338585869396 -0.07955243967031653
0.3676603504806775 0.9310353734871868
0.2758479989269471 -0.9622415920588753
-0.8145506303160844 0.5818146359895646
0.9019091822574545 0.4342359116421505
-0.3304654844184225 -0.9448775389478243
-0.8858818657284826 -0.466062570878013
0.8888318626239599 -0.4604116853256684
-0.6248597118811091 -0.7820174809221705
-0.9921715012837492 0.13265259907122579
0.6249433971283832 0.7819506061035032
0.9971521261780673 0.08768487474222623
-0.171765706799695 0.9861528998931156
-0.7290134655838482 0.6859594499658325
0.9707106836211522 0.2443803770840762
-1.000415892651819 0.03419125223890422
0.8828702749906261 0.4717425966965209
-0.7459361008653542 -0.6675180397755496
-0.9459315352653337 0.3274363000502063
0.12004122932051878 -0.9937761836868594
-0.9904121026604435 -0.14520629085449116
0.9971161092383889 0.08809349974485724
-1.0006448394823784 0.02666280587794822
0.8685160280379053 -0.4976755057678251
0.17475183018554433 -0.985628123506428
-0.9610382410638978 0.2800116054966465
0.7054133241921104 -0.7102063376598637
0.08209156205716621 -0.9976281749424554
-0.18136087603470838 0.9844334577024103
0.1258194378884888 0.9930611607798508
-0.4084502205758801 -0.9138760404516112
-0.9282326651238239 0.3746800226821855
-0.9997248014153705 0.05051060715333012
-0.9749204266233873 0.22700476151938428
0.5363033596209039 -0.8452098594191453
0.8539837945241191 0.5222189949534459
0.15451550401226735 0.9890025070847065
-0.4375429757919094 0.9003094714236658
0.1537806030068928 0.9891170437005099
-0.37693054031944045 -0.9273210704898787
0.4965425841474731 -0.869164231965484
0.8204857890805713 -0.5734143963285471
0.3860350135133931 -0.9235680637298554
-0.9955747562930267 0.10407643648819029
0.7134425369294631 0.7021401188506832
-0.8549906563453115 0.5205688979973866
0.8303553612091409 -0.559026809832263
-0.8540680792333084 0.5220811393210133
-0.8421717347219537 -0.5410617055710146
-0.6829130545681336 0.7318679934936502
0.23976870840125222 -0.9718600549830183
0.09669203784372687 0.996319050213147
0.7967158141521942 0.6060073526615056
-0.9910367048137627 -0.14088026729062875
-0.8881932389992044 -0.4616424700957464
-0.904565168732953 0.42867569970214575
0.22032380717186992 0.9764519547798001
0.9835071088295306 -0.18631899227340662
-0.5727080391987104 0.8209789898877854
-1.0009998327765508 0.0005786029011560726
-0.14790184886011917 -0.9900131529953319
-0.5899905184612423 0.8086483711266811
0.943503689051839 -0.3343677447744783
-0.29936170156107106 -0.9551877153933985
-0.25740755647903946 -0.9673377641069794
0.4625293471867402 -0.8877317179142626
0.4229743401583681 0.9072451198918587
-0.5424163136611269 0.841299912441618
0.9372277387895456 0.35157526312787624
-0.909263205733392 0.4186184691332133
0.9495919177345669 0.3166641592810712
0.8741447248698915 -0.48772123183447896
-0.4016454971761877 -0.9168870675269082
0.8467471148448011 0.5338729469658535
0.09980641021405978 0.9960118877203137
-0.35588701502005826 -0.9355989699332257
0.006005598087672644 1.0009819842492718
-0.14402824613726306 0.9905841025953445
0.6164932458263243 0.7886298738004562
0.0012636606649601826 -1.0009992023781658
0.9224112803534561 0.38879098481921875
0.2992891797970174 0.9552104411366266
0.9227232269591232 -0.3880500566037098
-0.17347025623015702 0.985854487337479
-0.23821917947086116 0.9722410310886028
0.8841750837336063 -0.4692924688343829
-0.23021002617565586 -0.974168539754905
0.27745903765073593 -0.9617782917210844
-0.5067518537294057 0.8632517354409495
0.729495479567706 0.6854468216355537
-0.9866661453217933 -0.16879252849529125
-0.6675296142009939 0.7459257430633911
0.9388911169328725 0.34710873014740373
0.4297911691908504 -0.9040357022184256
0.7070688979951795 0.7085580946456561
0.005425940430123548 -1.000985294182911
-0.054677035662010647 0.9995055886643233
0.5164769573263385 -0.8574686889624177
-0.9908683513471994 -0.14205953082592856
-0.24143111615484614 0.9714484114723876
0.3550565985761395 0.9359144254725119
-0.931883399593988 0.3655055807524033
0.9737086701387999 -0.23214742233445035
-0.9433879803353866 0.33469406711013006
0.3739688804175834 0.9285194001630872
0.9009276610523352 0.43626866670753295
0.8378168514840995 -0.5477809081825236
-0.8284221550361747 -0.5618876516219413
-0.4554801708976031 -0.8913690671764924
0.9659961495841201 -0.26239748281691727
-0.960464233766572 0.28197421097538655
-0.22068642256748378 0.9763700645218318
-0.9989331078691244 0.06429343670183074
0.13593778211532356 0.991726736250247
0.9584586042864482 0.28871803523381373
-0.19982185009490697 -0.980852806604869
0.5788962455155295 -0.8166272937687203
0.42923487657964976 -0.9042999616983587
-0.758330793792593 -0.6534029439678825
-1.0009912067320856 -0.004195717464642479
0.7803284484927503 -0.6269677124644436
-0.36937650777684344 -0.9303558434827953
0.9883600583102152 -0.1585729962415664
-0.5588730273135004 -0.8304588727573711
-0.8951855792357616 -0.4479327837168585
-0.061549494835011924 -0.9991059301623401
0.10064151583360718 -0.995927851448444
-0.9361675026115229 0.3543887795262488
0.7841556095079221 0.6221743968352115
0.647643112054424 0.7632557889780206
0.8558141443628551 0.5192139735296751
-0.7939980690583855 0.6095638328604768
-0.00624475016558228 1.0009805208371287
0.1464872625534817 -0.9902234504946786
1.0009925331479872 0.003866339609459325
0.7813103049101676 -0.6257437234532847
0.82583410970586 -0.5656845616121493
-0.4601987419144664 0.8889421341911645
-0.24857311642805927 -0.9696455052178825
-0.957068597347963 0.2932928570054215
0.8346428074067029 0.5526050886883483
0.34965766930282205 0.9379448354235543
0.9895980632142332 0.15065415122935868
-0.6920275620270994 0.7232557316709141
-0.2666963420280855 0.9648181492638073
-0.29671271033095903 0.9560138950496778
-0.2944842650598624 -0.9567026798499901
0.3325490805920607 -0.9441462328460434
-0.3552967570056342 -0.9358232816409727
-0.997445767897138 -0.08427894223404067
0.9939246974491246 0.11880528523877294
0.00025732241263691535 1.0009999669256617
0.9616710843403341 -0.2778303898850628
0.9688979006233756 0.2514713863794755
-0.9754808090727214 -0.22458448550785715
-0.076349438873733 0.9980840461522598
0.8257021884358144 0.5658771032762386
-0.8113168882321654 0.5863155352446974
-0.962833603825973 -0.27377445341647416
0.6571001767035267 -0.7551293649277546
0.39437813051860565 -0.9200363526343128
-0.9826874404126363 0.1905948437268471
0.8059590609021972 -0.5936589864136215
0.7170389151258338 -0.6984670315735505
-0.9520154726505323 -0.3093016971081529
0.020353504550876304 1.0007930529597502
-0.6987372715768205 -0.7167755752740048
0.733349482184758 -0.6813219040801104
0.9575024234453401 -0.29187344705591284
-1.0001086016053577 0.042234878891454226
-0.18679672015785473 0.9834164862042267
0.11985317805163516 -0.9937988809165177
-0.46348344777291894 -0.8872339565416373
0.41779892602517366 0.90964007025428
0.05552813392080188 0.9994586666507392
-0.6940974538122242 -0.7212695228632549
0.9872451508426399 0.16537234393239164
0.08888348415043935 0.9970460000648308
-0.9503490152496873 -0.31438471529950296
1.0009112611310942 0.013328441055227524
-0.8381979461491721 0.5471975905203802
-0.8256320461617297 -0.565979438098943
-0.6975460490518915 -0.71793489220966
0.9735930067970594 0.23263202083088444
0.7669720283466446 0.6432378313919618
-0.9234971665713116 0.3862045874077094
0.18143244463382666 -0.9844202700240346
0.550573816630899 -0.8359841340841854
0.13141810010581978 -0.9923357712813626
-0.35931723089329637 -0.9342869621177283
0.7460366644870391 -0.6674056451971717
-0.8025674537458729 0.598236142495475
-0.678652682045805 -0.7358203158054523
0.38297427612192764 0.9248414479406109
0.7658479411992496 0.6445757759649913
0.23469950303821496 -0.973096677249293
0.626139701027184 0.7809930056009392
-0.8043375173122786 -0.5958541417527615
0.8196635220170149 0.5745891668615608
0.47223023560415706 -0.8826095425391923
-0.620962213058014 -0.7851158704000918
-0.9781826057879806 0.212508328622283
0.8322961942687435 -0.5561331180623628
-0.8671215536666412 -0.500101200925123
0.8854619026254837 -0.4668599565167893
-0.7372103639513099 -0.6771424364805216
-0.2811014028742273 0.9607200431458383
0.9390519382823154 -0.34667341577950067
0.9206238515272481 0.39300473788382667
0.06948213938410662 0.9985856159121298
0.6907779133396498 -0.7244493594738829
0.03592410583780544 1.0003551662383487
-0.3504164968729657 0.9376616013889439
-0.7139006479177356 0.701674329659164
0.32251262036366746 -0.9476215540531784
0.8162459577161325 -0.5794338068425706
0.5597867047572737 0.8298432654284742
0.9973765411657157 -0.08509427202998655
-0.14505402433788372 -0.9904344148015984
0.47816011574349176 -0.8794111118880467
0.9153974995527279 0.4050289098479435
0.48573270491272696 0.8752512435741898
-0.4923785893766245 -0.8715298759787213
0.01661830957263004 -1.0008620443332579
-0.11098885175120587 0.9948278618871451
0.5021155709646031 0.8659566694672953
0.2536526481665186 0.9683291455275486
-0.948314703911648 0.32046875408526737
-0.4166011758554291 -0.9101892442101663
-0.9101563955791142 0.41667293598988997
-0.18285878240224487 -0.9841563217794053
-0.6845858148393305 0.7303035410846438
-0.3853672405416339 -0.9238468974442283
-0.2895670690499185 0.9582024381736042
-0.679573831532093 0.7349696643377809
-0.9965961806626209 0.09379260465877151
0.9710250484665222 0.243128269130902
0.9994799442094355 0.05514382216625609
0.4038374948824929 0.9159237292084055
-0.755116881896737 0.6571145217346436
0.2634587380738885 0.9657072503261608
-0.3850053417045748 -0.9239977742716395
0.6732695070627276 0.7407490606538165
-0.21737092976378247 -0.977113544524703
0.9639542167476841 0.269802275776834
0.5441665656094627 -0.8401688811618782
-0.8860414815411414 0.46575905035584564
0.7762245729562679 0.6320414640977754
0.9989429633442685 -0.06414012772805701
0.2870582733373539 -0.9589570103547796
-0.5988574187687629 0.8021039782881111
-0.282365281652577 -0.9603493362924039
-0.5410545719808202 -0.8421763177260754
0.9716926478520229 -0.2404462478607733
-0.9371260203519667 0.35184630448433774
0.8941201638563487 0.45005569942563334
0.6070324145901843 -0.7959350775263084
-0.06921432827644688 0.9986042142717204
-0.9484074734685685 0.3201941040509127
0.6192781867825522 -0.7864448660747392
-0.7509896162959071 -0.6618274671058357
-0.16584171729608538 0.9871664119105173
0.9833721560775704 -0.18702995121463975
0.48670534473423765 -0.8747107564258753
0.7443003098185664 0.6693415038707715
-0.3864549614020855 0.9233924208091122
-0.24379157491160508 -0.9708587271081819
0.056562210577266465 -0.9994006785742208
-0.12278715455241616 -0.9934406447679304
0.9934881855745499 -0.1224019000007299
0.356244322600723 -0.9354629776825762
-1.0003162587665735 0.03699165375115802
0.3307610938765818 -0.9447740993367499
0.49162005157505356 -0.8719579834426323
0.9078163855121633 0.42174685558475866
0.42844911818668385 -0.9046725115338992
-0.9044336882169604 0.4289530319490307
-0.958985757403297 0.286962222422438
0.7301792424070364 0.6847183902582772
-0.9636539962757709 0.27087261851604094
-0.9967008819087241 0.09267336188124202
0.9147411348175921 -0.40650910970435067
0.6674958579973965 0.745955950144725
-0.25727392772185126 -0.9673733126950379
-0.9769133301895925 -0.21826897465714223
-0.26853493988862 -0.9643080348410539
0.548566391409 -0.8373027613811552
0.1846160235125247 0.9838281983468572
-0.303424832148714 0.9539048019773906
0.12585336603510164 0.9930568615430009
0.9985347162341421 -0.07020983175596608
0.5291668227674821 0.8496961066652996
0.9406817933981063 0.3422261877316264
0.2360049205502727 -0.9727808990086407
0.2396383304939539 -0.9718922113887273
0.9165175556775289 0.40248797514321794
0.9985629818879062 -0.0698066701908442
-0.9688902499956816 -0.25150086175459796
0.9161979764403454 -0.4032149153573269
-0.8595081137828748 0.5130758251383558
-0.18029256448499625 -0.984629672105926
0.3613590947252376 0.9334991187244671
-0.09586023060307036 -0.9963994260278989
-0.8686900535679054 0.49737168278078475
-1.000249950465409 0.03874321352116654
0.6506453118219384 0.7606981518343083
-0.8248854254903314 -0.5670670461361996
-0.9108932709278299 -0.41505957280660205
-0.9486788328467558 -0.31938921727027236
-0.9895661640459026 0.15086353759433657
0.2467108250293457 0.9701210073044185
-0.9587882513384731 0.2876214336507502
0.9580759173365379 0.28998540759795416
0.5950573078695365 -0.8049272018953388
0.07646288679379708 0.9980753613546218
0.9248148836060344 -0.38303841982333475
-0.1584151100058375 -0.9883853767239975
0.9881085479188212 -0.1601327497102287
-0.7253567042682403 -0.6898250876657912
0.9044212393455191 0.42897927901090416
-0.9941332908179281 0.1170469994810495
0.8029754630121875 0.5976883851978079
-0.8516233389336536 -0.5260595865332134
0.6905813562985608 -0.7246367299087455
-0.6379734773905771 0.7713564948492848
-0.45705032571273596 -0.8905649890748467
0.27776530644009834 -0.9616898848060316
-0.6959100222059988 -0.7195208412500963
0.9934118722785522 0.12301972206122644
-0.7975847524301757 -0.6048632594982897
0.7323124055843303 -0.6824364736935529
0.2502089219135335 -0.9692246877761974
-0.16721489297027742 0.9869347392654383
-0.8272450378587112 0.5636192396806017
0.9784062711734929 0.21147616539076344
0.9044179588610604 0.42898619522030457
0.49429042329916517 0.8704469986361789
0.8972683612209945 -0.4437459723217676
0.5968878324580055 -0.8035707283516392
0.4512684535605573 0.8935086920791891
-0.8563667946877719 -0.5183019515265126
0.6545714058486503 0.7573224377009581
-0.8426002386208522 0.5403941504828516
-0.9989675623489285 -0.0637558575712045
0.37304706410227306 0.9288901377260255
-0.025185978997060817 -1.0006830999182308
0.9523608497118741 -0.30823661679962244
0.4439415005830933 0.8971716357866154
0.8305778301286966 0.5586962216613837
0.5010737700894216 0.8665599096013924
-0.3882488856789863 -0.9226395844364285
0.694123948294539 0.7212440255586178
0.6000726654502974 -0.8011952297532577
0.3354095283796269 -0.9431338443042728
0.3061511948405586 -0.9530332868781124
0.9728012636109307 0.23592096455587927
0.6293541492608603 -0.7784050069264321
0.351062935114216 0.9374197648807027
-0.9655443244410191 -0.2640552168387059
-0.4554261139455573 -0.8913966876404961
-0.9133532477224807 -0.40961792548031467
-0.35607879846551516 -0.9355259960489366
-0.23226930122692288 -0.9736796042372239
-0.005290538654317443 1.0009860189836555
-0.5507127929385951 0.835892588610386
0.9816421057116061 -0.1959075707931774
-0.2907548379562784 -0.9578426928285345
-0.9833404969123453 0.18719633311628175
-0.2308774525468985 -0.9740105758694074
0.08116569369525807 -0.9977039291127241
-0.7630461235888832 0.647890124385284
0.14573887940747335 -0.9903338725041438
-0.9797685511996066 0.20507214847517408
0.6475783153762267 -0.7633107659757513
-0.9899261084652237 -0.14848333165341548
0.8548596092161881 -0.5207840709264697
-0.9896493798974224 -0.15031668193732625
0.9586867880223855 -0.28795944587966155
-0.9350179417541333 0.3574107561306239
0.9941108544413527 0.11723740478995395
-0.5082594749415795 0.8623649495034628
-0.8081425640774672 -0.590683160523725
0.9596354523718641 0.28478201936050607
0.9306972328254207 0.36851548245779964
0.7071967872687693 -0.7084304511218663
0.19155779634748898 -0.982500183541201
0.16902580771787634 -0.9866262090200724
-1.000659834543044 -0.026093975018918802
0.8650759425595439 0.5036314263474002
-0.40842814801207805 0.9138859053029672
0.18487212999954158 -0.9837801052823912
-0.8857007603022652 0.46640665003834286
0.49138325906715175 0.8720914474460488
-0.8782967036693089 -0.4802040194788318
1.0008503475260264 -0.017308433118914182
0.4791973871085513 0.8788463256954183
0.9994637679352845 0.055436238911058006
0.8275549535477955 0.5631640958535141
0.8628449990801424 -0.5074440930411832
0.3500542134948504 -0.9377969117109001
0.9640222606041314 -0.2695590493003345
0.8757252392041284 -0.48487761901419224
-0.7775377744118006 0.6304252607270301
0.03449163934064196 1.000405581159759
-0.5414207694226159 -0.8419409423693699
-0.5132521474899695 -0.859402835169244
0.6715786072094487 -0.7422824087492691
0.6330712502337644 -0.7753849315839575
0.9672748243510023 0.25764396786406135
0.9914190553937002 0.13816387589476142
0.5939322341837474 0.8057577186707566
-0.7756010581038427 0.6328064464496229
0.7860599923766884 0.6197666402645114
0.9088466873327873 -0.4195219886063408
-0.9608400492205016 0.2806909329029781
-0.8598414156896695 0.5125170629986722
-0.9950458559559406 0.10901717545831663
-0.1329566697688843 0.992130799826297
0.8034629531056336 0.5970328994174228
0.6897079425971215 0.7254680929706321
0.4621017682145519 0.8879543658392499
0.599635548568968 -0.8015224319333758
-0.25656076774080366 -0.9675626969123238
-0.16926422033214134 -0.9865853352423968
-0.7095533946512572 0.7060700957687396
0.13065696803460805 -0.9924362733717482
-0.803377681521195 -0.5971476373842814
0.9058911598563819 -0.42586641860336805
-0.89952547273138 0.43915250643414006
-0.5042603438621158 -0.8647094920307402
0.9481117976973636 -0.32106855820381003
0.5828357105348554 0.8138203330744017
0.6036514852263709 0.7985022757537994
-0.430166323210761 0.903857253317876
-0.9922112529850073 -0.13235493738399684
0.8536746301288844 0.5227242350171956
0.8688912497742278 -0.4970201163592682
-0.9549160400441582 0.30022717476335076
0.7397891590794974 -0.6743241061303163
0.5395669394457756 0.8431301903366518
0.10763594588292977 -0.9951962133940658
-0.7228773145941747 -0.6924228390550926
-1.0009823425375586 -0.005945580545373133
0.5668359796030398 0.8250442244070691
-0.05513239171150461 0.9994805747908106
0.8136390005304047 -0.5830888241219205
-0.0025916428254938195 -1.0009966450430616
0.9322898330159481 -0.3644676491200495
0.05115776090450228 0.999691894285053
0.048096601643862036 -0.999843846263161
-0.14814902654743345 0.9899761946294707
-0.1565771330421238 0.9886782092310465
-0.8670915950874266 0.5001531422761855
0.8468000539207071 -0.5337889739212375
-0.9521894642091708 -0.3087656461607284
0.23506600140395761 0.9730082091040931
-0.32849190984022764 0.9455654737613466
-0.6108992910121591 -0.7929710311485795
-0.7170435818032697 -0.6984622407795125
-0.28090798289871516 0.960776615631217
0.871620629617261 0.49221791721310776
-0.6308031054062044 -0.7772312668761396
0.24319900926874402 0.9710073335926466
0.600415209594575 0.8009385594959846
0.43459985653112204 0.9017338657847603
-0.06659557457121891 -0.9987822732946001
-0.8881371154382419 0.4617504349548995
0.9406434240350371 0.34233163572717223
-0.8991352015424058 -0.4399510078943987
-0.9254041748003402 -0.3816125171716742
-0.8834557360657744 -0.4706452617550511
0.5085452238305518 -0.8621964714142213
-0.37653386346340734 0.9274822098915537
0.7917438241234737 -0.6124889525226866
-0.9801517380230492 0.20323279865808044
0.7084456529679133 -0.7071815585766268
-0.5980930274507872 0.8026741122739365
-0.5802912485639576 0.8156366021949255
-0.5267593498951066 0.8511906879766041
-0.8229245857436476 0.569908875328895
-0.983442903674782 -0.18665758814394162
0.9536042483747909 0.3043680953739241
-0.18770157047318803 -0.9832441814940472
-0.007225419695010484 -1.0009739223927019
-0.6088915060518819 -0.7945137719749551
-0.17601338793452506 0.9854036164272031
0.24029687111031856 -0.9717295990832999
-0.7452217240905875 -0.6683154808497649
0.9018225504586609 0.43441580022397447
-0.9692501708302261 -0.25011018840818416
0.4982514019439609 -0.8681857753159041
-0.13914089494305493 -0.991282407467441
-0.9961591175164516 -0.09832605244208882
0.011568369409224564 1.0009331510291843
0.7159904971111154 -0.6995417128710609
-0.8847539898387776 0.4682001468008784
-0.7129022678178332 0.7026886625954559
0.9230001173235084 0.38739099553395623
0.962731382286298 0.27413370015580724
0.9810147812175057 -0.199025121612246
-0.3593525305811312 -0.9342733854525329
-0.6817574692782045 -0.7329445770884577
0.9021488940576239 -0.43373767757782583
-0.9483307424998649 -0.3204212896011357
0.35201391105365265 0.9370630749446438
-0.6512052427815318 0.760218870966675
-0.6144557710175951 0.7902183909927513
0.8894754234995763 -0.4591671492934237
-0.01443764355896106 1.0008958759273936
-0.9150765904915491 0.405753414692177
-0.8132772853266345 0.5835932292031325
0.21366150430085945 0.9779313685427489
1.0009780883370725 0.006623191757749918
0.17617191664458712 0.9853752867744211
-0.1891699368452564 0.9829627332681345
0.202379370054645 0.980328307546143
-0.9181826736561469 0.398674776976986
0.2985709315986221 -0.9554351881756976
-0.6000168497702514 -0.8012370310911645
0.998701055355421 0.0678026697997089
-0.43754140426394933 0.9003102351715943
0.9958244155298682 -0.10165989098261038
0.8797102956302281 -0.47760945945633937
-0.5650733682904165 0.8262524362741227
-0.8341233802861384 0.5533888203243955
-0.4983667840524402 0.8681195473857436
0.49617054996317767 0.8693766648290244
-1.000769388915675 -0.021485581429097237
0.9995950703298893 0.053015991664625874
-0.13201196192553707 -0.992256943492244
0.6851487132800335 0.7297754727933206
-0.2278154585044727 -0.9747313049586521
0.15843445105973392 -0.9883822766103209
-0.6365017073005215 0.7725714055047088
0.821153904108267 -0.5724572174125774
-0.23134436627149252 -0.9738997813915155
0.27369880977962835 0.9628551093104376
1.0007206443579757 0.023647239918392376
0.41170590136978014 -0.9124139689731284
0.4983887150640422 0.8681069569452907
0.9949124650509117 -0.11022788615553956
-0.5684894887181482 -0.8239057599124906
0.32841813761965605 -0.9455910991979761
-0.06131503218396248 0.9991203465190165
-0.8686385777791535 -0.4974615776055569
-0.07057799960472966 0.9985087610891528
0.35054030131807945 0.9376153247210873
-1.0008124967503433 -0.019373857342926466
0.7708252889506291 -0.6386152001903644
-0.8514671198443773 0.5263124013586615
0.9267720566118419 0.37827840948626307
0.14104219452884406 0.9910136726415473
0.3058702710466935 -0.9531234848065713
-1.0008887673033804 -0.014922315032182982
0.22631601310693858 0.9750805413971607
-0.9894952834406937 -0.15132773720842227
0.30509542115741844 -0.9533717973533608
