1000
-0.8140799311215938 0.582473060102406
-0.4808130821772914 0.8779634274883967
-0.65558447438747 0.7564456338310801
0.19678872871182254 -0.9814658405935404
0.5301875243041961 0.8490595910018257
0.8393476764932484 0.5454323770783921
-0.8364498857410384 -0.5498659733460544
0.9071849084535115 0.42310346473905647
0.8464960559057572 -0.534270930648484
-0.7390156714784002 0.675171709500131
-0.08828421025312362 -0.9970992419112464
-0.01749599126327571 -1.000847086367201
-0.8318157555945545 0.5568514602159722
0.229537930022889 0.9743271209818637
0.1420736424430569 -0.9908663280801111
0.5335279495614481 -0.8469645370597029
0.9970222188723773 0.08914984618495632
0.9717635403929986 -0.24015957520545542
-0.5010315138569752 0.8665843421861416
0.9841244323912969 -0.18303032964650393
0.29043796405847006 0.9579388232207581
-0.19768053814578007 -0.9812866068781305
0.9350132380427253 -0.3574230612101826
-0.813766773346177 -0.5829104893529983
-0.8550141869178097 0.5205302490434889
-0.1831417617246657 0.9841037014016286
-0.5352028847652092 0.845907129736473
0.3872738345934464 -0.9230492820208941
-0.9147777117000876 0.4064267931334637
0.75162558244925 0.6611051231141879
-0.9980872546035973 -0.07630748454676047
-0.3864700382598292 -0.923386110750777
-0.5921467800799277 0.8070707471101736
-0.18154810127568585 0.9843989470347849
-0.8154197581535287 0.580595916290186
-0.9060548214691646 0.4255181083014918
0.9759958900469351 -0.222335383174813
-0.6047904098701509 0.7976399940631707
0.337750104398864 -0.94229818368633
0.5145970701910553 -0.8585981920262715
-0.8635649554834849 0.5062179053143091
0.9935714350526501 -0.12172429275792629
0.14091845436628322 -0.9910312756008348
-0.8310926425242606 0.5579301206621146
-0.801245971621155 -0.6000049107806297
-0.9207671419278227 -0.392668906772702
0.31189745691144943 0.951168216653695
-0.9993912909358248 0.05672783797771385
0.9648145336698007 0.26670942169245704
0.9985614486435601 0.06982859931915264
-0.10777226032368502 -0.9951814607923138
-0.6276505493862184 0.7797793199714763
0.8756156987633286 0.4850754045292421
-0.020242102583106044 1.0007953123806161
0.36447669914787834 0.9322862949643028
-0.9316954713761855 -0.3659843556999502
-0.3702583152981018 0.9300052580241746
-0.2167855737110863 -0.9772435801941883
-0.9706750247535963 0.2445219751261739
0.9850799164728842 -0.17781607959286358
0.5148894021166839 -0.8584229165090619
0.4878991633119331 -0.8740454258443984
-0.9466887107952288 0.3252406568263996
-0.6951401601000522 0.7202646442913008
-0.412718993488697 -0.9119561570676942
0.7739990775084856 -0.6347648604136915
-0.925493266388892 0.38139639991591345
0.9777280338460823 0.21459005529491335
0.6403883947120163 0.7693527824854908
-0.6772463583297555 -0.7371148961519394
0.8595132620183947 -0.5130672006808642
0.7356298356105085 0.6788591495735005
-0.947024403598039 -0.32426189876360517
0.9383520942280382 -0.34856326148613936
0.9994599629242363 -0.05550479719343294
0.993941378465048 0.11866564867306874
-0.57459413688602 -0.8196600379768492
0.8940399998448084 0.4502149249830516
0.8863577614437173 0.46515687539633604
-0.8452516127223966 -0.536237551081783
-0.1683142288676284 0.986747850446453
-1.000991841290133 -0.004041493608714511
0.44892107605436854 0.8946903751992573
-0.5186012770514697 0.8561855613362004
0.2863469161773754 0.9591696636131206
-0.9332120669880557 0.3620997625349688
-0.9810541730569684 -0.1988308565779164
0.201097220618082 0.9805921210471163
-0.8170378157800957 0.5783167018038562
0.9976287431342228 -0.08208465674187225
-1.0009584375433869 0.009121749322466115
-0.9512346903640703 0.311694664452203
0.7475307453650623 0.6657317663548544
0.9883608187782548 -0.15856825629355267
0.601483865585439 -0.8001363380327114
-0.9353178396529365 -0.35662520778397566
0.7383876541410815 0.675858470548406
-0.8077632466708482 -0.5912017737860488
0.5130594570479401 0.8595178843594081
-0.36768826964399126 -0.9310243478911857
0.11217387361309866 -0.9946949392042933
0.42795860668901764 0.9049046529667061
0.98479761586947 -0.17937295163376119
-0.9892998975392879 0.15259984511379565
-0.24339638522303095 0.970957877387254
-0.23480409704706984 -0.973071444453032
-0.9598079671091894 -0.2842000462240024
-0.99372653447369 -0.12045154495858602
0.5555885692899248 0.8326597994825824
-1.0006665674937358 -0.025834486646816125
-0.3083786731719639 0.9523148607118862
-0.9363809743683184 -0.3538243502658328
0.9746066779166648 0.2283480312160417
0.6615021247471918 -0.751276206834045
0.7749446524755719 -0.6336101211309011
0.9419268363821868 -0.33878434866895074
-0.027179004584806505 -1.0006309518047996
0.756664039711895 0.6553323820832265
-0.9764474540302622 0.22034375307191928
0.8577616932327756 -0.5159901914013887
-0.9831781648407977 -0.18804705841964484
-0.998319907965578 0.07320082895432223
0.8219163582059004 0.5713619694322943
0.23316620868042304 -0.9734652120798142
-0.9976066718225294 -0.08235246405042308
0.7996071370196949 0.6021872021449535
0.3973263753649401 -0.9187669734156527
0.15020002632189777 -0.989667091547911
-0.10488347830917863 0.9954900582013705
-0.8170177788580433 -0.5783450086495685
0.6702555212832263 0.7434773272866837
-0.06275330918355435 0.9990310416531176
0.5947717674992313 -0.8051382145854464
0.7046165650775867 0.7109968327765342
-0.4279812200741158 0.9048939580215305
-0.06234263260895679 -0.9990567532224507
0.9016966407895064 0.4346770847294803
-0.998046037278532 -0.07684469710148494
0.8556292319065473 -0.5195186401920646
-0.49867727306445797 0.8679412291906613
0.18927721507983306 0.982942081636361
-0.7483992977864352 0.6647552113919609
0.3574371425425741 -0.9350078551172709
-0.6284479055499198 0.7791368493467108
-0.30717341156164985 0.9527043062931843
0.9400491275893028 0.34396022694287004
0.08732969971859271 0.9971832948596062
0.14062004054832222 -0.9910736623461388
-0.5721109700114583 -0.8213951777266216
-0.4357150887247211 0.9011955178858849
0.8119648128328615 -0.5854179214213521
-0.07146529829366369 -0.9984456475641514
-0.9404197976640548 0.3429454827833399
0.16016055721476283 -0.9881040410364976
-0.5185283398608099 0.8562297359711308
0.10712001454304346 -0.9952518789152313
-0.1836414878929116 -0.9840105710430542
0.742294054775751 -0.6715657348648562
-0.9260801008930715 -0.37996927077051706
0.884393691378604 -0.46888036709775605
0.18005935129089368 -0.9846723465258393
-0.32508115107714136 -0.9467434949416662
-0.9926796457632413 -0.12879487911934126
-0.3072632847722671 -0.9526753244578956
-0.9890953175096435 -0.15392028092651533
0.813155545800565 -0.5837628442559403
0.7089701362791339 0.7066557477756382
0.5811684611437619 -0.8150117911857422
-0.9571563494294427 -0.2930063527415451
0.7025607006514788 0.7130283738394309
0.21510625160827365 0.9776145971286629
-0.9668084160227488 0.2593886788346469
0.8530955491035852 0.5236687732714761
0.11823020805234997 -0.993993268540536
0.4954158703364437 0.8698069414638998
-0.9998733524393415 0.04747924895901924
-0.3727439326238895 0.9290118194576845
-0.9014451168648422 0.43519846194642153
-0.6955422030675094 0.7198764086647065
-0.4882643892499947 0.8738414536918753
0.6845123509400913 0.7303723991296969
-0.3259774058106673 -0.9464352756004752
-0.9123252691311169 0.4119024196394518
-0.8767602583983711 -0.48300357068371813
-0.7668460134232432 0.643388056849736
-0.9285779427698848 -0.37382349337788895
0.25573433857790817 -0.9677814567721991
0.10764821535406799 0.9951948863067396
0.5770959619297583 -0.8179005139528688
0.9860814081949526 -0.17217565568993545
-0.5040427772604269 -0.8648363305802986
0.947112856068206 -0.32400345348518367
-0.9108989120380211 0.41504719255519545
-0.9226015432284942 -0.3883392749032744
-0.9973888463087922 0.08494992206480573
0.945193923647553 0.3295594736913867
-0.4911448932161071 0.8722257126843594
-0.28778124226999907 0.9587402967423118
0.06471755759109629 0.9989057201455216
0.7305140811569153 -0.6843611453256736
-0.14767206703972063 -0.9900474537193741
0.16018912129411125 -0.9880994106966264
0.8738364945005807 -0.48827326455473347
-0.9642789004167323 -0.26863953955272063
-0.5438599498034401 -0.8403673928704039
0.6193382831939478 -0.7863975400332667
-0.6608018782972359 0.7518921981500042
-0.8631587574845916 -0.5069102083975583
0.3751631369741499 0.92803751037106
-0.7239134088957095 -0.6913395521890767
-0.0758114400333535 0.9981250550707909
0.2536081075125559 0.9683408118033133
-0.2618129690970088 0.9661547335766714
0.1956085540084449 0.9817017335212999
0.31904211501056445 0.9487956201677924
0.9524309285551631 -0.3080200096285136
-0.05436633513419984 0.9995225368164921
-0.48266495918216534 -0.8769467128495771
-0.95589925291743 0.2970818376675005
-0.08960134013736794 -0.9969817449911446
-0.9893954608008869 0.15197901877101547
-0.776522663295979 -0.63167519611563
-0.32997577445261383 0.9450486697913487
0.26544880388121944 -0.9651621275816981
-0.21976506508695748 -0.9765778597568784
0.6894841208074676 -0.7256808163058697
0.7705895260285708 -0.638899665342738
0.5527859016762957 0.8345230655337963
0.9714808940708342 0.24130037806711505
0.9558914393361031 0.2971069777099708
0.9626642778697168 0.27436925504432286
-0.28410426493103674 -0.9598363228425956
-0.23373150021288774 0.9733296388214184
-0.9189815685486439 -0.39682978298997956
-0.7946658634471903 -0.6086929977186624
0.40089772462829515 -0.9172142685260929
0.5124678299622846 -0.8598707596224836
-0.045212727446893156 0.9999784044052217
0.5579380524728063 0.8310873176765797
-0.09534254620860834 -0.9964490949779921
0.9436770754853477 0.33387808733641294
0.9708111925270574 -0.24398079527740016
0.10304390671203609 -0.9956821547509633
-0.9999568389891227 -0.045687199070218704
-0.999160928833836 -0.06065013018869843
-0.5471815574205705 0.838208412758306
-0.9983978700071771 -0.07212969683238636
-0.43889084355894004 -0.8996531706386202
0.850349952627145 0.5281154779657687
0.9095961171667275 -0.4178946082868419
0.8794618074657086 -0.4780668668807209
0.8615145434563539 -0.5096996089984669
-0.9976707294220648 -0.08157276294478027
0.719529205782419 0.6959013737780099
0.22519701777942686 0.9753395835211716
0.9191336529325409 -0.39647739916278124
-0.5091807311417923 0.861821317347111
0.9988935056984322 0.06490581078375238
-0.8900596278796179 -0.4580336874278967
-0.33261112308343344 0.9441243778237998
-0.9774700158889561 0.2157622952187057
0.5790827443907199 -0.8164950551895046
0.7116087940754154 0.7039985257048008
-0.9812502161326531 0.1978610960740431
0.18916859679407058 -0.982962991158346
-0.5710922633670924 0.822103780992553
-0.08227708882529312 0.9976128911829653
0.9885142459513312 0.1576089640574766
-0.5127219139998519 -0.8597192791279771
-0.4603168988661437 -0.8888809552568084
-0.5166209314308545 -0.8573819529285162
0.9485459668116593 -0.31978359689848807
-0.8228553188693662 0.5700088808153727
0.7439590407452497 -0.6697207968201434
0.002977479506688933 -1.0009955717263626
-0.9649072393970864 0.2663738338483975
0.6475625909966379 -0.7633241059613673
0.8402559723533437 0.5440320771099227
0.47487657493201796 -0.8811885374769894
0.9987842005321791 0.06656666408417938
-0.6019316460771497 -0.7997995332899694
-0.9375247595066342 0.35078244726899876
0.18475650667924956 -0.9838018262026557
-0.2855963273720337 -0.9593934217992148
0.004111443104997468 -1.0009915564257246
0.1398861285666079 -0.9911775174178672
-0.12428777204336683 0.9932540207421745
-0.5872472360104164 0.8106427596655177
0.3138151387334427 0.9505372474036513
-0.9492774089385015 0.31760573181069157
-0.9607599690920959 0.2809649120266709
-0.2993367330650654 -0.9551955403151408
0.8527446069518966 0.5242400550458304
0.14741882397294923 0.9900851934750022
-0.2678834655146562 0.9644892165824654
0.5462090274668027 -0.8388424752680145
0.870030819751284 -0.4950225981537697
-0.9229974545936727 0.38739733970898793
0.5046617290813755 -0.8644752970447429
-0.9884584955425118 0.157958230522611
0.938326616838844 -0.3486318403872046
-0.7117716109515516 0.703833910694443
-0.7980757529381779 -0.6042152700587436
-0.3111557678453181 0.9514111036437354
0.6152050825490435 -0.789635172979158
-0.7613681923506215 -0.6498611202993659
-0.7760797066724258 -0.6322193360624472
-0.3589080563552173 -0.9344442236341985
-0.6120448458594826 -0.7920871837473715
0.9157795662083127 0.4041643058402297
1.000992424698246 -0.003894315951018399
0.7400288879050252 -0.6740610098989941
0.33404241597518985 0.9436189190184024
-0.7748203358561058 0.6337621376698291
-0.8682944576221765 0.49806197893696963
-0.792346481121481 -0.6117091252011911
-0.4315344722355619 -0.9032048490084489
-0.6910445775292016 0.724194995748719
-0.9147982236164651 0.4063806221612442
-0.14959604667741874 -0.9897585679439646
-0.936943527483703 -0.35233198308753555
0.8339143872432809 -0.5537037066416146
0.6082469665380403 -0.7950073129835171
0.9851355411583892 0.17750764926213047
-0.29631704929044994 -0.9561366044137214
0.950279203281763 -0.3145956703614623
-0.7968813866439135 0.6057896133316198
0.6709757973763589 -0.7428273549992349
-0.8561052397099468 0.5187338609934526
-0.9051106094958735 0.4275228468491577
-0.3322249904831976 -0.9442603219972971
0.5915158104520348 0.8075333095205872
-0.5245993822997709 -0.8525235997265407
-0.7725660944162738 0.6365081537249819
0.9021464540622803 0.43374275258827527
0.12930958958504513 0.992612729135259
0.42202707550748036 -0.9076861503507716
-0.6070067442007634 0.7959546547981167
-0.7459494127409328 0.6675031637613842
-0.9923393431172668 -0.13139112641876305
-0.9249413623365432 0.3827329045679501
-0.8953878386698769 0.44752834364103294
-0.45107893655476866 0.8936043828208426
0.3862668338594343 0.9234711327703796
0.003107772215738944 1.000995175688602
0.9547881239715821 0.30063372785305853
-0.875901705450802 -0.484558770830099
-0.49606706916061016 -0.8694357152167159
0.2903616941156156 -0.9579619442286367
-0.653200202453004 -0.7585054353894601
0.21636742822480592 -0.9773362451088077
-0.6100078477713672 0.7936569949652964
-0.8324814979316283 0.5558556967428799
0.1488431612861942 -0.9898720691777962
0.8302897669545769 -0.5591242284953445
-0.9792771768944222 0.207405908338433
-0.8979180359123304 -0.4424298823354304
-0.7393197418193068 -0.674838735814886
0.31035341163951075 -0.9516731371031318
0.9632327098194482 0.27236693399508416
0.42417974887611826 -0.9066821607616383
-0.4673221607198603 -0.885218051160346
0.5824957801932692 -0.8140636744487709
-1.000960109757442 0.008936368074854697
-0.959934074670035 -0.2837738047942122
0.9218441383241097 -0.3901338035052585
0.9705195498774782 0.24513833503884538
0.4012647394476006 -0.9170537655317975
0.8883741752840059 -0.46129418453787424
-0.4608572928775952 0.8886008978172003
-0.5214732564798992 0.8544393733766307
-0.39826649311443024 0.9183598425793309
-0.15928828067517975 -0.988245032185614
0.9373832867008611 0.35116032494274074
0.4724793101255691 0.882476232826282
-0.2927279211331502 -0.9572415391054988
-0.984900856722491 0.1788052080541932
-0.5626312406345713 0.8279173189769634
0.10232227417801616 -0.9957565727661751
-0.13077884383833355 0.9924202204733179
-0.9685110239909968 0.25295730155089624
0.9659395345259082 -0.2626058179855728
-0.9035219108505013 -0.430870231755524
0.2227628520887706 0.9758984126072121
0.13312532535172247 0.9921081834910939
0.458092870920221 0.8900291689669894
-0.9806881717556167 0.20062828758334644
0.13774178989125563 -0.9914777855895477
-0.07930010152190133 -0.9978539441714985
0.21299230016451717 -0.9780773384915061
0.6589496869831832 -0.753515965341654
-0.3695073654832535 -0.9303038787695261
0.51581790969928 -0.8578653064633547
-0.9870986951132461 -0.1662442964607411
-0.9884049280293105 -0.15829307706710838
0.4662471336663943 0.8857847426705155
-0.9935841879053744 0.12162015270676789
-0.9518482928788085 0.30981579582664626
-0.6595596122682462 -0.7529821497648937
0.5393010214389127 0.8433003072897255
-0.8088555576809514 0.5897064412134542
0.8014080197476926 0.5997884509425653
0.4017053226308526 -0.9168608584567467
0.3395869672708167 0.9416377709394463
-0.6637839000240245 -0.7492609252249152
0.6590605103727835 -0.7534190359070881
-0.8270037286955576 -0.5639732553265665
0.05808287887174567 -0.9993134539182239
0.9460430978291382 0.3271138288881223
-1.000942656867508 -0.010714367130836474
-0.9975689538767661 -0.0828081050454275
0.6688441366354058 -0.7447472865935387
0.1893230633625714 0.9829332518940499
-0.08553860644561537 -0.9973385316969069
0.9626483497254145 0.2744251350932276
0.16403272727105409 0.9874686143792216
0.5978456672884134 0.8028583674001734
-0.11316712676545136 -0.9945824256539285
-0.8973224526196942 -0.4436365810261555
-0.8945297443199308 0.4492410672755989
-0.2692184694949596 -0.9641174283679305
0.8954520290952662 0.4473998922543124
0.9981144614217641 -0.07595078604426649
-0.8912057725542023 0.4557995951797976
0.9239576780894562 -0.38510155686460273
0.4958323130187378 0.8695696161702572
0.8637778895458227 0.505854482565653
-0.13623777480674618 -0.9916855694804206
-0.9448769842703526 -0.33046707036581374
-0.9965424674739174 -0.09436159452338785
0.8667825681053974 0.5006885055886664
-0.2758327356671689 0.9622459674814781
0.24036593610291226 0.9717125175489768
-0.5496852370553389 0.8365686703214601
-0.34245158578972146 0.9405997615299001
0.754709815863433 -0.6575820054102628
0.9520681116799936 0.3091396298148966
-0.9461916286408808 0.3266839480138525
-0.7499053730898304 -0.6630557528677375
0.45256777763400413 -0.8928512791318711
-0.9701701203667853 0.24651762117036824
-0.6844208004270722 -0.7304581904139111
0.8439036218993745 -0.5383564589982341
0.6978754869436548 -0.7176146631188334
-0.634066912239543 -0.774570946268327
-0.6758180235018659 -0.7384246739580357
-0.47547465647364384 -0.8808659665643067
0.9306605446493286 0.36860812610822236
-0.39256692230104107 0.9208106273903925
0.7375576100019344 -0.6767641922621455
-0.23087632193378607 0.9740108438669083
-0.29728399459740734 -0.9558364015647284
1.0006194609380492 -0.02759881142455168
0.4480681064557655 -0.8951178536802541
1.0009361805635368 -0.011303204805668573
0.4001967873888398 -0.9175203165944892
-0.45944455496012837 -0.8893321656824797
-0.4532612611003015 -0.892499428115091
0.3444739959854045 0.9398609823212407
-0.7701627718919984 0.6394140323699766
-0.8305481816917619 0.5587402955653977
-0.13922286532927272 -0.9912708982763022
0.874218108288465 0.48758968317688767
-0.8005000692402412 -0.6009996997889174
0.007861193065459949 1.0009691312141387
0.10593042827175801 -0.9953791962695232
0.8891228159869042 0.4598495602819662
-0.6998209715743667 0.715717547461783
0.6802736639549005 0.7343219608110432
0.381811946345049 -0.925321910271342
0.7592359576220301 0.6523509489942962
0.6440801612560763 -0.7662648014076772
0.6965217030009323 0.7189287289075886
-0.4188601045191028 0.9091519195614374
0.4983659336078816 -0.8681200356051832
0.9202490957878635 -0.39388145640740635
0.6593719121009154 -0.7531465206268848
-0.9922232833115996 -0.13226471961316566
-0.968171819754442 -0.25425248756575103
0.39467195445399217 0.919910348005427
0.8736907449489574 0.4885340133404592
0.707688941380066 0.7079388125031439
0.4153247359569896 0.9107723995061866
-0.18923223916711093 0.9829507412173824
-0.23043603127150541 0.9741151038208153
0.8054407302302369 -0.5943620362087257
0.4834223139804975 0.8765294440837349
-0.9978566142001424 -0.07926649668698764
0.903303017120468 0.4313289455404765
0.09488209385533804 0.9964930447653043
-0.7000260050988624 0.7155170104094852
-0.6166914383162397 -0.7884749012539635
0.959030460750367 -0.28681278798710946
0.9717322068563068 -0.2402863253665755
0.2911623407963374 0.9577188999398506
0.4403627183251007 0.8989336328724874
0.9335376162992077 -0.3612596281822717
-0.7360236777504877 0.6784321232007268
0.28124533952312586 -0.9606779163676668
0.5498109212771204 -0.8364860733116865
0.20499564089669328 0.9797845616324815
0.5536187456458396 0.8339707935350776
-0.6432046206593389 0.7669998800276802
-0.5402482501882633 0.8426937926486227
-0.1034470668871931 -0.9956403488973499
0.22822334783008266 -0.974635882524971
0.1690203344670799 0.9866271466651607
-0.3483338069047924 0.9384372962362563
0.20349704794226398 -0.9800969092282578
0.9465773113402743 0.32556473036220823
0.8207419318230309 -0.5730477129763274
0.9994969256170151 -0.054835168296769786
0.9515897804624667 0.3106089015456484
-0.9949688585943502 -0.10971768511710414
0.9257592553138511 -0.38075031346112376
-0.7155826654189342 -0.6999588909014112
-0.691476241344264 -0.7237828456494457
0.41582939322028273 -0.9105420999240241
0.07566416162195304 -0.9981362305046575
0.20573904915772842 0.9796287274532499
0.8363056925361217 -0.5500852557846626
0.9345496389616434 0.358633479079494
0.9515423413011039 0.31075419982876107
-0.6147941362651238 -0.789955169622948
0.9616880628597659 0.2777716143759667
0.1372181521439862 -0.9915503914185047
0.6191002943380509 -0.786584913121615
-0.6055565956197384 -0.7970584730754906
-0.6488441461495643 -0.762235051678577
0.3154676317820196 0.9499900911577153
0.9972973029716119 -0.08601796024987517
0.2848006739918718 -0.9596299162144621
-0.5746865293366826 0.8195952616986986
0.6069172177476443 -0.7960229210276917
0.9211651917925666 0.39173420763288447
0.1985270376220998 0.9811156992592635
-0.9443861856201203 -0.3318670402584139
0.43157354014565097 -0.9031861820500523
-0.03293909880015599 1.0004579030475163
0.29485567024294956 -0.9565882780619784
0.3641702274976591 -0.9324060517844697
-0.9176856370721671 0.3998175477782968
-0.7905578096379021 -0.6140190140545507
0.40631223870796845 0.9148285985233074
0.8062368303462896 -0.5932816981781657
1.0005104751175342 -0.031301584306324494
0.7869202789239521 -0.6186739647166748
0.4618102434253912 -0.8881060179209355
0.9921151452083569 -0.13307343329230276
-0.40026822756991864 0.9174891530683269
0.989011226562169 0.1544596831991894
0.17002334371674843 -0.9864547950065307
0.3834884554002787 -0.9246283602478936
-0.19394579493778022 -0.9820315822955759
0.779972130723037 0.6274109301688693
-0.5348958838319067 0.8461012903073032
0.5050194691516738 -0.8642663569628066
0.8458962472037029 0.5352200846069697
-0.6076855153389137 -0.7954365558907126
0.7219744890363865 -0.6933641447180902
0.9719259836762949 0.2395013199438918
-0.7033048304619396 0.712294402230498
0.5217638857356667 0.8542619314601455
0.633027955339456 -0.7754202781451796
-0.5287959561978408 -0.8499269596317152
0.5455291316911024 0.8392847946176267
-0.9987815416631461 -0.06660654647246779
0.339470649204992 -0.9416797111164397
-0.4722524790723005 0.8825976410630533
0.7651705400955572 0.6453797677103561
0.31820508876471615 0.9490766678642137
-0.8285818605873609 -0.5616521167997028
-0.289685364882754 -0.958166681414432
0.9888543833452719 0.15546063340550917
-0.3099744814533616 0.9517966278820911
-0.9090871162624589 0.41900073394399506
-0.9775943030816907 0.21519846324317332
0.6400731712631927 -0.7696150566543508
0.8423751388943397 0.5407449725820316
0.15755642663249558 -0.9885226211001947
0.7574376445142319 0.6544380907868459
0.15787173987477113 0.9884723130917288
-0.5719459732646519 -0.8215100752068413
0.26381908811790716 0.9656088694417818
-0.3984304756637539 0.9182887106255607
-0.8577567735242174 -0.5159983696421185
0.9804696595718139 0.20169344723895108
-1.0009047024284607 0.013812192316729073
-0.5978342407690865 0.8028668759913128
-0.6696907082290473 0.7439861257521386
-0.8359363313720327 -0.5506463927896623
-0.7567760427483867 -0.655203038089791
0.9039571113727369 -0.4299564405828307
-0.8225778749605333 0.57040918613344
0.21785352110015183 -0.977006061058101
-0.7975811263726702 -0.6048680408602382
-0.4099155943009073 0.9132196918315625
0.43246853988752476 0.9027579753220418
-1.0005160656407182 -0.03112237771794144
0.59050980534738 -0.808269243376611
0.024736528209873612 -1.0006943110521425
0.02771709690671279 1.0006161914235967
-0.12519620271074605 -0.9931399250995853
-0.6788520220652211 0.7356364130043866
-0.9901560290364266 -0.1469422953503009
0.11932885059364602 0.9938619750327503
0.16327934243957495 0.9875934671374148
1.0008793099017996 -0.015543712892921164
-0.8212364031793428 0.5723388594993845
0.9312689317261592 -0.3670683543995836
0.9900182118524609 -0.14786798233713724
0.012404641335370692 1.0009231363463136
-0.9232754487221062 0.386734334895408
0.7132514773936823 0.7023342010722029
-0.667677559520462 -0.745793320238791
0.9894696373812261 0.15149533557395428
0.8531852888477984 0.5235225524212865
-0.7746810283499462 0.6339324130494274
0.4974231892201588 -0.8686605613391494
0.8164036412124098 0.5792116147101324
-0.16419060895575152 -0.9874423749924547
-0.9028797743765359 0.4322141980798128
-0.6234108651563901 -0.7831729650626107
-0.643030816877813 0.7671455980095645
0.021989982881150564 -1.0007584327163508
-0.8453235789917353 -0.5361240964558518
-0.9294266416423975 -0.37170837736770806
-0.02135130552592025 -1.000772262681345
-0.6354825106542981 -0.7734099680328085
0.7652893239549022 0.6452389097385934
-0.9329501441888584 -0.3627740735747092
0.8018218440352697 0.5992351211568624
0.346089516684097 0.9392672923302334
-0.30627153218783454 0.9529946214807911
0.8398196604965448 -0.5447053679223917
0.6705520447506249 0.743209899880751
0.5190155232804913 -0.8559345106921895
-0.3399952578394307 0.9414904272730015
0.3446484405071821 0.9397970272649129
0.5449066110390387 0.8396891003496174
-0.9584801527431763 0.2886464910533599
-0.7013175060906267 0.7142511852638564
-0.3982472706294165 -0.9183681785842867
-0.9278751348832215 -0.3755645537926116
-0.31533939542697764 0.9500326655919512
-0.36619526012268444 -0.9316125973083874
-0.6393451387364923 -0.7702199644088794
0.23903960023019336 0.9720396440072747
-0.9428262552848395 0.3362731811274376
0.2637319952047164 -0.9656326603348395
-0.5584262973679014 -0.8307593336267587
-0.48092111192702325 -0.8779042567973319
0.17143903978391808 0.986209742214083
0.6406595626260946 -0.7691269887448633
0.2710040274439481 0.9636170489925756
-0.5964777744181226 0.8038751548749367
-0.44793812649520937 0.8951829057974475
-0.40191648779456707 0.9167683114281817
0.7343747935640899 -0.6802166291540516
-0.028928442626291725 -1.0005819032978847
-0.7015082531152986 0.7140638422516029
-0.6996857829981427 0.7158497084376553
0.6126437109906311 -0.7916240795880505
-0.8380858718541248 0.5473692276685926
0.9637579778572314 -0.27050242164635085
0.679598416961038 0.7349469311889474
0.2952757126835007 -0.9564587045446608
-0.9787906852504666 0.20968975765859915
0.31655120685423305 0.9496295769610004
0.8797644626695722 -0.47750967552890367
-0.9760166403049044 0.22224427517469802
0.2880045607072576 0.9586732357856975
0.8108112988384355 0.5870145123213985
-0.952219148202212 -0.30867408993476253
-0.9957967054994536 0.10193096348232263
-0.9786935323096035 -0.21014273676563472
-0.5145375292229695 0.8586338748390502
-0.9898012293932871 -0.14931351677439475
0.6261046580818187 -0.7810210990288604
0.7826494977601764 0.6240679158999791
0.8833846317340145 0.4707787085416667
-0.7751909826519497 0.6333087244110133
0.11640003244513256 0.9942092498296182
0.8605539434979386 0.5113197730678394
-0.7088751319949849 0.7067510503982947
-0.9512173638785759 -0.3117475367278672
-0.9814843941571583 0.19669617186400978
-0.7017756050169659 -0.7138010928844755
-0.9713971828928107 0.2416371516714913
0.9856616019062744 -0.17456290134950506
0.9448029956356011 -0.3306785439637629
-0.7290858391334253 -0.6858825257834676
-0.7932748443332515 -0.6105047267204862
-0.4325441182648816 0.9027217654152668
-0.9240932614598094 0.38477609609300356
0.7318035955278728 0.6829820624090194
-0.9245315115598682 0.383721883833624
-0.03411258057442093 1.000418578319372
0.975457154377448 0.22468720473994866
0.875782331657213 -0.48477449144633794
-0.9253424542660532 -0.381762154139036
-0.8398086009742958 -0.5447224189709804
-0.8252326591515209 -0.566561610303513
-0.27393720136516503 0.9627873128101663
-0.23550743760351253 0.9729014579254303
0.7589750773222811 -0.6526544506885995
0.9890919122611886 -0.15394216153966747
-0.8987354795108672 0.4407669881789829
0.005972228635715054 1.0009821838999546
0.6290479602349833 -0.7786524665884047
0.17614419017924315 -0.9853802434928857
-0.2836475685021286 -0.9599713833666242
-0.545607915690366 0.8392335803195761
-0.8726549472438968 0.4903818339322447
0.8994808528672044 0.4392438904814574
0.8606236601829936 -0.5112024212904581
-0.06163744031668879 0.9991005084330639
-0.5863638993875279 -0.8112819346534551
0.7851804714899373 0.6208805256978508
-0.2350355239789309 -0.973015571544438
-0.41763314185562445 0.9097161968569097
-0.6339541620240454 -0.7746632303474784
-0.13485349689216145 -0.9918747574043589
0.3948123680969154 0.9198500932204692
-0.35866470956031654 0.9345376536641067
-0.2744281664567718 0.9626474855600955
-0.6056171625323306 0.7970124543859328
0.19471932052560378 0.9818784987023839
0.8045296214343828 -0.5955947348950029
0.9982941804780844 -0.07355086147415156
0.6398077375965343 0.7698357350185845
-0.7545919040809307 -0.6577173088003047
-0.9059755400248032 0.4256868812598835
0.24776442978519267 0.9698524564763541
0.6485493857065463 0.7624858649835166
0.5145632302996193 -0.858618472910769
-0.8568515810964866 -0.5175001139830319
-0.7729813732586367 -0.636003770896991
-0.4352313488253732 -0.901429239041893
0.07113364169421124 0.998469331035921
-0.2976094146834604 0.9557351287316838
0.06980224632396273 -0.9985632911378871
-0.9211348057743595 -0.3918056528319022
0.7271742291971969 0.6879088896005506
0.8916751322398468 -0.45488070803788944
0.4868736596150567 -0.8746170816837743
-0.35798415975713616 -0.9347985565687279
0.9545841265543735 0.3012808412933419
0.3825389177873854 -0.9250216086006078
-0.882583562681221 -0.47227878936590334
-0.9574338412756379 -0.2920983388863699
0.6989694479077035 0.7165491685094612
-0.6856241243580576 0.7293288422229348
-0.28100008610334987 0.9607496820764033
-0.7206406757872871 0.6947503266647971
-0.796768789180693 0.6059377002527012
0.3442001058753197 -0.9399613221380009
-0.08741103454311189 -0.9971761685079036
-0.3257594111418286 -0.9465103306633948
0.37335882306465 0.9287648729575099
-0.9439172942598486 -0.3331983517323675
-0.9938828942078549 -0.11915449047777384
0.9682328588506925 -0.2540199422128407
0.7578533517037949 -0.6539566478837296
0.9740406660102362 -0.2307504733653555
0.09913477647607184 -0.9960789607722067
0.9959124243658846 -0.10079406229369989
-0.7750402942248094 -0.6334931272933599
-0.9840426949053094 -0.18346927427636503
-0.5015741461582401 0.8662703826783138
0.22601189286854675 -0.97515107767052
0.4164111792628629 -0.9102761832460036
0.6712206368553907 0.7426061248464382
0.85123027639059 -0.5266953735851491
-0.30032633056026325 0.9548848596413118
0.8207990304146073 -0.5729659254008396
0.9534991464085989 0.3046971903350493
-0.9855712838473449 -0.17507211215809362
0.4060382493866443 0.9149502391032145
-0.22512065054502609 0.9753572128703331
0.8978974664330529 0.4424716259525629
-0.9919358509800611 0.13440337622419324
0.8684116010679608 -0.49785770168852556
-0.01548313555956987 -1.0008802488376138
0.43361876093127405 0.9022060574882141
0.5291489283074138 -0.8497072505699333
0.9976842811755101 0.08140684919161068
0.9641223277150167 -0.26920092347794405
0.9693451264395619 -0.24974191848360094
-0.7604491545533847 -0.6509363128133523
0.6382584708601113 -0.7711206937797173
0.7663514901593173 0.6439770132004665
-0.48459550602584295 -0.8758813821172118
-0.19644529295701216 0.9815346386526732
0.7658002552321795 -0.6446324294404746
0.023460997629067334 1.0007250279623514
0.8289874460723133 0.561053307854524
0.9940801540257597 0.11749743559806665
0.28058021114310316 -0.9608723875285894
0.9118537108322092 0.4129452869830696
-0.09045254820522791 -0.9969048783726464
-0.9980092769036546 0.07732065192588816
0.6306039555195689 -0.7773928551788173
-0.25144443810555783 0.9689048944792158
0.9636026839832967 -0.2710551003397401
-0.9323229792989606 0.3643828512308312
-0.438460337496898 0.8998630631613381
-0.11596046329044771 -0.9942606152078362
-1.0005715043718448 0.029285911955467384
-0.9759727642052308 0.22243687538176105
0.4754664634903509 -0.8808703889312995
-0.3216869262774521 -0.9479021687189902
0.5184297541042712 -0.8562894312435398
0.42989061011537827 -0.9039884199117971
-0.8919032373768975 -0.4544332901060503
-0.3166752209860645 -0.9495882288726136
-0.9945259849781781 -0.11366206580554732
-0.7742698594780257 0.6344345393370999
0.9824072828404282 0.19203367054265982
0.5756917946050915 0.818889466060206
0.7547464599018594 -0.6575399465170242
0.7689320636899557 -0.6408935024085561
0.8484461421435475 0.531168658602643
0.5633712175686612 -0.8274139660503708
-0.56361845583661 -0.8272455719073722
-0.9793893362296263 -0.2068756343306096
0.4822015485659019 0.8772016111251998
0.9724519326510217 -0.2373567750945667
-0.028879687662099036 1.0005833116940035
0.27868434052550367 -0.9614239638920309
-0.9298627882984691 -0.3706159669223607
0.9656831034274982 0.2635472324928414
0.40707299553638265 -0.9144903369117884
-0.9648443204734638 -0.26660164525017466
0.6936230024158009 0.7217258000928677
0.8929623600072193 -0.45234856428459824
-0.569057047256988 0.823513859608421
-0.33587902294772665 0.9429667448768703
0.9284619344125752 0.37411152928887254
0.8540547245033314 -0.5221029855819046
-0.18196072810751 -0.9843227587669529
-0.8024221137194479 0.5984310749067208
-0.08520956026190724 -0.9973666982810147
-0.5094796641949882 0.8616446319520374
-0.5456470018426544 0.8392081680847263
-0.25612275650785066 0.967678734704251
-0.7982363214992434 0.6040031250244956
0.26328162971764224 -0.9657555505681665
0.4826893101074067 -0.8769333098406262
0.6568235436434586 -0.755369997097879
0.5601042275152663 -0.8296289859446371
0.9851821704759485 -0.17724866988583932
-0.5519303381236845 0.8350891580296533
0.5233469026884344 -0.8532930442974572
0.9857290104757415 0.17418185297704122
-0.8382873159625551 0.5470606693012168
0.7724239950643864 -0.6366805885597367
-0.9849792880864153 -0.1783726493630075
0.877323983300659 -0.4819788670942587
0.37953107076018644 -0.9262597725949381
-0.09546408907665895 -0.9964374579956154
0.9070497429289065 -0.42339315517920767
0.3267792612151364 -0.9461587152479702
-0.29882087499709575 0.9553570456462704
0.879515105814558 0.4779688050950675
-0.3482672009408096 0.9384620166788072
-0.9744046208096196 0.2292087148100208
0.9722383780008959 0.2382300072245037
0.5502899226589077 -0.83617103574571
0.9659515224808038 0.26256171887199614
0.9970193150075577 0.08918231608262109
0.93314839855858 -0.3622638075595704
0.9982883600041068 0.07362981923318103
0.7086258844150806 -0.7070009589363687
-0.7619652705260526 -0.6491609403777768
-0.4002676527143579 -0.9174894038573623
0.3895843303730521 0.9220764878944591
-0.9981917857704858 0.07492769061120572
0.6976321917213711 0.7178511858832832
-0.50655456687048 -0.863367517794514
-0.8535421524861646 0.5229405261875244
-0.20433452707767882 -0.9799226505413279
-0.9597678721765306 -0.2843354208285256
0.8713235232266467 -0.4927436634518026
0.6528125073227163 -0.7588391333365909
0.8356347230017634 -0.5511039917418183
-0.13602887321791599 -0.9917142459655726
0.4757614690314648 -0.880711090304319
-0.5377358348329275 -0.8442992194338063
-0.39278039002850107 0.920719590977111
-0.8132054526230376 -0.5836933200098837
0.874831294224411 0.4864886500686755
0.09445814956694225 -0.9965333200552751
-0.12551656694740007 -0.9930994871722262
-0.09598931104579751 0.9963869991950683
0.5591239424925528 0.8302899595512307
0.5870787725245397 0.8107647715898119
-0.9816065406950949 -0.19608569367653808
0.9948983600673866 0.1103551228318137
-0.6105485562445294 0.7932411111810335
0.032725080729165336 1.0004649264673249
0.9506534988953314 0.31346279689632073
0.9917478781033255 -0.13578345362212343
-0.3025083607428352 -0.954195835078252
-0.960108484991103 0.28318315106674136
0.9784684960868574 0.21118807297175596
0.6213729443036967 0.7847908409808023
0.11370274129211132 -0.9945213354285866
-0.9536126384774748 -0.304341807407443
-0.2737283816487784 -0.9628467027933059
0.7622522164880429 -0.6488239811066371
0.16113607445727074 0.9879454263816908
1.0006395614360568 -0.026860158023662595
-0.9978903145818355 0.07884110643417885
-0.9141109472950093 0.4079242283015569
0.7507891907361944 0.6620548248247197
0.7899438019007068 0.6148087424871713
-0.2116951019093698 0.97835892382478
-0.9802124681513105 0.2029396887765333
0.5399607956298306 -0.8428780096685405
-0.9586262900848406 0.28816078143664015
0.9773291932003073 -0.2163992793852058
0.3506915188709099 -0.9375587760732733
0.4574442905227255 0.890362690743587
0.14838046169353336 0.9899415329137443
0.12599753917424494 -0.9930385793724403
0.7839911418023975 0.6223816269583905
-0.9833027198659126 0.1873946666911804
0.7136461439639499 -0.7019331743160351
-0.9953099170105388 0.10657940279657367
0.3583254767590064 -0.9346677766487036
0.3365955672324266 0.9427112092891868
-0.9476713882302306 0.32236615816457503
0.7760642765278348 -0.6322382768366119
-0.9310709270146464 0.36757030466032886
0.7365700707815085 -0.6778388678948143
0.9163453607028955 0.40287985792079534
0.13753261860154836 -0.9915068223772346
1.000228570350011 0.039291310178882766
-0.8067694116129432 0.5925572685282877
0.2361786828441975 0.9727387263648857
0.8660527088671951 0.5019499033407551
-1.0003829331124345 -0.035142383774617876
-0.7567032073535691 0.6552871553607788
-0.3349525405773264 -0.9432962395561612
0.5318379867259092 -0.848026742429348
0.9230352239537472 -0.38730733964211916
0.05552459181774151 -0.9994588634373469
0.9963511616692211 0.09636058655069359
-0.9630752356494057 -0.27292323184155975
-0.28841158936230393 0.9585508620420252
-0.4996456163800139 -0.8673841467494295
0.6940551617602241 -0.7213102192773849
-0.7328987047144948 -0.681806782474196
0.37098027451051413 -0.929717503290168
0.9805638648423036 -0.20123495463145719
-0.376060868711821 -0.9276740931079787
-0.1491075628344846 0.9898322760475939
-0.6841661156292601 0.7306967402587545
0.7162712869931095 0.6992542051566331
0.010302658529215738 -1.0009469792287853
0.9053509700438791 0.427013607559065
0.7532640583300779 -0.6592376342625632
0.42167264985239566 -0.9078508557943088
0.06210357253961114 0.9990716422148199
1.0009061386106521 0.01370772379040279
-0.1461375239366152 -0.9902751254563932
-0.8810692771057287 -0.47509780986696687
0.9544037899634558 0.3018516286247132
0.6777019956047968 0.7366960059300416
-0.7458387691903889 -0.667626789735527
-0.9457186944351965 0.3280505311621785
-0.9990484599571817 -0.062475392413199875
0.8318130723377138 0.5568554684009965
-0.24491919849298852 0.9705748740872866
-0.754471338868436 -0.6578556063651579
0.47118076753663846 -0.883170246500404
0.990428654622362 0.14509334961650755
0.789812946771597 -0.6149768362401681
0.9922487012650179 -0.1320738991545467
-0.2969150153114555 0.9559510833105416
0.5718253237381906 0.821594059820124
0.8398243186482135 -0.5446981859773943
0.5884927649240065 0.8097390108128038
0.30272310063179003 -0.9541277295749637
0.7424016480028388 -0.6714467909243956
-0.3451586812472057 -0.9396097513115165
-0.9645071626272986 -0.2678188440730745
0.6503010933851847 0.760992436192393
0.06506984824082739 -0.9988828333943455
-0.47957771531759547 0.8786388421705219
-0.3238761670632501 0.9471563906812949
0.9115733601183054 0.4135637908746635
-0.1093182842602699 0.9950128203829289
-0.9578613106666629 0.29069349756735663
0.9375321682005583 -0.3507626456582285
0.9162191253695018 -0.40316685665756946
0.01564605575831035 -1.0008777152775497
0.43452981838404625 0.9017676180342294
0.49721568433958613 -0.8687793524518852
