1000
0.8937751857786844 -0.4507404100879774
0.992953243328993 -0.1266682934377565
-0.2246112845863528 -0.9754746387459126
-0.5501220289504666 -0.8362815035999672
-0.9433392608970711 -0.33483135882137416
-0.08030935943965749 -0.9977732241278034
-0.5798566600159526 -0.8159456194104752
-0.9951542091936876 -0.10802360817935232
1.0000156234064463 -0.044381898821663414
-0.04737560373110728 0.9998782686762989
0.7755800419757585 0.6328322040548194
0.26737704630211223 0.964629729539142
-0.41178770366126544 0.9123770531492897
0.9100906164580161 -0.41681659016294936
-0.0953263259123757 -0.9964506468400969
0.9912822827033932 0.13914178379749859
-0.7320099586527845 0.6827608808603117
0.8928521813715777 0.4525659976401401
-0.17640857511030425 -0.9853329460784067
-0.7886993450773139 -0.6164043665278629
0.9338959228826468 -0.3603323538390211
-0.6520102548280039 0.7595285561446135
-0.17577815039734518 -0.9854456057250893
-0.8352082203933531 0.5517501505096019
0.9661791360487944 0.26172290129831066
0.2971530574101233 -0.9558771157799605
0.23237581138690114 0.9736541902966779
0.9370242034235987 -0.3521173699185689
-0.8098203361316219 -0.5883808487601097
0.6241217384520564 -0.7826065777845103
-0.9617407893976888 0.2775890019592102
-0.8682315256443592 0.4981716751053481
0.03917598048387535 -1.0002330941101314
0.25055580384765846 -0.9691350727108444
-0.2360453556919989 -0.9727710882094707
0.9380896588679996 0.34926893925014324
-0.5637452201100809 0.8271591907263296
-0.972217976336651 -0.23831325285822247
-0.9873132078949229 0.16496554039021774
-0.3965608622933936 0.9190976457902175
0.27817697025556404 -0.9615708882965598
-1.0008760608789042 0.015751531973991716
-0.03970978583222963 1.0002120439732558
-0.9945223463427406 -0.11369389880257388
0.5893734883050673 -0.8090981963168108
-0.8021780740068633 0.5987581628526156
-0.8525958359887789 -0.5244819734314949
0.9907542651861592 -0.1428530224231667
0.6571824953396681 -0.7550577248258089
0.6530583306649674 0.7586275876535773
-0.7779401857081892 0.6299286209248697
-0.27048681042912215 0.96376235939358
-0.2939460322097699 0.9568681884920894
0.13427172703621568 -0.9919536800268004
0.8517549950779888 0.5258463923615863
-0.05035595099497672 -0.9997326033492113
-0.8524953635762623 0.5246452659473603
-0.8194155605440909 0.5749427268330414
-0.790158545165827 0.6145327277708029
0.926700606934802 0.37845341206900135
0.7341173237142699 0.6804944930141594
1.0007707173201763 -0.021423616745539453
0.9929949818845497 0.12634067417938988
0.06899920249738865 0.998619101587149
0.05331869084224053 -0.9995789699702918
0.34344935894337 -0.940235894784595
-0.9328952611251328 -0.36291518536742207
0.9942063992733 -0.11642437736152907
0.9486973315586883 -0.31933426545459265
-0.5461634506482119 -0.8388721506737712
0.4546238637035832 0.8918061126451342
0.9625753344546568 0.2746811342256791
-0.48008580302609627 -0.8783613275485141
-0.42354340234284316 -0.9069795953227661
0.9795352249287176 -0.20618376057256918
0.14769678859427807 0.9900437660219558
-0.8331397560165783 -0.5548685852926225
0.7689317857028959 0.6408938359320955
-0.9813169971720503 0.19752962071859057
0.6936804966643925 0.7216705401687405
-0.9165953505472345 0.4023107795662356
0.2624046772364056 0.9659941953057781
0.39533843768286736 -0.9196241186976719
-0.8368857668726165 0.549202342680758
-0.8552969831591715 0.5200654483801243
-0.3300826457084165 -0.945011347552045
0.3703317248764676 -0.9299760284813906
-0.7144170220605888 0.7011485709819855
0.018886728325183788 -1.0008218080623397
-0.8978347527772911 0.44259886658840486
0.49086971071148033 -0.8723806090841472
-0.8716614676755507 -0.49214559407730646
0.5944872531888135 -0.8053483133377877
0.22043754007754246 -0.9764262854535215
-0.424696929773761 0.9064400244035682
-0.7451438916215382 0.6684022597052687
-0.9424089867529137 -0.33744081212465454
0.013575364419092848 -1.0009079425605978
0.495690363574179 0.8696505409989108
-0.9407357906351969 -0.34207772832789207
0.7908928948735758 -0.6135873440990247
-0.9435629975356468 0.334200343628706
-0.2562032556092241 -0.9676574248230799
-0.7526370715271065 -0.6599533608999208
0.17658732142523567 0.985300927591089
0.6757879521408187 -0.738452194621506
0.9973092901857811 -0.0858788664872421
0.7311772000980579 0.6836526179696562
0.39859519516907965 -0.9182172239661611
-0.9557432398501421 0.29758336559820286
0.01676436644591928 -1.0008596085454078
1.0005545938926144 0.02985807496115024
0.19034671423262925 -0.9827355332849433
0.771035674367263 0.638361174299487
-0.506933836770673 -0.8631448807337994
0.7723619631932427 -0.636755838459515
-0.927884287448365 0.3755419405425177
0.4320798762395491 -0.9029440628016865
0.31031044692657134 -0.9516871474009889
0.22884664927057477 0.9744897183232004
0.44336435134020225 0.8974569917052748
0.8704805373457574 0.4942313568585481
-0.506091308102791 0.8636391537342467
0.1443741530908287 0.9905337469865961
-0.2415311642000484 0.9714235413660559
-0.6718890633123599 0.7420014060641931
-0.10913107865629684 0.9950333701295213
0.6312555790783247 0.7768638193933921
0.7095371203422957 -0.7060864499877919
0.9322696980689094 -0.36451914910262867
0.40066995999622124 0.9173137866382618
-0.8212299714550603 -0.5723480881281259
-0.37449573220052246 0.92830703248634
-0.7164392577264658 -0.6990821053269428
0.544801539324908 -0.8397572760918541
-0.6715328289785578 -0.7423238239502049
-0.7601539793940072 0.6512809897513172
-0.3658128852438067 0.9317628094046261
-0.7831720085080603 -0.6234120668461998
-0.2939280040195561 -0.9568737264932504
-0.44232201569201 0.8979711768393
0.11374464715531578 0.9945165434740202
-0.8422986127420118 0.5408641668412528
0.9736593443363887 -0.23235421490998096
0.9521259887063641 0.30896132707821
0.01560122746160707 -1.0008784150443504
0.9333397002973841 0.3617706508947197
0.4963681414233545 -0.8692638656817185
-1.0004700890863436 -0.032566867266651915
0.885383113046839 -0.4670093608606665
0.2324398731698365 -0.9736388988535689
-0.9984371193543159 0.0715843467208832
0.8471437829985115 0.5332432943103653
-0.04594708583299654 0.9999449311354377
-0.3788217466390816 -0.9265500980914716
-0.9831380483348335 -0.18825668093423542
0.5328645091751317 0.8473820949616211
-0.7004717265511328 -0.7150806669897285
0.9861434538922662 -0.17181993000066034
0.9905571382906769 -0.14421357696619583
0.9520347259266299 0.3092424301899833
0.6045438115506595 -0.7978269109999993
-0.8556136907508486 -0.5195442350750428
0.9869137950185238 0.16733846300876273
0.123982428248896 -0.9932921813270793
0.23931795871562017 -0.9719711490760354
0.7343375006370612 0.6802568890927267
0.9965379681664933 -0.09440909915149653
0.9972805248274853 -0.08621226594757633
-0.049609974925020235 -0.99976989872067
-0.9935804116687101 0.12165099896111178
1.0009945681695795 -0.003297649920278042
0.1188951232913515 -0.9939139548560199
-0.669325126992105 0.744315037048831
-0.8728495876808757 -0.49003530208070256
0.7774520369447532 -0.630530990713743
0.4970692921009768 0.8688631185924707
-0.6959646690887075 -0.7194679835685851
-0.5171183786109186 -0.857082016205459
-0.13056440511415401 0.9924484551437355
0.6378281984783836 0.7714766290859495
-0.9998787359363149 0.047365741020246266
-0.8612527446456136 -0.5101418526649204
0.12557780719702727 -0.9930917451774465
0.950303946429478 0.31452092044975277
0.12952949369098524 0.9925840570269889
-0.41694761195798835 0.9100305977726962
-0.30853082120856584 0.9522655786934483
0.9264713731054014 0.3790142409147605
0.45945282616822164 -0.8893278925829515
0.9339425728988949 0.36021142475911605
0.4177790550551073 -0.9096491967551347
0.8717183321608788 -0.4920448652050499
0.37397346071945586 -0.9285175553954343
0.4592407428210981 0.8894374290151759
-1.0009204183689628 0.012622047856844572
-0.3830612207730998 0.9248054396140966
-0.5585141089837232 0.830700300990747
-0.21063399690681892 0.9785879211123844
0.9961605301559385 0.09831173968270279
-0.8046220408525451 0.5954698744473016
0.868778873872076 -0.49721652055575094
-0.033453377210442184 1.0004408386072692
-0.3516981251210286 -0.9371816412981815
-0.7461343049518863 0.6672964850604006
0.06604020161979854 0.9988191486800883
-0.6369961380976671 -0.7721637909463626
0.7116555442705922 0.703951266998595
0.9835267922683097 0.1862150608581619
0.9387776021392048 -0.34741562101000123
-0.9880976183322374 -0.16020017679815515
0.9998133635132498 -0.04872615458172747
-0.8177661915872568 -0.5772862859074983
-0.5703038704678166 -0.8226508951732975
-0.9849675702652884 -0.17843734341693798
0.6337479101327732 -0.7748319730124348
0.9487017002138746 -0.31932128649888586
0.22713626080940003 -0.9748897984005803
0.8495483407180026 0.5294040203694043
-0.4181454031204537 0.9094808529316235
0.7031737121421329 -0.7124238419313695
-0.02202353801665122 1.0007576948358823
0.8125822730446872 -0.5845605610486645
-0.5869615272720778 0.8108496565346931
0.9088755553501071 -0.4194594436736816
0.1356290542648467 0.9917690051817627
0.9971376216633264 -0.08784966399255509
0.9396592303327381 -0.34502395692253934
0.8986955977894785 0.4408482987534509
0.5571508756864854 -0.831615236585876
0.920142105103392 0.394131331431413
-0.27373320234493126 -0.9628453323010862
-0.8919589399544926 0.4543239476796901
0.037353002637939836 1.0003028307437354
0.05316044755522343 0.9995873982877778
-0.8219201403661816 0.5713565286757791
0.9272166428022987 -0.37718735041148244
-0.9254689457662855 -0.38145541079166795
-0.45721970104350723 -0.8904780429509117
0.17806147097734068 0.9850355894856722
-0.1699487642012853 0.9864676464772962
-0.35986097382560694 0.9340776624656463
-0.35168532451306533 0.9371864449095174
-0.9996494159831288 -0.05198119972248964
0.37287646018615145 0.9289586349450902
-0.9993035261504029 -0.058253434434126776
-0.8457214683444715 0.5354962165891288
0.2706183270134834 0.9637254386413298
0.9861009764178447 -0.17206354729510057
-0.8699856649405842 0.4951019519229243
-0.9580444896943398 0.2900892203552421
-0.6214531602386192 0.7847273218318788
-0.9979936532608759 -0.07752204880555372
0.6647538888671033 -0.7484004724985568
-0.877537728825053 -0.48158959134159846
0.7992511049273949 0.6026596645473614
0.9607474585415704 0.2810076883395068
0.9763544618165318 -0.22075544136204336
-0.8897718161930851 -0.45859253712686904
-0.9880726724719516 -0.16035396444782826
-0.9540238486275634 -0.30305031966630863
0.07303438605231108 0.9983320982789053
-0.19464281053861243 -0.9818936685332226
0.24132814645682446 0.9714739964238434
-0.11749225373175944 0.9940807664938658
0.9641187557633746 -0.2692137158193888
-0.9998221651001649 0.04854521783264116
-0.05472545733581606 0.9995029386246874
-0.8415269871443672 -0.5420639537063169
0.053553566209100116 0.9995664137746363
-0.627515533047164 -0.7798879764328551
0.6474843536119999 -0.7633904714021854
-0.5733718603660172 0.8205155146250511
-0.9152758267960247 -0.4053037883894666
-0.9177463793376892 0.3996780994907804
0.4768119406446037 -0.8801428141266205
0.3678936291834781 0.9309432193244708
0.17560920649611 0.9854757260297214
-0.22640652609505857 -0.9750595289219872
-0.9913462269008718 -0.13868546574679336
-0.8705069206952348 -0.4941848854646409
-0.9853517000396554 0.17630379244066421
0.36522989533956046 -0.9319914825524178
0.7560774923161742 0.6560090133625343
-0.8280489953561775 -0.5624374287773043
-0.9641027741971276 -0.26927094307667565
-0.4626756024292338 0.8876555001332136
-0.916689263596233 -0.4020967470738802
-0.19665862346670798 -0.9814919183651893
0.061663820285936775 -0.9990988806258085
-0.6161645727761215 -0.7888866960822826
0.9997549547378105 -0.04991022417499724
-0.6161203897364627 -0.7889212035121057
0.9309348734687669 0.3679147474071826
0.9717868952876138 0.2400650539900812
0.2776156845452109 0.9617330875531391
0.6943402202042502 -0.7210358233865451
0.39771609650890877 0.9185983380007371
-0.6972883355978013 0.7181851968950961
-0.9732003098019066 -0.23426941115193162
-0.32341815095697174 0.9473128837039922
0.5393775052167343 0.8432513900766316
-0.8401239128611104 -0.5442359883717148
-0.46028976030561564 -0.8888950087371393
-0.9310795875848329 0.3675483663177645
-0.8186081445678962 0.5760917510667085
0.8389244134805596 0.5460831699167255
-0.9277276373142002 0.3759287578297405
0.7734872171287244 0.6353884834795652
0.502389752045807 -0.8657976305346143
0.8737932348864781 0.4883506759149864
-0.3460784609259268 -0.939271365944444
-0.8546671496863364 0.5210998591892284
0.769422058296555 0.6403051586600663
-0.45110614938569 -0.8935906456462128
0.6331331444454503 -0.775334393281129
-0.046040572013902006 -0.9999406311019834
-0.8994461056858472 -0.43931503840247027
-0.9864356033208695 0.1701346540273095
-0.06155225419884688 -0.9991057601690826
-0.0217687702683355 1.0007632690306956
-1.0001371718621246 0.041552827336189445
-0.412923349695629 0.9118636451115602
-0.25339440435860394 0.9683967553847691
-0.5669312094234792 -0.8249787898980381
0.5213070550668755 -0.8545407856489365
-0.9422789531495994 0.337803751387244
0.9496740849168555 0.31641765506578984
-0.29062716592422533 -0.9578814386064972
-0.2806742600914093 -0.9608449197046004
0.8592927411870885 0.5134364468395084
-0.3347160305076956 0.9433801878994339
-0.4270614387489507 -0.9053284086637711
-0.08599420235045509 -0.9972993518307876
0.9484995835932695 0.31992114641485403
-0.3725991875675202 0.9290698818840399
-0.9935085550519624 -0.12223645544010889
-0.4772019957718702 -0.8799313923433713
-0.9651395409965656 -0.2655309142170431
-0.9843369953949668 0.18188369772139848
-0.6521137408236481 -0.7594397073033434
0.5895890202817811 0.8089411518541811
0.6317680377857232 -0.7764471304811275
-0.4867236682177429 -0.8747005606472792
0.044317053416644894 1.0000184992171226
0.5219143031261971 0.8541700417319118
0.5869851898022835 0.8108325270688005
-0.8265991652963154 0.5645660456770621
-1.000513390872345 -0.031208247069040344
0.9744502910276472 0.22901447621522436
0.2920797214663813 0.9574395209662704
0.7663780157122175 -0.6439454456962981
-0.3533868314258699 0.9365461800545576
-0.8063801557049921 0.5930868776875717
-0.008571687395417285 -1.000963299115005
0.832571452538152 -0.5557209519340724
0.8765354959797164 0.4834113406691993
0.11816759856525408 0.9940007136060421
0.04402890615878662 -1.0000312272236607
-0.6029449481425813 -0.7990359125279288
0.21031375835031027 -0.9786567953315234
0.6136765944811559 -0.7908236449335662
-0.8686377140686582 -0.49746308576373394
0.7158290168529768 -0.6997069519672506
0.9294016667523098 0.3717708189705432
0.9805280471167785 0.20140940598034773
0.931565067231195 -0.36631615513725185
0.8492712385656952 -0.5298484343140877
0.993585330006243 -0.12161082187200689
0.9041135326109534 0.4296274201558166
0.08346902432144246 0.9975138705696409
0.7611626486104351 -0.6501018553737155
-0.3368341820669242 0.9426259776768865
0.8521644860510927 0.5251825289490092
0.8345207835985747 0.5527893466249335
0.8009770411103979 0.6003638726755899
0.18906012525629873 0.9829838600089386
-0.9601416575726153 0.2830706579525876
0.9427337459535872 0.33653244158671747
-0.4969688899744965 -0.8689205501065773
0.3262212247239861 0.946351262766412
0.4472164140201765 0.8955436779023869
-0.7903065701203005 0.6143423518077574
-0.9293266520573668 0.37195829574812
0.2187224489913231 -0.9768119011904176
0.010810403139275343 1.000941624263856
0.2731347810053615 0.9630152602140597
-0.7899512359934351 0.614799190591891
-0.4528267321995227 0.8927199732309689
-0.16596581389198348 0.987145555943586
0.5461846161545703 0.8388583700935962
-0.9022376709276888 -0.4335529784916481
0.8541593594104702 0.5219317855155932
-0.9575889459831037 -0.29158945545229925
0.6080659157983758 -0.7951457992370221
0.8974194553475408 -0.44344032424185703
0.5792569110026453 -0.8163715030889267
0.9238733936722048 0.385303714574105
0.6920447033457567 0.7232393300775917
-0.6013163077556375 -0.8002622682765491
0.48324588983621 0.8766267221322936
0.1438386420950385 -0.9906116519808634
0.9896803066777887 0.150112926072867
0.926425330671869 0.3791267686269568
0.4238324252594655 -0.9068445706396877
0.886010295575381 -0.46581837247410696
-0.5362911468636463 -0.8452176085456781
0.030742769022547654 -1.0005278017890489
0.9359426040675523 0.3549823120822347
0.9918851079576374 -0.13477734457936869
-0.9375363440809908 0.35075148399864253
0.6794562095043354 -0.7350784035502612
-0.6000844319707006 0.8011864168259479
0.6894281012644115 0.725734037500618
0.9884175685362935 0.15821412771557866
-1.000991569675089 0.0041082160850360525
0.7873281356358651 -0.6181548405020806
-0.8332388667697199 0.5547197408640808
-0.5232831901108581 0.8533321176115448
-0.6300178905260665 -0.7778678921366309
0.8598510184688253 -0.5125009522314313
0.7626283787131237 0.6483817980028375
-0.6170955967436735 0.7881586290078727
-0.6815949522770901 -0.7330957106888508
-0.7252680229899988 0.6899183247516901
-0.713987323064148 0.7015861333462141
-0.35607385518488704 0.9355278775396124
0.8030720377938078 0.5975586181402632
-0.5042887186859559 0.8646929444641472
-0.5953024938522455 0.8047458858629207
1.0008862434174781 0.015090650670153322
0.7780693623352994 -0.6297690587788037
-0.7474410381407108 -0.6658324823130337
-0.07534906708713192 -0.9981600663666619
0.07191185690702354 0.998413584060325
-0.390881252396694 -0.9215274529414693
-0.9945122169466666 0.11378246940467764
0.2715586256186778 0.9634609036448208
0.957529607840685 -0.2917842526738962
-0.2616058594855984 0.9662108332464511
-0.23491474707694962 -0.9730447377206111
0.791755483196295 -0.6124738809358335
0.6819285983682793 -0.7327853619768028
-0.6602887133493819 -0.7523428839454904
-0.9759849779638745 0.22238327902262667
-0.16411404284210784 -0.9874551032538232
0.8628546697331131 -0.5074276489508237
0.5529144863447885 0.834437877130514
-0.8060919435681246 0.5934785409048615
0.9354828765775443 0.35619206564745803
0.9363708552909307 0.3538511288122886
-0.2225477430575403 0.97594748939684
0.01779642106830557 -1.000841789393888
0.7718404980427939 -0.6373878298030579
-0.26307319588121836 0.9658123490662366
-0.26391031787643604 -0.9655839394471919
-0.980775750398376 0.20019971885720203
-0.8568996024847431 0.5174205941605816
0.2135406770722747 0.9779577594331539
-1.000332077692429 -0.03656137770309404
-0.10898278798664267 0.9950496228443376
0.7279837327144786 0.6870521704376565
-0.2503301440360902 -0.9691933857527456
-0.32460170628248675 -0.9469079851170852
-0.45648907880559747 0.8908528054236665
-0.46882156254486257 -0.8844248653746646
0.3214222805750309 0.9479919396017806
0.8925846641572498 -0.4530933869648613
0.9991071574181689 0.061529570092649734
-0.5541067388778677 -0.8336466409277582
0.4182917078723326 -0.9094135732026696
-0.5489514507949012 -0.8370503596977742
-0.7880604738828394 -0.6172209405906078
0.07262616418993942 0.9983618784163666
0.6334612881292697 -0.7750663174474856
-0.8778291875576616 -0.48105812275842075
-0.039170228442289935 1.0002333193829223
0.10282267908810394 -0.9957050249271341
0.9986862665789823 0.06802015103286596
0.999745449221127 0.050100267081594825
0.9998734670269324 -0.047476835778535266
0.5609282764610597 0.829072052759243
0.9909737618041639 -0.14132233870023686
0.7462504085736164 -0.6671666416298934
-0.8527006091861596 -0.5243116164014987
0.5038214083120687 0.8649653105913807
-0.4896652404735153 -0.8730572445561714
-0.9822085560155515 -0.19304753945555836
-0.9958102556408005 0.1017985007777797
0.9865179003558652 0.16965680734192617
-0.2917285310071031 0.9575465859144596
0.7286563159283393 0.6863388181195496
-0.6195458382471933 -0.7862340327857745
-0.2386325822223161 -0.9721396456795236
0.37778274107609594 0.9269742178426709
-0.28999176393400006 -0.958073993410972
0.9860673371974297 -0.17225622343581873
0.9954389165714842 0.10536775301291072
0.8569017334837544 0.5174170649993453
-0.9581404534503436 -0.2897721026288934
0.11968042793634213 0.993819699527522
0.9605727425993074 -0.28160434331743667
0.24526031242338783 0.9704887321087154
-0.9967168174670257 0.09250181500059322
-0.9856929282859341 -0.17438592582860718
0.8146843433066632 0.5816273899765992
-0.6118031347179501 -0.7922738947796335
0.7978277062513478 -0.6045427620422836
-0.6957202629541377 0.7197043252023886
0.3710872563205092 0.9296748077669507
-0.18219111981976388 -0.9842801409450566
-0.753828512489291 0.6585921148618339
-0.9175535684292699 -0.40012054316507306
-0.7009786273794388 0.7145837697269913
0.4285879053266601 0.904606769490316
-0.9888380527839562 0.1555644733428358
0.9998189794710804 -0.04861078367407024
-0.7960595747147995 0.606869140346494
0.9614029167891726 -0.2787569399840501
-0.024848489540658946 1.0006915371719438
0.6845947672913831 -0.7302951489618816
-0.9387329431187212 0.3475362736516344
-0.7582883780538263 0.6534521678810908
-0.9154825252285422 -0.4048366905323325
0.5926174280293125 -0.8067252221146446
-0.8081179016617211 0.5907169009041952
0.9048492513320274 -0.42807573204267196
0.8502393814554453 -0.5282934735753052
-0.7850474891530261 -0.6210486613579722
0.4866715307404794 0.874729570305428
-0.8690696080434008 -0.4967081802983414
0.5008225314369135 0.8667051355594484
0.14134586350222803 0.9909704066574387
-1.0009731866387448 0.0073266384021898
-0.8746095186218806 0.48688724560826413
0.9746780460028936 -0.22804321222080076
-0.8786197352748206 -0.4796127195827943
-0.37616707045481684 -0.9276310339275207
0.8984001959615575 -0.4414499834593213
-0.4605149379425844 0.8887783705354995
0.8631904206289777 0.5068562890350364
0.9937550574865692 -0.1202159961064482
-0.876115771263094 0.48417161765646066
-0.171245810480298 -0.9862433129775562
-0.7261573094379128 -0.6889822653377163
0.8355289330554939 -0.5512643667308346
0.4456682934126185 -0.8963151076751323
-1.0001095021522661 0.04221354882909349
-0.012901772655288848 -1.0009168518225433
0.3472571184835691 -0.938836244327246
-0.9994573824910524 -0.055551242867591895
0.9612418831659274 0.27931172916227776
-0.8701875006165685 0.49474712103325047
-0.29504498211920965 -0.9565299046690988
-0.9002757267523681 -0.43761240364104775
0.11913864950687976 0.9938847932198565
-0.9903511138842684 0.14562167156089334
0.40956126248929525 -0.9133786576596667
0.7173166576514394 -0.6981817905501172
0.22395241380306624 -0.9756261150419151
-1.000707352852321 -0.024203180520348307
0.24536264478676467 0.9704628651026498
0.9114847595540285 0.41375902781780466
-0.8498947998812458 0.5288476426484447
-0.9470886073544578 -0.3240743276154309
-0.5919406469540442 0.8072219462351278
-0.5701945072995817 0.8227267005788661
0.08831071254000121 -0.9970968950160648
0.9327481736209138 -0.36329305609500673
-0.921223275085634 0.39159759631603785
0.9142736301563485 -0.4075594793410311
0.7990124881957141 0.6029759893290061
0.8887206859365904 0.4606262502163726
0.24294012750728164 0.9710721365824198
-0.009558548760117913 1.0009543616697019
-0.12877701545496115 0.9926819633147934
-0.8353017401689986 0.551608559461003
-0.9816564652577182 0.19583560508171727
0.7576267843583363 0.6542191189676797
-0.6065046560353748 -0.7963373042922275
0.018851354916369068 -1.0008224749763652
-0.7927098800064902 -0.6112381255616308
-0.6970950159549069 0.7183728410309149
-0.4836926625313213 0.8763802874399682
0.46041575257593415 -0.8888297557912517
-0.5707720337550074 0.8223261430133258
-0.043276759388068305 -1.000064058996656
-0.23840119400170834 -0.9721964156992967
-0.968542267932607 0.2528376459864355
0.13660553477740792 -0.9916349771302838
0.6783580458912559 -0.7360919518474555
-0.5008642943398317 -0.8666810016698545
0.8487590629511024 0.5306684963876851
-0.5699074563472118 0.8229255684445895
-0.16884157508598888 -0.9866577534902781
-0.8187282437236345 -0.5759210561606626
0.5316383015532554 0.8481519417660787
-0.5249249213779587 0.8523231939331135
-0.4804533160835788 -0.8781603561219857
-0.7480947394847459 0.6650979332062686
-0.6034295760921785 -0.79866998610015
0.04539177820683854 -0.9999702927943516
-1.0005091004434918 0.03134549297354522
0.8625520437911219 0.5079418980077922
-0.9748918161889367 -0.22712760010143246
-0.7716829022929463 0.6375786212764157
-0.9958431692555141 0.1014760180886765
-0.7914105174803207 0.61291956472406
0.9931465743289896 0.125143445288168
0.5042282338157832 -0.8647282163911478
-1.0009993279191949 0.0011599591888963039
-0.7633667054458789 -0.6475123728676578
0.761494211372632 -0.6497134491804624
0.9408023721013341 -0.3418945694925599
-0.5203879493628073 -0.8551008023373458
-0.489728980947748 -0.8730214918430589
0.978568468254554 0.21072435297785536
-0.39227917040369653 0.9209332508208115
0.8475562275428917 -0.5325874962419433
0.7798472390540858 -0.6275661588547614
0.1577101085184826 -0.9884981141464503
0.9984855008635368 -0.07090630836034317
-0.9436786128901256 0.3338737419650855
-0.025534438214542463 -1.0006742689132502
0.26498076468040677 -0.9652907304793654
-0.5187915895925838 -0.8560702579625111
1.0006911364366726 0.02486462260080861
-0.6669866351575199 -0.7464112998349165
-0.4240923037644643 -0.9067230657084605
-0.6810773617684067 -0.7335765994676949
0.8242611020527123 -0.5679741505058554
-0.8086025328769455 0.5900533398134344
-0.24474931221393498 0.9706177281354414
-0.1675509065267479 0.9868777501403428
0.9973662011914434 -0.08521537842988934
0.5578578584844136 -0.8311411490999492
-0.08044098360904926 -0.9977626211459361
0.5892202545562136 -0.8092097945654828
0.4906468332065441 0.8725059799591001
-0.1848482880504918 -0.9837845853665336
0.2265357729114314 0.9750295090875046
-0.664607539026964 -0.7485304396405816
0.4177204068142047 0.9096761301314745
-0.4360573098472193 -0.9010299787070385
-0.49581254767937943 0.8695808861536016
0.9142852653274173 0.4075333772897309
-1.0005141806397928 -0.031182917417781817
0.9713827828447138 0.24169503344682042
-0.9202314906263863 -0.3939225858713094
-0.4146896535173697 0.9110617384489615
-0.028452090335852727 -1.0005955619307536
-0.9985140150653773 -0.07050362911240468
-0.3600711122858426 0.9339966777763378
-0.4644516246366585 -0.8867275164177373
-0.6620226658786662 -0.7508175476524932
0.5546535481797323 0.8332829300373513
0.10237899999627542 0.9957507420834606
0.32092498361186367 -0.94816040567708
-0.6960393502489703 0.7193957345612991
-0.4672070709463947 0.8852787995076413
-0.9710652859532795 -0.24296750897285735
0.8443923113836029 -0.5375896432003284
0.7891761722449178 0.6157937716158389
-0.9990124069406352 -0.06304927262608775
0.8507177369898471 -0.5275228260188116
0.9999161008990509 -0.0465702819707925
-0.2981994936318627 0.9555511823014509
0.8261808289818939 0.5651780585114664
0.4801345829802228 0.8783346641379968
0.974462865699037 -0.22896096473770516
0.9338658808368847 0.3604102060274507
-0.09442202651074891 0.9965367433815993
1.0009927482410739 -0.003810245239131597
-0.4695481942019409 -0.884039305303614
0.23450806431890947 -0.9731428300971026
-0.0004214904935531344 -1.0009999112616164
0.9982531462269182 -0.07410570860641609
0.3691795062408406 0.930434034293549
0.025969646772445502 -1.0006630688930787
-0.8984556442397188 0.44133712208898984
0.8657703714330753 0.5024367263135077
-1.0009583176281738 -0.009134898520292783
0.9986049717177821 0.0692033991977826
0.9905382951950644 -0.14434294493343067
1.0004494790439773 0.033193973558982195
0.3415520889610028 0.9409267615103607
1.000961439976136 0.008786107266601936
0.7726394967704152 0.6364190506500882
-1.0003292367980612 0.03663902300837758
-0.5655686237467218 -0.8259135135310712
0.7532974937106307 -0.659199428071113
-0.9748878853699746 0.22714447155689102
0.08050983014260651 -0.9977570682537952
0.16743006625654508 0.9868982586433765
-0.9190853314757002 -0.3965894016059965
-0.30022704732448613 -0.9549160801111377
0.6582949681969538 0.7540880153182198
-0.191845884281397 0.9824439712697558
0.9871366387480119 0.16601884363311595
-0.9675275361596826 0.2566933321548774
-0.5836823199555311 -0.8132133480036645
-0.4438671816905955 -0.8972084066804367
0.7356614922634411 0.6788248439772421
-0.6367347508252451 -0.7723793479188275
0.588559227427424 0.8096907037937597
0.6767053498289359 0.7376115980059542
-0.27528987607850325 -0.9624014152777843
0.2879199360346705 0.9586986546531665
-0.9451546938223621 0.3296719653618685
-0.7717535583448331 0.6374930942230577
0.8782315386644703 -0.48032318754671527
-0.8782507308287341 -0.4802880945836515
0.6010497418436542 -0.800462496204336
-0.4989159245512832 -0.8678040678800361
-0.35015402045483385 -0.9377596504218528
0.37161503893660436 -0.9294639653241786
-0.3664095747563043 0.9315283267442296
0.22026294872979738 -0.976465684710351
-0.9657743267144675 -0.26321274638439707
0.6231705623628246 0.7833641874660858
0.4305498448342275 -0.9036746267950775
0.8949146872153355 0.4484737479566426
0.46399617633856044 0.8869659228759555
0.9720109557075802 -0.23915622924029523
-0.7523901859962844 0.6602348127874481
-0.5246264535543822 0.8525069408696633
0.251486269118618 0.9688940377795695
-1.0008876450622246 -0.014997398500884359
-0.7416120048058926 0.6723188487078022
0.17844762292683689 0.9849657079674202
-0.9110629852205425 0.4146869143836511
0.11213701502594689 0.994699095134338
0.9268795850973516 -0.37801486046154503
0.3563918242972569 0.9354067925635741
-0.742789493155056 -0.67101771128522
0.8676568712616163 -0.4991718679498104
-0.8206386779342711 -0.5731955689625414
0.2688554186893101 -0.9642187323638739
-0.6912984070118697 0.7239527004320457
-0.8432158327723039 0.5394330907184968
0.16712644681567176 -0.9869497204897362
0.7192271574288105 0.6962135419660214
-0.8661210267484273 0.5018320107608223
0.4022829265577033 -0.9166075752469917
0.8002591304165776 0.6013204837562938
-0.9517369498635612 0.31015766678321066
-0.990161499625879 0.14690542760099284
-0.5317891051059608 -0.8480573964600517
1.0003343094299846 -0.03650026544061925
-0.3240534254506006 0.9470957593895836
0.9034882919704046 -0.4309407224577423
0.2738860050895939 0.9628018779666265
0.9885901374575442 0.15713223769065898
-0.4996255737991232 -0.8673956917150886
-0.7108598087547261 0.7047548029614232
-0.2796805329149237 0.9611346417169784
-0.8709042700879805 0.4934842979695723
-1.0002598396282902 -0.03848705271630047
0.9435022340667577 0.3343718503568103
0.3509592993252847 -0.937458569867013
-0.8352220200073974 0.5517292608651118
0.2656620502405043 -0.9651034530360006
0.7687473656143222 -0.6411150348112572
0.03999496619750305 -1.0002006812029578
-0.0027443465079700366 -1.0009962380360098
-0.3991482599931128 0.9179769422727733
0.9162557448983697 0.4030836264855393
-0.965870137086032 0.2628609485743552
0.4357901730712969 -0.9011592118235762
0.6499799391208406 -0.7612667592509661
-0.9161406296675538 0.403345195424884
-0.7163904676594836 0.6991321032870872
-0.9054925787874913 0.426713240667288
-0.868907744968514 -0.4969912783276301
0.451331919491654 -0.893476635647502
-0.41424010847017834 0.9112662248402575
-1.0009999912977847 0.0001319917985242924
-0.7811742045643423 -0.6259136219345822
0.8704646242188191 0.4942593833035342
0.9302211346432913 0.36971562134016966
-0.9616996856292188 0.27773137140168686
-0.8229373383607942 -0.5698904606427903
-0.2738416839194288 -0.9628144848038857
-0.15829331456406398 -0.9884048899941371
0.8616971863201308 0.509390772480195
-0.8538519451338515 -0.5224345468966788
-0.9485567092233796 -0.3197517308589789
0.11418443106403875 0.9944661460816964
-0.38526894061168115 -0.923887895472147
0.3612263506455616 -0.9335504933313944
0.5114847078234348 -0.8604559219755394
-0.3980010371745634 -0.9184749176803751
-0.9801531119021928 -0.20322617259705367
-0.8711495048877079 0.4930512550779092
0.006947821209777023 -1.0009758877118053
0.4181673941434069 0.9094707419567232
-0.06656379162477992 0.9987843919708261
0.761814778456972 -0.6493375419029418
-0.9906328404853169 -0.14369264195494766
0.2985687044132887 -0.9554358841622865
-0.34949297607186885 -0.9380062151587419
0.8966276885514242 0.4450390860620339
0.6920315521711671 0.7232519137890788
-0.8505429600769515 -0.527804578479135
0.840699141930415 -0.5433469911184416
-0.9905599327344372 -0.1441943815172673
0.6947157267104361 0.7206740310717396
0.5273593311291987 0.8508190970300115
-0.9571049047696512 0.29317435301519307
-0.937187329570708 0.3516829670201916
-0.647727474631045 0.7631841970377066
-0.9687528225207291 -0.25202969836533323
0.8380757788356926 -0.5473846809410611
-0.8777563852642193 0.4811909476786647
0.46997868447814256 -0.8838105204941807
-0.8044164799952188 -0.5957475360520609
-0.1800681783110575 0.9846707323566275
-0.24758204794574581 -0.9698990305877156
0.9211997835664144 -0.3916528549074951
0.9730897597250356 -0.23472818219862837
0.2183499979016863 0.9768952238681144
1.0009999625714072 -0.00027373717554053824
-0.9565120358208105 -0.2951029063393455
0.9819026508329766 0.19459749301358917
0.198795718034518 -0.9810612939521874
-0.5806572691814241 0.815376070133758
-0.20397710087715576 0.9799971134231726
-0.9015613936399905 -0.43495753068307474
0.8283616129835214 -0.5619769017809705
0.8345237606651701 0.5527848522574238
0.27467539442442596 -0.962576972349633
0.7907595305640017 0.6137592075253939
0.7156051127791065 -0.699935941757817
-0.7298721262877006 -0.6850457497629416
-0.9039809529214726 -0.4299063116019423
0.4525288576900023 0.892871005777308
-0.7618950586995802 0.6492433438466375
0.187077649749361 0.9833630829781315
0.6267075216812841 0.7805374316892834
-0.43214358093629157 0.9029135758507338
0.5047694641942846 0.864412394645643
0.9237940948898591 -0.3854938005294327
-0.9320157617712158 0.3651679337099853
-0.4124573383923807 0.9120745276600335
-0.6736609271160517 0.7403931086099746
0.07829606080883159 0.9979332276569508
-0.3394136945810703 -0.9417002410166561
0.9809687876985221 -0.19925169399854967
0.994648106123703 0.1125883874319671
0.9865612912828712 0.1694043049697198
0.821343457234476 -0.572185219363554
0.9169124052782939 0.40158765051576684
-0.6874402696719608 -0.727617259026572
0.4451675387333806 -0.8965639198953212
-0.7284101982066817 0.6866000168573422
0.18318593514271395 0.9840954796999575
0.9929311599702146 0.1268412849201869
-0.32866153576478435 0.9455065282211083
0.27758835999403225 0.9617409746890394
-0.3952770331283103 -0.9196505135546224
-0.7877200377985554 0.6176553586350908
0.7026936561435809 -0.7128973457767723
0.32734982382284133 -0.9459614647770567
0.7278097797550938 0.687236440021076
0.4380097602086909 -0.9000824684227136
0.42167069562900594 0.9078517634766979
0.4421986833563488 0.8980319172712691
-0.6336984086409524 0.7748724584639233
0.6142237414653954 0.7903987572233722
0.24070612023875923 -0.971628305310011
0.23085296749807663 0.9740163794296952
0.4333675656091241 0.9023267440777878
-0.9623137729361254 -0.2755960856351907
-0.07736541081300481 0.9980058082044087
-0.9705379447506245 -0.24506549695792312
-0.392592433106113 0.9207997510142051
0.9439817249619518 0.3330157698035605
-0.9523097086530712 0.3083945829697772
0.9262948172639155 -0.3794455316774852
-0.9649287534504274 0.26629588950001537
0.9066585630656555 0.4242301851821965
-0.2726183990796722 0.9631615692516166
-0.7475574026570458 0.6657018324540285
0.30204971773955797 0.9543411172182897
-0.6068145960487268 0.7961011531345878
-0.6772566075020899 0.7371054792868929
-0.8688775966365633 0.49704398403267036
0.03200087297513963 1.000488352820176
0.8496769458690095 -0.5291975884853523
0.068684062131586 0.9986408261277447
-0.6358815007105856 0.7730819601142258
0.29360021966328614 -0.9569743523280392
-0.6357705614443172 0.7731731974148986
-0.08202002240775172 0.9976340591240016
-0.9264450390916202 0.3790786060206068
0.6489778130211145 -0.7621212490190333
-0.557163580901526 0.8316067244298766
-0.616841755725958 -0.7883573101030505
-0.49926924385306604 0.8676008426358216
0.37003495078072424 -0.9300941539439472
0.9998374304855149 0.04822978955089229
0.42146490969479977 0.9079473166962686
0.4287151112354605 -0.904546490457161
-0.967408352200818 -0.25714213986061873
0.952029912034188 -0.30925724986194963
0.9919058131550228 0.13462487819594504
0.531821655636128 0.8480369842149855
0.19234180969745837 -0.9823469999151556
-0.9727072685571235 0.23630820911711886
-0.2512151301772038 -0.968964374149045
-0.15226857642685435 -0.9893509390670933
-0.37076328361019834 0.929804058673968
0.9840988948574263 -0.18316758758140692
-0.9532277640057957 0.3055451356649473
-0.9175586310321746 0.4001089334398342
0.10797552255723672 -0.9951594276941216
0.9907678232809577 0.1427589589171652
0.9699330407652715 -0.24744877536943694
-0.41742770528317846 0.9098104807387195
-0.984093946980787 -0.18319416889130524
0.9632152752114298 0.2724285844021684
0.46620416824884564 -0.8858073568826361
0.888025627110539 0.46196480990973093
0.8157235619185468 -0.5801690016977111
-0.4496668290211642 -0.8943157959457336
0.8123936176631812 -0.5848227167100548
-0.9312046842575872 -0.36723131132397646
0.7171699511492292 -0.6983324861186198
-0.7017006077598008 0.7138748189070169
0.1866486307450706 0.9834446037479642
0.9749825374254304 -0.22673784799955454
-0.7546370531854152 0.6576655061348686
-0.5589066854543389 0.8304362208830036
-0.09956554941434785 -0.9960359940131778
-0.008923272690979284 1.0009602265846942
-0.5476790713468215 0.8378834255483774
-0.9926521745863246 -0.12900643506833673
-0.9234860566868188 0.3862311524269238
0.4142992702871098 -0.9112393289578585
0.8623457575473503 0.5082920365696147
0.7151732902617519 0.7003771590337452
-0.9606928738208431 -0.28119424281064087
0.48134813323909653 0.8776701969573976
-0.8671365626942549 0.5000751759873635
0.3076253458434253 0.9525584741078696
-0.34270709819321565 0.940506695801782
0.7738470856051844 -0.6349501461535088
0.9380442647683379 -0.34939083750898275
-0.9303959275714361 0.3692755312209126
0.728987065991896 0.6859875054376188
-0.9108654620773996 -0.4151205969288024
-0.9990764942823918 0.06202546712767214
0.9769860448309408 0.2179432683190633
0.6193372556393615 0.7863983492970368
0.3777473421262769 -0.9269886436826146
0.9849807127526751 0.17836478213266296
-0.9545909537760752 -0.3012592089362301
0.4886958638339401 0.8736002247433313
0.8825541365379278 -0.47233377613695243
-0.9382296296175174 -0.3488927659149385
-0.3437964824561345 -0.9401090248746625
0.951409005238268 0.31116218399980644
-0.961191602554799 0.2794847100972383
0.976380740435383 -0.22063918443207972
0.031138169425550595 1.0005155742939864
-0.04499490614986345 0.9999882291410059
0.8491531140096765 -0.5300377240986431
1.000026496644175 0.044136221061366276
0.7186352540149664 -0.6968244913081375
0.9968889456620068 0.09062797590640828
-0.7078443764440724 -0.7077833981780742
0.755918243055041 0.6561925097230079
-0.3438832156194385 0.9400773021487301
0.99877975505559 0.06663333168239208
0.2718216739371592 -0.9633867227536409
0.6646194232170464 -0.748519887700147
-0.695670686338881 -0.7197522463798153
-0.9998934067276495 0.04705502292609662
0.5419423008367734 0.8416053365822629
0.8647754443249369 -0.5041472313646164
0.09563347723308914 -0.996421215165709
-0.9762112259986616 -0.22138799026638742
0.6386759623799441 -0.7707749445058865
-1.0003562111115936 -0.035894998125878916
0.017498725455048245 -1.0008470385665578
-0.1831368682848248 -0.9841046120585081
0.13360337627737567 -0.9920439193136996
-0.994194381158799 -0.11652696028075558
0.8637764561849309 -0.5058569301102853
0.8265253514482019 0.5646741037212758
-0.8619209423302717 0.5090120717355299
0.5810981762817089 -0.8150619053311668
-0.03799689958641212 1.0002785790077782
0.7075516202694919 0.7080760585233883
-0.8768121220191146 0.482909414569997
-0.7107133634923738 -0.7049024861307819
-0.3371790817610025 0.9425026614407024
-0.7593878171876827 -0.6521741662370003
-0.6227675478845388 -0.7836846185181119
0.246773505825226 0.9701050648371686
