1000
0.8832121761920693 -0.471102167078511
0.9522325784441236 0.3086326563240774
0.5515952660850053 -0.8353105185693595
0.7331167037790335 -0.6815723722688332
0.46495066543625985 -0.8864659489852834
0.015902377528681445 1.000873675539993
0.04039113816878279 1.0001847609104182
0.9334233419067594 0.36155478808006
-0.24358284249228998 -0.9709111178904979
-0.9928725004821466 0.1272996378091071
-0.12235237713288824 -0.9934942857459883
0.06229783810186732 -0.9990595474584253
0.9953532180058274 0.10617425019958351
-1.0007283567712424 -0.023318575298005066
0.7107092114820271 -0.704906672343648
-0.5660264981241434 0.8255997840487358
-0.9957352709103848 0.10252936294068399
-0.3039491641350017 -0.9537378600127153
0.6852230944336049 0.7297056330156941
-0.259774388062568 0.966704850151647
-0.8914100878937484 -0.45539988493768824
0.582350243398505 0.8141677922969576
0.4781139940724855 0.8794361879477415
0.5952781413917086 -0.8047638997751035
0.36384550349110495 0.9325328142158347
0.5589560648171801 -0.8304029850645362
0.5374343722271533 0.8444911459268271
0.3460499253927446 0.9392818794886207
0.861192852141256 0.5102429533279307
0.6790186073324033 0.7354826516624056
-0.019454870757916926 -1.0008109252020547
0.5656868445647721 0.8258325459113072
0.7116113049872527 -0.7039959876407956
-0.7178581757479737 0.6976249992021438
0.46089050273454485 0.8885836733190062
-0.5169537737019178 -0.8571813086245794
0.9817815692029561 0.19520745470750106
0.844888469388475 0.5368095326038838
-0.5272526187548644 0.8508852308132616
-0.9887649628575057 -0.15602835711945234
-0.16347708048319232 0.9875607546661076
0.5514377983358396 -0.8354144807019579
-0.10361310077628867 -0.9956230839768244
-0.41960511311090964 -0.9088083126001769
0.23001824370730298 0.9742138407771713
0.3943191463730485 0.9200616342417667
-0.3662915482000921 -0.9315747429579548
-0.8502897548002455 0.5282123937222017
-0.12107790775029294 -0.9936504114902844
0.98565403429481 -0.17460562613605973
-0.7804203921580845 -0.6268532615403877
0.13735737728691327 0.9915311144411256
0.058346244390638805 0.9992981115590621
0.5041568638738102 0.8647698286879142
-0.19446901088500007 -0.9819281052120923
0.9772897181663353 -0.21657748444001515
0.6203271946425254 -0.7856177006578546
-0.8650367110992024 0.5036988072754143
-0.7933763921732258 -0.6103727552423976
-0.9195332141371493 -0.39554983010817163
0.3309217933106576 0.9447178238564458
0.999918955058102 0.04650895951871525
0.8731215049230949 -0.4895506486982016
0.2856657659899957 0.9593727482794938
0.8476120017914682 -0.5324987271525258
0.9745714661594861 0.2284982655245979
-0.4852131882176884 0.8755393549005243
-0.990217343468771 -0.14652853883680836
0.616140657560985 -0.7889053746174612
-0.10962481074066004 0.9949790956950174
-0.9023900461079413 -0.4332357380056584
0.21365095708003118 -0.9779336728729545
-0.8082615964978118 -0.5905202719863294
-0.25122206320366897 0.9689625766559262
0.9411986856324721 0.34080204542183545
-0.983438064217645 0.1866830839895547
-0.24993917608728483 0.9692942836191748
-0.8643396440768328 -0.5048940281654497
-1.0007262193257567 0.023410125031224898
-0.03901608820766349 -1.0002393437877615
0.2085552648973636 0.9790330441224089
0.47971051861991454 0.8785663425862685
-0.30794286519436015 0.9524558739258675
-0.5865933095266778 -0.8111160762915128
-0.6346346418845666 0.7741058527876197
0.6620262418240582 -0.750814394598501
-0.9672204804213671 0.2578479052725847
-0.8808364785843699 -0.47552928195336913
0.5213623943076306 0.8545070238458048
0.8772634705624833 -0.48208899926949905
-1.0008534721357534 -0.01712680103833685
0.9206034059752359 -0.3930526286730504
-0.8638758564014972 -0.5056871609271684
-0.432290866283619 0.9028430688263371
-0.9363213653515632 0.35398206280288336
-0.361212979490299 0.9335556670320956
-0.04256659617174579 -1.0000945379764612
0.2641179496622779 0.9655271661979244
-0.962453522049749 -0.2751076478290515
0.5876251369033488 0.8103688656897676
0.33014770994302756 0.9449886187776944
0.9859161947870853 -0.17311919840547488
-0.7137989381237843 -0.7017777966944794
0.9933855887637358 0.12323178176317207
0.6891226042496648 -0.7260241292905903
0.7423158259276196 -0.6715416700230865
0.7448004629568168 0.6687849208671734
-0.717136865790556 -0.6983664623420129
-0.5654098327542503 0.8260222279241707
0.5497959294166042 0.8364959270653578
0.47829518202432875 -0.8793376591800867
0.9995545693050853 -0.05377418508285645
-0.6934412021602142 0.7219004773142881
0.5402368906128378 -0.8427010751274574
-0.9268345880501241 0.3781251729175891
0.9815281665064429 -0.19647762812722613
-0.6421330207405758 0.7678972481228092
-0.49895201469408895 0.8677833180193715
0.7672871814314426 -0.6428618679086453
-0.5362202057354994 -0.8452626165642124
0.5468334149439132 0.8384355767146203
-0.9990572177547837 -0.06233518791237077
0.4155932584830248 0.910649901720448
-0.06861433188113603 0.9986456195570605
-0.9603042254867407 -0.282518662237225
-0.9067923622703055 -0.423944113920973
-0.6758740969370093 -0.738373350744447
0.6410550041328817 0.7687974256435768
0.910189785186898 -0.4165999939287427
-0.9435899365355003 -0.33412427578511933
0.21724131378101852 0.9771423701726872
-0.10315315409068354 -0.9956708425986691
-0.5684581197180963 0.8239274034322238
0.16872625975600145 0.9866774798629745
-0.35613629501539856 0.9355041097572501
0.9888606615062815 -0.15542069400616998
1.0009617764090861 0.00874769500878332
0.9277165892635285 0.37595602137117773
-0.6141580914195155 0.7904497699056772
-0.6479970857509633 0.7629552915199282
0.24236876904866086 -0.9712148988714274
0.44061532872391074 0.8988098420097101
0.3561339756706039 0.9355049927034328
-0.32852386872974804 0.9455543705545648
0.9260834512549643 0.37996110499851715
-0.8977870854339411 -0.44269554913961967
0.47508623706306197 0.8810755173952232
-0.16814869407496194 0.9867760722073092
-0.5715028811167507 -0.8218183843619301
-0.7965907220712665 0.606171775580139
0.058506010569688426 0.9992887704398662
0.7071415404033112 -0.7084855974796045
0.45410249121849655 -0.8920717053405266
0.21835556880296028 0.9768939786756471
-0.9731900230243709 0.23431214028689293
-0.2001335514725613 0.9807892544145147
0.25955308024007767 -0.9667642931645168
0.38410233690810414 0.9243735147556604
0.9548395865982068 -0.3004702379021349
-0.4910593854161725 -0.8722738560765713
-0.6374387135731259 -0.7717984752759223
-0.9947442945277406 -0.11173535029035156
0.9971208735275019 0.08803955688070858
0.9740468543282392 -0.23072434976235576
0.982569168083589 -0.19120363472362062
0.8505546192517621 -0.5277857895675953
-0.7996051114607498 0.6021898917499711
-0.987393598697393 0.16448368080576203
-0.969202636571014 -0.2502943252728573
-0.39344511832627105 -0.9204357331531771
0.597580942093115 -0.8030554262609183
-0.1313044856082242 -0.992350810983273
0.6659315261797256 -0.7473527965023891
-0.7567134244687096 -0.6552753567995965
0.9656092157947923 0.2638178204219082
0.06865290753402319 0.9986429683761484
0.6473319174169628 -0.7635197369376109
0.2285223574715967 0.9745658172415159
1.0009940106967665 -0.0034627372412279183
-0.4041155399639822 -0.9158010866774614
0.6541640511543113 -0.7576743325317149
0.6321653357187274 -0.776123693953244
-0.9079069903007325 0.42155177257730236
0.463837909418495 0.8870486986554234
0.3312912115525011 0.9445883405738587
-0.9960870886799135 -0.09905307549578807
0.45717557947151083 0.8905006959766445
0.7957626830341801 0.6072583900533965
0.493737210829862 -0.8707609124449422
0.7479492608990196 0.665261529866721
-0.36055998152302987 0.9338080636426911
-0.999682309467339 -0.05134471869674095
-0.9072465277330773 -0.4229713204417937
0.3378201790639072 -0.942273063722629
-0.6722550864384174 -0.7416698043992866
0.5097538525689245 -0.8614824489164821
-0.5821113926328663 0.8143385822660161
-0.8690436892758528 -0.49675352653988764
0.6285368997218606 0.7790650587005118
-0.9319009940027267 -0.3654607193348279
-0.6757450261381348 -0.7384914756783394
-1.0008648453752849 0.01644874742669611
-0.8381126572666329 -0.5473282138986291
0.9174412343047597 0.40037804834600904
0.780132039168124 -0.6272120865093279
-0.7594134138649952 -0.6521443604309658
-0.18427594541316175 -0.983891953388219
-0.8395323734256076 0.5451480477543382
-0.9079796553919119 -0.4213952365587261
0.67681780996035 0.7375084081693413
0.18135562941587077 -0.9844344242656152
-0.8779484704701681 -0.48084039264509837
-0.447796090412767 -0.8952539647558345
-0.7820025301421887 0.6248784224560929
-0.5904921336226125 -0.8082821537865442
0.10121141618048346 0.9958700965661842
0.42217712892769954 -0.907616368192181
0.8266685562796433 0.5644644347153595
-0.47492219869490143 -0.8811639490961944
-0.2883441243814436 -0.9585711585139095
-0.972473592332424 -0.23726801768479142
-0.6442731356083105 0.7661025562765311
-0.4174415356004565 0.9098041351607129
0.3876575333461014 -0.9228882038687114
0.2693839768408904 0.9640711970707281
-0.9167454222984703 0.4019686936750166
-0.10464054389934498 0.9955156234697923
-0.8380530573763203 -0.5474194671567699
0.9817512391931085 0.19535993535726787
-0.8695347988530926 -0.49589336916671095
0.6935708013516415 0.7217759649035439
-0.6376695166065494 -0.7716077938893371
0.9493838211875268 -0.3172875037995825
0.951713690739116 0.3102290296856986
-0.469058203926709 -0.8842993844445725
-0.8866861153095831 0.4645306587483766
-0.9966334590721905 -0.09339565438391868
0.9842579792683338 0.18231080671922875
-0.9823806352316755 -0.19216994437687132
-0.960874873143085 -0.2805716987906309
-0.5706261959053089 0.8224273490993815
-0.5320570839591623 0.8478892966707817
-0.9955871392493609 0.10395791533728262
0.6068805683100316 0.7960508625758113
-0.0679124922861344 -0.9986935933465708
-0.8895334364547465 -0.45905475210372176
-0.5441994058683671 -0.840147610037972
0.7374027790386534 0.6769328928823529
-0.042461650973787235 1.0000989991978695
0.9360727886515608 -0.35463887878529365
-0.9979377994416013 -0.07823776866484812
0.11496831266842927 -0.9943758278850982
-0.27945211249671975 -0.9612010803266509
-0.9205715742568005 0.39312717620428644
0.9392473158342868 0.34614372693736284
0.5923410676704775 0.8069281625714887
-0.8717159006172343 0.49204917296047174
0.046916403426557556 0.9998999205368088
0.7646819478063818 0.6459586044779014
0.9970567945453055 0.0887623143628005
0.43796613192271466 -0.9001036980752025
-0.8583912527322053 -0.5149421882433359
-0.7851074811953033 -0.6209728198328542
-0.4710774109522172 0.8832253805742654
-0.6243136669489888 -0.7824534780168768
0.19296501529635732 -0.9822247720718902
-0.13774945082502124 -0.9914767212584494
-0.9722690438567928 0.23810482220609894
-0.974748556366935 -0.22774163400787328
0.6684805018946759 0.7450737001039844
0.9741292665266246 0.23037615348881157
-0.9966606295852355 -0.09310525997365623
0.2347197103469906 -0.9730918032614523
-0.3478449787773982 0.9386185970559882
-0.9275141404637157 0.3764552021686704
0.018495637585470286 -1.0008291119818142
0.3974403953381206 -0.9187176563849627
0.9718167043748983 0.239944354169694
0.11731218066406779 0.9941020331273048
0.9804406357037466 -0.2018344863021015
0.9932314248763843 -0.12446821537254979
-0.3463453818544766 -0.9391729747325979
-0.9967036373250231 0.09264372263175129
-0.303072998027282 0.9540166444390554
0.8272167585577035 0.5636607440307388
0.9818473327417355 0.19487641003451342
-0.8930104804056088 -0.4522535592847709
0.16616787139079128 -0.9871115633592049
-0.008763108839709363 1.000961641584463
0.7528961621453273 -0.6596577665932821
-0.9067937005757307 0.42394125134996263
0.3264403738535577 -0.9462756904403439
-0.09524890699265023 -0.9964580501539969
0.9679116124364882 0.25524127900987625
-0.6797130753374827 0.734840891088174
-0.5107013133183134 -0.8609211163486176
-0.014006563997674984 1.0009020012793355
0.9936352621580549 -0.1212021691063878
-0.9806543349495422 0.20079361380450056
0.032372576592810114 1.0004763946664321
-0.9909379876269188 0.14157296591479823
0.6882042145615231 0.7268947372623886
-0.2233209600525504 -0.975770848509632
0.9976938633112342 0.08128932962636917
-0.9446137144884801 -0.33121885574386667
0.9799379354583388 0.20426121180892012
0.9825636177396072 -0.19123215496996038
0.9695701093092401 0.2488670390671857
-0.1205456508875932 0.9937151231877708
-0.747844760347834 -0.6653790005855992
-0.9046530938197184 0.42849011638824513
-0.9799973563528251 -0.20397593373109948
0.9953990786915292 -0.10574343544662619
-0.34822900250134886 0.9384761913958796
-0.703274429520302 0.7123244182132842
-0.7576895981871098 0.65414636955276
-0.9625583840518428 0.27474052720977504
0.991237160093508 0.13946287122297854
-0.9881092155023182 0.1601286302926281
0.9525914143438534 0.307523328088093
-0.3963190534691462 0.919201940738443
-0.5380093166759283 0.8441249760372576
0.9820906269095722 -0.19364658668916276
-1.000524414054026 0.03085282615657875
0.27751044243153117 -0.9617634607019836
0.7614973679149818 -0.6497097495486387
0.1388422806600132 0.9913242764611013
-0.017586143446329378 1.000845506338858
0.7612153627568189 0.6500401306865635
-0.46857580172658775 -0.88455509609989
-0.9970537419860983 -0.08879659673387716
-0.5383607620764967 -0.8439008767956184
0.6786902215937303 -0.7357856910222251
0.093038255710693 -0.9966668866649036
-0.6123014897768189 0.7918888088722357
0.4594829013513242 -0.8893123542185667
-0.4744092044317182 -0.8814402457061195
-0.7491987161951794 -0.6638541132293262
0.3926194473270574 -0.9207882327552823
0.8357896785745489 0.5508689619031484
0.7332976119680473 -0.6813777309847739
-0.4961183144080532 -0.8694064746186976
-0.7423363613413961 -0.6715189696727981
-0.9454077037665062 0.32894570016788793
-0.999703747289149 -0.05092560903939343
0.908079734991659 0.42117952810823833
1.000034889192619 0.04394565277142002
0.47778778066663097 0.8796134586542291
-0.9997980802745001 -0.04903874671547293
-0.8432546074330353 -0.5393724752366936
0.25072849011198317 -0.9690904107698957
-0.28080248580501344 -0.960807454158077
0.3381640714228475 -0.9421497019044921
-0.9861411999173955 0.1718328659642253
-0.7680198103284971 -0.6419864258245491
-0.43182557652181675 -0.9030657071673138
0.18820023087446003 -0.9831488560227286
-0.7792644762539148 -0.6282896434358216
0.661230938794976 0.7515149004379853
0.06351567431402891 0.9989828622736399
0.9843159109626731 0.1819977676393948
0.733715274091444 0.6809279672365626
0.5002168129555228 0.8670548656438182
0.6170005912984982 0.788233005105282
0.24967528886936646 -0.9693622904404722
-0.45305570945766305 0.8926037889947664
-0.9113156666256775 0.4141313267100148
-0.2563763233709769 0.9676115857175235
0.09411633926497162 -0.996565659996049
0.9994215628436182 -0.056191989849264025
0.1701470749520275 0.9864334609517609
-0.5788260349046674 -0.8166770606038477
0.7406878492897926 0.6733368472870481
0.5360643876364585 -0.8453614447725593
-0.23371955993762827 0.9733325060340692
0.38398218437151604 0.9244234322458941
0.9815920207596882 0.19615836658402275
-0.08551913289008514 0.9973402016913426
-0.9721366451471712 0.23864480543687244
-0.09992633685955042 0.9959998630531189
-0.6580213822968636 -0.7543267597269268
-0.49580758673227143 0.8695837147386795
-0.5459739896794907 0.8389954723319187
-0.5911859648235519 -0.8077748170100663
-0.26392108324822927 0.965580997025667
0.7753728717888975 0.6330860207695617
-0.86209834770981 -0.5087115478107566
0.5519892682791638 0.8350502066969586
0.08984658169500943 0.9969596740880355
0.9594680933743129 0.2853453658229982
0.5667475922791863 -0.8251049428077286
0.8726320162441811 -0.4904226383698202
-0.8970331180819536 -0.4442213244140445
-0.8966794322858492 -0.44493482187341454
0.9025034518991002 0.43299944493060083
0.5517657748194945 0.8351978985473101
0.04914352166751445 -0.9997929357012454
0.7199337147513374 0.6954828871829556
-0.4549157050394346 0.8916572779428619
-0.9388063301712033 0.3473379829941977
-1.000238041821007 0.03904945190495291
-0.9176474475195984 -0.39990519134010494
0.3691097673506377 0.9304617024071211
0.9994779307807843 0.05518030338954215
-0.8448443833139245 0.5368789137067264
0.037359276541776704 -1.000302596445833
-0.8651308983446142 -0.503537018231471
-0.9267398926153562 -0.37835720085030533
-0.6728412724322093 0.7411380587392645
0.9572105904941065 -0.29282910621371644
0.975161507853844 -0.22596688607009957
0.8016896173508342 -0.5994120097494484
0.7838164780550614 -0.6226015810527303
0.8917917811368923 -0.4546519757976307
-0.2792167493728165 -0.9612694767179897
-0.8440851889431146 0.5380717366735281
-0.12901349804303472 0.9926512566469151
0.43427844247660674 0.9018887039984992
-0.759112170629331 0.652494990327455
0.6545283606038634 -0.7573596405705938
0.8818440669454791 -0.47365814844997384
-0.8984296239996823 0.44139008905931454
0.10017841160399338 0.9959745407632169
0.7536247199052414 -0.6588253042709777
-0.9979976201948271 0.07747096285358662
-0.9017207203328474 -0.4346271304490905
-0.9963815307509247 0.09604605758928501
-0.8355728522336708 -0.5511977944532146
-0.9996529881074311 0.05191245869619524
0.8329427998865296 -0.5551642028419957
-0.3129253287872124 -0.9508305519930536
-0.4795057900514732 -0.8786780965217652
0.7877062137039902 -0.6176729886372915
-0.2283494821816037 -0.9746063379577384
0.6681003947655323 -0.7454145574874024
0.3961262595481781 -0.9192850409401697
0.5714847813708751 -0.8218309708580489
-0.392725449907191 0.9207430265797262
0.9511654089836297 -0.3119060191035186
-0.750485655018946 0.6623988840651708
-0.6453868674325908 -0.7651645518093135
-0.9347443972891502 0.3581255530348869
-0.8639455167803807 0.5055681398536511
-0.6063757402690145 -0.7964354723473864
-0.12878395769750833 0.9926810626982698
-0.8850796743220049 -0.4675841850427084
-1.0009789693493352 0.0064886763166828385
0.12899404896805208 -0.9926537842222876
0.7129911655117983 0.702598461357643
-0.47250209134578935 -0.8824640353430022
-0.9654604944432245 -0.26436155860760946
-0.4135050381468562 -0.9116000128494772
-0.36878191062137405 0.9305916947826521
-0.1463526084323639 -0.9902433610002357
-0.493223490116842 -0.8710520012013987
-1.0009449093974163 0.01050182609824491
-0.3704409979366918 0.9299325067163036
0.8943981426406604 0.4495030171655544
-0.5137564282699207 -0.8591014680532992
-0.9885568475839409 -0.15734153645779936
-0.9886135400957031 0.15698493029409466
0.7085506235646748 -0.7070763847323077
1.0007560430466282 0.022098468400665768
-0.17167885322543378 0.986168023896131
-0.618487285094102 0.7870670099660682
0.8954958921285447 0.4473120914763001
-0.5007768036695609 0.8667315575808338
-0.5208877441314912 0.8547964424432323
-0.04783269234241409 -0.9998565064764423
0.10191066157420882 0.9957987834183707
-0.7773247803217553 0.630687867251095
0.951749884328405 0.31011797381136713
0.5860178744153067 0.8115319161103681
0.15115666926200422 0.9895214304589957
-0.9902500286196643 -0.1463074872272571
0.885728174197436 0.46635458766144516
-0.8266116793537737 0.5645477230101403
0.9302961366946448 0.36952685700909316
-0.9090845901213862 0.41900621475561806
-0.6889256393291098 0.7262110323280536
0.9686462633296931 -0.2524389362547366
-0.9446422452456188 -0.3311374767333295
-0.7773517542645958 -0.6306546203285562
0.9721030149920494 0.23878175860682338
0.9348382353061725 0.35788053007902115
0.2353053413038686 0.972950356572148
0.8912137479034218 -0.45578400097846355
-0.9729403311460786 0.2353467909901453
0.9056357658039245 -0.42640926314602895
0.011657864539322297 -1.0009321126801671
-1.0005130634877732 -0.03121874101098645
0.04425467833476781 -1.0000212614967174
0.6817889560538294 -0.7329152880128982
-0.13732117215388304 0.9915361292854051
-0.8751600827004327 0.4858969331532891
-0.5671166234769809 0.8248513413798078
-0.22289891349990812 -0.9758673446532374
0.28764059210407034 0.9587825038944024
0.34188469302445057 -0.9408059612245117
0.4733944293891972 -0.8819856655429704
-0.7789483814619421 0.6286814925046075
-0.6020948590126382 0.7996766726312274
0.7443612279321431 0.669273757405258
-0.8330167696946498 -0.5550532059248833
-0.5925478008094436 0.8067763653924749
-0.6844034140265195 0.7304744806417569
0.8653069556462711 0.5032344110950503
-0.5672684135284228 -0.8247469593838744
-0.04620633059830592 0.9999329852608324
-0.8718115390121645 -0.49187970119251845
0.2640628408068471 0.9655422394204294
0.7334875003125195 -0.6811733163338767
-0.7305431915052533 0.6843300704669633
-0.034993283114430854 -1.0003881597344468
0.9824356338889652 0.19188857512938962
0.6757134954202556 0.7385203261298502
-0.5483664437100761 0.8374337247882747
-0.4940937617584629 -0.8705586451189669
-0.7411564307171123 -0.6728210350506815
0.6001084101142162 -0.8011684567618647
-0.8427192628949174 -0.5402085189497174
-0.4742790681950877 -0.8815102753071001
0.37778306998346833 -0.9269740837983907
0.2653771305178063 -0.9651818370639469
0.5056591239556703 0.8638922677975444
-0.11315665754236935 -0.9945836168235624
-0.29351279493443533 0.9570011699103487
-0.7140316724657825 0.701540997173877
0.22334790166774313 0.9757646820932884
0.13092733795493397 0.992400640959101
0.929217239516103 -0.3722315432443537
-0.4533252511396315 0.8924669274988233
0.9733940202996347 0.23346323317583512
0.88211111784802 -0.47316062364583605
0.6819596348205487 0.732756478289632
-0.9702700027828749 0.24612419974419422
-0.8842469467122854 -0.4691570496432944
-0.6197478429577912 -0.7860748126922559
-0.5641914202588297 -0.8268549094649704
0.5841131856715479 0.8129039219518107
-0.4916448829907283 -0.871943982735722
0.04236836109868949 -1.0001029556889687
-0.70125722636549 -0.7143103684465036
0.3743158881897213 -0.92837956453637
1.0005304318677042 0.030657053130162887
0.8480301405760802 -0.5318325682717387
-1.000459203087887 -0.03289958900579277
-0.641051209182963 -0.768800590013471
0.14732883024174193 0.9900985889191035
0.8988670339207347 -0.4404986439599339
0.9932802483574139 0.12407799250082156
0.2184166438608876 -0.9768803251599175
0.6981266480932901 0.7173703250219008
-0.26202602250290835 -0.9660969741859796
-0.9973918482843132 0.08491466879168545
0.02842666493970954 -1.0005962845825511
-0.7146177122980533 0.7009440243485188
-0.9993349817419639 0.057711301031849176
-0.9802248112467277 0.20288006165298075
0.8315642135435866 0.5572270262232768
-0.7150776241743445 -0.7004748328135529
0.5353427761991919 -0.8458186046495678
-0.49400221871954053 -0.8706105948701585
-0.8882089832831184 -0.46161217706552016
-0.4199395615511594 0.9086538200240067
-0.4545656180665289 -0.8918358026407073
0.8274049632775322 -0.563384439564766
0.9872832506838615 -0.165144733246651
0.8442620727199212 0.5377941544556455
0.9304562499410071 0.3691235117758256
-0.24931869078136087 -0.9694540682399906
-0.8678385255676365 0.49885598476974363
-0.6232262309883914 0.7833198995353075
0.6944800747904298 0.7209011206254842
0.9454018820841821 -0.32896243152020604
-0.9640734940372563 0.2693757563233862
-0.456236917843121 -0.890981972206514
1.0007906293220776 -0.020472329157175815
0.2631846187421024 -0.9657819921998826
-0.9412640493916775 0.3406214751344689
-0.34481714902351657 0.9397351402066936
0.45588791247057425 -0.8911605979077072
-0.8810806469717768 0.47507672383710325
-0.5780300027907687 0.8172406719404658
0.9933146376094412 -0.1238023857234763
0.6172524611683698 0.7880357854701714
-0.40146812352280775 -0.9169647462116935
0.7010837392760066 0.7144806439105068
0.15849799069591333 0.9883720893192797
0.9623178892522458 -0.27558171206577253
0.16018296893057463 0.9881004080884627
-0.9169312718303327 -0.401544571298889
0.8498756390538116 0.5288784341820674
-0.142680940556983 0.9907790617497801
-0.9861434954335561 -0.1718196915783754
0.6899738038837956 -0.7252152438787575
-0.9540401440650755 -0.3029990156952492
0.3708493716407059 -0.9297697260901183
0.544814954472657 0.8397485727186184
-0.453059970779368 -0.8926016260781728
-0.7876737295912097 0.6177144127441692
0.7677113288693241 -0.6423552876140247
0.4467108464245812 -0.895795969898634
0.8906194437739968 0.4569442048781193
-0.7813908831658443 -0.6256430993028709
0.29195941377385204 0.9574762141739233
0.2461896708946937 0.9702533926479012
-0.011691583715522166 1.0009317193846057
0.5016224399893827 -0.8662424185521616
0.3844806596331704 -0.9242162205718109
-0.6221717691781102 -0.7841576943687923
0.012618333704021855 1.0009204651991754
-0.03717830738450534 -1.0003093388847388
0.1350439791534681 0.9918488411519155
0.6154849376716929 -0.7894170580240031
0.3453969339781007 -0.9395221966502588
0.941131925171798 0.34098636251678055
0.3674571017716539 0.9311156095553206
-0.8565453218265984 -0.5180068644882702
0.5795909815816535 0.8161343603042427
-0.9960966608866985 -0.09895676919933055
-0.29624808275087183 -0.9561579751622807
-0.3268493074532221 0.9461345201488788
-0.44754503630201053 0.8953794952317325
-0.8017402285324556 -0.5993443133564594
-0.7526496329721699 0.6599390350531312
-0.8465891645683932 0.5341233812850643
-0.41318822279928985 -0.9117436550587914
0.5606306570552695 -0.8292733363431968
-0.3567808853284557 -0.9352584668765331
-0.06273597774412985 -0.9990321301622326
0.9982010231429173 0.0748045279139783
0.8718681442577292 0.4917793601083554
-0.9782556315725621 0.21217190977263595
-0.34751344964605896 0.9387413926716431
0.8686272627257723 0.4974813347750166
-0.20121452224000558 -0.980568057831646
0.6111719446519797 0.7927609059926691
-0.5344510709184025 0.8463823325153784
-0.9128690845203321 -0.41069579316936106
-0.6277233210483223 -0.7797207398883685
0.1099484077113448 -0.994943389164298
-0.9407722534576787 -0.3419774365717149
0.6158732848113017 0.7891141216932677
0.7114134392806984 -0.7041959375137065
1.0006267485062579 0.02733331618728206
0.8870513086038774 -0.46383291809028465
-0.46053656093088496 0.8887671663860863
0.3543395190368745 -0.9361861488233612
1.0004018866472137 -0.03459862992511692
-0.5777444803705483 0.8174425456271317
1.0009800168314194 0.0063250220688495324
-0.3877149370795023 -0.922864089433237
0.6310741290363909 0.7770112249259727
-0.5025345590290407 -0.8657135883082161
-0.7385974848132664 0.6756291552527295
-0.09255980632017244 -0.9967114337931376
0.6084792243646262 0.7948295625583027
0.8835697146416763 -0.4704312482903603
-0.8404322395773363 -0.5437597361694069
-0.4026074402951381 0.9164650833605156
0.8638832326935791 -0.505674559643741
0.9760887393438931 -0.22192740463054492
-0.518596756302526 0.8561882995886468
0.7374968298004221 0.6768304263508897
-0.3138960413091678 -0.9505105340028764
0.9234079798946847 -0.3864177825447707
0.16614446310221123 0.9871155035660608
-0.9770154961635942 -0.21781120323850628
0.7378125240831346 -0.6764862742924456
0.33988456313007187 -0.9415303944886114
0.7255602349246231 -0.6896110102776243
1.0008114307379263 -0.019428847220176244
0.9264454517793881 0.3790775974352552
-0.879470019930789 -0.47805175874892214
-0.6095220273856716 -0.7940301619785363
-0.3819384434080176 -0.9252697041657965
0.22035301895621925 -0.9764453630576982
0.8480682106970392 0.5317718589819533
-0.6224395945527521 0.7839451199752477
-0.7002214124602129 -0.7153257813976961
-0.3981101124329897 -0.9184276446071253
0.17193041361725778 0.9861241974890377
-0.43138602929071274 -0.9032757573038215
-0.8536254960358514 0.5228044687237732
-0.9976079378483487 0.08233712614589658
-0.41322205091640607 0.9117283239191591
-0.8178006463392129 -0.5772374752622752
0.981517667527543 0.19653006978905707
-0.679269613368681 0.7352508363504
0.3154673439422371 0.9499901867419632
0.8395553161846788 0.5451127140931901
-0.7084749563456502 -0.7071522016023346
-0.6123481410538596 0.7918527351394844
-0.6673775582029319 0.7460617902071466
0.7980887860654451 -0.6041980549096333
-0.8264650962723158 0.5647622903873732
-0.1388932615210662 -0.9913171348786627
0.7683589161828911 0.6415805295691672
-0.9992204990146087 -0.05966065997787985
0.4448005308481455 0.8967460553340661
-0.7498281129681459 0.6631431225630177
-0.8916949823921907 0.4548417948876188
0.7306145172113155 0.6842539201495862
0.6055404384287021 0.7970707480691881
-0.6848524858885952 0.7300534724061051
0.10584742621772107 0.9953880260295902
-0.7285566916054432 0.6864445695880558
-0.2958177363377994 0.9562912040105672
0.005257480544567262 -1.0009861931606867
-0.003653561839719528 1.0009933323883249
-0.8123534557838492 -0.58487850266191
-0.9455335024231181 -0.3285839250411855
-0.9848027122286307 0.17934496922727697
-0.6456778436748168 0.7649190298243591
-0.965267407104467 -0.26506571408203505
0.9252790947331814 0.38191569337976183
0.9618140292898373 0.2773351277087851
0.2979954003013921 0.9556148499260636
0.5876136676770469 0.810377182279418
0.5603776768859874 0.8294443075022361
-0.7020777600236451 -0.7135039024982139
0.1630499997712404 -0.9876313571240023
-0.34479770325268266 0.9397422752178786
-0.9987044322496965 0.06775291141206662
0.861114067236367 -0.510375903827406
1.0002489488606274 0.03876906373914425
-0.5150122215704942 0.8583492364026568
-0.29001711608671404 -0.9580663194042182
0.004558871687937096 -1.0009896186719085
0.8612798878723744 -0.5100960250252399
0.6647690680589948 -0.7483869895662106
0.9565365955155373 -0.29502328965616503
-0.19216076142509642 0.9823824315247739
0.9240104236754464 0.3849749822249777
0.7605032238755493 0.6508731416143212
0.9221025589527699 0.38952261907718994
0.3249179409672362 0.946799520298575
-0.2675667527627238 -0.9645771264217349
-0.8286301537397711 -0.5615808653374892
-1.000876898442073 -0.015698221713810325
0.9739007536378977 0.23134027332813162
0.5828820400110795 -0.8137871511842162
-0.8974032698511376 0.4434730783942654
-0.9995965539967193 -0.052988010321993045
0.377535881849533 -0.927074785503357
0.17458969926242815 -0.9856568555595071
0.9689867417897892 0.25112883991212265
-0.76345921220018 0.6474032988073821
0.9422957371206165 -0.3377569300611225
-0.8607716443120035 -0.5109532036776065
0.9997344080882206 0.05032010815265811
-0.7198335136235443 -0.695586596093098
0.05162811444333069 0.999667713692418
0.4065248654803943 0.9147341328201039
-0.4221631769745297 -0.9076228578031582
-0.4915025937891066 0.872024197083189
0.9832535652854579 -0.18765240833369473
-0.5599851785385015 -0.8297093465890345
-0.687780665853228 0.7272955078085457
0.7504788299705334 -0.6624066166381939
0.9674805499506101 -0.2568703670477876
-0.9475125288495756 -0.322832785932721
-0.9861636873718557 0.1717037614880497
0.8266034931754537 0.5645597090389446
0.710847096672671 0.7047676249318171
-0.4100139848840112 -0.9131755210251389
0.981462615392302 0.1968048134251356
0.533463889838426 0.8470048867854634
0.6314952947826072 0.7766689723861949
-0.9647321667284822 0.26700720304772324
0.4612651416291028 -0.8883892554043434
-0.9298419855403923 0.3706681560726532
0.2912840231451529 -0.9576818980540324
0.7163050105742811 -0.6992196592103078
0.9999883649362125 -0.044991888071076444
0.2503941488925928 -0.9691768518698505
0.9633420534182857 0.27197994064974873
0.939839233382016 -0.34453332987666735
-0.999090821783219 0.06179425400902741
0.07796892514085267 -0.9979588401895041
-0.8397113919643505 -0.5448722586123217
0.8678039149193115 -0.4989161906079181
-0.9642210460793539 -0.26884712067946065
0.892122632059346 0.4540024332176036
0.8598673395541666 0.5124735684579641
-0.15187721104343294 -0.989411093916815
0.5449134090799287 -0.8396846887998436
-0.47758599386747314 0.8797230350863946
-0.7898315243555697 -0.6149529763601093
-0.691315945241389 0.723935952868073
0.45874172512604916 0.8896949081726704
1.0008197894307949 -0.018993395791683486
-0.6544114133170454 -0.7574606934490971
0.5505290477540515 0.8360136168621999
-0.29846608621135745 -0.9554679457635795
0.9811407331520149 -0.19840328059265236
-0.7976037939576092 -0.604838150139711
0.2943819203119331 -0.9567341767667018
-0.48095795997044943 -0.8778840702171691
0.36664506013827497 -0.931435665988908
-0.05789223982137047 -0.9993245161450134
-0.27299468284625217 -0.9630549844830637
-0.1571027107799666 0.9885948301835217
-0.28925277698116436 -0.958297360430824
1.0003079939379032 0.03721447653706566
0.924181334492081 -0.38456450821212873
0.08301101756049285 -0.9975520893485069
0.38893379467374367 0.9223510738112046
0.994012952493484 -0.11806460212606792
0.45877979349316395 -0.889675278448474
0.01083188981500011 1.0009413919720953
0.9920816903837345 0.13332261475590682
-0.017236997927197538 1.000851580356677
0.34052184821522563 -0.9413000960841802
0.6213437166186572 0.7848139816660467
0.7237337921138062 0.6915275830742907
0.12712604801967287 0.9928947416090488
-0.28491932223637956 -0.9595946955961991
0.94453720220783 -0.3314369829174241
-0.36715135717358394 0.9312362111331343
-0.9430732049510939 0.33557999061814164
-0.22854797546023023 0.9745598098182738
0.3747756071956079 0.9281940768240031
-1.0003626295703882 0.035715673856418856
0.63418582191855 -0.7744735910781549
0.12847227642343434 -0.9927214484388764
0.8766626636951469 -0.48318068471631775
-0.6498056752986686 0.7614155135992707
-0.10422386172690712 -0.995559333564168
0.5651173818259752 -0.8262223337323648
-0.7277420390786923 0.6873081729163324
0.22361159820117021 -0.9757042857084919
0.32446600353120286 0.9469544933905163
-0.9287356364797205 0.3734315433015918
-0.18338163891002254 -0.9840590299929542
-0.09519104770825317 0.9964635790816466
-0.950054550897096 0.3152734532429225
0.9992824288284258 0.058614225532392164
-0.9819826216243539 0.1941935396138633
0.21267184360949304 0.9781470681527085
-0.001482914026829547 -1.0009989015808105
0.9246900306657381 -0.3833397281621049
-0.5207256817001034 0.8548951774445582
0.6677290656562409 0.7457472057459174
0.8348947334900855 0.5522243964101179
0.9856876718929699 -0.17441563427117676
-0.9026996973432039 -0.4325901714284412
-0.38398592895662126 0.9244218768307685
0.9237796633083799 -0.3855283824283969
-0.24462287480178121 0.9706496016193032
1.0008696595495952 -0.01615316046714374
0.7996635822584893 0.6021122446932303
-0.7565402061548658 0.6554753362798277
0.2137766116735378 0.9779062124260084
0.9901852118063863 -0.14674551550198045
0.5327595529370884 -0.8474480861706359
0.9404313777204333 0.3429137264660716
0.9822565461637363 0.19280320930546777
0.9912406405800666 -0.13943813130711122
-0.2944336839138429 0.9567182478540499
0.16359839364151205 0.9875406652882285
-0.9984017312215879 0.07207623112882697
-0.9601862879627592 0.28291923301235167
0.29442242800660956 -0.9567217118298783
0.9180945548003208 -0.39887766100146643
-0.9319708011003526 0.3652826657485502
0.37646767231358713 -0.9275090790406257
-0.9918123986251114 0.1353113666086599
0.9925090786632744 0.13010276234952936
0.4590826062728873 -0.8895190614133535
0.08302825214927399 0.9975506550271201
-0.9197393530094824 0.39507027542666223
0.6515017020283809 -0.7599648230373054
-0.60200027968629 0.7997478748065722
-0.4001871900815628 -0.9175245026126676
0.5538371894654235 0.8338257417260758
-0.46783391349167236 0.8849476986732416
-0.9959890628518588 -0.10003392764195548
-0.9999442939422897 0.045960950950298486
0.9088094567855806 -0.419602634950137
-0.4826415012141936 0.8769596235321839
0.2490336920256318 0.9695273179421418
-0.7508316708272011 0.6620066480654355
-0.5459264452410343 -0.8390264098265847
-0.30356845725427956 -0.953859104774
0.18345609732684445 -0.9840451515827936
-0.9397846139911373 0.34468228748447294
0.6867878229631973 0.7282331262923103
0.986076467808219 -0.17220394779117706
-0.6073793063675128 -0.795670395450603
0.9100733797171012 -0.41685422335667033
-0.5411663828299437 -0.8421044745723388
0.9575333995420052 0.2917718094016805
-0.6610857467412141 -0.7516426248261944
0.26998243647230635 0.9639037732037763
-0.9553288090076355 -0.29891113508876294
-0.8684954777789254 0.49771136723763504
0.999498844703743 0.05480017733441228
-0.6223622283656769 0.7840065412378324
0.3891868335813852 -0.9222443323582397
0.9300316406325768 0.3701920412735499
0.34239010268365105 0.9406221438942839
-0.12227489483792993 -0.9935038249007264
0.9705896211013532 0.24486075106135677
1.000896807980051 -0.014372883334424057
-0.9447159385376831 0.33092717548255923
0.1407366961404732 -0.9910571034806542
1.0006998963967368 -0.024509535931144008
0.690199602367432 0.7250003509598038
0.5689282216553887 0.823602864616216
-0.619623845149369 -0.7861725577265533
-0.9207145871149703 -0.3927921194139588
-0.9900859815826686 -0.1474135308358212
0.3463063911003167 0.9391873527060906
0.9861717646579506 -0.17165736393007902
0.9909325235152389 0.14161120661769913
-0.5551694518165741 0.8329393013717654
-0.9024546812585639 -0.4331010832063388
0.22535342714976522 0.97530345681324
0.9489292723566611 0.31864437240387194
0.8692500219854686 0.49639238438785716
-0.8612296130221848 -0.5101809028704012
0.9576012326256075 0.291549102680693
1.0009731279666734 -0.007334649863068762
0.2102894991580505 0.9786620083276228
0.45486708570114626 0.8916820814313509
0.2384319543507494 0.972188872156271
0.6441341619793661 0.7662194081143727
0.9487034736669977 -0.3193160175314919
-0.4590949649124535 -0.8895126829854834
0.9591599231783979 -0.28637954146274086
-0.3537045224219875 0.9364262441955766
-0.47184505513796865 0.8828155208999484
-0.30330447795644194 -0.9539430767354885
-0.1338017920588758 0.9920171774933302
0.8532705212822149 0.5233836236555144
-0.9787875301816414 0.20970448436054553
-0.16922907354408578 -0.9865913645818163
-0.9960886337734122 -0.0990375366586688
0.7932568331925105 -0.6105281292400783
-0.31881749574389834 -0.9488711210736626
-0.6909758331204067 0.7242605871118213
-0.986419460420649 -0.17022822358068537
-0.37829382109660414 0.9267657659409579
-0.9922682004077047 -0.13192732264264018
0.4612382579272791 0.8884032133126313
1.0007709077093143 0.021414721167342544
0.726156085480367 0.6889835553333838
0.41889475784100966 0.9091359534488347
0.42411834851176267 -0.9067108836093537
0.827192494604194 -0.5636963516561825
-0.8076416363509435 -0.5913678949963131
0.7398232411308064 0.6742867134110746
-0.27177346487485116 0.9634003237439346
-0.15713513834166126 -0.9885896764069241
0.7483982387410383 -0.6647564036918425
-0.3524755848567008 -0.9368895143398323
-0.315157666728795 -0.9500929665575163
-0.20532778148940808 0.9797150106784308
0.9163930990252314 -0.4027712602196593
-0.9636084273299252 0.27103468187438334
-0.5708354718189235 -0.8222821073775515
-1.000975280175185 -0.007034804774124246
-0.8664800390153392 0.5012118733509575
0.5799777901454481 0.8158595240223665
-0.9775067810829821 0.2155956700325562
-0.9327700287774486 0.3632369383949238
-0.9266274726123044 0.37863244314259875
-0.7092690398362796 0.7063557383710576
0.8974382756739949 0.4434022342696151
0.6574786335564293 -0.7547998717652054
-0.9650845723758429 0.26573063083155557
0.7503411825835627 -0.6625625326858595
0.23700518060835932 0.972537682747974
0.3394847663578049 0.9416746218365378
-0.46327551047912935 -0.8873425501971052
0.7732127697346114 0.6357224337077706
-0.9894058276883589 -0.15191151416635074
-0.23614761185122618 0.9727462698036743
0.28908014919254843 -0.9583494494926231
0.9219654486126373 -0.38984703611095806
-0.8091675473402011 0.5892782707104032
0.5163574582079393 -0.8575406552187693
0.5317157124835581 -0.848103414153075
-0.9366351357753584 -0.35315099098130226
-0.9749029110968428 0.22707997255350681
-0.9541857950520237 0.30254002796479257
-0.002077645453719604 -1.0009978438485114
-0.5317126044746949 0.8481053627013194
-0.9547759449883402 -0.300672404572854
-0.7574823988617925 -0.6543862891401259
0.5590606122007926 -0.8303326031691608
0.6670117526055516 0.7463888543420717
-0.4669369642761002 -0.8854212959900049
0.9848247990425337 -0.17922364573580402
-0.9885113260497789 -0.15762727641911412
-0.4391915766246507 -0.8995063974324772
0.8375751215201955 -0.5481504499774031
0.81244685923311 0.5847487502528372
