1000
-0.9944787349386418 0.11407473758391312
-0.0092237960204851 -1.0009575023880746
-0.7447258773950983 0.6688679746692175
1.0005808513977286 0.028964803058140313
0.9832791149276566 0.18751848481438918
-0.9723296151724474 0.23785735107118378
0.2493198789584607 -0.9694537626705766
0.9843325554737784 0.1819077245046537
0.23669736961533483 -0.9726126439735304
0.9872709510164034 -0.16521824741585464
0.9306495287127078 0.36863593789376375
-0.7107996985592279 0.7048154286961309
0.07860817288597363 -0.9979086907906599
0.47725184164463436 -0.8799043582383286
-0.4193498542645356 0.9089261244613408
0.812108237060684 0.5852189430445565
0.9984961237969461 -0.0707565598547139
0.06176601146105245 -0.9990925681978587
-0.06826475886094488 0.9986695763352647
-0.7282209476814023 -0.6868007362823662
0.9033155825670318 -0.43130262959038873
-0.9329380173937528 -0.36280525864630686
-0.9475823826234805 -0.32262769276924735
0.7648318670671911 0.6457810891614237
-0.7146535872512298 -0.700907447691169
-0.9971623826430928 -0.08756815997581588
-0.11211945145785047 -0.9947010749993139
0.9410397220099707 0.34124073848149666
0.3340095677523085 -0.9436305466918269
-0.16169509587720035 0.9878540863757477
-0.8862922681075347 0.46528165179039865
0.8022078728554 -0.5987182381795418
0.4440127553322618 0.897136373748302
-0.05504262950354208 -0.9994855221249259
-0.15543481969655934 -0.9888584412472282
-0.15543420011935988 0.9888585386359643
0.9537676802271586 -0.30385557779001604
0.41149506270449177 0.9125090757739488
0.5789186304454337 0.8166114249281499
0.6073440369387014 -0.795697317322989
0.8494091343122216 0.5296273430884797
0.5880234330250537 -0.8100798986602681
1.000163363370279 -0.040917558234228484
0.29512909154147754 -0.956503956774828
-0.9276726709276115 -0.37606437695430744
-0.5973342358497359 -0.8032389499282341
-0.9581584379571411 0.2897126296375968
-0.9538575340575632 -0.3035733926443894
-0.9329107293780877 -0.36287542078686497
-0.6353551647119111 -0.7735145859477377
-0.7491443603146989 -0.6639154520032506
0.03850468128528087 -1.0002591611773015
0.9803457897368618 0.2022946676143708
-0.7824617593341743 0.6243032878174427
0.9883634336918709 0.1585519565972455
-0.5644969906966942 0.8266463255191886
0.617802057938162 0.7876049880538923
0.9953978019072384 -0.10575545356263306
-0.99863431802707 0.06877862210460978
0.701143492163508 0.7144220065176891
0.003906779198291973 -1.0009923761329533
-0.38503668368005745 -0.9239847142786851
0.9375947727786901 -0.35059526816270137
0.31773817760804435 -0.9492330854380914
-0.22878621023324103 0.9745039096930865
-0.06447402747553976 0.998921468275201
0.928996599315191 0.3727818644473073
0.4305944491771582 0.9036533739979172
0.7748631928140293 0.6337097383045716
0.9894269769203138 0.15177370438362758
-0.965560257429206 0.2639969493635208
-0.6707471272342744 0.7430338426390604
-0.48223965938745106 0.8771806603624336
0.9792327203183536 0.20761570137616542
0.33123693325626724 0.9446073756047976
0.9917036631481657 -0.13610600463796377
1.000999739265609 -0.0007224888809207515
0.6398540703605742 0.7697972256659577
0.30029506772311904 0.9548946917336839
-0.9812889578860343 0.19766886737911177
0.563199428376929 -0.8275309081091172
-0.9679679133972603 0.25502768209226645
0.6479706255597626 0.7629777640348963
-0.9407711361964821 -0.34198051011655645
0.6009195875008683 -0.8005602097017978
0.1680943367529608 -0.9867853332673638
0.9951158888048707 -0.10837604831369455
-0.06034368151135844 -0.9991794834271047
-0.5539910110026961 -0.8337235511416304
0.24643641700177618 -0.9701907505100874
0.7262231895842063 0.6889128238827769
0.06325908389578123 0.9989991432952615
0.40488479594924365 0.9154612509599407
0.7881426668980698 -0.6171159831140319
-0.9218259204674454 -0.3901768475375583
0.7555589967111861 -0.656606124315625
0.502044016368543 -0.8659981556727139
-0.49267506704003616 -0.8713623117378304
0.3718961349595283 0.9293515291869726
-0.5955987272070228 0.8045266659032343
0.19587514030274927 0.981648577349032
-0.9940240694429098 0.11797096832762399
-0.5089170704063755 0.8619770388177357
-0.523314320448182 0.8533130269800511
-0.703105769790937 -0.7124908957219691
0.620911091229362 0.7851563008652245
-0.5249697529314153 0.8522955816541165
-0.7691459274656982 -0.6406368255594825
0.8039810878110475 0.5963349817360748
0.8668736242882614 -0.5005308377246441
-0.8349767159399919 0.5521004291232403
-0.4705307026173543 0.8835167558651159
-0.11676189267282876 -0.9941668171989341
0.34564380238145526 -0.9394314034964393
0.9186268877378885 -0.3976501491575238
-0.658922814388493 0.7535394645792267
-0.09304092301575292 0.9966666376699768
0.160120868699894 0.9881104732805899
-0.07807576144984815 -0.9979504874862412
0.21288752900143804 -0.9781001482443716
-0.4882633515177123 0.8738420335304836
-1.0009698735807353 0.007766091923655142
0.9415741474746058 0.3397633364674144
-0.004836576303332024 -1.0009883153811847
0.5006485079380366 -0.8668056711278588
0.8307408044837571 0.5584538618056825
0.8800248993328256 0.4770295342578385
0.16603799665208907 -0.9871334173594575
-0.044639701194816576 1.0000041485300135
0.7523904948895545 0.6602344607787838
0.9343231628404629 0.35922308859508717
0.9378133731877092 -0.350010109954399
0.9109016426944944 0.41504119956514146
0.9789184719439082 0.20909238457438817
0.9044543056158468 0.4289095581273007
0.5366522645494493 -0.8449883708986462
-0.9282644278570716 0.3746013240435537
-0.54080451813154 0.842336911911447
-0.9991787981007426 -0.0603550281745896
-0.838402620306052 -0.5468839422253555
-0.7943107466312966 -0.6091563327964604
0.9550894129157412 -0.2996751797134101
-0.9605171387976327 0.2817939425821808
0.6061229642700676 0.7966278630480271
0.4245759647249242 0.9064966906602031
0.9855516774863324 -0.17518245061613943
-0.7748818243185966 0.6336869561074171
1.0007028537691147 0.024388490284351878
0.6716841634034997 -0.7421868933314174
0.24243401791840924 -0.9711986135471655
-0.7405241316144979 -0.6735168969644294
-0.9797497539420708 0.20516193518889328
-0.7677647015414285 -0.6422914938460583
0.30742212233842303 -0.9526240804729533
0.0695062172159392 -0.9985839402715881
-0.9867982239246177 -0.16801864557012694
-0.8297699148339036 0.5598954263400766
-0.9294689945070455 0.3716024599623393
-0.3506149124122946 0.9375874269603444
0.20635432654173674 -0.9794993067468227
0.42951471899781357 0.9041670786775137
-0.25245679708709085 0.9686416084417019
-0.9028843739168249 -0.432204589675796
-0.9266418537689323 -0.37859724621776714
-0.9490963173105812 0.3181464764341932
1.0009447289506694 -0.01051901068878687
-0.8382471302658113 -0.5471222428316472
-0.26658386853561594 0.9648492322827362
0.050509017384394485 -0.999724881736402
-0.4127313463707475 0.9119505664908543
-0.6183100360759868 -0.787206262225925
-0.3956246604681754 -0.9195010212226199
-0.5063123699321409 -0.8635095738054667
0.47733739348705073 -0.8798579503414108
0.9897245815610383 -0.14982073505969684
0.9959482835973711 -0.10043911787471296
-0.8990014035874487 -0.4402243477453253
-0.7327964272335526 0.6819167076951117
-0.9094165058427622 0.41828533192157386
0.2780007621833801 -0.9616218467908576
0.2585767344786562 -0.9670258902358068
1.000982178114084 -0.005973198304458679
0.9103031597370213 0.4163522035162001
0.9645237473954356 0.26775910948138815
0.05299012119479862 0.9995964420983903
-0.2343102606583471 0.9731904755751658
0.9997150443660209 0.05070335361931036
-0.7891670687712264 0.6158054380784814
-0.9512760516026006 -0.31156840925768803
-1.000645801433932 0.026626679714978254
0.8193328924219843 0.5750605284623742
0.48524905624758335 0.8755194763172489
0.9615422236501194 0.2782760358672366
0.5141776090667353 0.8588494549887166
-0.9276655723827291 0.3760818871147928
-0.436337109465968 -0.9008945148589173
-0.9771719843118682 -0.2171080677358768
0.9859757334070276 -0.1727797821866724
0.6123107201939632 -0.7918816716754783
-0.8758355002820036 -0.48467842581011633
0.8756960357953469 0.4849303588066171
-0.9436163582629633 -0.33404964963092354
0.14167196744308216 -0.9909238384663103
-0.8189023839150492 0.5756734192389374
-1.0008728511505358 -0.015954179069993295
0.8186792846050847 -0.575990650061706
0.45709517882006095 0.8905419684099433
-0.2506765232489999 0.9691038544406857
-0.8043431997543569 0.595846471004841
-0.09005972353413501 -0.9969404426528975
-0.5150708229328659 0.8583140726815914
0.535227454293165 0.8458915841707245
0.9943062790351557 -0.11556826325277668
-0.5472366545026202 0.8381724428593319
-0.6863345939990366 0.7286602947054117
0.641217278403995 -0.7686620856242184
-0.4713720651900415 -0.8830681605394203
-0.6834938358931612 -0.731325629453838
0.7235532357939084 -0.6917164989879632
-0.0007123260684051102 1.0009997465492049
-0.8772849257131797 0.4820499550009528
-0.9138758339851426 0.40845068252845423
-0.16657866962237988 -0.9870423227130831
0.9639954943940913 -0.26965475480304735
0.997785054689187 0.08016223948279047
-0.07843459448355701 0.9979223488770055
-0.8661466263851438 0.5017878252823939
-0.7996401410203536 0.6021433756747215
0.04872481305766192 -0.9998134288918588
0.2811036009669861 0.9607193999932516
0.04045995516091175 1.0001819794559272
-0.8201132794405296 0.5739470436244966
0.20151390658455415 -0.9805065759356393
-0.8704638731149135 -0.49426070610739814
0.932524059353985 0.36386794132757216
-0.9626895503371766 0.2742805674334308
-0.07685725983425662 -0.9980450699295947
-0.8744005332869459 -0.4872624625266188
-0.7596050389200274 -0.6519211492560305
-0.6880388302534834 -0.7270512829666269
0.8137231925471614 0.5829713251188735
0.9929462776639539 0.12672288535737436
-0.9918446243632002 -0.13507494631434136
-0.16576961793266878 -0.9871785217327497
0.993189353962769 0.12480347421052652
0.8440134853430402 -0.5381842031861337
0.7693528459205096 -0.6403883185021513
-0.5302681442245266 -0.8490092433069717
0.8476967911304508 -0.5323637387230057
-0.6648026767039547 0.7483571346938954
-0.012486821747340435 -1.0009221144937552
-0.8087971249838372 0.589786580567818
0.4863657356815252 0.874899634903895
-0.4891264692046091 0.8733592028045692
-0.6032196804119143 -0.7988285280107039
1.0009932333822706 -0.003680587304624317
-0.9786644854233651 -0.21027797072213691
0.7763733523163906 -0.6318587008287609
0.9542101601466675 -0.30246317176289605
0.9284620674569913 -0.3741111991019372
-0.4344508068353926 0.9018056866310372
-0.3434556108691983 -0.9402336110576275
-0.47901111394835866 -0.8789478668919748
0.9471841826235449 -0.32379487980474164
0.2342454645189131 0.9732060739392857
0.2950359107952659 0.9565327027034716
-0.8047123174213194 0.5953478698965923
-0.4072272977397326 0.9144216357761857
-0.8196633670502903 0.5745893879247868
0.6015374015625085 -0.8000960908049892
-0.8171067190697134 0.5782193438922018
0.6624387712111125 0.7504504476621434
0.6525629314470879 -0.7590537665417274
0.19141973007645008 0.9825270922155068
0.6582304974260266 0.7541442914046924
-0.5020087760370014 0.8660185845476017
0.8282330769828303 0.5621663189764691
0.5947989930046573 0.8051181018463351
-0.7263110164144501 0.6888202286772713
0.9078474173589935 -0.42168005264015684
0.18665777271456507 0.9834428686432364
-0.9496391119546312 -0.3165226011614644
0.9927258291765504 -0.12843842137666786
0.9989402199132579 -0.06418284069478356
0.6574434572264686 -0.7548305111414805
0.14149492535862238 -0.9909491339608496
-0.8175340906680822 -0.5776149328016995
-0.6448734908792881 -0.7655972706071781
-0.31540523373316814 -0.9500108096930927
0.8266850452326597 0.564440285582696
0.8823272468001138 0.4727574743503599
0.2100080691267004 -0.9787224381312992
0.9808794713392252 0.1996909179338968
-0.1522579719235417 -0.989352571122009
-0.7042052908608738 0.7114041807042969
-0.8885193767949253 0.46101444343963627
0.9981607824564332 -0.07533958034102024
0.770352860747535 -0.6391850044690417
0.9330638139099002 0.3624816121845509
-0.7574982184242463 0.6543679768173966
0.2503949940460717 -0.9691766335176822
-0.9043148958609842 0.4292034122929792
-0.3016958824542835 -0.9544530342086671
0.11134960684422046 -0.9947875476983201
-0.9977675535313157 -0.0803797805429504
0.9769276952450997 -0.21820467058039245
-0.9561314243540647 0.2963337634537572
0.4336311828150145 0.9022000871704964
-0.9677616219940308 0.25580938801279896
-0.5525499653596248 0.8346793011576826
0.9075493417539438 -0.4223211956342985
0.5731436977014998 -0.8206749062723021
0.7345051430643157 0.680075874305264
-0.33011225867399413 0.9450010035302364
-0.24635103523884386 -0.9702124341796233
0.5988866360743238 0.8020821635790066
-0.10637794058532606 0.9953314692889123
0.8993148323105367 0.43958370350397585
0.607595347500253 0.7955054328513708
-0.7395976057842099 -0.6745341959591555
-0.9321326286441983 -0.36486951450738836
-0.9674686247956845 -0.25691527793408303
-0.9978253588046812 -0.07965898145412938
0.5064454142032981 -0.8634315505194663
-0.9761610680846415 0.2216090457446442
0.28418143187022754 -0.9598134786406092
-1.0008945238232754 0.01453107637371717
0.7173434967477132 -0.6981542148220288
-0.5884657878602877 0.809758616204836
-0.4492920302488849 0.8945041484279629
0.9843420096589971 -0.1818565589152253
-0.1380491777741055 -0.9914350329274699
-0.8228511779628379 0.5700148585126268
-0.5018602864981819 -0.8661046431211201
0.3540480744685322 0.936296406574929
0.9722233070598197 0.2382915046947067
0.15025918073620942 -0.989658111978315
-0.826349666278009 0.5649311719512592
-0.529087213250112 0.8497456800568219
-0.8282701552182752 -0.5621116881676579
-0.9939145399562614 -0.11889023199377383
-0.946981081057689 -0.3243883970163094
0.9721405589903491 0.23862886155268687
-0.7139839083297229 0.7015896084223411
-0.12648881767124265 0.9929761220714882
-0.2720068802395921 0.9633344471689592
-0.2314665699551302 -0.9738707445001142
-0.9919203025744234 0.13451807811838595
-0.1165093411891951 -0.99419644608883
0.9627304780078175 -0.27413687587560914
0.6200791352107028 -0.7858135059136785
0.03834667360830401 -1.0002652311378109
-0.9175262904349208 0.4001830910480018
0.8967762635615922 0.44473962395148653
0.8566437939279944 -0.5178440019201265
0.9639987750180984 0.2696430265436244
0.9595760541560255 0.2849820981927677
-0.5442386054595366 0.8401222174942516
0.4436341799848218 0.8973236396914966
0.8303288717200779 0.559066154214385
0.6141293941666832 -0.7904720660595557
-0.46240736537086274 -0.887795262687731
-0.9518383667844587 -0.30984629014576626
-0.5317801587120184 0.8480630063858583
-0.7311318167924216 0.6837011528978234
-0.8437124208303386 0.5386560599646214
-0.9913656251455591 -0.13854673319770008
-0.06230999652916648 -0.9990587892274084
-0.6874813183829522 -0.7275784747190078
0.623512534797991 -0.7830920245729643
-0.9676180138165243 -0.2563520613097631
-1.0005615188965944 0.029625105963355103
-0.22329630703171965 0.9757764904249313
0.5990405105767562 0.8019672478897996
-0.6989060359458438 -0.716611019255542
-0.526652870182923 -0.8512565737356095
0.7764790196850143 0.6317288437209425
-0.09757703450872628 0.9962327651389924
0.24985529601756995 -0.9693159087995886
-0.6408255481060621 -0.7689886975076845
0.94962214966579 0.316573487304487
-0.4282220041592794 -0.904780036889525
-0.8019742014445866 0.5990312013721136
-0.0975960883148585 0.9962308987105541
0.9573286417782785 -0.29244293739284666
1.000614539932262 -0.02777665343679526
-0.35455008892339374 -0.9361064226061125
0.26013125592927183 -0.966608881445158
-0.22531876298621076 -0.9753114656592343
0.9889796610557677 0.15466166305202678
-0.2533290439225945 0.968413855490133
-1.0009900671804657 -0.004459305556573993
-0.8474896757494558 -0.532693391641085
-0.8985782632837002 -0.4410874116930217
-0.2530899955496501 -0.9684763570437216
-0.8261156741027491 -0.5652732905433977
-0.6009512310313474 -0.8005364563353178
0.886343091641998 0.4651848276744467
0.4992103047972619 -0.8676347570171592
-0.4392333514501632 -0.8994859993206439
0.9990076345993016 -0.06312484465175577
-0.999825662475379 -0.048473133338681265
0.5145970535242338 -0.8585982020154579
-0.2667186574339055 0.9648119805312614
0.4517992947245516 0.8932403916563545
-0.8091896208278042 -0.5892479593045312
-0.8581606553147275 0.515326391396557
-0.9942455397640613 0.11608964923398805
0.6331081158915751 0.7753548307660305
-0.8775537331002234 0.48156042769507323
0.14074896980749607 -0.9910553604608213
0.9728188517536172 -0.2358484294473332
-0.8237693298769143 0.5686871645765706
0.8686654305897062 -0.49741468584914167
0.6173226767129587 0.7879807820092746
0.9550574860150796 0.29977691439895143
0.5586562424931651 0.8306047211059049
0.9249119682279563 -0.38280393288038206
0.9024257846394091 -0.43316129007327825
-0.006057901021729871 -1.0009816690805136
-0.23251510019587626 0.973620936597453
0.8440474714304639 0.5381309004060633
0.018098857069819452 1.0008363659323967
-0.6464570352319693 -0.7642606241322999
0.9016997277580445 0.43467068104608625
0.9965284768281861 -0.09450923166810454
0.6101802792290766 0.7935244336754389
-0.9334292126303884 0.36153963131061195
-0.6777651695948778 0.7366378858598209
0.8810759792794858 -0.4750853804703898
0.5778409709635365 0.8173743403581479
0.9891611064112646 0.15349692362794348
-0.02991018783690636 1.000553037406594
-0.4359338629351534 0.9010897109314006
0.5913163424819224 -0.8076793813845947
0.993596054488209 -0.12152316859539163
0.6945838308885264 0.7208011527933477
0.5130642415465168 0.8595150284004913
0.32234058477643074 -0.9476800870578577
0.5213241935452579 -0.8545303301957085
0.87422269974358 0.4875814508910756
0.9144079078521522 0.40725812215037505
-0.525281571681379 -0.852103438821802
-0.7601357453616631 0.6513022713176033
-0.8939936110203712 -0.4503070324287166
-0.31935794289482405 0.9486893613348819
0.7545273081518131 -0.6577914116596375
-0.9883265893481726 -0.1587814623544212
-0.12103652142163106 -0.9936554536066066
-0.10774168042144514 0.9951847719393435
0.17272792517245772 -0.9859848192876084
-0.6551891976245862 -0.7567880253519151
0.257220234142882 -0.9673875909621132
-0.6403076595427905 0.7694199770806798
-0.8775350370185573 0.481594496236034
-0.6094373760869163 0.7940951357540824
0.9994516001297585 0.055655179436106726
0.0888899913604642 0.9970454199463215
0.9099441727629205 0.41713619173455124
0.4868898051646099 0.8746080937349987
0.9686756107105684 -0.2523262990940645
0.7658405388665739 0.64458457088931
-0.9485639864713089 -0.31973014179094617
0.7162920775140068 -0.6992329080432842
-0.9843624949902288 0.18174564219428174
-0.9085385241599235 -0.4201889457343065
-0.9322075497736806 0.3646780554748954
0.5670191346766358 0.8249183601487842
0.7128820495035789 -0.7027091741934047
-0.6204845758989865 0.785493406128565
0.9043705963419706 -0.42908603388139815
-0.8576425617464828 0.5161881791371538
-0.2481323449215346 0.9697583922832226
-0.9770061653737988 0.21785305327579296
0.652810214989049 0.7588411053744727
0.35761579409486494 -0.934939540191717
-0.9414895155926898 -0.33999778238841843
-0.7929941348755787 0.6108693003032093
-0.2502980419434744 0.9692016767418754
-0.34454333776811424 -0.9398355645535059
0.16250185522351973 -0.9877216951393314
0.24476069945232012 0.9706148566777715
0.06478204263721235 0.9989015401688749
-0.8402335620915817 0.5440666881319716
0.7644150542297349 -0.6462744191649175
-0.8246220053407513 -0.5674500403628482
-0.7674578167112553 0.6426581514061681
-0.11527222369490955 -0.994340643061738
-0.8967840826798246 0.44472385707549533
0.5708133538728202 0.8222974614094722
0.9905019159193773 -0.1445923737962785
0.9718546212239412 -0.2397907321096246
0.3796125591718901 -0.9262263788723404
-0.8521665688678359 0.5251791493424124
0.9157111502944858 -0.40431929118748433
-0.88010151808646 -0.4768881607483126
0.9511868303319134 -0.31184068657429503
-0.9874457168211181 0.16417050993289944
-0.9931766644318571 -0.12490441636711716
0.9916454277174523 0.1365296513108818
-0.7159317649685496 -0.6996018209732
-0.005802009916965328 -1.0009831850140758
0.6494512895992363 0.7617178102407012
-0.5066226410854457 0.8633275737167252
-0.2424581975007067 0.9711925774349329
-0.2676388296660106 0.9645571299073
0.07968100768915563 -0.9978236001486639
-0.7127948885670854 -0.7027975859610193
-0.4400948618763003 0.8990647988605049
0.8793562743317286 -0.4782609567939052
0.6245863991169315 -0.7822357892848838
-0.10585090876675426 0.9953876556966398
-0.22900054565473832 -0.9744535648710164
0.8538906062635495 0.5223713550098893
0.062002609467253264 0.9990779130874886
-0.2823265646073773 -0.960360719165979
-0.8419304721825255 -0.5414370508290965
1.0008666026102326 -0.016341474212894152
-0.09297389366696825 0.9966728927267979
0.9606342298011613 0.2813945211519399
1.0003070475368383 -0.037239906661178136
-0.9444249792049415 0.33175662563654396
-0.9949700138524802 0.10970720821530087
-1.0006789350834158 -0.025350914782725508
0.3716524505490383 -0.9294490066705622
0.7575159143302148 0.6543474914267332
0.7944879003527261 0.6089252632245741
0.5930856273147251 0.8063810753438471
0.7396261973835218 0.6745028451711613
-0.9910783693928216 -0.140586861838743
-0.548805768180934 -0.8371458826341649
-0.7819674986107408 -0.6249222600583699
-0.9978109181749284 0.07983966164073072
0.9819770585121322 0.19422166860538653
-0.1116327383188867 0.9947558151302394
0.23971754689336805 -0.9718726756686937
0.986873351603027 -0.16757681192756999
-0.9440392943289411 -0.3328525360620149
0.5447663592475342 -0.8397800984973307
-0.43431582521023643 0.9018707024690132
-0.776224764631779 0.6320412286966249
-1.0004479311948096 -0.03324059217320745
-0.9742863136539012 0.22971107728338253
-0.952570211242335 -0.3075889995655458
0.9921241975367902 0.13300592716860477
0.19327519063172424 0.9821637850614686
0.6841625746874145 -0.7307000556980189
0.09304903804801794 0.9966658800813533
-0.7867577023322392 0.6188806975669024
0.6938115769684059 0.7215445209164946
0.05073799506905488 0.9997132868259643
0.2412124251895589 0.9715027359375635
0.836036280818269 0.5504946295428835
-0.9234385920999532 -0.38634462157568106
1.00053583511347 0.030480201012969565
-0.7361964106473474 0.6782446792640265
0.7186744909095699 0.6967840240102169
-0.9526099248591521 0.307465983581665
0.24489468618704618 -0.9705810593028014
-0.24434956058065627 -0.9707184412815284
-0.07010815986496916 0.9985418598738602
0.4460777702693845 -0.8961113897677533
-0.02691314692673446 1.0006381376514188
0.6141021201243901 0.7904932549103307
-0.9686013202073004 -0.2526113269286924
-0.9991823692401725 -0.060295878794456574
-0.34674170894484424 0.9390267234099405
0.6985334478367253 0.7169742131020731
-0.996788109726692 -0.0917303892256454
0.8562499422435023 -0.5184949724037823
-0.8831787431572057 0.47116484125543406
0.5130661858436085 0.8595138678019638
0.7420387315128342 0.6718478406118636
-0.3237267057242955 0.9472074851904917
-0.42426696201776076 -0.9066413540867304
-0.43193640620352314 0.9030127025662403
-0.9907507766622174 -0.14287721491970934
0.8600711485919698 0.5121314473450052
0.5699735197728562 0.8228798130697711
-0.3986625801868219 -0.9181879694042968
-0.12346698576506904 -0.9933563828888846
-0.5398725070952795 -0.8429345621592802
-0.9504296376504168 0.3141408981264579
0.3365995577467669 0.9427097844642756
0.874891989852996 0.4863794877367519
-0.7332218166947935 0.6814592926380759
-0.5657736109589061 0.8257731051218128
0.9411482924809125 -0.3409411848988954
-0.7535101972086242 -0.6589562828463055
0.9809896962956538 0.19914872774326475
-0.9561818983266074 -0.2961708583107485
-0.7848727702979963 0.6212694539768946
0.9993101216566739 0.05814018192716194
0.26685616575606586 0.9647739563223974
-0.6498928911777322 0.7613410733676781
0.9946419660402297 0.112642618007691
-0.9682065088296373 -0.254120357822677
-0.5904041975728557 0.8083463883066172
-0.46898575929782355 -0.884337807388016
0.35097649080271953 0.9374521336600651
0.9006276892544812 0.43688758891519647
-0.3766307742283074 0.9274428607219884
-0.38036410443349705 0.9259180028806567
-0.7321778731736369 0.6825808098935464
0.999799217808713 0.049015549258228715
0.9609036025538411 0.2804732903487423
-0.9866641642091826 -0.16880410855602818
-0.967565466530908 -0.25655032250384396
-0.840520760807133 0.5436228937896179
0.9750491537802564 0.2264512038219404
-0.6602272920645932 0.7523967854882517
1.0005936268275553 0.02852006227341065
-0.24966534749016323 -0.9693648509527338
-0.9956002755800804 0.10383203390509145
-0.060637752312669775 -0.9991616801071123
0.9414931618119042 -0.3399876854555521
-0.9473812886780881 0.3232177189800167
0.2409891763294897 0.9715581387091737
-0.5795735076624722 -0.8161467694084308
-0.31074864436597144 0.9515441555832872
-0.2506260277062564 0.9691169146373325
-0.8556874133267992 0.5194228053080568
0.9474916743717369 -0.32289398724077023
0.5356661350423928 0.8456138550004636
-0.08526585305963386 -0.9973618873317813
0.8287752525044513 -0.561366707987019
0.19587306047602285 0.9816489923489742
0.40582729693953434 0.9150438268513432
-0.7089294915774035 0.7066965232487028
-0.016627074248206575 -1.0008618987662308
0.680777923878447 -0.733854493997108
0.3425324238453397 -0.9405703262460688
0.9890170876751385 0.15442214959838918
-0.7638629479527663 0.6469268867073846
0.4352029366084486 -0.9014429565798286
-0.39344048624008715 0.9204377131491103
0.8624008231297781 -0.5081986031711236
-0.1373254134089556 -0.9915355418904859
-0.9917807520781476 -0.13554312895644632
0.9894504365160336 0.15162069013901314
1.000406672177965 -0.0344599805834228
-0.7292735638496303 0.6856829216701107
-0.9737428737664057 -0.23200391330566303
0.34000618762284895 -0.9414864801887365
0.6173367910612361 0.7879697242928917
-0.5009093575427824 0.8666549575962033
0.9937199620487017 0.12050575515686753
-0.47057141813338504 0.8834950709743292
0.5067773360899016 -0.8632367761081677
0.13560830303326463 -0.9917718427886719
0.32432562277684024 -0.9470025820505532
0.9132803611270748 -0.40978040702259044
-0.9929365387267386 0.12679917216355924
-0.9913631890137695 -0.13856416372370348
-0.08244910408852411 -0.9975986894713723
0.6896720966645149 -0.7255021702809522
0.9998885209454164 -0.047158728583239114
-0.3439534122010258 -0.9400516210481589
-0.6544437714308283 0.7574327363108844
-0.47991096391447857 -0.8784568667354568
0.1664729043826258 0.9870601664064927
0.00400274712610705 -1.0009919969787193
0.9967543375724089 0.09209663691247384
-0.30205831522398136 0.9543383960650698
0.9101163691796909 0.4167603562614572
-0.002784363673019274 1.0009961275244457
0.9536978126260195 -0.30407479703577184
-0.9786844584134332 -0.21018499199515842
0.40038495941102076 -0.9174382182345769
-1.0003827196647945 0.03514845936977878
0.9979643447639303 -0.07789843759600838
0.9626728539248548 0.2743391629282541
0.9483401518305983 0.3203934400481973
0.46467220552544763 -0.8866119452230024
0.5877451117371909 0.8102818544364898
-0.24887944339877638 0.9695669253091894
-0.48587190866952595 -0.8751739760560936
-0.9601452466232236 0.28305848403965744
-0.4520079750717837 0.8931348109168659
0.5667494276483309 0.8251036821274581
0.6308558518867732 -0.7771884547136644
-0.0765118100347168 0.998071612122703
-0.9478813276318084 0.3217483313507006
-0.8182715550112695 -0.5765697375508353
-0.7710202502887797 -0.6383798036001981
0.7407210124492182 0.6733003651537739
-0.8255479160102089 0.5661021448212337
-0.1210089790110241 0.9936588081422665
0.9647570280926314 -0.2669173593940147
0.02562023648256468 1.000672075898282
-0.004886255965317699 -1.000988074106101
0.046768338214701256 0.9999068569325021
0.3639223737704416 -0.9325028181562172
-0.6356009567100901 -0.7733126300722225
0.2742914973308556 0.962686436225211
0.29641066473625977 -0.9561075869537949
-0.9910151470068904 0.1410318347144053
-0.8593864148850962 -0.5132796410446663
-0.24174442759453887 -0.971370491484577
0.8884390197592055 0.46116928363595744
-0.5474450572744014 0.8380363412560503
0.7278329157092651 0.6872119373309443
-0.6101129176791585 0.793576226761503
0.450262109032318 0.8940162376432371
0.7135926782877555 0.7019875280189155
0.9873796607953949 -0.16456732800763066
0.8197425744810578 0.5744763803527237
-0.7782683531984168 -0.6295231293684326
0.46350665568918475 0.8872218325378538
-0.5226453180025573 -0.8537229477822449
0.9708035577960463 0.24401117222483612
0.6839942958651158 0.7308575806708064
-0.6179088259961845 0.7875212268605952
0.38925755488582764 -0.9222144847942407
-0.19312529012203652 0.9821932713653048
0.9560401116480048 -0.29662822677565664
-0.2870022407987863 -0.9589737815897135
-0.4665340724613226 -0.885633648430689
-0.13567355193641628 -0.9917629188999539
-0.9158412257397114 0.4040245651387832
-0.9875195102358886 0.16372604222746817
-0.8157052759254517 0.5801947111335837
-0.2081501043628198 -0.9791192644687098
0.43999456655288693 0.8991138867818343
0.9866233498582099 -0.16904249617940628
0.9825222047681849 0.19144481486178977
0.6642573658754185 0.7488412060512232
0.9236701693532755 0.38579064043453837
-0.990952344974082 -0.14147243544368657
-0.8166168768396406 0.5789109400077626
0.049177062365035024 0.9997912864879077
-0.9928920735524808 0.12714688465178867
0.4064798514229923 0.914754136578317
0.06440731659019226 0.9989257718017144
-0.31243726138750005 -0.9509910397562529
-0.8977231449496095 0.4428251969138414
0.023302632241727256 1.0007287281429502
0.9944034370756407 0.11472926536918154
0.4632220969156269 0.887370435009579
0.9454687236563252 0.3287702732725079
0.4917639303895332 0.8718768472484163
0.3992651780579135 0.9179260959305944
-0.7601676817177104 -0.6512649965044348
0.901412524178096 0.4352659661113805
0.042341868969399066 -1.0001040776500105
-0.5850506102045712 -0.8122295140532994
0.6504667673206455 0.7608508294083861
-0.9810237130559439 -0.19898109061397995
-0.13022666166724495 -0.9924928294909767
0.963024687101893 0.2731015416146548
-0.027100793767751426 -1.0006330730978055
0.8937627216799886 -0.4507651243554442
0.8019283277927401 0.5990926114412858
0.9332727283736407 0.36194338573044893
0.034664614347068565 1.0003996024150394
-0.3339421266324066 -0.9436544155887927
0.9153877373719327 0.40505097243321575
0.05519130431573948 0.9994773233685331
0.37844607342209535 0.9267036039162673
0.8994458773316024 -0.4393155059307422
0.854964896450135 -0.5206112041034172
-0.9678133890937807 -0.2556134657853733
0.9968317357623676 0.09125508521164855
0.5295325555122335 -0.8494682293368501
0.8766922863012467 -0.4831269348110211
0.5761923027248889 0.8185373725619314
-0.7589405773095846 -0.6526945687785324
0.8903804154185346 -0.4574097898374256
0.08760120687420798 -0.9971594800001564
0.9156539149947076 -0.4044488941199675
0.3436121409921329 -0.9401764177870038
-0.6144497745276837 -0.7902230536898293
-0.7370920654056955 0.6772712064719464
-0.9466458171333119 -0.3253654820413565
0.842783159383286 0.5401088281632943
-0.9981024501754541 0.07610846834456296
0.6132439272889292 0.7911592037278278
-0.6748894326054036 -0.7392734634474285
0.9230531532021163 -0.3872646076826934
0.25350571784279097 0.9683676218363619
-0.956577245906141 0.29489145903980046
-0.3564086358324318 -0.9354003871626658
0.021518095469945115 -1.0007686903412527
-0.36766056985989215 -0.9310352868556053
-0.4629382737875971 -0.8875185376444594
-0.7265432784528774 0.6885752424644271
-0.2772238557049161 -0.961846107144017
0.6499505362263966 -0.7612918628614255
-0.8788080910217253 -0.47926750271090884
-0.7722472458163353 0.6368949609857849
-0.059020164110331 -0.9992585352291916
-0.9402858156786501 0.3433126633748538
-0.8996516682593485 0.43889392317298165
1.0001367811831852 -0.0415622295424264
0.9559059538678375 0.2970602756344574
0.1532072170946506 -0.989206019305439
-0.9672471495238725 -0.25774784526343497
0.11022227795613088 -0.9949130863759716
0.10499822971652822 -0.9954779614619277
-0.4887603792454801 0.8735641314063979
0.45705477661870647 0.8905627047940108
0.7877227335772445 0.6176519205876344
-0.07898565440518214 -0.9978788836317688
-0.3518425929160918 -0.937127413861147
-0.394088553940453 -0.9201604271284017
-0.7283868399095722 -0.6866247967023527
-0.7178966255274155 -0.697585432084379
0.8991267672022729 0.4399682448772748
0.3978906327317689 -0.9185227511522579
-0.423175680678667 0.9071512240426879
0.5233509501572131 0.8532905618659697
0.9983766751063856 0.07242247305580236
-0.6891173825224816 -0.7260290855780943
0.9309971336298148 0.36775717147741477
-0.6667036484448169 0.7466640778491824
0.9719796540303344 0.23928341386538132
0.7981859094898984 -0.6040697425726468
0.4326109630808883 0.9026897333094169
0.3675466969656918 0.9310802465682589
-0.1827130450643649 0.9841833889897286
-0.17205091036235898 -0.9861031813372693
0.8904351214183398 -0.4573032850797232
0.9726749420667875 0.236441233872968
-0.9886261975629773 -0.15690519906035297
0.9924002706461231 -0.13093014481585866
-0.7580195960014274 -0.6537639421670737
-0.5628208228685346 -0.8277884520489432
0.7811655198370507 0.6259244607919635
0.9850705584610828 0.17786791406313382
0.42580007497559014 0.9059223455411517
0.4759412970776237 -0.8806139232013477
-0.660609652463051 0.7520610926464997
0.9923746476960459 0.13112421061782903
0.8037608091596858 0.5966318476740635
0.6971227496924344 -0.7183459277125885
0.7230316969136812 0.6922616306412791
-0.8731296038157877 -0.48953620391191255
-0.21906321000559878 0.9767355374010116
-0.6968188179270156 -0.7186407551640782
-0.6002310677346916 0.8010765664567102
-0.8308544344541443 -0.5582847917934753
-0.9501482098427176 -0.31499107817949246
0.7062702289763703 0.7093541877381605
-0.9756944523212336 -0.2236545007585762
-0.9839912058240057 -0.18374522268897056
0.9126378447228802 -0.41120939237762544
-0.7141206611127906 -0.7014504126250344
-0.754171925252845 -0.658198835581177
0.8328253660715911 0.5553403547624829
-0.9488297228580107 0.31894067947063537
0.7165865476768395 -0.6989311265701281
0.4186655703836223 -0.9092415191660334
0.9209980506459923 -0.39212700838667336
0.9624507690982698 0.2751172787415378
0.3857810362387967 -0.9236741806928027
-0.9897430602825869 -0.14969861262703663
-0.505736691002878 -0.8638468610659296
0.46486087590599073 0.8865130377224664
-0.7977265067986561 0.6046762938554923
0.9008182303660596 -0.43649457710281
0.5897406282746291 0.8088306320622666
-0.8790482949866858 -0.47882679027076225
-0.33504320702315965 -0.9432640401433928
0.351516162526156 -0.9372499066326361
0.5022095240310243 0.8659021849911988
-1.000846206962984 -0.017546224887644724
0.7543977773135427 -0.6579399619907476
0.829552658411625 0.5602172676044589
-0.9989844413919525 -0.0634908328564726
-0.9915558219895269 -0.1371789046416165
0.8034594667252304 0.5970375912198563
0.2145948573760134 -0.9777269798812798
0.9757083981833344 0.22359365311768528
0.4917707812506086 -0.8718729831277984
-0.36889575045983614 -0.9305465734140739
-0.84249785439884 0.5405537580420204
-0.3736118929800579 0.9286631000658192
0.38313491439704345 -0.9247749117325633
0.12708161328544748 0.9929004298341139
-0.45883691630180456 0.889645819547673
-1.00077833437583 0.021064791571232023
0.5700118403204801 0.8228532687511544
-0.6869028865162299 -0.7281245940741677
-0.9857967558052549 -0.1737980329112921
-0.6896718001696858 -0.7255024521327994
0.4732818037228318 0.8820461066547842
0.06957507734415472 0.998579144891658
0.5945190300102051 -0.8053248555432304
0.5107600712324972 0.8608862582447081
0.3466429031578528 -0.9390632021809264
0.870629171842407 -0.4939694779406969
-0.4767059220847747 -0.8802002407687155
0.9023650247212956 0.43328785138719916
-0.9138753474259147 0.40845177116419
0.6431678394906545 0.767030723142772
-0.9335478280397053 0.36123323872859336
-0.9751733343382929 -0.22591584272807458
0.021085853321658795 -1.000777890837771
-0.44714643937676896 -0.8955786184097282
0.8734366938697063 0.4889880794068062
-0.7027838894915542 -0.7128083926772487
-0.9994134060090569 0.05633687859098949
-0.9471604762138034 -0.3238642189227474
0.11137648714224026 0.9947845385367902
-0.9120086698014177 0.412602940133791
-0.656827090447248 0.7553669129996381
0.8941474724322316 0.45000144171219253
-0.04934151218774564 0.9997831840829423
-0.2667651551083902 -0.9647991252172633
-0.9618669840597677 0.2771514116431064
0.20405588123939525 0.9799807127344976
-0.07928854019039823 0.9978548628906287
0.36710392381999407 -0.931254910921797
-0.9696659377842677 -0.24849339850578867
-0.9993647192619097 -0.0571940372291043
-0.9797882015199044 -0.20497824314397664
0.9926330061997198 0.12915384238537747
-1.0009984002486683 -0.0017896087859760267
0.8246436619711562 -0.5674185675238353
0.5651558129622377 0.8261960463927385
-0.9759366009798611 0.22259548707886104
-0.7799713876466593 -0.62741185393053
0.45575189574790365 0.8912301664116806
0.324237769915008 0.9470326649913098
-0.8353187949128869 -0.5515827325662783
0.5861768983159159 0.8114170591506763
0.9916641857920654 -0.13639333787747868
0.9112479058811662 0.41428040507268643
-0.9587991723918883 0.2875850257239239
0.9041619460661972 0.4295255234392798
0.6825147613370285 0.7322394420932671
0.9908126895520817 -0.1424472331165833
0.3491054443824488 -0.9381505149508436
-0.5042213396761536 0.8647322363686837
0.9968035047318434 0.09156294531257554
-1.0007265222694213 0.023397171336501436
-0.7826017050688144 -0.6241278484600606
0.7014952257971083 0.714076640273202
-0.22465402488216213 -0.9754647964453894
-1.0001400301169512 -0.04148397470908677
-0.8387059924717516 0.5464185741645081
0.8679602960205518 0.49864408602921995
0.9782947122881547 0.21199164113010815
-0.35838882337755373 0.9346434888651676
-0.3029170840536575 -0.9540661613265766
0.9817988227782385 -0.19512065905809406
-0.9604836747891905 -0.2819079822627457
-0.7335144635045793 0.6811442812133045
-0.7190998129019416 0.6963450718461305
-0.9064539228790653 -0.4246672646874884
-0.08170466982603136 0.9976599355134088
0.9915073067740561 -0.13752912641930723
-0.40200906928387703 -0.916727717598585
-0.1901453469743528 0.9827745148425466
-0.8470512330257383 -0.5333902967148694
0.33832882331024067 -0.9420905515487924
-0.8647425042669468 -0.5042037299684816
0.8826517320291063 0.47215137397451107
0.9996697634662105 -0.0515884096615777
-0.24826094574658011 0.969725478069445
0.7617518912709075 -0.6494113150732712
-0.7191327273732493 0.6963110802082011
0.3456716451254128 0.9394211588825805
-0.9339251347396306 0.360256634500411
0.7248061101668493 -0.6904035795567699
-0.16395743813728098 -0.9874811180369272
-0.9355046418637762 0.3561348972669313
-0.19380045827040981 -0.98206027430814
0.9998779506962676 -0.04738231433174548
0.8090749253422739 0.589405433621369
0.8458556486902477 -0.5352842437236504
-0.9186652178653039 0.39756158954870596
-0.5057808002267328 -0.8638210359339519
0.9893557886117187 -0.15223706362277342
-0.32143787677668106 -0.9479866514742173
-0.6162272672594127 -0.7888377241777909
0.7728438058042972 -0.6361709297271683
0.9956478988875482 0.10337437516527175
1.0009987695346565 -0.0015695190676061242
-0.3868305139415199 -0.923235156113403
-0.46023350658975376 0.8889241359149267
0.7137447901413934 0.7018328679579051
-0.5184017804039759 -0.8563063669470103
0.5099626359163734 0.8613588740874645
-0.994638884994253 0.11266982052612469
0.9990551429535486 -0.062368432223879264
-0.4676648985782364 -0.8850370289642168
0.7307911988776165 -0.6840652188519865
0.7797225219761872 0.6277211074379245
-0.021233056829760157 -1.000774778507964
-0.5534851039019777 -0.83405949413613
0.799175882782477 0.6027594116883193
-0.3255344086990269 -0.9465877395957413
0.956331974555601 -0.29568590504551495
-0.47572712812728085 -0.8807296404480603
-0.30261915261176603 0.9541607036933226
0.942467781978484 0.3372765629754855
0.8061271984870857 0.5934306529489042
1.0000730805318885 0.04306777908667695
0.3140358412832039 -0.9504643551388713
