1000
-0.6035506706882228 -0.7985784794945306
-0.7878705811340213 0.6174633166298542
0.8101731993759106 -0.5878948775189328
0.6690714491747526 -0.744543078605393
0.7607138429763337 -0.6506269661673868
0.5185423664412495 -0.8562212413888767
0.4315833738685864 0.9031814830919686
0.013813530649067575 -1.0009046839589708
0.5024164765719303 0.8657821227474306
0.7978447386839072 -0.6045202833275388
0.18062314942852906 -0.9845690823352719
-0.4009551127757166 -0.9171891830691269
-1.0000652545158712 -0.04324912380737324
0.20980142738190583 -0.9787667551917131
-0.26619689397774754 0.9649560682417619
0.5254918205353205 0.8519737945209785
-0.7100407646984473 0.7055799830397997
0.12317203095167902 0.9933929991656065
-0.49756640190678536 0.8685785374354672
-0.003061085667500939 -1.000995319546768
-0.897536917233604 0.4432025295537005
-0.5360503020674358 0.8453703766121753
0.6726512390378886 0.7413105358895105
0.6168719757273158 0.7883336638519746
0.9079999218110316 0.4213515657870045
0.1643287559961593 0.9874193941546595
0.672480873909736 -0.7414650863160029
0.8947875769473065 -0.44872730264690613
-0.9351853317193599 0.35697254143274193
1.0009751116007364 -0.007058750306757963
0.2176310915896169 -0.977055631974716
-0.10593795643090254 0.9953783950775927
-0.6621056772380426 -0.7507443454127064
0.5136765251610556 -0.8591492463469099
-0.8097525489589279 -0.5884741366062903
-0.7586864072914797 -0.652989996394391
0.446134502175437 0.8960831467942442
0.9810516749225398 -0.1988431822609954
-0.011814063873428458 -1.0009302812358085
-0.9614245648214651 -0.27868226739040336
0.7040955630916512 -0.7115127813571943
0.868931707547278 0.49694938134479216
-0.9468576406977909 -0.3247485307930018
-0.18938000186855578 -0.9829222832412875
-0.7039647850839699 -0.7116421722759831
0.8011433070936749 0.6001419844495216
0.2241024247466627 0.9755916682827228
0.4879413859343131 -0.8740218555004798
0.6802341749835317 -0.7343585413028666
0.9298789813619656 -0.37057533649884644
0.2635509740795877 -0.9656820822929773
-0.41195546867829447 -0.9123013163566338
-0.47316957716231056 0.8821063151616364
-0.7981716090033381 -0.6040886380168249
-0.7552392217788494 -0.6569739095937355
-0.8623973169344796 -0.5082045530534046
-0.962167630575481 -0.2761058685952993
0.11129517555975174 0.9947936388503518
0.8427769538734367 -0.540118511087901
-1.0001777049745924 0.040565483748590814
-0.557499121451408 0.831381819371165
0.9718893472187654 0.2396499463022723
0.4308646262081689 -0.9035245839945336
-0.9802939536687983 -0.20254570940998937
-0.9937189633692559 0.12051399022657647
-0.5657773072147239 0.8257705726416121
0.9947492933936466 -0.11169083799865004
-0.995415539395301 -0.10558837024200196
0.771315587098909 -0.6380229346177654
0.09627565666580148 -0.9963593718802312
0.9748838415108976 -0.2271618268128587
-0.22117547159650738 -0.9762593972731134
0.0521774362366983 -0.9996391924828504
-0.27358886135091665 0.962886356194078
0.9903771404150489 0.145444559002084
-0.9228119025939583 0.3878391321552259
0.2766924755639808 -0.9619991028926566
0.5840786792371832 -0.8129287154852802
-0.9455901294986152 0.32842092959309427
-0.6965931324100462 -0.7188595188763656
0.7975771840437194 -0.6048732391938753
-1.0009786749696092 0.006533931135665742
0.6393984344370809 -0.7701757215333459
-0.4654113053746308 -0.8862241910653772
-0.7225072352588088 0.6928089888264098
0.8399227615573303 -0.5445463750847197
0.2465745406138341 0.9701556555115662
-0.9869354391026061 0.16721076234305665
0.7815648936110752 0.6254257086774645
0.2680611041955737 0.9644398604461814
0.8555588658550455 0.5196345129577404
-0.23701029945859947 0.9725364352817559
-0.9974531755619453 0.08419122615445668
-0.6368626681074085 -0.7722738775661862
-0.16801975305656483 -0.9867980353561772
-0.9934937202666071 -0.12235696870557401
0.17293990896475567 -0.9859476598112407
-0.6092236336245667 0.7942591291469553
0.20010295744981663 0.9807954967371317
-0.5491533638114796 0.8369179069744753
0.9647051118092029 -0.26710493677428193
0.5871082933677582 0.8107433945822798
0.9396963363624146 0.3449228833044508
-0.21636625479677227 -0.9773365048872461
-0.07086975893381557 -0.9984880957070359
0.7211276040657851 -0.6942448981838759
-0.9860130465245458 -0.17256671777426835
-0.9776466286199409 -0.21496062325008153
0.7544345496982365 -0.6578977961823699
0.30196479322423847 0.9543679917374864
0.990792060239032 -0.1425906496488966
0.6502031150553914 -0.7610761520191428
-0.6982381383778621 -0.7172618086268204
0.5619872517022398 -0.828354591297811
-0.8778408461202449 0.48103684773922717
-0.7551858099133819 0.657035305372146
0.5500375081674346 -0.8363370968747945
-0.8214021696181599 0.5721009314330642
0.946262319280475 -0.3264791312012705
-0.8327476460047459 0.5554568912828021
-0.9017254650756329 -0.4346172863958973
-0.3188743898222245 -0.9488520029569965
-0.5701120543888483 0.8227838388304227
-0.9756432722549747 -0.22387765699954376
-0.9917930763026496 0.13545292096565004
-0.517904414491127 0.8566072714205751
-0.7096092485139806 0.7060139619181931
-0.8354489616928672 0.5513855569438776
1.0006476358587795 0.026557651444272946
-0.04805435611588629 0.9998458775522794
-0.9993794288524035 0.05693643110209623
-0.8956011985929883 -0.4471012112249338
0.07900118356964456 0.9978776543217086
-0.5742074123697042 -0.8199310017188571
0.9218092633859417 0.3902161989665057
0.8847893674848585 -0.4681332878419821
0.9971759372016304 0.08741367322135472
-0.5692527663467594 -0.8233785812167825
0.4052332429533602 0.9153070625781835
0.46429516369640456 -0.886809450202313
-0.8766928291587989 0.48312594972899264
-0.9885739430420327 -0.1572340902550332
0.4868386853801413 0.8746365498979195
0.24326900435322263 0.9709897999057414
-0.8346404282645996 -0.5526086820764634
-0.9974525036278273 0.08419918649594672
0.9395934829294476 -0.34520296469832046
0.9845687879416883 0.1806247541480258
-0.5767407067221659 -0.8181510601408621
-0.11199158986656621 -0.9947154788175153
-0.9961669637862911 0.09824652798344594
-0.3168469786690442 0.9495309326758651
-0.2043429036544167 0.9799209038111606
-0.45360268116019403 -0.8923259536986937
0.9396796484281859 -0.3449683439532982
0.21296887964737413 -0.978082438397573
0.7851964539751005 0.6208603133273441
-0.8627244597762694 0.50764899931325
0.929642998897743 -0.3711669362974172
-0.31906689285381323 -0.9487872880074929
0.963312750683744 -0.27208370838791296
0.5095722551768315 0.8615898773511665
-0.8094049190837694 -0.5889521856339415
-0.0011874957692087128 1.00099929563102
-0.4742576317890949 0.8815218084028321
-0.5982796267334256 0.8025350386342723
-0.9728274197036273 0.23581308588113273
-0.974542233100127 -0.2286229120281204
0.9176357643473914 -0.3999319992080891
0.8169155697562382 0.5784893705936528
-0.0892569412632531 -0.997012637049465
0.5534253543000827 -0.8340991411204234
-0.4437253585188091 0.8972785555262949
-0.4893608819189925 -0.8732278781895743
-0.9944549299588378 0.11428207331232264
-0.7338282579830714 0.6808062042795519
0.2597956064558913 0.9666991480632512
0.08438114623413913 -0.9974371269208966
-0.36318810781006977 -0.9327890427879935
-0.43133923760951526 -0.9032981025655054
-0.9978903787218582 0.07884029461098226
1.000844519684303 0.0176422055848149
0.9948114613924527 -0.11113575609232497
0.9429040514849765 -0.3360549801642832
0.12002337155932731 -0.993778340617027
-0.8654047180039984 -0.5030662720322443
-0.9654504337824831 -0.264398297856123
-0.6299185039369688 0.7779483777204057
0.30777117698193 0.9525113661364664
-0.5704952241066152 0.8225182060426036
-0.7020474155427671 0.7135337597687451
-0.5166947004507645 0.8573374986118913
0.46212681041247505 -0.8879413331397477
-0.7904213500699501 -0.6141946673112665
0.7716224385691779 0.6376517954938693
0.8464496254429256 0.5343444877488033
0.30556339948280564 -0.9532219095764172
0.8889888986644303 0.46010839815352567
0.20197740930906788 -0.9804112025720623
0.42211811450067416 -0.9076438163786473
0.130359213898495 0.9924754280846284
0.8277928065992666 -0.5628144182077331
0.15391797889548783 0.9890956757426089
-0.8983087129736154 0.4416361128753929
-0.6786162071136177 -0.7358539552402552
-0.8880397779489119 -0.46193760702117265
0.9821895906954218 0.19314400826730263
-0.5293314814072939 0.8495935397536634
0.9678463604903842 0.25548859560754833
0.9906072641599839 -0.1438688576220438
-0.9553742788119739 -0.2987657734488688
-0.7906183951698457 0.6139410014154925
0.9383782593681629 -0.34849281534226334
-0.6887467442224615 0.7263807006817837
-0.5098315970102649 0.8614364414685293
1.0009412770600346 0.010842503282328829
-0.17017626370785416 -0.9864284258223882
-0.7912233716994098 -0.6131611338601115
-0.14644004284711204 -0.9902304347226134
-0.3067312626516926 0.9528467518505263
-0.48818824404664624 -0.8738839959483479
-0.23480986604943166 -0.9730700523630599
0.09586670964825139 0.9963988026795385
-0.9703416525876762 0.24584156941700763
-0.5123214459990931 0.859957985002406
-0.743169758941119 -0.6705965324958064
0.4075476024237662 0.9142789244856516
-0.9033058518221294 -0.43132300896647885
0.996334012806856 -0.09653773834199678
0.6277163965551686 -0.7797263144820715
0.5277817967863838 -0.8505570968376763
-0.9998190991583318 -0.04860832190296019
-0.31793867793376523 0.949165948121681
0.3662064166422558 -0.9316082118627115
0.9184792045283902 0.39799114418400766
-0.7387098315363166 -0.6755063173587548
0.6712957844554207 -0.7425381941505645
0.15869648649612655 0.9883402375567761
-0.31322795724671787 -0.9507309013590798
0.5164242305485836 0.857500445540586
0.9831768929846173 -0.1880537080227729
-0.9319181605830156 -0.3654169426498567
0.8496443192979611 -0.5292499699430356
-0.9973671117905216 -0.08520472004902761
-0.7759827595135369 0.6323383247421877
-0.8677466564355375 -0.4990157715392823
0.9762996912767662 0.22099754028696997
-0.31329460760254957 -0.9507089401321335
-0.55912660566836 0.830288166140996
-0.7298825995979868 -0.6850345909544165
0.05442169404015718 0.9995195241803931
0.6408054223021731 0.7690054686074305
-0.5982460377700747 0.8025600776841609
-0.6072285131434917 -0.7957854816629569
0.9734820734099664 -0.23309580165552687
-0.3912026430170522 0.9213910636078868
0.23061711846299823 -0.9740722481786571
-0.7860726634089565 0.6197505690527031
-0.04898487410112709 -0.9998007211986281
-0.6702997886708961 -0.7434374172099169
0.3969314426211805 -0.9189376637501961
0.7939315226529969 0.6096505042546049
0.5160428274634117 0.8577300275865172
-0.6353962186758707 -0.7734808629128487
0.020151885091398064 -1.0007971330530794
-1.000013316647297 -0.04443384439898082
-0.9784200137547405 0.2114125745649334
-0.9207878522591283 0.3926203396820162
0.31934862582826384 -0.9486924976943791
-0.3259000239211439 0.9464619244365817
0.8652364617695295 0.5033556051386986
0.6468785510654963 -0.7639038815004177
0.9107737164517615 -0.415321847993392
0.7287279842629255 -0.6862627229801233
0.7536061786408035 -0.6588465128650264
-0.9490403020418271 -0.318313532700634
-0.21676620088000667 -0.9772478775398024
-0.9994402903392683 0.055857909435987896
-0.7511634006825433 0.6616302180788275
0.37341278691294133 0.928743177939903
-0.7183955667604248 0.6970715957912558
-0.9617795656563097 0.27745462166985124
1.0009431532478736 0.010667894178505017
-0.3708857001982894 0.9297552352035586
0.9908639900283958 0.14208994779718637
0.43726787268165174 0.900443117315282
0.8820572400094248 0.4732610541201928
-0.9971033243294269 -0.08823809047801094
-0.34465645476921397 -0.9397940881841707
-0.4382210610815403 0.8999796117827163
0.9626220811460721 0.2745172651947506
0.2179717594830522 0.976979688666997
-0.4447048633237569 -0.8967935016134978
-0.40096067763566523 0.9171867503349295
-0.9892672232100546 0.15281152143169055
-0.9811991626317751 0.19811411673755955
0.9960369851296306 0.09955563396350822
0.9967688609973546 -0.09193931556214852
0.07186050492337086 0.9984172814170226
-0.11073394426144699 -0.9948562678036977
0.4801524946181972 -0.8783248726478843
-0.4785668476857783 -0.8791898385992056
0.5329523677163023 -0.8473268399771056
0.8906709245935244 0.45684385087655105
0.4698277852942791 -0.8838907467359711
0.6793544107311072 -0.7351724863052139
0.9678730383942785 -0.2553875125166216
0.9997987664734962 -0.049024754543754955
0.6917831022437952 -0.7234895572501034
0.3733871100008834 -0.9287535012505677
-0.9781078250393678 -0.2128522553245735
0.6889622073115075 0.7261763400830787
0.7186060495194514 0.696854608648065
0.1294361746078687 -0.9925962304496634
-0.5260967702846261 -0.8516003688914686
-0.4729599073897761 0.8822187517854368
0.8849117389003174 0.46790192813923775
-0.6807572113849057 -0.7338737079003763
0.02666940777842629 -1.0006446635488284
-0.30043604212702896 0.9548503466989191
-0.6738056562278709 0.7402613981799459
-0.42308255566678116 0.9071946599768238
-0.4663885529534768 -0.8857102899221403
-0.6848975736235431 -0.7300111736436528
-0.3345759476292134 -0.9434298782993964
-0.07961587403146542 -0.9978287992447431
0.08963735277229568 0.9969785077863891
0.3875186165099547 -0.9229465433372674
0.942348814337525 0.3376088152235674
0.8517395278548909 -0.525871445022001
0.5516057076465357 -0.8353036234159197
0.917839578538411 0.3994640260003797
-0.23378113144827184 -0.9733177192359984
-0.7230459216110084 0.6922467733703693
0.09957953498176625 0.9960345958915359
-0.872204539224733 -0.4911824933319298
0.6414041672929958 -0.7685061445292279
-0.23768612782355367 0.9723714848967164
-0.5116715257275756 -0.86034484351312
0.6897803177579653 0.7253992784899363
0.9307008393071471 -0.3685063740465991
0.09202578181749715 0.996760881797073
-0.4501916741322019 0.8940517079800504
-0.6769738974443427 -0.7373651349087618
-1.0008418032598234 -0.017795641253538243
-0.6905572091201645 0.7246597414871129
0.6543307433839727 0.7575303810822228
-0.11654552307319412 0.9941922052860783
0.8298424781940491 0.5597878717735488
-0.9939688969505062 0.11843492683745728
0.17477634490684654 -0.9856237767327871
-0.6185587965968907 0.7870108100608316
-0.45196758156695954 0.893155252580711
1.0006061815747291 0.02807613567498643
-0.3831641303391991 -0.9247628070058859
-0.06641714351101768 0.9987941544922242
0.008537393834376673 -1.000963592198296
0.5538886915551806 0.8337915311199137
0.9252176622388846 0.3820644938766402
0.10058788191013232 -0.9959332698593983
0.4933236793077201 0.8709952625785595
0.0206865678116814 -1.00078622388209
-0.9541502822455252 -0.3026520095601293
0.7138295154002214 -0.7017466942875363
-0.9660520794535193 0.2621914944912041
0.9074132883227608 -0.4226134453318708
0.27480073801118504 0.9625411962033147
-0.44949600049492316 -0.8944016690162581
0.46159598001095403 -0.8882174008865886
-0.8301872374061982 0.559276452971037
0.4767684146685641 0.8801663926635828
0.0007866843233550384 -1.0009996908729668
-0.7343021212834157 0.6802950791227848
-0.3173749310758275 0.9493545982005952
-0.866052292704745 -0.5019506213770978
-0.8114149277535344 -0.5861798486972463
0.5530855902885781 -0.8343244751385009
0.7712225286425451 0.6381354176929835
-0.060432471156814396 0.9991741171737191
1.000333970204225 0.03650956115118807
-0.8983784759090183 0.4414941834536322
-0.9873513921223195 -0.16473684613381995
0.9671486247142116 0.25811729448723364
-0.6594435284810658 -0.7530838152187589
-0.5599563405730569 0.82972880910092
-0.7931635627363944 -0.6106492960344012
-0.4452425625752884 0.8965266646739463
0.21086417350676842 -0.9785383489323796
0.8927410021922797 0.45278527251305767
0.7005803318072142 -0.7149742643514474
0.5373400261690425 0.8445511803772775
1.0009993169140468 0.0011694176379721162
-0.04895608605557998 -0.9998021312430369
0.9542092897490296 -0.3024659176777648
0.9261883187121391 0.3797054098655706
-0.014797747935664279 1.0008906167289373
-0.7340371877833131 0.6805809334319947
-0.5329999878424193 -0.8472968859614561
0.3682127088464619 -0.9308170609974608
0.7877553947666551 0.617610263852562
-0.14938812365115864 -0.9897899719192885
-0.1551193611031395 -0.9889079754006204
0.9135980961606366 -0.40907153248748573
-0.9896247293556424 -0.15047888572079307
0.9909806622741794 0.141273943098608
-0.8889046548984727 0.4602711315081875
-0.11543990773944332 0.9943211894056713
-0.8604014050209219 -0.5115764089928537
0.4572273864517243 -0.89047409680379
0.29157326411129636 -0.9575938761580945
0.48427378079716193 0.8760593046320679
0.5051340507703613 0.8641993929367956
-0.26347684028781126 -0.9657023116012259
0.8720036324075736 -0.4915390778646163
-0.8169908510307762 0.5783830472377349
-0.894035576383836 0.45022370901588715
-0.1114365281448889 -0.9947778144867392
-0.26231103660472 -0.9660196271688052
1.0009599093022223 0.008958792869964762
0.5679526812182188 -0.8242758954967907
0.7960777526724607 -0.606845294700358
-0.4372860602493759 -0.900434284948979
-0.34390961979064855 0.9400676429999341
0.8621846241042157 0.5085653094325963
-0.0773135336441702 -0.9980098283661598
-0.9977384489828418 -0.080740246601761
-0.8208466651844093 0.5728976804418344
0.8738686360800875 0.48821573804572055
0.9156190653553383 0.4045277829245066
-0.4604485561064023 -0.8888127627231336
0.9985660672156516 -0.06976252149590573
0.058985640809494186 -0.99926057371353
-0.7071493969613774 0.7084777557391343
1.0009224810904318 -0.012457401325085377
-0.9924033546568836 -0.13090676707398952
0.5209496787166229 0.8547586982564421
1.0001203932522404 0.04195472560968261
1.0009815990774853 0.006069457000476952
0.8597600999105194 0.5126534605382604
-0.7982833922470618 -0.6039409123933598
-0.5810910779538484 0.8150669660355734
-0.8916773480465673 0.45487636449989455
-0.5087857567219205 0.86205455381716
0.7989158394717789 -0.6031040386542794
-0.5993786852258468 -0.8017145325469255
0.8688089019346128 0.49716404930281544
-0.29800321833951393 -0.9556124119428818
0.2750547875600337 -0.9624686300551851
-0.020087176395898403 1.0007984339238547
-0.6084124832295934 0.7948806515763229
-0.3540166001507168 0.9363083075663313
0.9931253032000859 0.12531213885229783
-0.9186553009304248 0.3975845043162909
-0.4431833560697005 -0.8975463848196353
-0.776943643887001 0.6311573292164079
0.24256172395823775 0.9711667261960779
0.981323038754594 -0.19749960407415892
0.33215725483467906 0.9442841511222616
-0.3593187980687608 0.9342863593965295
0.20498351869157988 -0.9797870978252462
-0.9379556476931609 -0.3496286643862359
-0.9920276446582147 -0.1337241647342576
0.9182729230259594 -0.39846686040041085
-0.9320804572530785 0.3650027687660631
-0.6602653510003146 0.7523633871131897
0.4932590199394912 -0.8710318818782311
-0.0884239713736952 0.9970868574434747
0.09586597944733218 0.99639887293423
-0.9626962830685908 -0.27425693531052175
0.7281263919037977 0.6869009807921059
-0.94572182649651 0.3280415017769931
-0.8315337758160698 0.5572724465439417
-0.5074245478185456 0.8628564934397519
-0.48388383513521577 0.8762747480641191
-1.0009096394751955 -0.013449669350371203
-0.7332365621237682 0.6814434268264076
0.18062490289457606 -0.9845687606532745
0.6823515234767525 -0.7323915608531784
-0.9418495020463941 0.3389992853900427
0.36506100370876804 0.9320576503474164
0.9184016377932226 -0.3981701039740758
-0.9820045022331148 -0.19408286270016872
0.8269034750242896 -0.5641202380634417
0.9582425366963209 -0.28943434638238824
0.891890101428573 0.4544590707354513
0.30968422370394943 -0.9518911080522194
-0.027358921352380446 1.000626048742703
0.15636026414087384 0.9887125304140715
-0.8298723466809039 0.5597435914901836
0.7873753183484596 0.6180947403559278
1.000951256610372 0.00987835462602047
0.36961957420206687 0.9302593027573993
-0.11051415237302623 0.9948807074847072
0.07424333104001958 -0.9982429202333879
-0.04515211076850376 0.9999811432687863
-0.995423884579011 0.1055096678491203
-0.2608710973072863 0.9664094735616432
0.9999595844674015 0.04562706906849942
0.29362698534793713 -0.9569661401927878
0.40610474184446615 -0.9149207280696178
0.9803869653510903 0.20209502262470508
-0.7447065369496568 0.6688895079341949
-0.37953996428140313 -0.9262561284619234
-0.9262276809541315 -0.37960938217374396
0.9438700845228487 0.3333320619784876
-0.8527123361031717 -0.5242925441559051
-0.11216408039239048 0.9946960435578948
-0.3652576915015265 -0.931980589282296
-0.27563642838961805 0.9623022182997475
0.009169058299644255 1.0009580052978735
0.5371580529038393 0.8446669321102586
0.7254329416733714 0.689744914540962
-0.9259378976611456 -0.380315671087661
1.0000542463452515 0.04350292365842926
0.7090814523091857 -0.7065440495758887
0.8479100997770959 0.5320239305670331
0.791014212978413 0.6134309373239516
0.9895703860376189 -0.15083584148788284
-0.7106450319460332 -0.7049713742914824
0.9203290666271501 0.39369456323550944
-0.32559930095281103 -0.9465654204644499
-0.91889510275118 0.39702996126224327
0.8492656419985407 0.5298574047050835
0.9797414290404554 -0.20520168669327832
-0.8820890141636759 -0.47320182912976405
-0.2192264988392569 -0.9766989004840136
-0.9840017354768631 -0.1836888254045996
-0.8002091613645094 0.6013869786321521
0.6376080963704825 0.7716585484803556
-0.6850063763421788 -0.7299090795233044
0.6379057440326242 0.7714125107425885
-0.657983463605641 -0.754359835636498
0.27921237296044676 0.9612707479091395
0.7755898868331383 -0.632820138303262
0.5946860519825821 0.8052015273069034
0.34831990575105604 -0.9384424560182555
-0.17395543780951908 -0.9857689920343906
0.7742832892270198 0.6344181491916724
0.24087348432746944 0.9715868281054166
0.43197034631290754 -0.9029964672723293
-0.9974719881984403 -0.08396804606188317
0.09527417604394645 0.9964556344259122
-1.0007880616573455 -0.02059746693487484
0.5190761254302345 0.8558977602543049
0.7393992326716079 -0.6747516392900704
0.005478652797498905 1.0009850070623059
0.21529220657755688 -0.9775736625886392
0.9608352383683355 0.2807074005252871
-0.9572257855702556 -0.29277943138036
0.9885881365541656 -0.15714482576388697
0.9884731565167286 0.1578664589007266
-0.6034947160157644 0.7986207659089838
-0.7557164141408733 -0.6564249396527071
-0.999971731797998 0.04536006619166997
-0.6016830470170565 0.799986569219928
0.9050501360199849 0.42765085208638004
0.5197465424816198 -0.8554908132635918
-0.18131053475805012 0.9844427306785042
-0.3958288503801204 -0.9194131395660778
0.9546334881489467 0.3011243983880665
0.9681230106498813 0.254438275914238
0.705168345870713 -0.7104495787752728
0.9895476630698776 0.15098484199728085
0.22266515029271727 0.9759207093023088
-0.09418186164385327 0.9965594698447745
0.34660556903863726 -0.9390769827396487
-0.6835871564331623 -0.7312384013163036
-0.6974707381041853 -0.7180080567015965
-0.9332052287095286 0.36211738581459546
0.9611020074424694 0.2797926576771726
-0.03426740781607138 1.0004132869777205
0.9199381218638816 -0.3946072122269869
0.9090186862634846 -0.4191491715652182
-0.5595281236194215 -0.8300176376914705
-1.0009764146991393 -0.006871478447640007
-0.9608520310716191 0.28064991428030805
-0.3972030800584608 0.9188202834026206
0.2218651395406287 0.976102894092942
0.8909865324721201 -0.4562280120217386
0.8338521325281847 0.553797454922103
0.30345107451083286 -0.9538964542224806
-0.5068954390207465 0.8631674309773074
-0.6946814706427522 0.7207070516830143
0.2318446996691579 0.9737807942423787
0.823513201990323 -0.5690579989312562
0.1742933814197646 0.9857092964932737
0.3699720189895989 -0.9301191886875358
0.9276409150931713 0.3761427025014627
0.23391995271977664 -0.9732843652908318
-0.44157220158227123 0.8983401309024249
0.20340596492640883 -0.9801158163361903
0.32942249159442305 0.9452416738759047
-0.9857488767897229 -0.1740693881984984
0.15775471241128342 0.9884909967784397
-0.8892033126580329 -0.4596938859262548
-0.2885387898349553 0.9585125803872266
-0.3715893490072797 -0.9294742361702911
-0.9414286781139427 -0.3401662005911734
-0.884938156829294 0.46785196225683584
-0.44333705508804294 0.8974704761639023
-0.05403666059703944 0.9995404140461357
0.501907635455255 -0.8660772052604288
0.28402020284695695 0.9598612005778614
1.0009741227007913 0.007197616506938771
0.27770235626957196 -0.9617080644989559
0.8691885979973355 0.4964999306258022
-0.5302916334116056 -0.8489945721461659
1.0003366865423549 0.036435059454628035
0.804735852938759 -0.5953160563893164
-0.956520149684235 -0.29507660572815414
0.8928639396398642 0.4525427994022012
-0.7721308412147797 0.63703607750657
-0.036809807188822465 -1.0003229668935538
-0.5402937221797985 0.8426646389715773
0.5478587576228624 -0.8377659468466916
0.9402773457199833 -0.34333586052986514
-0.21283122488601622 0.978112401369862
0.9762806867694229 -0.22108147964274147
0.23486016527078327 0.9730579133684595
-0.2452152179219327 0.9705001272022066
-0.6835647438110127 -0.7312593527734086
-0.7585422894242603 -0.6531574045779484
0.3836955184846791 0.9245424539169487
0.8061528438099019 0.593395814290266
0.60079633408926 -0.8006527118201162
0.1639257919839695 -0.9874863719173184
-0.48018830803595325 -0.878305293634035
-0.9312504750035897 0.36711517648496717
0.3170272623522659 0.9494707551712309
-0.5682284647595065 0.8240858036861538
-0.9131883528980185 -0.4099854047785165
0.7408141806086641 0.6731978533901556
-0.9752905508142073 0.22540927552458914
0.9079853527931881 0.4213829601597928
-0.6713747352683374 -0.7424668106005614
0.8870310816021586 -0.4638715989061031
0.40823065587862073 -0.913974141647843
0.9764300397146845 -0.22042090994907873
-0.06043173559204104 -0.9991741616621868
0.568724856684419 0.8237433079481055
-0.9889951164737346 -0.15456280144686887
-0.5047372612306824 -0.8644311986071245
-0.5562999831902532 -0.8321846722347896
-0.9993250327280658 -0.05788332197662972
-0.86141235712381 -0.509872288906155
-0.6150859153872229 -0.7897280017146803
-0.2894612642998623 0.9582344058057638
0.8302399750528748 0.559198161499304
0.37465916510643055 -0.9282410839872111
-0.13081462932302254 -0.9924155040884237
0.9070704008511298 -0.42334889618347976
0.7149390549307059 -0.7006162628249427
-0.5720044540638733 0.8214693570250141
0.9672251632050459 0.2578303389110217
0.6308147453910605 0.7772218196867683
0.2855728052443929 0.9594004236526311
0.9937436295232608 0.12031042673823462
-0.9231156448424794 -0.387115623873609
0.7918389965218047 0.6123659066173928
0.02383438534128941 1.0007162045632132
0.14270806676426676 -0.9907751549571707
-0.34956015531572593 0.9379811820157404
-0.8504727376008288 0.5279177233222541
0.47070240803574265 -0.8834252900326961
0.7000697150195355 0.7154742441992349
-0.11748524723089734 -0.9940815945801909
0.9642827385996429 0.26862576205340577
0.9971504400862696 0.08770404686078508
-0.7885027845336353 -0.6166557863044047
-0.02680961424598728 -1.0006409169047512
-0.9949366744151699 0.11000915372678022
0.8804515424813515 -0.47624162075800225
-0.9984932243374299 -0.07079746430658959
-0.3906089684256537 -0.9216428992757698
0.5974008513260661 0.8031894065753679
0.9519245035770049 -0.30958155547395383
-1.0004533504284838 0.03307708597233611
0.5306287698940118 -0.8487838998006312
-0.9881382914636297 -0.15994910735399173
0.664750195615655 0.748403752949535
0.855187841533659 -0.5202448997280044
0.9103288238413416 -0.4162960875190153
-0.9950801523221361 0.10870368188131609
0.25856820229465816 -0.9670281716486385
0.9694215463138449 0.24944511529086655
0.23875001179559402 0.9721108125453618
-0.4597654284394631 0.8891663234805269
0.8408683126962448 -0.5430851505089882
-0.9959572298696506 0.10035036756470765
-0.20342261222823083 -0.9801123613312113
-0.6273683261325551 -0.7800063995671036
-0.5443278066375583 0.840064425458634
0.9311022238060773 0.36749101869756945
0.9640184856019203 0.26957254945149767
-0.951769326915486 -0.3100582982970182
0.8631986789363484 -0.5068422246444578
0.9986103951932574 0.06912509393820884
-0.07053818026284256 0.9985115748579015
0.019208641319226935 -1.0008156813812767
-0.6076323780968358 -0.7954771480617051
-1.0009875012088876 -0.005002241856153523
0.2894084425079849 -0.9582503605035076
-0.6845062581463282 0.7303781093094949
0.8352763620943241 -0.5516469875984746
0.8631196477133225 0.5069767980206096
-0.42533915752746754 0.9061388420511639
0.8764017259742587 -0.48365381701103155
-0.8444018758193552 0.5375746200414917
0.9638549889428342 0.27015654774594855
0.0786641483718328 0.9979042798590124
0.6587672047360615 -0.7536755070746534
0.9921424997448743 -0.13286933506265464
0.6687923116217481 -0.7447938264483928
-0.09944298553753995 -0.9960482381026436
0.6383549664393922 0.7710408139794951
0.7390827357126531 -0.6750982963772761
0.3579072999406072 0.9348279866634418
-0.6029857184733145 -0.7990051459891987
-1.0004550963087315 -0.03302423761250017
0.2671457692423617 -0.9646938052957046
-0.45668421409559506 0.890752787588054
-0.5628995861158272 -0.8277348947281554
0.781589210090154 -0.6253953203139989
0.9315554352846886 0.3663406488386928
-0.9464506673174977 -0.3259327144277837
-0.8905882261756113 0.4570050452646866
0.03743547276842031 -1.0002997477649411
1.0004409709002235 -0.033449420685833814
-0.4250340803936091 -0.9062819817826895
-0.7800206765501317 0.6273505751605515
-0.8103949949135576 0.5875891015148723
-0.5815799479739697 0.8147182114784195
-0.18046390847933924 -0.9845982824159104
-0.9257784870497268 0.38070354991242056
-0.3141433182389934 0.9504288377389412
-0.9503264052152123 0.31445305460550393
-0.18087711888267974 0.9845224567599771
0.20647523727416825 0.979473826292758
0.12658385941076875 -0.9929640106955915
-0.7380656400009539 0.6762101086570522
0.027136553214463857 -1.0006321039621098
-0.6045783826914358 0.7978007139519292
-0.5409575104822301 -0.842238666799897
0.3227347485016214 0.947545926121576
0.7435926209918764 -0.670127610240342
0.13203143862409192 0.9922543520765493
-0.06456582069363323 0.9989155393716517
-0.9270560488160496 -0.37758188827534395
-1.0008801027936505 -0.015492573439281402
0.16422655892639132 -0.9874363966064835
0.5273936533117519 -0.850797822309439
0.37184749280905866 -0.9293709927104553
0.22859882828516606 0.9745478827162107
-0.9218747231001062 -0.39006152708143677
-0.48753145570553386 -0.8742505817542492
0.6034675792062586 -0.7986412716901989
-0.6084961333314153 -0.7948166176676961
-0.6235199930384198 -0.7830860861242326
-0.07141437230025695 0.998449291365846
0.5418825496785163 -0.8416438096688589
-0.968655495141202 0.25240350974729503
0.33625385659722357 -0.9428331474462986
0.656122369270436 -0.755979124409497
0.4372767085788106 0.9004388264254723
0.09214126322965294 -0.9967502132482561
0.9983570956694316 0.07269188074673409
0.35101590122260085 0.9374373776892434
0.2770733832025581 0.9618894636706904
-0.560051705252517 -0.8296644426777298
0.4484936602148214 -0.8949047081936223
-0.17443594262299067 -0.9856840781514271
-0.5529666540652795 0.8344033074550038
-0.3865567397716468 -0.9233498182905087
0.6803262522296829 -0.7342732396915428
0.7309203448170446 -0.6839272253189901
0.48038846272464886 -0.8781958351535544
0.5755709815371166 0.8189743861760269
-0.7379013566714613 0.676389375894105
0.9308609873646267 -0.3681016465632179
-0.4261342578431086 0.9057651982122646
-0.34226965890086797 -0.9406659771650527
0.7710199140090638 -0.6383802097507848
-0.5500027757549952 -0.8363599384605891
0.20822584173124348 0.9791031604664112
-0.32033539340923173 0.9483597607075877
0.8222593327255935 -0.5708682770531761
0.9226208784793978 0.3882933357577803
0.8511905330868624 -0.5267596001814328
-0.49552040314625545 0.8697473944001054
0.17306400968010324 0.9859258839047919
-0.9963151729139444 -0.09673198137874028
0.9704984096239905 -0.24522201556407042
-0.9807421439651123 -0.20036428586630609
0.9994928704013664 -0.05490903401843488
0.4800913804370821 -0.8783582790809322
0.07091616870183903 -0.9984848005937057
-0.426942914297515 0.9053843095233894
-0.052577637495525804 -0.9996182231409095
0.02740983127222233 -1.0006246554775813
0.5703747475852988 0.8226017549926614
0.5031173168203441 0.8653750432705449
-0.9892857840076547 -0.15269131461992286
0.8627557800198434 0.5075957683455917
-0.8867348320543685 0.46443765741110055
0.998734143457516 0.06731352532873178
0.46235803390325314 0.8878209551959889
-0.9719700758893002 0.23932231733741047
0.5394512322396119 0.843204226765476
-0.9353515625258958 -0.3565367505326279
0.7240970457516522 0.6911472117673121
-0.8246941595567293 0.567345171119857
-0.8032520998605571 0.5973165526499377
-0.5639931479747523 0.8269901626002144
-0.9476813691343727 0.32233681545178916
-0.9860753671553837 0.17221025024479603
-0.715973310430483 0.69955930324113
-0.8121108993484295 0.5852152485705452
0.034968163709807834 -1.0003890380880651
-0.4042942528653182 -0.915722205202033
0.9812780579996777 -0.19772297005755618
-0.9885427827753605 0.157429878430832
0.9817133624107055 0.19555018298193122
0.16965279535205305 0.9865185903110161
0.5006199539980574 0.8668221626487078
-0.5260311607185699 -0.8516408972994861
-0.9061898739353607 -0.425230422685178
0.2836247073258429 0.9599781379772823
-0.12659525662221008 0.992962557703339
0.9625412179039488 -0.27480066200062747
-0.6681444652081302 0.7453750556677771
0.8766845213708973 -0.4831410249489075
0.8012743763125123 0.5999669773120804
0.5323868828145529 0.8476822559231751
-0.9242265915511475 0.3844557288814256
0.665579966457097 -0.7476659068400602
0.7482355988286993 0.6649394623914704
0.9983854971381555 0.07230075452025544
-0.7748622654649325 -0.6337108722110993
0.9700566287642908 -0.24696383741442585
0.6677431076110402 0.7457346325858487
0.973736712728321 0.23202977025598123
-0.6222886654367845 -0.7840649315387761
-0.9737878011325073 -0.2318152677575754
-0.4125610343349382 0.9120276272945278
0.9982526419452118 -0.07411250130311947
0.9765937103382502 0.2196946174301272
0.9899448447380483 -0.1483583647003476
0.37350619235175647 -0.9287056176608887
0.9655662773545586 -0.2639749306954351
0.9884322518121175 0.15812236899827561
0.4321596535611759 -0.9029058831538781
-0.6390094910101237 0.7704984558057093
-0.5927090744987645 0.806657890934452
-0.37634579023848713 -0.9275585405621408
-1.0002959245907574 0.03753749122040242
-0.8752319109599903 -0.48576753909387926
0.06833534969643026 0.9986647485427061
-0.7878567751962243 -0.6174809323188903
0.4142841439859581 -0.9112462060507149
-0.8967463479003515 -0.44479994101548825
-0.22883554847187815 0.97449232513939
-0.9841165934018611 -0.18307247360298604
-0.39814013353013955 0.9184146308027777
-0.462072456727785 0.8879696192627028
-0.6952778749721067 -0.7201317077967553
0.15721405975958413 -0.9885771287127322
-0.9743410469502496 -0.2294788099757615
0.5708271264589254 -0.8222879007371117
0.7251793527251003 -0.6900115262669201
-0.2524554437627158 0.9686419611572535
0.9995798923838064 -0.053301395309861443
0.9848058249737073 -0.17932787596426789
-0.5605979750867423 0.8292954300661763
0.7674072385920433 -0.6427185466100498
0.9135106382116626 0.4092668003565902
-0.9999805081679449 0.04516617411491281
0.716428932135125 -0.6990926871307727
-0.7468054737747635 -0.6665452605337848
-0.706168131984436 0.7094558262285343
-0.4703663103273526 -0.8836042859272654
-0.8029233811513354 -0.5977583491683802
1.0007628438237408 0.021788309292342146
-1.000975960385263 -0.006937343209067969
-0.9066253591830244 0.4243011408024397
-0.9840743963701991 0.18329916095996823
-0.8414058300898024 0.5422519977749187
-0.9836998260271471 0.18529881886876773
-0.8637076083761416 -0.5059744729066534
0.9509856539439069 -0.3124536541519075
0.7920467100582059 -0.6120972219230962
0.7809471969180067 -0.6261968345703354
0.13395427181802205 0.9919965993196265
-0.13457092151994743 -0.9919131348466317
-0.7775958846050526 -0.6303535835111003
1.0002314588449843 0.03921770947970698
0.5522532428730729 -0.8348756528586607
-0.7343068852807872 0.68028993688664
-0.33831787295102045 0.9420944840311386
-0.05199963783812006 -0.9996484570411261
0.33133112559246175 0.9445743407554709
0.8118817957678939 0.5855330474880985
0.41582394255563676 -0.9105445891319581
-0.8426645983984653 0.5402937854593121
-0.3706763248101928 0.9298387291488823
0.802868738183618 -0.5978317399130334
0.8454585990373302 0.5359111468460372
-0.8521962866161545 0.5251309256534384
0.30021811855238745 0.9549188872846032
-0.8313096771251577 -0.5576066899868277
0.06387370778756049 -0.9989600339620547
-0.6146374546383382 -0.7900770844390469
0.6940887626011379 0.721277886553318
-1.0009817088522246 -0.006051325745679898
0.348893436479784 0.9382293802590745
0.9404608927565278 -0.34283277147261554
0.6947370000294906 0.7206535234008252
-0.7785276709903246 -0.6292024042407823
0.15628257258792036 -0.9887248138411928
-0.7273208163540827 0.6877539022775739
0.511696293434708 -0.8603301129712834
0.6700029035532079 -0.7437049880364329
-0.6639884315469489 0.7490796771851594
0.013280484897511215 -1.0009118985809327
-0.1368215021517076 0.991605201957387
0.5321024004528484 -0.8478608585330004
0.07831897199484647 -0.9979314298215436
-0.5062927919014858 -0.8635210529388375
0.24965625980756667 -0.9693671914908699
0.8285522280541889 0.5616958299528664
-0.1746488271100458 0.9856463803966844
0.07378049705335595 0.9982772351679465
0.31120188947282146 -0.9513960184847032
-0.21098633595976068 -0.9785120162973344
-0.2434193656619993 -0.9709521164407182
-0.4274812819663429 -0.905130241218584
-0.8613982451122103 0.5098961299300128
0.9970375698407729 0.08897799911217354
0.08817875371886894 -0.9971085735227568
-0.8471506125145926 -0.5332324443581342
0.9971415868547888 0.08780464546203433
-0.15404414985402234 -0.98907603342501
0.09072618677767959 -0.9968800123549382
0.09037412324749683 0.9969119910239049
-0.15944864458728378 0.9882191709025271
-0.5600085673608483 0.8296935605887574
0.10750085947522589 0.9952108144569611
-0.5559791315259509 0.8323990661381412
0.9995858942950618 0.053188719916364494
-1.0009957845274768 -0.002905057352483456
-0.26876384852403057 0.9642442604063308
0.9757539071999188 0.22339496991671992
0.9991248683888485 0.06124130441920814
0.968357685300625 -0.25354367142410694
-0.9755608349170679 0.2242366102488919
0.9458932188408214 -0.32754697151851353
0.9860103453153748 0.1725821512528319
-0.3854582993389388 0.9238089085253145
0.3634207390036535 0.932698432754145
0.5968826180701604 0.803574601543448
0.4601295272625499 0.8889779626858826
-0.1955206393559867 0.9817192468245828
0.20791790517846012 0.9791685987133171
0.69470699072028 -0.7206824522939163
0.7816745622514727 0.625288636334428
1.000957284284095 0.009247434163563996
-0.9522890334773553 0.3084584197566417
0.996942938675754 -0.09003208886031495
0.34492793124029913 0.9396944834627302
-0.28309135253787476 0.9601355561160501
0.9159295617325096 0.4038242661659807
-0.92218398552767 -0.38932980471099604
-0.4878135229160919 -0.8740932254972529
-0.7935796638579401 -0.610108447008496
0.32087658645592393 0.9481767853435318
0.9033615877006838 -0.43120626371482573
0.8431029289459792 0.5396095358708103
0.91518236935852 0.4055147726228052
-0.1899843210082152 -0.9828056561554005
0.9681672214114253 -0.2542699970198612
0.8959096457492933 0.44648281787026894
0.8897541600544194 -0.4586267923550198
-0.8767151735241591 0.48308540084803187
-0.9912269336865405 -0.13953553645712857
-0.9008793834313165 0.4363683495722521
-0.988777150250398 0.15595110497428957
-0.1508557520801498 0.9895673509490561
0.7439866828980906 0.6696900892728637
-0.5549408334419202 0.8330916344429267
0.8043840859884456 0.5957912740285252
-0.9802265415791507 0.20287170128871482
0.5920306861719398 0.8071559122194313
0.9958722155852296 0.10119056391465472
0.8327774406728209 -0.5554122201630303
0.8427346065127711 0.5401845823288229
0.9028285333086523 0.43232122252296107
0.40630422110801745 -0.9148321594204083
0.9053937023942238 -0.4269229950059845
-0.9324120200632785 -0.36415494619943906
0.8239395094280885 -0.5684405727984243
0.5993168850786985 0.8017607319266553
