1000
-0.2361996564649714 0.972733633779479
0.9081282863238801 -0.421074833703527
-0.5466009853662637 0.8385871229613711
-0.9721894301819339 0.2384296790303729
-0.520541895002422 0.8550070967818263
-0.14533483951492354 -0.990393247363476
0.5962688089772213 0.8040301657530556
0.787581164507091 0.6178324281823142
-0.9942552557602937 -0.11600640668960009
0.7486192415927819 0.6645075102036456
0.7476407997500588 -0.665608168932062
-0.19922037513777688 0.9809751485791898
0.44733974357421946 0.8954820790049076
0.9252790875833137 -0.3819157107019695
-0.4085373601580261 -0.9138370890673628
-0.0035593594162779247 -1.0009936717884613
-1.00046086499525 0.03284901235891775
1.0005559208072972 0.029813576395023356
-0.4144472259548059 -0.911172045718242
0.7778187050191273 -0.6300786158269204
0.9453055941231895 0.329239022169918
0.9042769074388498 -0.42928344327824924
-0.021581023248414818 -1.000767335316032
0.0012842063615562296 -1.0009991762304407
0.6055236670512305 -0.7970834891282284
-0.6154660533937129 -0.7894317811691948
0.5951078124890429 -0.8048898629716404
0.7117480294856271 -0.7038577573084825
-0.9946430083871027 0.11263341363313942
-0.28607052267307265 -0.9592521337258286
0.4281804142947275 -0.9047997197249762
-0.47896745888402525 0.8789716567274394
-0.8453439222059684 0.5360920193301051
0.4063355402750319 -0.914818249003264
0.06166068564229548 0.9990990740893126
-0.8334046978655871 0.5544705669154759
-0.3240638226460913 0.9470922018747714
0.8651164041542773 -0.5035619199891639
-0.8691085471768739 0.496640043919239
-0.3014082706576999 0.9545438986129107
-0.11298809666547163 0.9946027800141694
0.4748656298438991 -0.8811944357478417
0.8917799448292688 0.4546751917581454
0.7957543014464838 0.6072693732845569
0.7177938630826555 0.6976911710211604
0.2149588041752239 0.9776470285883131
0.20152489615562105 -0.9805043172926196
0.6045847843790677 -0.7977958626724735
0.9144261350672688 0.4072171945116479
-0.548766331730782 -0.8371717345674907
0.6384382733212359 -0.7709718355157981
0.92488077804612 0.38287928437146324
-0.27586843412214396 0.962235733619884
0.9354590087664573 -0.3562547444142706
0.025276159834197866 -1.000680826109922
-0.5159944684789864 0.8577591203240501
0.33856631683242555 0.9420052277490426
-0.27457855853657753 -0.9626045996108554
0.7017790379885589 0.7137977177323087
-0.877988137750141 -0.48076795855177307
0.7489818118783913 -0.6640988220704522
-0.6906490809780068 -0.7245721820110365
-0.3137317527247481 -0.9505647728231136
1.0008874343252385 0.015011455953413343
0.9933220477479188 -0.1237429167988271
0.6902962448951264 0.7249083350905049
-0.49276449407750306 -0.8713117429350659
-0.9420617406934014 -0.33840903758871244
0.5048419685064158 -0.8643700520231871
-0.2036873077151868 -0.980057386419662
-0.9574295260593496 0.29211248283798014
0.8986784667804388 -0.4408832196230196
0.6016865781559211 -0.7999839133801495
-0.6141969798949382 0.7904195530779442
0.46668224057789465 -0.885555580598528
-0.6376530158848787 0.7716214300632912
0.9287255562662817 0.3734566121223263
0.9560430345436093 0.29661880604683033
0.7413842872668819 -0.6725699507068225
0.8476519875385515 -0.5324350739967676
-0.9589815821756684 0.28697617505265455
-0.5360349056730668 -0.8453801392865025
-0.7210512951814129 -0.6943241532002232
0.9396635025190738 0.3450123215677762
-0.7077252491995959 0.7079025156371249
0.3663393861592338 -0.9315559318411728
-0.711185021465051 0.7044266216177202
-0.4690769842879269 -0.8842894225372958
-0.9776465642171558 -0.21496091615545085
-0.33056145852319696 0.9448439670861093
0.9312156114873461 0.36720360145598824
-0.06862375090766261 -0.9986449723557231
0.13844642309622535 -0.9913796386510372
-0.38382302702838755 0.9244895261292935
0.9526620408125016 0.3073044679059509
-0.32448596372345967 0.946947653963226
-0.14560293851117506 -0.9903538682192901
0.7236117296670881 -0.6916553077134628
0.9203292118263975 -0.3936942238070073
-0.9341142654237508 0.35976595048982385
0.790890496261791 0.6135904358142963
-0.1366676512076427 -0.991626418119942
0.5243647888742443 0.8526679120201892
-0.5325060423717909 0.8476074060775617
0.9585666877414367 -0.2883589865990154
-0.985460238769223 -0.17569609501894448
0.04725423541580713 -0.9998840118910131
-0.0261202246014388 1.0006591496942254
-0.6916975008361922 0.7235713975392932
-0.3338117246342436 -0.9437005523452404
0.7864553751082848 0.6192648407291398
0.9114884100790361 0.41375098584969056
-0.968068771948179 0.254644561651618
-0.1646196663837772 -0.987370936092254
-0.5962869135096514 -0.8040167391150096
-0.5999877422031689 -0.8012588278489939
0.6366922770072495 0.7724143605600066
-0.710411651838045 0.7052065547998971
0.6454488180119824 -0.7651122945861836
-0.6721546688323924 0.7417608112908208
-0.3350141262998316 -0.9432743689826203
0.9877411983048584 0.16238326629084124
0.9905051320283229 -0.1445703407534018
-0.6193538772666649 -0.786385258454626
-0.597657062738829 0.8029987766854912
-0.9899965352828853 -0.14801304039807714
0.15165103790082962 0.9894457856313307
0.9504055776838316 0.3142136819227677
-0.4789805498523101 -0.8789645230970239
0.10787227138146128 -0.995170625102552
0.9811515244529334 0.19834990815144016
0.8876339976583973 0.462716853162895
0.5288604232320001 -0.8498868470207488
-0.947578519660549 0.32263903836628727
0.7118279459416837 0.703776935808814
0.2614875307472866 0.9662428634994863
-1.0008213155725216 0.018912807715590126
0.23893287607555672 0.9720658829165144
0.9432884519068422 0.33497447141415565
-0.7276645634548213 0.6873901971166771
0.938591930206662 -0.347916927657929
0.9813221510589136 -0.19750401474680654
-0.14671491298481087 -0.9901897466182223
-0.9524081719262578 0.3080903666914688
1.0007665973415723 -0.021615217911724664
-0.18184922876560164 0.9843433638712438
-0.7550019165207003 -0.6572466097668892
0.3851617220803519 0.9239325991889764
0.1451629764962785 -0.9904184520972642
-0.09843229928252022 0.9961486246830622
0.07243400546603074 0.9983758384757451
-0.34234470579388804 -0.9406386672973296
0.7541747676651542 0.6581955786977078
0.638797273433531 -0.7706744081996538
-0.40521776627531236 -0.9153139144003255
0.9077894422785191 -0.42180484644875205
0.023190261297807678 1.0007313384624963
0.9845540576165454 -0.18070502934560584
-0.1623893249245636 -0.9877402022548968
0.9236803578949172 -0.3857662458524821
0.8076048635004126 0.5914181130557973
0.7553115714510363 -0.6568907291415872
-0.26729992664562113 -0.9646511023241748
1.000409616290417 0.03437440375716535
-0.8311569966783507 0.557834246772842
-0.8904530530373769 -0.4572683679595763
0.7400285130178899 0.6740614214747279
-0.9034161699756078 -0.4310918971943265
-0.3257196284345855 0.9465240216985702
0.5484091364653216 0.8374057672606274
-0.07255235986255502 0.9983672445940793
-0.4021442856108231 -0.9166684098137999
-0.048878606289920086 0.9998059220904599
-0.9762112824873145 0.22138774117929994
-0.9924300689951713 -0.13070408621860094
0.7054495612729681 -0.7101703432978436
-0.9830337613895643 0.1888004872035161
0.539200740018266 -0.8433644301034721
0.8386933870448648 0.5464379219336927
0.9226616382122513 -0.38819647264173407
-0.7453316960562841 0.6681928335846343
-0.8741168701604474 0.4877711525919749
-0.9437826381606678 -0.33357957357501683
0.9433446103818635 0.33481628703438265
0.7990673419999089 -0.6029032948568125
0.9955237738419755 -0.10456297487844894
0.1778216101615995 -0.9850789181377988
0.982032902365822 0.19393911073055897
0.8611173436518964 -0.5103703757683254
0.860855045468248 0.5108126767141362
0.3376741186087515 0.9423254159905711
-0.8016924859577564 0.5994081730831442
0.9482794738017329 -0.3205729863327672
-0.949245754946781 -0.3177003253311456
-0.7610315944360136 0.6502552670068723
-0.9940173600996559 0.11802748756332512
-0.6485053041378646 0.7625233573504853
-0.8613844048090908 0.509919510463846
-0.29166620768084756 -0.9575655712780575
0.09354539064729514 0.9966194157694526
-0.04009474300896857 -1.0001966864487428
-0.1389976693626371 -0.9913025007089183
0.6405275725200613 0.7692369133378595
-0.024232801645776587 -1.0007066359949834
0.5449632779573482 -0.839652324285464
0.6060156280462843 0.7967095195638544
0.47416920155133013 0.8815693780413281
0.8579599440494914 0.5156604836581854
0.07296465021915498 -0.9983371974530431
0.6329637238264948 -0.7754727102353098
-0.21257996050591826 -0.9781670411495688
-0.6650678992748753 0.7481214402449006
0.6887309960934518 -0.7263956325723068
0.9895478079152584 0.15098389268430834
-0.5022681852965349 0.8658681597327191
-0.5188321437607063 -0.856045680206769
0.8595363799433499 -0.5130284705100502
-1.0005680830819461 0.029402569916928006
-0.3644980595707562 -0.9322779438392573
0.8821460259457626 -0.4730955388799368
1.000113732556965 -0.042113203997983316
0.8296534055448105 -0.5600680553896091
-0.4957889493906606 -0.8695943408636609
0.9819234532955946 -0.19449249823079137
-0.3641915075291615 0.9323977401536517
-0.6261415174274255 -0.7809915493484427
-0.49041584950529404 -0.8726358315780992
0.990185036744269 0.14674669675243301
0.018957067973647233 -1.0008204781946872
-0.030013213366496726 1.000549952287949
-1.0009991553007775 -0.001300418059704779
-0.9045584862283695 0.4286898004294487
-0.9981291093425039 -0.07575804302607049
-0.9927468622570479 0.128275747820022
0.8998762267349536 0.43843332053718564
-0.9405484922790812 0.3425923724655105
0.9399618986766358 0.3441985314265793
0.9475783514257267 -0.32263953246510557
-0.9078643350438791 -0.42164362814506673
1.0009993042360965 -0.0011802198314308098
0.8946785833446788 0.44894457620552536
0.4737696747619699 0.8817841545842935
-0.3744202020991836 -0.9283374991133378
0.7510414254042183 -0.6617686735761977
0.22736793156147017 0.97483579319671
0.5630811045258611 0.8276114243568271
-0.7385731420099461 0.6756557658316519
-0.7312726532881086 0.6835505149972237
-0.7235940821484941 -0.69167377012554
-0.9482528467960946 0.3206517402776765
0.22456823123478753 -0.9754845511437272
-0.6111993979933256 -0.7927397403262918
-0.5741401208793725 -0.819978122632927
-0.7582008558769165 0.6535537178744462
-0.4368290089050492 -0.9006561036150438
-0.3319981694957815 0.9443400952259998
1.0009239227930744 -0.012341020238365407
-0.32080862529923165 0.9481997816565964
0.8772427685651714 -0.4821266690405263
-0.19382416767795946 -0.9820555951797975
0.06513053709688002 -0.9988788781115917
-0.9450832979622187 -0.3298765828500959
0.8003805215038667 -0.6011588981269415
0.07438737627629384 0.9982321965608649
0.8568144541601053 0.5175615819806575
0.3179372200077492 0.9491664364766298
0.08117701862489823 0.997703007736858
0.04875399285062087 0.9998120064197678
-0.9860246671358519 -0.17250030666532826
-0.7823405708481123 0.6244551474726188
-0.8088940751592016 -0.5896536060877945
-0.5682029439583082 -0.824103400355266
-0.09843717973150488 -0.9961481424198448
0.6680898355428619 0.7454240213759628
0.9469297382217655 0.3245382425404726
1.0000884064031348 0.04271041299306809
-0.3710897764029742 0.9296738018515907
0.41388025756448965 0.9114297188474555
0.9616698966434787 -0.2778345008988645
-0.9981322321437193 -0.07571688818088401
-0.7491227375209032 0.6639398497824844
-0.49943378626920204 -0.8675061343488063
-0.887129716501504 0.46368293703775776
0.9851353250054836 0.17750884886771173
-0.5144306832953206 -0.8586978933736298
-0.9756385836355838 0.223898088695621
0.4525525848407375 -0.8928589798809032
0.9867930349059801 0.16804911859645358
-1.0008990984739543 0.014212483035185885
-0.24104269705555129 -0.9715448616487999
-0.8897967908194041 0.4585440775405234
-0.8055343173953715 -0.5942351920732841
-0.2675121471338367 0.9645922719656448
0.0436497019257803 -1.0000478506160546
-0.8923872792249867 0.4534820215592075
-0.9892389670232298 0.15299433362975687
0.8192355628740643 -0.5751991763923303
1.0007540628547416 0.022187962496096628
0.9971845049375231 0.08731588121588701
0.5477360596660399 -0.8378461726006274
0.32804533905240607 0.9457204954562378
0.3390323326548013 0.9418376067107557
0.8576735461064439 0.5161366953716794
0.4096103044857237 -0.9133566655250909
0.8214851646915298 -0.5719817516247614
-0.13232799063388934 0.9922148471449102
0.9283457678886796 0.3743996998438672
0.36845117215308654 -0.9307226943289911
-0.8124755744939921 -0.5847088513530966
0.19046380538819468 0.982712846581873
0.7294023771239756 -0.6855458936102627
-0.04431444060651997 1.0000186150036063
0.78675743318506 0.6188810397225429
-0.584028654978012 0.8129646549294589
-0.6782186433845859 0.7362203961896002
-0.3888388448761339 0.9223911061558399
0.09966222648131341 -0.9960263252609277
0.9727934497675629 0.23595318198601237
0.5619386770678787 -0.8283875440970865
-0.17260564215178578 -0.9860062333968126
-0.12782068573710204 -0.9928055561376039
-0.4630799184100684 0.8874446400566767
0.9870910316241032 -0.16628979309405545
0.8246584994150495 0.5673970032900411
-0.8796810605685516 0.47766330367423915
0.8310629221615843 -0.5579743895630412
0.3417909178245459 -0.9408400334236711
-0.5700671031674935 -0.8228149839947145
0.8401177606568868 0.5442454852627239
-0.9931997203671966 0.12472095037531754
-0.9734961916215502 -0.23303683163469693
0.5910914143237114 -0.8078440071652414
-0.9779316514377865 -0.21366020948263584
-0.24677070012261385 -0.9701057785422139
0.5841300730557663 -0.8128917872336177
0.6477714642609658 -0.7631468601057101
-1.0009806833861699 -0.006218640346276446
-0.6095377306343128 -0.7940181074340634
-0.9908148141327477 0.14243245450068057
-0.6850546781294375 -0.7298637461697717
-0.11222810323698863 0.9946888221166597
0.24894271515183292 0.9695506817968998
-0.6722000590996877 -0.7417196778745837
-0.997660657069402 -0.08169585874356822
0.8458813209816184 0.535243674240427
0.6487553082180514 0.7623106650565117
0.5946393410114563 -0.8052360238597507
-0.8886206048004516 -0.46081929291651813
0.7004897837355352 0.7150629782628543
-0.997655898511687 -0.08175394892504197
0.2962819704369701 0.9561474750235899
-0.8698452909437457 0.4953485336841025
0.5649159661845969 0.8263600614439951
0.17476210469574183 0.9856263017809106
-0.8564089807884282 0.5182322429422215
-0.8884693605954 -0.46111082754930055
0.3716677686365332 0.9294428813847252
-0.501622457202073 0.8662424085846608
0.06358350764588225 0.9989785470947042
1.0002830047738824 -0.037880210671708325
0.9197607126534917 0.39502054561647953
0.8412168544519377 0.5425451168207004
-0.7702993873318855 -0.639249445737829
0.6462746048012952 -0.7644148972834908
0.17627605617690217 -0.985356662340453
0.1258009304150102 -0.9930635054752126
-0.8875713848046923 -0.46283694415623383
0.984064755444999 0.1833509124356194
-0.6634796083501759 -0.7495303925148714
0.4071924171232776 -0.9144371686656786
0.5663587397666162 0.825371902774725
0.9447873320965953 0.3307232938723817
0.5165074346080685 0.8574503309198684
-0.580110830631363 0.8157649319406848
0.6700974296378116 0.7436198187197529
0.8947189597242371 0.4488641031648432
-0.05264933551363969 -0.9996144494103575
-0.4388357835778656 0.8996800292612928
0.8729084620498431 0.4899304204494527
0.989892297114899 0.1487085744420559
0.22824005263565358 0.9746319707319652
-0.31051177669552765 -0.9516214775494439
-0.5700136601492388 -0.8228520081055086
0.8107933130940301 -0.5870393542531931
0.9090930520873542 -0.4189878550107378
-0.14471598276901532 -0.9904838637409487
-0.8071310741864708 0.5920645480710643
0.13259269612490726 -0.9921795084229104
0.14664246089663094 0.9902004790254244
-0.6578438252155603 0.7544816111912598
-0.7676292935294169 -0.6424533194836246
-0.4584752333828329 -0.8898322653031621
-0.48691656641570097 0.8745931953485256
-0.6475083923594602 0.763370081824057
0.8878517757937284 0.4622988473054231
-0.5564058559959623 -0.8321138884872674
0.9281673899649021 0.37484169486029867
-0.8925609598705024 -0.4531400808966774
0.9669372677184345 -0.2589079378798739
-0.8332225945889605 -0.5547441823637637
-0.9948992187760165 0.11034738093345102
0.006098772243724989 -1.000981420895073
-0.9957127513057324 0.10274783154484811
-0.5314465862318827 0.8482720825197998
-1.0009867844234852 0.005143676654977782
0.8824355104200764 0.4725553617827855
-0.895902754398906 -0.446496645743788
-0.04142373250897604 1.0001425270355344
-0.9945405842069436 -0.11353425194764535
-0.5002336298363533 -0.8670451635184561
0.08113754865388546 -0.997706218382164
0.9089461907304792 0.4193063585930354
0.3773103855068934 0.9271665831923838
0.003757445509767407 -1.000992947828925
-0.30311135116885884 0.9540044595244767
0.9979623973487313 -0.07792338210045278
0.27449511353659467 -0.9626283980044076
0.3932584043765594 -0.9205155226215377
0.15097588467287373 0.9895490297338698
-0.5104810788497802 -0.861051722102897
0.19360461137133989 0.9820989025835191
-0.6163982065455644 0.7887041593445616
-0.5665326830566053 -0.825252518341316
-0.2746088696326067 -0.9625959529933118
0.7673214867268027 -0.6428209206360423
0.6651880812008331 -0.748014583165565
0.26285858998184947 -0.9658707789724016
-0.625949239134832 -0.7811456650500757
0.894647577917325 0.4490063600069201
0.6231944888896837 0.7833451531844222
0.6969914919370971 -0.7184732842404785
0.9876476350631552 0.1629513699057374
-0.4005444673442443 -0.9173685898699145
-0.8406842143601634 -0.5433700872569588
-0.9624882380722817 -0.27498616614752613
-0.33730278224956517 0.9424583985973611
0.5058522648288638 0.8637791883158039
0.6384143973345753 -0.7709916064886381
-0.0035081949480072817 -1.0009938524127941
0.8776576241403198 0.48137105728156226
0.8920915531256213 -0.4540634986892438
-0.650888070563832 0.7604904467497879
-0.7798883236721408 -0.6275151014914765
0.908411122059009 0.4204643068317362
0.8572783743828297 -0.5167927909864194
-0.6177931402712916 0.7876119830435138
-0.4338884059191783 -0.902076410959135
0.6225566343500626 0.7838521780455308
0.34830292696248705 0.9384487578282389
0.4166997175828768 -0.9101441343910044
0.8808642646707797 0.47547780939388384
0.9417932130971642 0.33915563354324424
0.9903537315689654 -0.1456038679686278
-0.5364249337973498 -0.8451327057927109
0.9916613748645069 0.13641377350486258
0.883805258538615 0.46998857962666696
-0.9884435508790858 0.1580517216785198
-0.6767417110625767 -0.737578237550496
-0.941840702156648 0.3390237333300906
-0.5785807204238261 0.8168508737547181
0.9551810452081929 0.2993829836095972
-0.8903217066364854 -0.4575240525829173
-0.49209857100332893 -0.8716880155287681
-0.058183989582433586 0.9993075719498333
-0.7086771424861913 0.7069495793319396
-0.5007111326264211 -0.8667694974236037
0.7639876329810158 0.6467796353102536
-0.8793187851531102 0.4783298799749588
0.993242236870394 0.12438190743309961
-0.9922327211755464 -0.13219389936215103
0.7475004700690735 0.6657657600436614
-0.9599206357762606 0.2838192611696737
0.9274633118544581 0.37658040995776754
0.8441532933419909 0.5379648848576186
0.9899379054036352 0.14840466112984227
-0.23271583974066865 0.9735729751455693
-0.7699422381818075 -0.6396795681148404
0.6669795909251683 0.7464175944397983
0.5677274232550575 -0.8244310601161099
0.9967862902400104 0.09175015852606379
0.9509867692295587 0.3124502596419566
-0.96261750645318 -0.2745333063033737
-0.5603945598577448 -0.8294329010123993
-0.5161390716500687 0.8576721160887797
-0.5495623526522914 0.8366494012113309
0.11847356983693497 0.9939642917379341
-0.10131255768016079 -0.9958598122508528
0.890152182529387 0.45785378882146305
0.9988362876454688 0.0657804718941596
-0.35102969416035534 -0.9374322129187195
0.9997753862532764 0.04949926304614865
0.8600523464285239 -0.512163022291526
0.8457973057134298 0.5353764261226889
0.4855907196955349 -0.8753300251594095
-0.3080285537803263 -0.9524281652996203
0.998085243393377 -0.07633378623115367
0.32356681217741706 0.9472621168701639
-0.7513535007945741 0.6614143306912377
0.45435945190642185 0.8919408548010882
-0.510025946546867 -0.8613213882453938
-0.7594091648176435 0.6521493083573494
-0.6756751879749396 0.7385553739260381
-0.232403371945779 0.9736476121822679
0.9461305598704527 -0.32686077109256106
0.969383152347495 0.24959427867007186
-1.00091738048269 0.012860693903132665
-0.14722353883163922 -0.9901142507882051
0.670762416339889 0.7430200406623454
0.7398695557418157 -0.6742358937986083
0.9774883104716087 -0.21567939839344882
-0.9978150974096626 -0.07978741367750673
1.000477128926845 0.032349876264017655
0.9884951384447949 -0.1577287585413832
0.9061299628086517 0.4253580732752013
-0.20342773756732108 0.9801112975515797
0.5935571585261651 -0.806034056080973
0.9780686578475812 -0.21303215845555132
0.0969186397101403 -0.9962970326547882
0.3936550680077147 -0.9203459607298995
-0.9737119736859051 -0.23213356564852716
0.4989574111777591 0.8677802151644093
0.8259099037977259 0.5655738950913762
0.8841552148929547 0.46932990100524513
0.3598951889689093 0.934064480085306
0.8643371323043226 0.5048983281017475
-0.4755396300106228 0.8808308919930998
0.9779918208281569 0.21338462548465426
-0.7498497027046375 0.6631187098504814
0.8742423552131106 -0.4875462074013431
-0.6017164856013636 -0.7999614184168784
0.30485680559991235 0.9534481255314403
0.06297786014929259 0.9990169113338454
-0.9247272594505864 0.38324991275799125
0.9913208927625027 -0.1388664378910709
-0.8643241893736539 -0.5049204844959017
-0.5530058420170542 -0.834377335918833
-0.9119131460316893 0.41281401877187623
0.6404002084681022 0.7693429488817137
-0.5237407130437369 -0.8530513850293181
-0.5998606378087282 -0.8013539887014388
-0.8198868174006899 -0.5742704995492697
-0.8985741281638143 -0.441095835612445
0.8076990412131764 -0.5912894881725157
1.000399498592885 0.034667610461412056
0.8154533121296599 -0.5805487884207213
0.8847696753473565 0.4681705048224774
-0.8412824478725252 0.542443400643433
0.3974832065830596 -0.9186991349100361
0.9749651487132018 -0.22681260722156607
-0.9965983247970925 0.09376981930039541
-0.6551712842853381 -0.7568035334536307
0.8873576365927397 -0.4632466133503269
-0.6777510461807239 0.7366508802688925
-0.4135549920114188 0.9115773519468523
0.9796280445849658 -0.2057423006156885
0.9353316579119021 0.3565889646466539
-0.2024676626937923 -0.9803100762326749
0.8736185746409496 -0.488663059829895
-0.18154624341088194 0.9843992896703028
0.8026318967444792 0.5981496788667194
0.4765931945697191 0.8802612833073087
0.36075321446519965 -0.933733429975079
0.07076518508913045 -0.9984955125484045
0.16687840114418795 0.9869916915716967
-0.7619887919681374 -0.649133330614704
0.1989003865905538 0.9810400788011304
0.6677282603969922 -0.7457479267602469
-0.6141267249061422 0.7904741398401692
0.690586074928721 -0.724632233008264
-0.12240579130380799 -0.9934877061419978
0.8873027538400735 -0.4633517271229513
0.27560301675776677 -0.9623117879118067
0.9780745132154843 -0.21300527363962926
-0.32193681094071885 0.947817329321067
-0.02777643046769761 1.0006145461217686
0.31757451619356536 -0.9492878523737797
-0.9982421500421211 -0.07425368596428977
0.18934037400117018 -0.982929917528761
-0.050760374775700855 -0.9997121507477191
0.12417736717163497 -0.993267829682569
-1.0001520399858321 0.04119340860111433
-0.9457295990926192 0.3280190930420264
0.9135440713593524 0.4091921671833155
0.6520602221979689 0.7594856592636463
-1.0009287441729533 0.011943579377823343
-0.6643192390039102 0.7487863171087367
-0.9727922888878696 0.23595796803731747
-0.346079038168514 0.9392711532567984
-0.3820966624692771 0.9252043777078874
0.1895085775713852 0.9828975017909397
0.4792033374031792 0.8788430812276187
-0.9718448690820928 0.23983025338520136
0.37692350149110154 -0.9273239315491042
-0.6412629093898626 -0.7686240179963469
0.9989942185271224 -0.0633368088032851
0.6664271511540559 -0.7469108729993753
0.8533502402247541 -0.5232536359246388
0.5933405274774963 0.8061935365982081
-0.960442311784749 -0.2820488711793877
1.0008426683829168 0.017746919286534612
-0.8084818541533128 -0.59021868108763
0.28691517920601833 -0.9589998331288585
-0.999280429521248 -0.05864830070709762
-0.13104918613899844 0.9923845579271707
0.6719978380676993 -0.7419028950154718
-0.9911935167972861 -0.13977271643288638
0.1746835345031687 -0.985640229887904
-0.08492846389169019 -0.9973906737186777
0.06844855828390498 0.9986569956040235
0.7271744854108586 0.6879086187622981
0.9929582042344957 0.1266293988116726
0.626952076648444 -0.7803410110882316
0.9072441568799894 0.42297640573336615
0.41796866581379966 0.9095620893582979
-0.401260413883291 0.9170556582074013
-0.5177267544269316 0.8567146594698586
0.9666968356253389 0.2598042108818801
-0.33638312966899847 0.9427870332551724
1.0007054918548917 -0.024280003530872344
-0.4386637710567616 0.8997639112357535
-0.11073036470836184 0.9948566662246141
0.8926202846394421 0.45302320851166267
0.9997468668548638 0.05007197034153063
0.9109123235648279 -0.41501775718362494
0.6185768283646843 0.7869966374834698
0.6565063222153621 0.7556457165175088
-0.30946866339984913 -0.9519612105403827
-0.22853360501840492 -0.9745631797771203
0.6481622772109775 0.7628149594762021
0.9066191283209499 0.4243144543408355
-0.7511766697901758 0.6616151530632751
0.9181507447111382 -0.398748304054553
0.965771237834024 0.2632240797733695
0.018294063662435984 1.000832816825425
0.6286754729635102 -0.7789532397352917
-0.05808591097339537 0.9993132776794227
0.41366005622343294 -0.9115296801998419
-0.17661796711532946 0.9852954347260766
-0.9943783505993271 -0.11494649128773711
0.7935919270381481 0.6100924957249341
-0.7123001762848711 -0.7032989825561683
-0.5290975755054218 0.8497392279954389
-0.9635301390625496 -0.27131286574378244
-0.5136839946432646 -0.8591447803760076
-0.3483570923114375 0.9384286527149097
0.9345725299712139 -0.35857382255709136
0.6609950166105512 -0.7517224142035523
0.7490128606757727 -0.6640638030658617
0.9903032932219933 -0.14594652251312756
-0.42817488440803214 -0.9048023366250599
-0.9451004054098986 -0.32982756660722795
-0.9273039558939137 0.3769726427520948
1.0005328754914842 0.03057719837954983
-0.9701664164791429 -0.24653219736176082
-0.6932932525357586 -0.7220425652192459
-0.9920721020844291 0.13339394388720283
0.6541196637112484 -0.7577126536796672
-1.0009086931886384 0.013519907522323262
0.05370845263904834 -0.9995581034212664
0.6891601164163937 0.7259885219071598
0.8709915046792667 0.4933303140660901
0.8842402983620916 0.46916957995219527
0.5249394661849488 -0.8523142359725437
0.36064611623389325 -0.9337748009265452
0.8309265982491428 0.558177380697308
0.4417290913224902 -0.898262995942395
0.1291553434267437 0.9926328108945018
0.9808293023340389 -0.1999371893443605
-0.7838383314448603 0.6225740680093714
-0.11970190445229525 0.9938171129893536
0.5252861342456807 -0.8521006261992938
0.5421563795829204 -0.8414674444549476
0.7608187501551763 -0.6505042885426009
-0.9690744147400054 -0.2507903082184713
-0.2897021639696166 0.9581616023361202
0.9956476426224511 0.10337684334683456
0.9786680515802753 -0.2102613726200505
0.6163682699824481 0.7887275548368042
-0.9009259116013857 0.4362722794370647
-0.9983115719179244 0.0733144281486449
-0.5653570170763421 0.826058377623846
0.9993066556373592 0.058199725075608874
0.3635062181844749 0.9326651217565824
-0.9072632747270589 0.4229353973499183
-0.29721947392986653 0.9558564663781133
0.5998986793170883 0.801325510983903
-0.35609236215317513 0.9355208333416055
-0.9995168336976975 0.0544710854943182
-0.95290815471393 -0.3065404519467093
0.9799528828012445 0.2041894891749581
0.6000841079442484 0.8011866595199622
0.1262941299176694 -0.9930009026926102
0.6947965021622222 0.7205961563754979
-0.2730969328805655 0.9630259940682951
0.3668101434863539 -0.9313706666174968
-0.4961357134512982 -0.8693965457937888
-0.9740290065681613 0.23079968449683996
-0.4339828913139928 -0.9020309584746784
-0.4654360693957201 0.8862111855000829
-0.11229461440162208 0.994681315586249
-0.9673199287289828 -0.25747457249941363
0.7558267607415394 0.6562978803462279
-1.0009385959298644 -0.011087252948847293
-0.981627694464788 -0.1959797679857408
-0.9807154738998557 -0.20049478610024107
-0.9943209108017561 -0.1154423074196207
0.2148474046591307 -0.9776715157511933
-0.7485824823899604 0.6645489199892546
-0.601336426376729 0.8002471507681017
-0.7923297011460696 -0.6117308596775055
-0.8257494005221636 0.5658082073788674
0.26672520707552305 0.9648101698834436
0.3415182720633016 -0.9409390362010158
-0.9970811135344932 -0.08848871698027401
-0.8891873624881318 0.4597247376326401
-0.8819665479804815 -0.4734300457759235
-0.7956541815265908 -0.6074005461137245
-0.7897622461414835 0.6150419453741013
0.9956752709016824 0.10311040158423151
-0.8062527099180378 0.5932601181183684
-0.7455800940003744 0.6679156559255014
-0.7239530674875261 0.6912980226178876
0.9928950542643847 0.12712360605853099
-0.8241208205101251 0.5681776774933331
-0.8553936235828133 -0.5199064807577072
-0.7884732081252667 -0.6166936030709658
0.9485763868447609 -0.31969335044779773
-0.9865255633479922 0.1696122426622749
0.6601694029262432 -0.7524475791973867
-0.9807484346618861 -0.20033349172881737
-0.2672302399930267 -0.9646704094317755
-0.8667272577749777 0.5007842455887238
-1.0006078517472015 0.02801654907104652
-0.8338230180175031 0.553841290104108
0.5939851388965035 0.8057187193866737
0.6188309291594346 -0.7867968486945476
-0.26538436832950074 0.9651798469955493
-0.16837257252779483 -0.9867378967184611
-0.8144332506819558 -0.5819789344844214
-0.31935478680982765 -0.9486904237640694
0.12571030436722072 -0.9930749817490625
-0.6817596207467717 -0.7329425758674537
-0.0057667483938831235 -1.0009833887797348
0.7121614293457955 -0.7034394775331803
-0.9991350430859277 0.06107508229778682
-0.47439259776908255 0.881449183550533
0.9810538675635724 -0.19883236391130277
-0.6553524029808753 0.7566466995283812
0.06001550162852671 0.9991992491812013
-0.38256987253910996 -0.9250088067826214
0.9961059780614536 0.09886293779892959
-0.9357031697931668 0.35561296101101253
-0.5168086540976923 0.8572688114294909
-0.7301800941125032 0.6847174820039693
-0.8512465596037114 0.5266690562040313
0.22505040993113168 -0.9753734223310729
-0.6519038639394771 0.7596198734767144
-0.9830855614882403 -0.1885305778735938
0.7666324769272429 0.6436424825323452
-0.7670740230347868 0.6431161972654922
-0.9058722025594943 0.425906741705283
-0.7391600504779208 0.6750136441417148
0.5041110740094548 -0.8647965223455942
0.35369614329776705 0.9364294090940787
-0.9875863505809238 0.16332238103289026
-0.5338517507272029 -0.8467604786747551
-0.11678046787420453 -0.9941646354216599
-0.25787780646594094 0.9672125086723778
0.4569696518126293 0.8906063874250196
-0.49774863695100957 0.8684741184476439
-0.22712720465968178 0.974891908317778
-0.47359518337270007 -0.8818778839987873
-0.7473540414681694 0.6659301289934205
-0.9946617282030206 0.11246797965723615
-0.6024900073735455 0.799379003361375
-0.8539313290059396 0.5223047820402853
-0.3518152698835591 -0.937137671784012
-0.9855298939696501 -0.1753049574089973
-0.14944941526723837 -0.9897807192890153
-0.9912240610081863 -0.13955594175254343
0.29649226717172134 -0.9560822849040622
0.9470960205511934 -0.3240526621647993
-0.2986560638323569 0.9554085804179084
-0.6674410511438246 -0.7460049887554551
0.9656071632884253 0.26382533276029474
0.5335577161290224 -0.8469457854899459
0.08109752189142148 0.9977094727139111
-0.554040825422409 0.8336904484071146
0.5932789451450425 0.806238856200559
-0.911127367852397 -0.4145454372567173
-0.7113022486116046 -0.7043082500724203
0.7105838967711795 0.7050329961423691
-0.2943168861250139 0.9567541850139333
1.0006876022186044 -0.025006454486393492
0.5870398512715215 -0.8107929532372058
-0.9612046441402314 -0.27943985414262423
0.9860445434537405 0.17238665355851762
-0.8469530702622202 -0.5335461524305076
0.14732678452505854 0.9900988933240492
-0.07589146220703062 -0.9981189738523554
-0.7100538878727222 -0.7055667766532319
-1.0006559927500773 -0.026240887434637712
-0.9374854734072615 0.3508874280312173
0.9772239608014375 -0.21687399667906407
1.000972594820148 -0.007407051979012916
0.9583195352790768 -0.2891793013036969
0.48059264445473193 -0.8780841133376731
-0.7082077532973563 -0.7074198033484156
-0.9915738471603349 0.13704855208156247
-0.9857872903961733 0.17385171294344653
0.8969206713026691 -0.4444483202690382
0.8801838988329714 -0.4767360949573562
-0.9733669448414746 -0.23357609186295988
-0.2552802008446499 0.9679013477915583
0.10828375396026249 -0.995125936064513
-1.0009999222913353 0.0003944271043196725
-0.8795638104465379 -0.4778791723362368
0.962080617166362 -0.2764089109865889
0.8994896242830606 -0.4392259279768427
-0.08175011361508512 0.9976562127927239
0.43230033141120366 -0.9028385367615648
-0.9435593212551663 0.3342107228568376
0.28520690947260086 -0.9595092593555768
0.9870383372729691 0.16660228315786216
-0.5991025963921106 -0.8019208682882818
-0.9932864736247018 0.12402814726587097
0.10663641407466877 -0.9953038104987321
0.00945769589795394 1.000955319676309
-0.321262526048683 -0.9480460903125012
-0.16690113667882248 0.9869878472277747
-0.07084517579019112 -0.9984898402423816
0.8227855116095096 0.5701096402320148
0.13080981298408179 -0.9924161389392403
0.9092982105059076 -0.41854242839974304
0.45334408525090975 0.8924573605321522
-0.49984062913102506 0.8672717829319141
0.335097296359286 -0.9432448261043879
-0.6011201202298307 0.8004096457782564
0.8118176258846649 -0.5856220131646231
-0.03425054750290572 -1.000413864356023
0.9834993271050539 -0.1863600643483092
-0.9303322311188241 0.36943597515871535
-1.0009672713211955 -0.008094550253110018
-0.6591254382842817 -0.7533622346564457
-0.25778367024210636 0.9672376023276333
-0.533708198709317 -0.8468509660090471
0.716259278978333 -0.6992665051877135
0.987678594175146 -0.16276361573830692
0.7815030648894029 -0.6255029652755211
0.03738069248199453 1.0003017963742575
0.8577664773779301 0.515982238344167
-0.054596174483734994 -0.9995100088201927
0.9628465638366861 0.27372887043183114
0.2279844440610591 -0.9746917939872941
-0.5753030159082565 -0.819162645563666
-0.9373893075994758 -0.3511442524065792
-0.36331593924974953 -0.9327392606120278
1.0004758256658057 -0.032390156812283154
0.5551207643732203 -0.8329717503983503
-0.1622079147300846 0.9877700098701709
-0.21629556871055686 0.977352150944672
0.971327037736317 -0.24191896528050752
0.8064621786084888 -0.5929753405277912
-0.23497371577113985 0.9730304994689034
0.4418780371411148 -0.8981897351296749
-0.9985290876688032 -0.07028983624470551
-0.2808831367075404 -0.9607838797114225
0.20549437027469059 -0.9796800823663858
-0.145561415772817 -0.990359972049665
0.17241482640310743 -0.9860396176809461
0.9764921699599142 -0.22014550190039792
0.06033365852302921 -0.9991800886973412
0.04412390567449177 1.0000270401084306
-0.6581758300515479 -0.7541920025669564
0.924883812247401 -0.3828719548918596
0.839541110598584 -0.5451345922016839
-1.0009447358994459 -0.010518349451733463
0.5493425615687306 -0.8367937320804365
-0.6823007160544705 0.73243889360926
0.851428997713522 -0.5263740702699434
0.9052221726771369 -0.42728657607475096
-0.48561657774721156 0.8753156798647482
-0.21218773598014512 -0.9782521989239893
-0.9236136445839815 -0.3859259456661274
0.1632255068763215 -0.9876023662917014
0.8677000551338484 0.4990967985478533
0.5235223117189646 0.8531854365449701
0.9866865635318574 -0.1686731316650457
-0.27752889356449495 -0.9617581365587022
0.29520216391295645 0.9564814072532241
-0.9872565903413137 0.16530403754186854
-0.9572424865342706 -0.2927248229544034
-0.23903094234063943 -0.9720417730754918
0.9930550465553166 -0.12586768652445346
1.0006442892934297 0.02668344626255666
0.5520817424808143 0.8349890715568364
-0.2502904144020153 -0.9692036465358905
1.0008825140484896 0.0153360057373137
-0.41571756344948174 0.910593162416469
-0.7007810128862257 0.7147775681833863
0.7758296638931326 -0.6325261517308743
0.18221003296603897 0.9842766399171093
-0.04981571414789451 0.9997596684323364
0.597843157051854 -0.8028602366329225
-0.7303107024433109 -0.6845781751536911
-0.33261237621333983 0.9441239363503691
0.9861811511042248 0.17160343005530615
0.5502650508812651 -0.8361874035039267
-0.5621795995919722 -0.8282240625595285
-0.8260938751951807 0.5653051471241077
-0.40907473412730877 0.9135966625916886
0.9017928868663324 -0.4344773747818016
-0.9894149853028642 -0.1518518582636808
0.07955519303592273 -0.9978336390706705
-0.9488254599368676 -0.31895336112916506
0.5343425558347061 0.8464508450134798
-0.9899837181006095 -0.14809874373435095
0.6493902275842252 0.7617698683448357
0.8099497866940283 -0.5882026377315033
0.9971540834170735 -0.08766261417877123
-0.6949248711679165 -0.7204723613243292
0.027038561098288057 -1.0006347566488654
-0.16902601843077872 -0.9866261729213542
0.1853636044127895 0.9836876202123817
0.7589509697019304 0.6526824845118026
-0.9482983264829536 0.32051721325013016
-0.553719770594076 -0.8339037208534591
0.3419776478070925 -0.9407721766720826
-0.9972994949066093 0.08599254304311371
0.20307282309704705 0.9801848950679639
0.28327439663657594 0.9600815674775679
-0.2940236967631659 -0.9568443268064675
-0.4583666381439108 -0.8898882092918464
0.9701852101689789 0.24645822763578884
0.7903603490524576 0.6142731628890175
0.7601752648192291 0.6512561452738966
-0.7843137088744072 0.6219750847676068
0.04326652774043746 1.0000645017084078
0.929830850702328 -0.3706960872226534
-0.28612355485625607 -0.959236316741823
0.9001615235085729 -0.4378472697125391
-0.9136527902768259 0.4089493597248569
0.7428691026210726 -0.6709295763125682
0.3964190798516945 -0.919158807350251
0.4090700108715855 -0.9135987774759338
0.2543068819078821 -0.9681575335730702
0.6108385420879884 0.7930178279835964
-0.877733270712523 0.4812331092976632
-0.5882920864939527 0.8098848195691729
0.7072641282483588 -0.7083632210194775
-0.5932956853990059 0.8062265374489503
0.9442886129217677 -0.33214457018937427
-0.2713768930169164 -0.9635121078307657
0.07469478083089802 0.9982092414502203
0.8728262861428403 0.49007680440732615
-0.9574149231661743 0.292160341077821
0.5174325459716029 0.8568923855241946
0.9317763561311678 -0.365778378468333
-0.00961721265627784 -1.0009537997433868
-0.9914908481507907 -0.13764773166756403
-0.9365105915747011 -0.3534811336809979
-0.9897625028305229 0.14957001033181488
-0.9891893140685308 -0.15331503818161324
-0.7938260316444419 -0.6097878577699276
-0.9996326185236706 -0.052303231100092884
0.9981949685713338 -0.07488527705012388
1.0006132874570643 0.02782173546647054
-0.7431545746296883 -0.6706133596991393
-0.8181452661330535 -0.576748925880296
-0.0522531619272849 -0.9996352370082804
0.5676108883357873 -0.8245112973408297
-0.8212744566610759 0.5722842535279601
0.47764456064268423 -0.8796912377013067
-0.22200277154607526 0.9760716005631253
0.12248592868710267 -0.9934778292813876
-0.7836102983433156 -0.6228610602135116
-0.3103020707840034 0.9516898785146133
0.8883417522159558 -0.46135662048992565
0.019350221604513718 1.000812954014813
0.6994068417890057 0.7161222449126468
0.9986171689359674 -0.06902716788564867
-0.12734111579066082 0.9928671815651827
0.0883558363786996 0.9970928974663397
-0.9971957313814263 -0.08718757546039725
0.22576320037266695 0.9752086840043473
-0.7064137338184321 -0.7092112778803658
-0.9958675819686597 -0.10123615551716117
0.8557722119597798 -0.519283083912297
1.0002509218371225 0.03871812707229739
-0.8584303550260375 -0.5148770004281326
0.9213734083151395 0.39124422353530447
0.9572568332676172 -0.2926779034407162
0.0766981023622732 0.998057313531656
-0.9734354358926084 0.23329048876576028
-0.3195014378207097 -0.9486410444580707
-0.4060828340239563 0.9149304519530826
-0.9987651510575767 0.06685187381768613
0.9959104254070761 -0.10081381138265069
0.6852864393059224 0.7296461444449703
-0.8899197216350255 -0.45830545386787475
