1000
0.7386038513656001 0.6756221952747722
0.3823096057900033 0.925116406362298
0.03717083923939921 1.0003096164239544
-0.7326412368911251 -0.6820834391822177
-0.968608888329676 -0.2525823062859893
-0.3991410873852637 -0.917980060982214
-0.369118574600502 -0.9304582085644113
0.8596546589622981 0.5128302519590815
0.6738518449090393 0.7402193533762029
-0.08438677829797747 -0.9974366504437703
0.5767374327337074 -0.8181533680696623
-0.9761912506788355 -0.22147605310301863
-0.44054574612134445 -0.8988439495120318
-0.16075302527114024 -0.9880078263182818
-0.876933437148163 0.48268907881938755
0.1520130225597549 -0.9893902369501366
-0.12229115003319223 -0.9935018241672027
0.9830571670230853 -0.18867857950638126
-0.9998207414751016 0.04857452950032826
-0.6289804066633243 0.7787070360755958
0.2049217913546736 0.9798000099142639
0.28979565863072304 -0.9581333290512263
0.7256267757060861 0.6895409939796107
-0.48091258949520105 -0.8779089253817962
0.8312910900875724 0.5576343995316425
0.7510037341337958 0.6618114469522984
0.6660104218211784 -0.7472824887722018
-0.49016533554405106 -0.8727765715410719
0.9232801285419522 -0.3867231622744574
0.2717755774652405 0.9633997277835588
0.5367469452318511 -0.8449282317358536
-0.5628859229504066 -0.8277441861736444
0.28824895838812176 0.9585997798811363
0.3067684288031321 -0.9528347868805261
-0.6732341046507577 -0.7407812364896216
-0.20358383174350483 0.9800788863416211
0.00046536176472867705 1.0009998918273808
0.14888096284434674 0.9898663843683855
0.24247381040924942 0.97118867953947
-0.7886050148063022 0.6165250446026925
0.6559184893799203 -0.7561560257576232
-0.02009776652068548 -1.0007982213118087
0.42488519237102407 0.906351793347284
0.6976094333489947 -0.7178733025419558
0.8783823676787984 -0.4800473061594953
-0.7308724435064446 0.6839784143691371
-0.9954580451603762 0.10518688285847476
-0.2110170276891836 -0.978505398056251
0.9758683237604813 -0.2228946268551772
-0.6775394678349668 -0.7368454855164073
0.8879507341996002 -0.46210874654608175
0.8657619648667956 0.5024512117509377
0.11499269900360666 0.9943730080688362
0.17397469228544674 0.9857655940659443
-0.629459186755369 0.7783200705424917
-0.5576679335496557 0.8312685943126065
-0.2508871935567613 -0.969049336261685
0.7656241572372162 -0.644841569577212
-0.9581014094674031 0.28990117139565963
0.48504618124819415 -0.8756318872999909
0.5259421187714242 0.8516958892129427
-0.5947589346661234 -0.8051476942988894
0.578557583076201 -0.816867261594578
0.9303301974826802 0.3694410963223193
-0.9267507943824018 -0.3783304971999841
0.03258930821809819 -1.0004693583463042
0.6530532159982887 -0.7586319905423792
0.10094447742903663 -0.9958971897121603
-0.45774458113950006 0.8902083455222286
-0.9805913359174337 0.2011010490367033
-0.20489176449960475 0.9798062894471736
0.33393218544422815 0.9436579335354742
0.4169771788100925 -0.9100170505828866
0.6377303128062431 -0.7715575468674072
0.6804720588261288 0.7341381185832332
0.19500805065579627 -0.9818211956254695
-0.4231050264569656 -0.907184180079685
0.24221776779267543 -0.971252569090828
-0.6713856332171025 -0.7424569559979018
0.7446550927549458 0.6689467787755039
-0.9423401002419076 0.3376331374081515
-0.5401161876258087 -0.842778442928248
-0.4315981256557685 -0.9031744338334802
0.9106309258739467 -0.4156348359340909
0.5095614900353251 0.8615962441149445
-0.559837157964456 -0.8298092290172969
0.9990574206335856 -0.062331936252347314
-0.23197236222428963 0.9737503905848167
0.25683043416373136 -0.9674911514258253
0.43069253588234196 -0.9036066287579112
0.08537841687239157 0.9973522576965292
0.44829941902238535 -0.8950020284357972
1.0008740218237808 -0.01588056794607297
0.6409059250061458 -0.7689217094685367
-0.8030846844794807 0.5975416216084809
0.6831047381539296 -0.7316890847290612
-1.0000529859883396 0.04353188734486487
0.8963050881102431 -0.44568844390189144
-0.15722050209760868 -0.9885761041620296
-0.37085079566590673 -0.9297691580999898
0.9247836580615647 -0.3831138026517329
-0.7157546684387618 0.6997830053724641
-0.17577274886795233 -0.9854465692037311
0.7481019002583599 0.6650898787606311
-0.9353933111597481 0.3564272063656234
-0.8320183605564132 -0.5565486930152816
-0.8837961746686972 0.47000566128609317
0.030863544711889256 1.0005240834721656
0.9997369860633316 -0.0502688640910634
0.20501222650727544 0.9797810913579266
-0.7166738723575196 -0.6988415848245422
-0.9308468609792455 -0.36813736757504695
-0.9363012418808421 -0.3540352870158466
0.22181698082778356 -0.9761138391685914
-0.9868958807424365 -0.1674440819306868
0.3944789288674579 -0.919993138387229
-0.39912255298633975 -0.9179881195841624
-0.8282734695850328 -0.5621068044256107
-0.20526825494675344 -0.9797274843093434
0.9517954971297939 0.30997795347967644
-0.8297967461381448 0.5598556600576147
-0.39757570123044383 -0.9186591107647716
-0.30103726085746557 0.9546609699654817
-0.9922587084319162 0.1319986952247082
0.9818795958568216 0.19471378800702516
0.01265737083345209 -1.000919972307269
-0.7199671287458198 0.6954482968025013
0.9962870525377502 0.09702117782032006
0.8562412407340321 0.5185093419276505
-0.6245449671607528 0.7822688693755966
0.4944034707832945 -0.8703827939920642
0.39231394672268083 0.9209184367830159
-0.9245274356415957 -0.38373170411887403
-0.9002773579155177 -0.4376090479236632
-0.8063357441240935 -0.5931472563772375
-0.5100564331173412 0.8613033350891051
-0.9120871627004712 0.41242939715423316
0.3493185350075891 -0.9380711919146392
0.764708244866995 -0.6459274728887447
0.8504553374640542 -0.5279457538222102
-0.942185149852293 0.33806529457755957
-0.9912300503062021 0.13951339494816986
0.7103728685797365 -0.705245622167055
-0.7412682433832039 -0.6726978455083524
0.8922891881064896 0.4536749990778219
-0.47104701334367194 -0.883241592781956
-0.7771108571622136 0.6309514368638918
-0.9032530457369911 0.4314335816401515
0.4905330267569406 0.872569968346765
-0.1971886427859029 -0.9813855710964235
-0.9945867221374047 -0.1131293602385026
-0.8815147121265273 0.47427082168786827
0.7413160607545142 0.6726451501850061
0.990812899548 -0.14244577245143084
0.4898147782900102 -0.8729733575365907
-0.6968303991713923 -0.7186295254097468
-0.8483925067077766 -0.5312543219232151
0.27776235515149345 -0.9616907372230927
-0.8971400453170251 -0.444005336779375
0.004631537466195916 1.000989285087857
-0.11214144578066276 0.9946985956249375
-0.33434691486293744 -0.9435110706937336
-0.9993594433495504 0.05728615005458756
0.4607724793455822 -0.8886448797341518
-0.959953502086968 -0.28370807854371316
-0.8300526188983233 -0.5594762281456068
-0.6346220681164781 -0.7741161609600746
-0.9915887459056165 -0.13694071342492192
-1.000534809628057 0.03051384476836464
-0.8841622016447891 0.4693167386559309
-0.6421010979881399 -0.7679239415218314
0.9132577989735731 0.4098306877406141
-0.3961209966194785 0.9192873087545542
0.935633627442659 -0.35579588979988475
0.3466881929366665 0.939046482810254
0.988672740683746 -0.1566116593006095
0.24308071824003802 -0.9710369531690888
-0.29279772405634846 0.9572201903362791
0.6157077122837348 -0.7892433167498663
0.02414326394711601 1.0007088002041251
0.5735736853324575 0.8203744434672152
0.9212864229659806 -0.39144900927010673
-0.6235341966221153 -0.7830747765333865
0.5329423525853318 -0.8473331392202313
-0.8748504998992721 -0.4864541117371643
-0.27916500770722985 0.9612845044375897
0.511387517600378 -0.8605136877717419
-0.5057702637019995 0.8638272051485818
0.9554145723894544 -0.29863689468295107
-0.6307215475520126 -0.7772974523653055
0.49006338518474196 -0.8728338206676407
0.3019545085020388 -0.9543712457923762
0.11605695597780136 -0.9942493565344493
-0.40642538849783244 -0.9147783357646736
-0.4952836136659146 0.8698822575693983
0.16825833281741198 0.9867573832698213
0.9272134956449332 -0.37719508678388625
-0.48461144201655876 0.8758725650838891
-0.9817230404136369 -0.19550159058433436
0.9402068632042077 -0.3435288261321085
0.3708972727273636 0.929750618759355
-0.784714933105434 -0.6214688035302609
-0.04932284857483951 0.999784104998906
0.8217451622870142 0.5716081597194782
0.12903397923504584 -0.9926485945201201
0.9029378723441606 0.43209281258382487
-0.526555476282613 0.8513168213989376
-0.9994082629539287 0.05642804213696426
-0.790562751461202 0.614012651337164
-0.05726805576699028 -0.9993604804016761
-0.670586264956496 -0.7431790236892429
-0.3400445355687392 -0.9414726304199397
-0.9453472968249622 -0.3291192616449801
-0.1711575463269712 0.9862586346062228
-0.938808448089455 0.3473322585016674
-0.01843634326249851 -1.0008302060025505
0.27131715968688047 -0.9635289299545935
0.19104405408157732 -0.9826002083248687
0.9739084488037314 -0.23130787567376485
0.8113072654357616 0.5863288506044595
-0.8424482363068515 -0.5406310841447014
-0.6496153395357842 0.76157790845048
0.15263707532046147 0.9892941540500559
-0.3977254310153411 0.9185942964789522
-0.7897686465788666 0.615033726620732
-0.9994445070606245 0.05578241036693653
-0.6258974626176566 0.7811871518968928
-0.5755840107451545 -0.8189652291608734
0.8384723319879313 0.5467770555635271
-0.9187022903398492 -0.3974759133888687
0.281877532334538 0.9604926115098396
-0.6330720063049985 0.7753843142809662
-0.86414482387415 0.5052273976849576
-0.5360661742833016 0.8453603118134094
-0.6283268748199088 -0.7792344566169073
-0.9702630535865627 0.24615159322027316
-0.54395451353564 -0.8403061865797522
-0.4516741915432435 -0.8933036576068395
-0.8996843297095732 -0.438826966895878
0.4846765380102002 -0.87583654496855
-0.9859260395393002 -0.17306312304575497
0.8065862937689515 0.5928065035946103
0.9086537333618963 0.41993974906823006
1.000997357464174 -0.002300076029358212
-0.4056099889388398 0.9151401733467034
-0.8760103449796169 -0.48436233904866366
-0.6591245591099244 0.7533630038554772
-0.932988593627687 0.3626751772049346
-0.9768917357962583 0.2183656029070821
0.9575790623168938 -0.2916219117492688
-0.9455783905787406 -0.3284547263634955
0.7810001711544137 0.6261307632250445
-0.9528982470893467 -0.30657124896840926
-0.7860841471060783 -0.6197360032050013
0.27369149199487713 0.9628571894157607
0.7161771165200198 -0.6993506543738055
0.3607284442319612 -0.9337429997177965
0.1863763119578266 0.9834962482597475
-0.09475239896846661 -0.9965053852788356
0.27372243649433436 -0.962848392925701
-0.46858332065153313 -0.884551113055194
0.719844080924506 -0.6955756602684953
0.38415485590796256 0.9243516899331836
-0.4677170967070961 0.8850094448354124
-0.8786617533446024 -0.4795357371556255
0.9540984029490012 -0.30281551725459066
0.302533475926633 -0.9541878724568602
0.8324065772872801 -0.5559678858431264
-0.3367682651593939 -0.9426495295609775
-0.6550254697700152 0.7569297417545244
-0.9637409477795086 -0.27056308982020144
-0.28879969542699624 -0.9584340018599478
-0.7117806538162534 0.7038247657285915
0.44180880547252577 0.898223791383272
-0.725503367113141 -0.6896708376519156
-0.9903656613330408 -0.14552270218893273
-0.648330205256338 0.7626722395316842
-0.7105596350964087 0.705057447993891
0.9189648532747724 -0.3968684901143904
-0.743033161588808 0.6707478816808446
-0.14191406340082277 -0.9908891959291247
-0.9685454751674276 -0.25282535974997045
0.807152173649255 -0.5920357831865258
0.710388221321698 0.7052301574715834
-0.6525442827715797 0.7590697985179786
-0.5292625177240294 0.8496365030602331
0.03339831646595953 -1.0004426782466047
0.5888591166690119 0.8094726312333178
0.08568849002965569 -0.997325665305189
0.9071779362708949 -0.4231184136187885
-0.11170909638254807 -0.9947472431655161
0.8255073018651279 0.5661613679573666
-0.9373859863226826 0.3511531185193311
-0.02899467442193983 1.0005799862355662
-0.6692509704241875 -0.7443817156447916
0.1155004139262363 0.9943141628192108
-1.00053314592851 0.030568347982820338
-0.6930200352876522 0.7223048045596134
-1.000987808367 0.004940394784854069
-0.04468317804364233 -1.0000022067975252
0.5244782650470515 -0.8525981172236041
0.3956956645047386 0.91947046776509
0.6257219995978452 0.7813277028361878
-0.9687704737614764 0.2519618406980802
0.05174512995548483 0.9996616635271606
0.9416690639750771 -0.3395001825512058
-0.998224291579334 -0.07449338024909835
-0.3172697416302327 0.9493897571839952
-0.40560693851600266 -0.9151415253542348
-0.7835957747501858 0.622879331647516
0.8440339570938192 -0.5381520967835662
0.8595978380520612 -0.5129254885616645
0.12225220339992604 0.993506617372961
-0.7646233350921953 -0.6460279834747782
0.5795741948615595 -0.8161462814046114
-0.3453896033274797 0.9395248915879165
0.2110153323088688 -0.9785057636675308
-0.8741200808696643 0.48776539875273206
-0.4006570805178516 0.9173194121084062
-0.9500738993734037 0.3152151419735664
0.2237656228815924 -0.9756689735850029
-0.30421947558581425 0.9536516715626792
0.8260485339158151 0.5653713997148533
0.45185610196954556 -0.8932116563910749
0.23892661881969451 0.9720674209227405
0.8252374492172849 0.5665546332079097
-0.6881498849380664 -0.7269461712257147
-0.5746814478043186 -0.8195988247609511
-0.34880871212040204 -0.9382608818174755
-0.8593935038751731 -0.5132677717304612
0.7296191649175081 0.6853151641289416
-0.12872128190356888 0.992689191834535
-0.804857480340776 0.5951516078609695
-0.597242030138845 0.8033075111286032
0.8841975948409101 0.46925005410500464
0.28375458579621504 -0.95993975594285
0.9875717052963202 0.1634109142564166
-0.6254677149053663 0.7815312774362004
-0.8599314107063647 0.5123660496954903
0.21446370242688706 0.9777557569972941
0.571673646816879 -0.8216996054125195
0.9026211425097765 -0.4327540561269712
0.9928507508686808 0.1274691590130597
-0.5581719164062543 -0.8309302688766184
-0.5574338709075237 -0.8314255706706729
0.37028203997595444 0.9299958122869402
0.2928631597074069 0.9572001722138342
-0.5726659672295276 -0.8210083373371245
0.7741741748847845 -0.6345512957527258
-0.9177693808450023 0.39962527895940353
-0.8428368804286882 0.5400249929301765
0.5048215016616793 -0.8643820055161069
-0.6383182207047379 -0.7710712347872521
-0.6378825376215912 -0.7714317002803548
-0.4825991678647182 -0.8769829206867609
0.3673856833618299 0.9311437910767387
-0.3746523010916233 0.9282438544298323
0.8955567647339397 -0.447190206891071
0.9241691248200438 0.3845938490529385
0.9392403226565871 0.3461627020577898
0.7701340021566956 0.6394486834157302
0.6706345559029866 -0.7431354468929631
0.8052107481501912 -0.5946735668107413
-0.7701535191505793 0.6394251769675466
-0.9550011469600526 -0.2999563456654721
0.5864869250550067 0.811193002151475
0.7847065717641248 -0.6214793610653488
0.9867201670120744 -0.16847644349185442
-0.4955185629524675 -0.8697484428094836
0.9124517694084581 0.4116221185788904
0.35762648392750773 -0.9349354512444418
-0.4581224374056222 0.8900139506465793
-0.24223382450959136 -0.9712485646133313
-0.8172851913034065 0.5779670544902662
0.9375996026228602 -0.3505823514688877
-0.8487054504184537 -0.5307542354329445
0.8059384338003136 -0.5936869890131478
-0.950917652105165 -0.3126605490220993
-0.8315460087002953 0.5572541928192272
0.9839759973243356 -0.1838266484750757
-0.5565203510672156 0.8320373181823174
0.3662400074596046 -0.9315950069295073
0.2020605130469976 0.9803940784537533
0.4175172070369426 -0.9097694113499699
-0.9825555302110105 -0.19127370454863887
-0.32901662927748127 0.9453830216684054
0.9446645488592075 -0.3310738439210051
0.873723086867689 -0.4884761687886082
0.5957185978165435 -0.8044379107274167
-0.03666845428371012 -1.0003281583862584
-1.0009884195059953 -0.004814978181625405
0.48718212602930144 -0.8744452962178766
-0.707550655322758 0.708077022754118
-0.652933003345829 -0.7587354566262181
0.7162254819305547 -0.6993011218590635
0.5706883830722842 0.8223841981861895
-0.4825652469669106 0.8770015863268232
0.7844813399497446 0.6217636426091939
-0.3072514463161258 0.9526791425955796
0.2468289890916338 0.9700909494186626
-0.3786519716111851 -0.9266194927773548
-0.9481599003707348 0.3209264765159741
-0.9833916868816681 -0.18692723229114358
0.7636410184523741 -0.6471888402445
-0.2558572519042643 0.9677489688178428
-0.611202335819916 0.792737475264213
0.8468294593309762 -0.5337423224826812
0.9202145788831027 -0.3939620905759766
0.884108444080259 -0.4694180004068693
-0.8242280636135055 -0.5680220938941821
0.41543456036505405 -0.9107223100672862
-0.09679250171973997 0.996309295154288
-0.2589991144263621 -0.9669128496024656
0.3771815076052999 -0.9272190196067989
0.9395293936574042 0.345377356602529
0.9696738600169098 0.24846248247956132
0.9809188098780591 0.19949759002908257
-0.7549362506426217 -0.6573220348243779
-0.9439320444873265 0.33315656287994083
-0.6540916704206862 0.7577368188799304
0.9528871850089574 -0.3066056304859797
0.9192315987199501 -0.39625025919835655
1.0004031828872706 0.03456112945229558
-0.9986011167415596 -0.06925900405369692
-0.9732321826795712 0.23413696546414384
-0.534055313420245 0.846632105585185
-0.07543232618970702 0.998153777814626
-1.0003791048547708 -0.035251192461640234
-0.5360687714255792 -0.84535866488862
-0.9973386811059113 0.08553686439144954
0.7077603141889305 0.7078674576918947
-0.9788902594312999 -0.2092244249377267
-0.9567168688204665 0.2944381648400262
-1.0005187232645292 0.03103682324460054
0.571219952870464 0.8220150639998423
0.49304657214626185 -0.8711521553063052
0.9050725239570507 -0.427603468622524
0.8502471352771953 0.5282809943135591
0.56593191705678 -0.825664620325007
-0.7634290357526738 -0.6474388831154201
-0.4544592659669448 -0.8918900019491113
1.0006481458474032 -0.02653842896921562
0.5844041909906972 -0.812694740694505
0.9167759466290697 -0.4018990715122059
-0.24520409187630002 -0.9705029383402809
-0.7342086678172377 -0.6803959377465719
0.998896666478073 -0.06485714840319101
0.7572219677017086 0.6546876290491158
-0.6613208916772906 0.7514357445791046
0.6814516084296772 0.733228958353805
0.28766538711684714 -0.9587750648900474
0.16894624454211105 -0.9866398362397076
-0.3676145676887982 0.9310534515391574
-0.9412513177438303 0.34065665536651846
0.5471726153692116 -0.8382142500518688
0.9657385408391244 0.263344015952364
0.4808637214838109 0.8779356931807364
-0.22177323237397667 0.9761237797545955
-0.9771988962791772 -0.2169869053900669
0.9788670348051883 0.20933305561162183
-0.5504239498304532 -0.8360828161450532
0.8400435547197285 -0.5443600152232367
0.6946298159052735 0.7207568375363537
0.7036858611956558 0.7119179789507555
0.9993139383267177 -0.058074544044229244
-0.023600177715174312 1.0007217553405203
0.9679031783009786 0.2552732603209039
-0.9887176990022798 0.15632757811607412
0.6259269325653829 -0.7811635392728533
0.5208840986176126 -0.8547986639012236
-0.7465112485978093 0.6668747676415263
-0.9973465972139446 -0.08544451431055038
-0.9550232798077138 -0.2998858699994336
-0.9766439547169259 -0.21947115007417978
0.5347800348227786 -0.8461745176705262
-0.25739216627667094 -0.9673418592924646
-0.9797900528357195 -0.20496939372544895
0.9322417912945397 0.3645905135408051
0.9995442450848381 0.05396574948780909
-0.038710527508187924 1.0002512159752857
-0.9610949822673971 -0.27981678838202645
0.7496419825174172 -0.6633535241840178
-0.8958643703339672 0.44657365570096563
-0.6399334422931909 0.7697312449386391
-0.15396529890937485 -0.9890883108862155
0.3015111809663801 0.9545113973925397
-0.2885976538858423 0.9584948587090009
-0.3935866478936418 -0.9203752227216063
0.09881686151529936 -0.9961105500295969
0.49618588259699387 -0.8693679140107727
0.8539213170938268 -0.5223211504551047
0.499130988688057 0.8676803882370989
0.35240033944450855 -0.936917819640226
0.6509149073021502 0.7604674769191864
-0.5475063090063532 0.8379963255278865
-0.8910178229702437 0.45616689834902263
0.5512622583780374 -0.8355303240983811
-0.8992984631536067 0.43961719048458625
-0.7718960161407609 0.6373205945723253
-0.8893662623451206 0.4593785491316178
0.1958720156604734 -0.981649200825378
-0.9244472477220904 0.3839248444410076
0.9849406848990164 0.1785856859623874
0.030990602189682352 1.0005201560068246
0.7516056045456105 -0.6611278357591877
0.01710921436871654 1.0008537729277367
0.6918800118126458 0.7233968822535339
-0.8734859975138379 0.4889000021960068
0.9850072626240269 0.17821810395670012
-0.5290835922236116 0.8497479346487163
0.04822323251019872 0.9998377467600768
0.6494480289487978 0.7617205903049499
0.9236276413781574 -0.3858924462621961
-0.7470209343041632 0.6663037773503429
-0.7486000259030683 -0.6645291575378205
0.4267894121026209 0.905456679094643
0.9504916304731628 -0.3139532774163518
0.9022367447033715 0.4335549059889222
-0.8985595375467639 -0.4411255575046019
0.9606077055129653 -0.2814850548592522
0.858045269838578 -0.5155184913343478
-0.9372256835992506 -0.35158074179613064
0.9501760256103234 0.3149071614863178
-0.9250025563642467 -0.3825849849636137
-0.5592803966554784 0.8301845806306516
-0.1208624015364886 -0.9936766475543403
0.0790626616640389 0.9978727852439897
-0.394499518644745 0.9199843095341705
0.3271732602932159 0.9460225461103491
0.4758700202265155 0.8806524421414023
-1.0007899176623691 -0.020507089148599784
0.5536897371912128 -0.833923662531005
-0.9998733198286698 0.04747993570756644
0.8409451094091454 -0.5429662263537582
-0.3536578030791336 -0.9364438895744052
-0.8731691169912544 -0.48946572212230877
-0.9083082646933813 0.4206864584101778
0.9947746575186055 0.11146470633676397
-0.11508943737957852 0.9943618161432246
-0.9117058369018511 0.4132716624196428
0.5792250457189219 0.8163941121859668
-0.4262884814122344 -0.9056926247989718
-0.7728247807245084 -0.6361940413884081
0.0698881523883159 -0.9985572823607806
-0.27636450034176463 -0.9620933753803976
1.0007327666825558 -0.023128547033420817
0.7749880436795008 0.6335570472765811
0.8990012470212867 -0.4402246674757918
-0.9644069058796806 -0.26817964108332476
-0.20313851902156296 -0.980171282016427
0.6695381462416639 -0.7441234243909248
0.18654602638058912 -0.9834640715560546
0.1588802445632506 0.9883107142430065
0.2418126236157186 -0.9713535170369657
-0.9680807790990688 0.25459891032551574
-0.18185843430150786 -0.9843416631807292
0.9116994238540751 -0.41328580975415496
-0.21172633626910384 -0.9783521648823916
0.42050149819856303 -0.908393906855811
-0.8741631871725364 -0.48768814030315843
-0.42170239327974424 -0.9078370401686285
0.999079240621064 0.061981214573757305
-0.9980778786039846 -0.07643002185901629
0.8264852397601313 0.564732811565468
0.9809243983613175 0.19947010978963023
-0.9109811145325694 0.4148667363925406
-0.1895704934158642 -0.9828855620193359
0.9600488971628611 -0.2833851002723573
0.9971719378855921 -0.08745928363240259
0.19666152157378694 0.9814913376756226
-0.6736982408694955 0.7403591562541435
0.3742020848103665 0.9284254411225359
-0.014709705999955152 1.000891914518943
-0.3327812275221373 0.9440644335048638
-0.15704888269329342 0.9886033827803686
0.9585741989097467 -0.2883340166968466
-0.35148056574024994 0.9372632564583516
1.000283058974444 0.03787877939861263
-0.16135702401623697 0.987909363656719
-0.9718169800315121 0.23994323770932083
0.13273641670687056 -0.9921602913238465
-0.39837943011892135 -0.9183108567680791
0.4758747207871475 0.8806499021266933
-0.8419743430167839 -0.5413688259416635
-0.40630218616024905 0.9148330631986376
0.720619587709927 0.6947721999395016
-0.6879133342127175 0.7271700245557031
0.01756660459895526 1.0008458494707684
-0.930026346216807 -0.370205342131385
0.518598263237225 0.856187386830321
-0.6168294443403766 0.7883669428602028
0.3598255191450612 0.9340913208953326
-0.6665085546418069 0.7468382332133845
-0.351801683685131 -0.93714277213043
0.8423830542273292 -0.5407326418394184
-0.9401500173685784 -0.3436843680499039
-0.8169730279217391 -0.578408222320867
0.9973953182408085 0.08487390147339914
0.36784921751724137 -0.9309607688683521
0.5233378849969718 0.8532985750175001
-0.9998797115698005 -0.047345141156117335
0.8939494384851966 -0.45039471736689124
-0.9637199094864756 -0.2706380166557896
-0.48296029172484567 0.8767840992040469
0.44992907371654256 -0.894183889714288
-0.9655118218422359 -0.26417403710979326
-0.9749649056672212 -0.22681365196413228
0.584948349171334 0.8123031631119819
-0.29574481804554975 0.9563137574035023
-0.9431856344926194 0.3352638645705125
0.811161323887744 -0.5865307380084035
0.9769672719595425 -0.21802740543319163
0.38281728332027726 0.9249064426152964
0.12169360223406535 -0.9935751945249525
0.08944810103111596 0.9969955051162103
0.5966840718201538 -0.8037220405315021
-0.8103394204917206 -0.5876657413846264
0.5848421027058508 0.8123796617977329
0.8147474706151808 -0.5815389575309338
0.2820765258286538 0.9604341901330027
-0.8845404122650221 0.46860352012124784
-0.27204777669178093 -0.9633228987193542
0.985829470419921 -0.17361237067553176
-0.8043024778915016 -0.5959014382073521
0.9279845721987645 0.37529406305066426
-0.6488980917608406 -0.7621891277820352
0.9753977019680323 -0.22494515552792346
-0.32893266458186077 -0.9454122392750567
0.9909212074282037 0.14169036900591078
-0.13387286886143007 0.9920075881679588
-0.855548852225901 0.5196509996670297
0.9421093463482654 -0.33827648384604614
0.780855434075974 -0.626311257342563
-0.06006638154782924 -0.9991961918501043
0.486425349324126 -0.8748664924060711
-0.66423430975848 0.7488616572770138
0.16660933189724783 0.9870371474897754
0.9232222992666966 0.3868611975072118
0.8921314983104485 0.4539850104599869
0.9996329382136487 -0.05229712074624739
0.16837037858797432 0.9867382710800987
0.9701025128768664 0.24678353776131232
-0.15358120658548982 0.9891480237981296
0.9831163111096816 0.188370164384097
0.43528873171559496 -0.9014015309735327
-0.925562273604707 0.38122890457005676
-0.16903526633778243 -0.9866245885513472
0.20630964496827292 0.9795087188958888
0.6423432973761702 -0.7677213611173711
-0.7310422382247045 0.6837969332568071
-0.2165944171462302 -0.9772859655500455
-0.9914784425573797 -0.1377370608949988
0.7392540752230752 0.6749106698416287
-0.97880102240548 -0.20964150003753335
0.08872270144076928 -0.997060320266057
0.6543015911193746 0.7575555609053733
0.5034801337691059 -0.865164004625622
-0.3229263542710942 -0.9474806434525087
-0.08250625627432168 -0.9975939643339848
0.14762986452447166 -0.9900537475816583
-0.8436217765417812 0.5387980123798612
0.9581767869837858 0.28965193747915546
-0.4251928635863725 0.9062074976269069
-0.5151413686866165 -0.8582717345151706
-0.39585015194340567 -0.9194039684525962
0.06692022439621605 0.9987605736945968
-0.3110522337360548 0.9514449578865878
0.1508683296993186 -0.9895654334574029
-0.8199882668876236 -0.5741256327378453
-0.7387172145080916 0.6754982435131909
0.6342161826996214 -0.7744487288400185
0.30827786277098357 0.9523474992487536
0.34993326452380125 -0.9378420498035452
0.616745153517397 -0.7884328859280303
-0.7311638537402368 -0.6836668918294387
-0.24075029328299705 0.9716173610450519
-0.35100785832936965 -0.9374403892467132
0.013562213701587209 1.000908120838028
0.6978060799887642 0.717682154390587
-0.9807743743611576 -0.20020645992694636
0.6557366311500779 0.7563137381853822
0.9652461377246996 -0.26514315681825595
-0.9809104118359285 0.1995388782966093
0.38971579373834764 -0.9220209325773954
0.138201078890892 -0.9914138700832228
0.4136088291341762 -0.911552925760351
0.9536408186360518 0.3042534946901366
0.8973447304180641 -0.4435915179429517
-0.2754045686432823 0.9623686006777277
-0.7461573309189949 0.6672707377937696
0.8414921721507094 0.5421179984183158
-0.5750394012875216 -0.8193477204257595
0.3764451207574675 0.9275182321970257
0.7869756524810272 -0.6186035260181285
0.9054114163059034 -0.4268854263417035
0.3817422741587203 0.9253506557625215
0.4783404581209002 0.8793130307943169
0.48124944958653915 0.8777243116563725
-0.3562902345809979 -0.9354454921277976
-0.4045409320665712 0.9156132558469814
-0.922444333028769 -0.38871255763495643
0.19293221367614527 -0.9822312156137282
0.9892305027191391 0.1530490525617172
-0.25892686793121505 0.966932198793344
0.995047652329416 0.10900077795005689
-0.8009670611089507 -0.6003771872901987
0.15041139804527 0.9896349889419166
0.2556774327085678 -0.9677964922459451
-0.2196721348668493 0.976598767746018
0.9461483788496364 0.3268091877536567
-0.9832948946380107 0.1874357227927041
-0.1445042380997256 -0.9905147778661446
-0.11598914112199936 -0.9942572700975241
0.6410139505466004 -0.7688316559589886
0.09110352441982333 0.9968455987956644
0.7532841965915135 0.6592146229912366
-0.8747154365590691 -0.48669693346607085
-0.021801152722028032 -1.0007625641179785
-0.33481018689506103 -0.9433467754496723
-0.9470029949544441 -0.3243244171309232
0.8329715228895561 -0.55512110575536
-0.02344906914417852 1.0007253075426201
-0.0363090907840153 -1.000341266731728
0.024183424410815547 -1.000707830479889
0.9796669649453358 -0.20555689673371302
-0.9973227133501599 0.08572284080614004
-0.9864975949639196 0.16977483656420456
0.9258963816244936 0.38041673266914805
-0.7879089375995386 -0.6174143714319957
-0.24597618992475476 -0.9703075357793017
-0.8385340875088845 -0.5466823429429951
0.8882950726297055 -0.4614464908760128
0.9865501763098423 0.16946902260595892
0.19358784583719676 0.9821022074835764
0.7196308905985291 0.6957962210995169
-0.32855473778539496 0.9455436448301952
-0.67397038093585 -0.7401114278412306
-0.4234956031545612 0.9070019151626717
-0.23364236500510507 0.9733510390783077
0.2535455377591666 -0.9683571966389339
0.015567195452826052 -1.0008789449407622
-0.8444427750720546 -0.5375103716474756
-0.46629490042087574 -0.8857595982214844
0.8814533219813997 -0.47438490824219415
-0.5729221445136798 0.8208295903083942
0.9412811349238005 -0.34057425774207006
-0.8920869212238282 -0.45407259880044676
0.9921919318616635 -0.13249969942841408
-0.40240254237531864 0.9165550686619325
1.0001714817389142 0.04071863352551291
-0.8140993033524827 0.5824459840028106
0.6144194201501186 0.7902466552554284
0.7261310340051426 0.6890099574422871
0.878779491102451 -0.4793199411851309
-0.4482175473641628 -0.8950430326162282
0.08449848617888643 0.9974271932494505
-0.9484963197821578 0.3199308227722092
0.9628306837119622 0.2737847229170306
-0.24452131056649595 0.9706751921620554
-0.7893547036835425 -0.6155649045979364
0.5992651005625655 -0.8017994382934789
-0.6800229516328107 0.7345541404502463
0.7670209056761456 -0.6431795474482576
0.77774555081977 -0.6301689124195612
-0.8796197265712195 0.47777624117025014
-0.40690130364281585 -0.9145667439251095
0.8814920814013162 -0.4743128824170553
0.1387039318594387 -0.9913436433884731
-0.9573534778250713 -0.2923616228170873
-0.8683908919819237 0.49789382274018923
0.7343889495961355 0.6802013457139618
-0.8718294178173039 0.4918480113087181
0.5445249008833053 0.8399366835172913
-0.32436954210424873 -0.9469875395986369
-0.8957854201528982 0.44673200136266905
1.0007105386845379 0.02407109814075742
-0.8682218531880028 -0.4981885322313131
-0.37309978775057717 -0.9288689618996182
-0.7900362969746431 -0.6146898807224611
0.42535500948784954 0.9061314010139982
-0.9015330562222306 -0.43501626238406815
-0.5670011441412046 -0.8249307259052514
-0.7626269215364286 0.6483835119340018
0.5457554873410699 -0.8391376216313455
-0.5387771144221264 -0.8436351231278644
0.9647043511764148 0.2671076839428104
0.5506635001164225 -0.8359250622152268
0.7546328059041139 0.6576703796380706
-0.8943949561720325 -0.44950935738205516
-0.858920840856991 0.5140583518838299
1.000905310987184 -0.013768022285303499
-0.9337652385246235 0.3606708739599764
0.8656030369023161 -0.5027249571142132
-0.13125570658654684 0.9923572640377388
0.9268021039756028 -0.3782047858851021
-0.22604621720254287 -0.9751431216433929
-0.8156340348084219 -0.5802948571736044
-0.33933339209377433 -0.9417291802902429
-0.2934740136929051 -0.9570130632791678
-0.5721352595869187 -0.8213782592310374
-0.5069142455765174 -0.8631563865439392
-0.9473837972239475 -0.32321036610470033
0.9845379988851808 -0.18079250192185475
-0.29553329477709717 0.9563791464049147
0.02754709139525067 -1.0006208861280388
-0.7495692882619648 -0.6634356653771725
0.7090425081174052 -0.7065831314732748
-0.9914247667044056 -0.13812288718787633
0.0016218820184342132 -1.0009986860624336
0.4814257182246876 -0.8776276419027854
0.22092803221961332 -0.9763154226885743
-0.47186327840133324 0.8828057807334215
0.6396472224100991 -0.7699691103304374
0.882614119554735 -0.47222168095357503
-0.8006291921016703 0.6008276764219728
0.20760736212643893 -0.979234488358586
-0.32584455157081044 -0.9464810236933531
0.9948074537952791 -0.11117162350777085
0.6582932673653338 -0.7540895000870077
-0.3214118458444288 0.9479954774949494
0.10207145175790204 -0.9957823149343608
0.7756114174425499 0.6327937492838868
-0.16651889746827794 0.9870524083279212
0.5058944757590491 -0.8637544670775815
-0.26218133213491585 -0.9660548375118054
0.9485439566077029 -0.3197895595278313
-0.9940536902127527 -0.11772111524449919
0.8861650533598834 0.46552389649047565
-0.8232948172208933 0.5693739052127483
-0.6430138395265871 0.7671598283130293
-0.9284748679297368 -0.37407942956390683
-0.7314612853030391 -0.6833486577895839
-0.445914650526814 -0.8961925710725063
0.3665941802752715 -0.9314556924450575
-1.0008077793523 0.019616033949759644
-0.5643360127190908 -0.8267562305470205
-0.9934227258416218 -0.1229320453803718
-0.060812899259575885 -0.999151035271267
-1.000984827204848 -0.005511415941528555
0.48524347170152843 0.875522571480055
-0.9981486235908993 0.07550049816784743
-0.6342719025944916 0.7744030950216843
-0.736870689358972 0.6775120568400486
0.9686037497506057 -0.25260201101548246
-0.8057847758739685 -0.5938955252986322
-0.5956803252668809 0.8044662516786785
-0.32612427944474487 -0.9463846756772036
0.43125332733926836 0.9033391210718208
0.07144888377653212 0.9984468223230958
0.6802679291287659 -0.7343272734951769
0.9887956275586142 -0.15583390812325265
-0.6893892519767745 0.7257709413161312
0.35295541228144484 -0.936708853882163
0.06979150991071936 0.9985640415839047
0.4463303483001716 -0.8959856138277262
-1.000962873922652 -0.00862119646599204
-0.46195784243172294 -0.8880292516667609
-0.9965369458832651 -0.09441988926944549
-0.09701786327764166 0.9962873753114815
-0.7231592655000065 -0.6921283672278511
0.35075397033752104 0.937535413887105
-0.1846627672873834 -0.9838194256964871
0.9908148393936973 -0.1424322787757106
-1.00040856191669 0.03440507584325611
0.6621519713719493 -0.7507035145836479
0.9930244354763021 0.12610896299221294
0.5637589604432257 -0.8271498259202945
0.8595532394536212 -0.5130002227531542
-0.9198052159422753 -0.3949169086344422
0.06358632413080459 -0.9989783678256162
-0.9124228573357847 0.41168620259999283
-0.9120551606691911 0.4125001622989935
0.06933508009751461 -0.9985958374977693
0.975541731215109 -0.22431970635195667
0.9991796423089191 -0.06034105066553278
-0.03740262209506036 1.0003009766367392
-1.0006657860242933 -0.02586473816575705
0.7342907059492622 -0.6803074004863787
-0.42344803722122193 0.9070241230383538
0.9554820486211435 0.2984209355302386
0.34040048345062435 0.9413439917833338
-0.9972767650744427 -0.08625574672249317
-0.683103736351648 0.7316900200101257
0.04668379631739733 0.9999108076030561
0.5707859549413772 0.8223164802201522
-0.9016906364829874 -0.43468953987749126
-0.9290042917142056 0.3727626939174402
-0.43888984460715913 -0.8996536579710571
0.23507700484122268 0.9730055507523478
-0.4931042611511502 0.8711195024992715
1.0009987265600087 -0.0015966919681214748
-0.8256965061359806 0.5658853945410102
0.04220544679037781 -1.0001098440977494
-0.5605279923419307 0.8293427336156773
0.0010159341724793013 1.0009994844542915
0.9144747033319457 0.4071081145911365
-0.6111469001585325 0.7927802131906527
0.830096042899733 -0.5594117978396634
1.0003257860955976 -0.03673311411008325
1.0004132890046573 0.03426734864100489
1.000099585132429 0.04244784821334837
0.9950574545987183 0.1089112576711877
0.4918515983252245 0.8718273941698104
0.9753116495457439 -0.2253179670163033
-0.7654260669007075 0.6450766900988703
0.48612504255963607 -0.8750333953606525
-0.9850607791725008 0.17792206534341282
-0.2130424208840069 -0.9780664225418854
0.9100268447574211 0.41695580319843545
0.6851175374387034 0.7298047409368664
-0.9368522880373251 -0.35257451751258023
-0.9738680353270436 -0.23147796821348715
-0.2951210302888522 0.9565064440354003
-0.95650573685161 0.2951233223077405
-0.3014674904263636 -0.9545251972661751
0.46703665499561114 -0.8853687157848478
0.8630192748838794 -0.5071476423872077
-0.9529569531832943 0.30638871614276636
0.6146304291958539 -0.790082549805095
-0.9922713931453144 -0.13190330680258502
0.9369462376453664 0.35232477596983225
-0.8156559442436698 -0.5802640611135309
-0.9538977318727003 -0.30344705819651313
-0.962475866759712 -0.2750294637036934
-0.22302143201378102 0.9758393519747615
-0.20336440239066367 -0.9801244409973094
-0.8777171044312603 0.4812625942131844
0.1484092162514387 -0.989937222520516
0.3961258205779493 -0.9192852300953422
-0.34434575587582905 0.9399079744370211
0.9894054632518589 -0.15191388773701558
-0.9955556587419703 0.10425895811315937
0.4910172662590885 0.8722975663358528
-0.7578754568105939 -0.6539310299749765
-0.8518161347823786 0.5257473466641641
-0.9943332330680567 -0.11533612450756962
0.26766150894526153 0.9645508367261653
-0.7557544993773102 0.6563810910370219
-0.8217847966162316 0.5715511771052691
0.881768280128103 0.4737992192479081
-1.0008113344518879 0.01943380643702411
-0.43780541956712543 -0.9001818786210114
-0.8735042683556123 0.4888673574340247
0.9524837639293988 -0.3078565890977246
-0.5848022186006017 0.812408373368846
0.9987689332262643 0.06679534431433123
-0.9969149567406286 -0.09034140261713161
-0.9688600563491394 -0.25161715206070967
0.08753275752860708 0.9971654909589672
0.7927277707122401 0.6112149225449277
-0.9184281671399616 -0.39810890696382417
0.36845757524964057 -0.9307201594685459
0.9658239794622184 0.2630304938515004
-0.34792022114282084 -0.9385907093722645
0.9850814994257667 0.17780730999900765
-0.9935202818941906 -0.12214110473091339
-0.7423834800972964 0.67146687816945
-0.7330934599417032 -0.6815973730808406
0.9774910676924895 -0.215666901914496
0.982366224738004 0.19224359675682706
0.3227056583826814 -0.9475558337363557
-0.9452354779339882 -0.32944026963154466
-0.49456577498275006 0.8702905803326334
-0.47757695566385305 0.8797279417063244
1.0009528249693755 0.009718136952441694
0.9620461099792391 -0.276528989933811
-1.000922686893191 0.01244085457333736
0.9803503100726434 0.20227276025325758
0.6693671979902645 -0.7442772025627697
0.6885614507818375 0.7265563491548409
0.44573874374777395 0.8962800747099962
-0.0284580898637031 1.0005953913152457
0.9176319362951461 0.399940782480633
0.7762202506196129 0.6320467724211757
-0.458491662103123 -0.8898238004132705
0.875940035081536 0.48448947866941106
-0.008421338593849968 1.0009645753253646
-0.5103989951347586 0.8611003807718521
0.9574472935842163 -0.29205424155156456
-0.5204835287031786 -0.8550426283809991
0.7581350853191178 -0.6536300118631136
-0.846531360830304 0.534214989616347
-0.8736679528602216 -0.4885747723174311
0.9916965786288896 0.1361576143142742
-0.8279039922061144 0.5626508506073531
0.7596661017350712 0.6518499933839383
-0.3137889349191657 -0.9505458980618956
-0.9776932539517617 0.21474846024411023
-0.9647678335157983 0.2668783007537945
-0.9779748540249766 0.2134623734872858
0.9512116837171098 -0.3117648677450058
0.7482224880493272 0.6649542152488954
0.9359432674190442 -0.35498056309178894
-0.11162148972968804 -0.9947570773965497
0.7519051846476953 -0.6607871013419642
0.31204208584581444 -0.9511207792183879
0.2286128232181323 -0.9745445998312418
-0.651141372324991 -0.760273577895962
-0.8892855676008432 -0.4595347421652102
-0.9909188253886367 -0.14170702696198464
