1000
-0.9999863210573754 0.04503729230466407
0.26247200518206143 -0.9659759036827513
0.9959299685584796 0.10062056314246111
0.9551927535011248 0.2993456257554794
-1.0009011853836776 0.014064746622286628
-0.9251207313344157 0.38229914001377996
-0.9363564952137233 -0.3538891265228032
-0.9973817753454739 -0.0850329007426569
-0.10053896196188107 0.9959382094927514
-0.6656391926266613 -0.7476131788828542
-0.9947715317173519 -0.1114925992374096
0.2935098832393514 -0.957002062924016
0.015641312813492944 -1.0008777894096115
-0.5358532270216262 0.8454953099163293
0.31152636023611646 -0.9512898227554195
-0.25526536984352044 0.9679052592886613
-0.8549824911800202 0.5205823083582523
0.9773279291891985 -0.21640498798953978
1.000599234681843 -0.028322633248161002
0.46317847851187244 -0.8873932031762622
0.5339011141467265 -0.846729354819404
0.8890108373570237 0.46006600728782765
-0.47901516823488277 -0.8789456573650654
-0.9588895310667298 0.28728360066426845
-0.8582264399249981 -0.5152168260195542
-0.41426875986830924 0.9112532000476997
0.890770698700524 0.4566492771663831
0.5672309890978372 0.8247726989947528
-0.3571340680395269 -0.9351236589058897
0.69927786953637 0.7162481840651852
-0.49792667583778344 0.8683720547605933
0.19073657586848342 0.9826599404809205
-0.020204264670501237 1.0007960769752868
-0.8454094446565638 0.5359886854080789
-0.697802498593507 -0.7176856365823819
0.26422583800349214 0.9654976470874242
-0.6500224455950979 0.7612304645917476
0.6432142372294004 0.7669918154878842
-0.9969237648683493 0.09024415239070105
-0.8637079386269811 -0.5059739091620543
0.7035756314593858 0.7120269171994319
-0.8843602819042871 -0.4689433780214515
-0.9960783390506376 -0.09914102316459736
-0.3868624558030661 0.9232217719974007
-0.6239612070099737 -0.7827345732409274
0.7839446091746615 -0.6224402378911466
-0.4672620498320892 0.8852497821444036
0.6823600678239694 -0.7323836001981939
-0.41330703605493135 0.9116898013839398
-0.949079459171958 -0.3181967633051343
0.4079670429469571 0.9140918399532486
0.6645749279610405 -0.748559393185055
0.5117177957879845 0.8603173237090409
0.48206147031618674 0.8772785981867997
0.4185265455772539 -0.9093055210693328
-0.45504386150502946 0.8915918820326886
-0.206298339099343 0.9795111001335577
-0.7643040746325673 -0.6464056632642191
-0.8716124589076243 -0.49223238564422506
0.9963405032945204 -0.09647072869436546
-0.7680085912018805 -0.6419998472274763
0.5368054671440677 -0.8448910524110427
0.24486546387760622 0.9705884321379503
-0.6815884348182673 -0.7331017702352004
0.9111038008990926 0.4145972310414371
0.6868126121978606 0.7282097470687626
0.9766628546388402 -0.2193870287157188
-0.5552836663325352 -0.8328631639737093
-0.1838602000821568 0.9839697286124961
-0.920120362118885 -0.394182088905891
-1.0004517579291268 0.03312521783354525
0.3609969913252227 0.9336392088243387
-0.9975145643819213 0.0834607323592699
-0.49328390650850495 0.871017788325651
0.7844127569114007 -0.6218501642635916
0.8690880310453494 0.49667594495175393
-0.8224096330727804 -0.5706517286656502
-0.2657255540347584 -0.9650859702290365
-0.9534549052324958 0.30483560108375213
0.5971338073774332 0.8033879611289495
-0.9378960002521639 -0.3497886400542374
-0.7456741122404615 -0.6678106904912495
0.8633760246857749 -0.5065400675146916
0.7131823856444951 -0.7024043598999273
0.8428358467621165 0.5400266062082367
0.1707691085474069 0.9863259661825415
1.0008574434219484 0.016893133128028995
0.08710285046487494 0.997203135494917
0.9648965612454499 0.26641251114898074
0.010653092287534745 -1.0009433108946346
0.9974967808554998 -0.08367300749294927
0.8902121199261717 0.4577372407140928
-0.9790329295674778 0.20855580265847826
0.6325152483600026 0.7758385531746177
0.18627990819358262 0.9835145122484926
-0.4620769894141397 0.8879672605755039
0.5082390873536631 0.8623769651874496
-0.9304712861147428 -0.3690856075708944
-0.9171540397766925 0.4010354938422447
-0.8607991839966118 -0.510906806404815
0.9464954754572255 -0.3258025704917023
-0.9844270644537705 -0.181395575389622
-0.6165901302294523 0.7885541270601703
-0.36433561032259026 0.9323414412385977
-0.5054752490829658 0.8639998683822318
0.7701923114850997 -0.6393784507857918
0.6538354406657824 0.7579579253028378
0.0344510957020348 -1.0004069781868423
-0.8917722390952103 -0.45469030512989295
0.3809478582559389 0.925677983582959
-0.15218066417171733 0.9893644654283148
-0.3740847017879249 0.9284727437508542
-0.9280479495829447 -0.3751373125602041
0.7671517517581441 -0.6430234752902967
-1.0008833078805912 0.0152841095915238
-0.9215635370874055 0.39079617079873025
-0.12150522528894549 -0.9935982489052014
-0.488296504496865 0.8738235083219855
-0.13886161800040817 -0.9913215679315712
0.27732478614471223 0.9618170111771728
0.13457285556948237 0.9919128724559809
-0.9947546636821202 -0.11164299835937733
0.6839772898515253 -0.7308734958714556
-0.06471315675639568 -0.9989060052590645
-0.9624863158275119 0.27499289417143685
-0.7641892545380621 0.6465414010321079
0.9923783642341812 -0.13109608003251136
0.8752736860437906 -0.48569226318659414
-0.9941776469377511 -0.11666964613521562
0.25255359515312314 0.9686163748229907
0.8844281638162522 0.46881534003124564
0.7426753721070152 0.6711440170825532
-0.9226492733313527 0.3882258600623183
-0.6906036697624933 -0.7246154644434364
-0.2699845388982171 0.9639031843270968
-0.0045895394215797955 1.0009894785300681
0.24225353799081495 0.9712436477686394
0.1400754732281918 0.9911507765218661
0.8112618527740955 0.5863916832915878
-0.9972033196792149 -0.08710074179221136
0.8436558977221512 0.5387445834889025
0.7527468532197027 0.6598281404788942
-0.431970968738487 0.9029961695196348
-0.5846091334515249 -0.8125473285200421
-0.6892869801519242 -0.7258680727191691
-0.15522527072427084 0.9888913566861512
0.0034666943184238296 -1.000993997000233
0.5049522075605329 -0.8643056566283391
-0.08815095607705023 0.9971110314015696
-0.2730903391878095 -0.9630278638971393
-0.7097057403200911 0.705916965482989
-0.6621983465146822 0.7506626072165982
-0.9448719563460762 0.33048144594022016
-0.2865713338801383 0.959102638197893
0.7728185400736367 0.6362016222224309
0.9221433975505167 0.3894259292265857
-0.7775945011133049 -0.6303552901644837
0.7209157235654825 -0.6944649159720432
0.8385449669978019 -0.5466656549689721
0.993698485367647 0.12068272526772082
0.7479668436002742 0.6652417612226723
-0.4187167351893102 -0.9092179582874533
-0.3307238255082158 -0.944787145997029
-0.7043215505349051 -0.7112890786818725
-0.9799747855361329 0.20408434460636649
0.7288762922910285 -0.6861052036940715
0.9377404533896991 -0.35020542839379487
-0.8809856979411449 0.47525277487159795
-0.5030058581985175 0.8654398341987575
0.16720166071109932 0.9869369810962859
-0.4512636596196278 -0.8935111132530478
0.9976658063407573 -0.08163295203805015
-0.973708479601264 -0.23214822151503675
0.8396069476892817 0.5450331855877106
0.9637997923382244 -0.2703533988852284
-0.8556837978734007 -0.5194287612916263
0.9351674886218398 -0.3570192827071403
-0.947699619283999 -0.32228315439836924
-0.9996586855279366 0.05180262974558247
-0.9178683284384273 -0.3993979614991137
0.981693421924543 -0.19565026284183995
-0.9464388488310405 -0.3259670311908474
-0.42280434782628185 -0.9073243540538259
0.5089129301805335 0.8619794832216504
-0.36135667012588085 0.9335000572873765
-0.5682110372698854 0.8240978201188746
0.9071597915983288 0.423157314136571
0.8639454198277691 0.5055683055321208
0.8426197604588036 0.5403637101844907
0.14013484797786582 -0.991142383506134
-0.05898816387748135 -0.9992604247754253
0.795752366523921 -0.6072719087621123
0.2566440557193985 0.9675406082764166
0.5060196541434553 -0.8636811388588603
0.8979344042169527 0.44239666106735726
-0.5626913714840039 0.8278764524115
0.9705547861937323 -0.24499878978566159
-0.10984181632770841 0.9949551625002153
-0.0001095089853423645 1.000999994009881
-0.25999816273444654 0.9666446893118031
-0.045116794424262675 0.9999827372814387
-0.7675816957851861 0.6425101869196612
-0.9786872273487176 -0.21017209858703814
0.9870973630087038 0.16625220582375264
-0.7895248313032129 0.615346683387205
0.36829818746726795 -0.9307832428166748
0.42813617287740313 -0.9048206548669688
-0.581586998396385 -0.8147131785458507
0.5541836567752806 0.8335955101625596
-0.9486586488086334 0.31944916346827057
-0.06808076390944538 -0.9986821364105329
-0.37718347767873567 -0.9272182182022605
-0.9697790543722564 -0.24805157871066263
0.9831119682869226 -0.1883928284489961
-0.9312463236480792 -0.36712570693420105
0.31442211675331644 -0.950336641667764
0.9924070689485482 0.13087860597114984
0.9398666776484111 -0.34445845648806145
-0.9423948437187514 0.33748030836229587
0.805020244835656 -0.5949314291620006
-0.5316532213016663 0.8481425895918454
-0.638198739166568 0.7711701299494185
0.8178819917304424 0.5771222120166962
-0.6555927102806713 -0.7564384959974233
-0.9995024253571362 0.05473483082281746
-0.9588660248440736 -0.28736204759801626
0.9890508596827134 -0.15420569691449593
0.4049213331295146 -0.9154450906398574
0.20842949050464699 0.9790598283496128
-0.3928314657345427 -0.920697800328018
0.4037782347928212 -0.9159498551272299
-0.889200544532482 -0.4596992403769422
0.5880722958116668 -0.8100444277314643
0.6258890156801177 0.7811939196198171
0.9636971447182088 0.2707190670454738
0.34733650555151446 0.9388068767916342
0.39425036844805056 -0.9200911079771266
-0.6933869014534245 -0.721952633413591
0.46467369221788435 0.886611166047777
0.5843796862115682 0.8127123613820999
0.17853067917086066 0.984950656934037
-0.16196032035030478 -0.9878106370312211
-0.7493040454348515 0.6637352239372006
-0.18816354983537767 0.9831558770171439
0.9180858227341008 0.3988977589491438
-0.7952152409204929 0.6079750986740842
1.0008091076634609 0.019548146149121634
0.9612326890683138 -0.2793433683954182
0.2796956425483978 -0.9611302448364836
0.5975109027506549 -0.8031075401800792
-0.8808100490133766 0.4755782349488393
-0.804570400656131 0.5955396463612082
0.8343528105313901 -0.5530428442339439
0.8352440254000918 0.5516959470881136
1.0004043595462522 0.034527053173606485
-0.21754232232416454 -0.9770754003646849
-0.5862552269302547 0.8113604679160524
-0.9757487973878614 0.2234172875946319
0.08951996425103442 -0.9969890551056685
-0.8241426350023191 0.5681460350749921
-0.20661450402615186 -0.9794444582139548
0.9417836477380103 -0.33918219418667517
0.650990172001352 -0.760403048361624
0.327647676710967 0.9458583403163
-0.9905733491237081 0.1441021859856419
-0.9695158724675473 -0.24907824680909113
-0.9835000246915145 0.1863563828576592
-0.4447382513269477 -0.8967769442880702
0.9246841541803646 -0.3833539030814003
-0.264637321028762 0.9653849430764496
0.8490743978429709 0.5301638114088856
-0.9988189502813623 -0.06604320221519998
0.847228468991928 0.5331087331207336
-0.9228294916936319 0.3877972785624892
-0.1745020116650483 -0.9856723836675406
0.9647803723627985 -0.2668329685468046
0.8960679138422546 0.44616509700153584
0.9825063332524534 0.19152625177457816
-0.9512617476684903 0.31161207842875654
-0.5643993895156939 -0.8267129665816982
1.0000615964240547 -0.04333362848610039
-0.6425707656802405 0.767530983800074
0.27266944280397337 0.9631471201021009
1.00054961598884 -0.030024422468795657
-0.4337298886811348 -0.9021526387838427
0.2694785860503458 -0.9640447560462669
-0.6825137996824485 0.7322403384429369
0.7439589765748985 -0.6697208681037418
0.8839371370987673 -0.46974050033783016
-0.9020479192108433 0.4339476367574639
-0.1544596007062018 -0.9890112394455792
-1.000483998454394 -0.032136721001182436
0.1492123152082759 -0.9898164905628649
-0.1678390596163624 0.9868287845756706
-0.1609334695810465 0.9879784503563862
-0.21036217369110718 0.9786463896014497
0.2637991645656816 0.9656143126396006
0.8470368721267008 -0.533413101880536
-0.9214544820091077 0.3910532413691604
0.9952122151226257 -0.10748789174003134
-0.7674289567172681 -0.6426926142347098
0.3093310153755195 -0.9520059468967356
-0.9929464329475582 0.12672166861559356
-0.9061021088075282 -0.4254174049266795
0.4022568827201592 -0.916619004987492
-0.7538896963913241 0.6585220768318987
0.007099818914000446 -1.0009748211475593
0.284494677748902 0.9597206772454934
0.06325420778422917 -0.9989994520506954
-0.9662946139009158 0.2612962287253306
-0.9918116236991634 0.1353170465803513
0.4194662080112495 -0.908872433478243
0.9545584504378659 -0.30136218193008263
-0.9503729873896932 0.3143122409960995
0.8569596110193293 -0.5173212010749221
0.9989277564766079 0.06437652787010667
-0.7546246514901804 -0.6576797361659577
-0.09861907688777344 0.9961301509711487
0.9954146600393664 -0.1055966598842621
-0.06204745177090948 -0.9990751291713434
-0.868107615439658 0.498387568078971
0.9033296471534799 0.4312731716366896
-0.43916825372187235 -0.8995177846618049
1.0009781990533224 0.006606437766849847
0.4509070725756891 -0.8936911166064158
-0.9782276471474258 -0.2123008957974773
-0.7335038397679676 -0.6811557215832865
0.982793621830401 -0.19004656505573247
0.2751595479475566 -0.9624386854097753
-0.26018686146498776 0.9665939153134574
0.9649070396887163 -0.2663745572669396
0.8836683036667429 0.4702460303870104
0.9780842025321964 -0.21296077750834172
-0.1916120621126155 0.982489601803984
0.9824365508065315 -0.19188388061368142
0.8275363059400357 0.5631914970515087
-0.14676499299393714 -0.9901823250449836
0.9904566259575966 0.14490228464966787
-0.8643820264235148 0.5048214658629108
0.610955062677805 0.7929280619251405
0.06491713727628881 0.9988927696644178
-0.5229091399475153 -0.8535613811316382
0.9997962065290136 0.04907693358589106
0.896195296177677 0.4459091736093864
0.9915535076442615 -0.13719563214024452
-0.8759244656665133 -0.4845176265594816
0.7415967985244929 -0.6723356218572855
0.7936849211384832 0.6099715124146371
-0.9387095410421112 0.34759947864821195
-0.6802498128131373 -0.7343440557175444
0.6076568904049005 -0.7954584235165574
-0.9863765307506818 0.1704768007215328
-0.9014727784956796 -0.43514116058042496
-0.7273643442443845 -0.687707867282276
-0.506923159097801 0.8631511517517112
-0.5536646728338545 0.8339403036523543
-0.20370588958740055 0.9800535243278328
0.9580477293234692 -0.29007852098724
0.6830078147828614 -0.7317795603496592
-0.4590765439233957 -0.8895221901781599
0.9616785722509184 -0.27780447021859683
0.22211689141792734 0.9760456375328137
0.3003455392385004 0.9548788179970977
-0.06644706941367869 -0.998792164049325
0.8999971670250653 -0.43818500584439996
0.5481236883409517 0.8375926350437373
0.5580809603594049 0.8309913607759857
-0.9357033328228889 -0.3556125320403349
0.4335654019610828 0.902231700962854
-0.7895918263722387 0.6152607152469207
-0.4905939911235378 -0.8725356931802148
0.9951710437467844 0.10786840912860254
0.49175357479276305 0.8718826880254811
-0.2573477795372119 -0.9673536687102947
-0.3468140621651398 -0.9390000033463869
-0.3409033561478095 0.9411619954966094
-0.8244857374897915 0.5676480147731643
-0.631723304994933 0.7764835258563305
-0.8271529743286928 0.5637543410557446
-0.9630590803762777 0.2729802331759538
0.4159957398544959 0.9104661138246225
-0.9441469486858147 0.33254704823117215
0.9776700765725223 0.21485395359331502
0.5224383638972229 0.8538496096669442
0.8187525285782338 -0.5758865313121575
0.9991505040985489 0.06082162575610487
-0.5623728334901318 -0.8280928668647499
0.8384028644720568 -0.5468835679055004
0.543957010165143 0.8403045704339579
-0.7163510852068413 -0.6991724556380785
0.17232350589947545 -0.9860555812501207
0.31783463036187215 0.949200794217289
0.996695513430476 0.09273108166930848
-0.019981833177657966 1.0008005427370932
0.7280109307835199 0.6870233508838787
0.8268175901530591 0.5642461099675281
0.8694906938359764 0.4959706980584964
-0.8066818899243051 0.5926764112634747
0.9050597690888866 0.4276304647435344
-0.1073320770574335 0.9952290315472802
-0.8509962919421109 0.5270733450865993
0.38136635960436005 -0.9255056454512408
0.08350661721034139 -0.9975107241940236
0.6297197204583305 -0.7781092941649534
0.9693119513218912 -0.2498706485855181
-0.9587312220369562 -0.28781147282817726
0.8804164100608736 -0.4763065660848312
-0.482785435344683 -0.8768803928809475
-0.4354152855465523 0.9013404069009745
-0.0010288431866819785 1.0009994712694394
-0.7338568280515383 0.6807754078417749
0.8480300382329945 -0.5318327314622014
0.20922222812124455 -0.9788907289682449
-1.0007168777470359 -0.02380610409588117
0.9992656230869174 0.05890003834221753
0.17969026613022776 0.9847397667699055
-0.40821530421557445 0.9139809983824533
-0.8948762851787582 -0.4485503697743051
0.9986662172641717 -0.06831388215633911
-1.0006086313007638 -0.027988693546002655
-0.4653551623361493 0.8862536729893401
0.29614392819633706 0.9561902393312968
0.4501480947637459 0.8940736506466174
0.9742967659069393 -0.22966674104728094
0.4802768893945811 -0.8782568585063628
-0.13313708742425356 0.9921066051348446
-0.8813286747559627 0.4746164420380931
0.8399317137126042 -0.544532566794501
-0.9411646007597042 -0.3408961634821175
0.6060193596406025 -0.7967066811197168
-0.27087747006481494 -0.9636526325451954
-0.9988144179983868 -0.06611171150820237
1.0006427041967871 0.026742822172336922
0.34567524157280777 -0.9394198355174225
-0.80542343895897 0.5943854675002631
-0.24769746059757208 0.9698695623708965
0.4310149096500947 -0.9034529028451459
0.41598967482284366 -0.9104688849382964
0.811581944227909 0.5859485880205252
-0.9375268788933115 -0.3507767828014933
0.9652269571468577 0.2652129732818854
-0.9817837818696987 -0.19519632593271802
0.01936455932899453 1.0008126766992882
0.9992346669914939 -0.059422893588231634
0.6803248818494878 -0.7342745093876544
0.8797764138248443 0.4774876560472494
-0.8407909672102032 -0.5432048871813757
0.5980577510729346 -0.8027003964005399
-0.9249223842726146 -0.38277876517834925
-0.2805455080351683 -0.9608825203537055
0.6484687201368482 0.7625544695325561
-0.07273806706065296 0.998353731700483
-0.6085469284608639 0.7947777273306345
0.48538294823448647 0.8754452544638059
-0.10742512064829614 -0.9952189927115032
-0.8344346608758685 -0.5529193401654299
0.7825094491053907 -0.6242435118291403
-0.8028397663723288 0.5978706461528486
0.35986121001220905 0.9340775714728133
0.2487357320579596 0.9696038034153904
-0.5555254530749141 0.832701910040989
0.6485062019891231 0.7625225937515837
0.9859179647691769 0.17310911803080695
-0.40253175366228483 -0.9164983291275361
-0.874825754287521 -0.4864986121617102
0.7413936800297445 0.6725595967733662
-0.7459821121294131 -0.6674666196769241
-0.2135027551667985 0.9779660390505317
-0.8110351396496086 0.5867052089879039
-0.9574701550658543 -0.2919792837825469
0.9600133480216345 -0.28350550544970365
0.8649220066193545 0.5038957456315238
0.9471683427323454 0.3238412119012375
0.3718923565058498 -0.9293530411918421
-0.09551887708640765 0.9964322074883729
-0.3555143587467776 0.9357406375299021
-1.0000841298200955 0.04281043426528601
0.6522050612045759 -0.7593612830129907
0.9925214372574018 0.13000844812742524
0.9869427002175519 -0.16716789909335933
-0.5626284389835573 0.8279192228997498
-0.4456963877323016 0.8963011379901166
-0.374595994159817 0.92826657871509
0.4775263924335733 -0.8797553890311652
0.9931356508527545 -0.1252301042292783
-1.0009531096941182 0.009688766364960088
0.7749129460348253 -0.6336488981033802
0.5386181122020682 0.8437366468323396
-1.0009994711179 0.0010289906143081157
0.9908555493736281 0.14214879625056903
-0.30287452422304567 0.9540796730759249
-0.9160482838889824 0.4035548805107555
-0.9656479821450363 -0.26367588926411045
-0.596492013742875 -0.8038645890577404
-0.6915099732306264 -0.7237506179082532
0.9531701631805556 0.3057247782276619
-0.7744635050093082 -0.6341981389192949
-0.9702781479008313 -0.24609208785764014
-0.8687351974171351 -0.49729282798831037
-0.8583442747428662 -0.5150204908701623
0.9961991311694844 0.0979198195319227
0.3108996216054734 -0.9514948372353753
-0.9607960295678548 -0.2808415737860864
0.11120683026154425 0.9948035187428622
-0.13690611068966024 0.9915935240086184
0.33949885639628563 0.9416695420929861
0.4970632820087255 0.8688665568881762
0.4649209643303624 -0.8864815265566034
-0.019885932626502754 -1.0008024528764776
-0.9066522490942889 -0.42424367904810034
-0.096830167600165 -0.9963056351554597
0.9864104082049407 0.17028067002734715
0.053024534649925625 -0.9995946171949701
0.038691965686483455 1.0002519341602474
0.1911082056201988 -0.9825877333574992
-0.9344947670592726 -0.35877643503836193
0.7213591576688313 0.6940042980034881
0.9045167697220021 -0.42877781343217203
-0.20758840589123215 0.9792385070755424
-0.29094420052931447 -0.9577851910414767
-0.9840879691768122 0.18322627792283958
0.9179173700305063 -0.3992852386405969
-0.7459782875247551 0.6674708941531712
0.8396765531892538 0.5449259454496677
-0.667626230296188 0.7458392699640461
0.821006927444526 -0.5726679885309628
0.7460552664382079 -0.6673848510565809
0.9707067309538611 0.24439607705703523
0.7877701327504879 -0.617591465247277
0.9996358610545584 0.05224122216900855
0.49162306987006293 -0.8719562816859199
-0.36287584209062307 0.9329105655029432
0.9630451550304119 -0.2730293562466313
-0.8100349301609402 -0.5880853780865163
0.3554779031369451 0.9357544872354931
0.41972203742259273 0.9087543184501671
0.23967508664179552 -0.9718831477308617
-0.16280347085709387 0.9876720254603161
0.5215249621579651 -0.8544078147150418
-0.7730275817404739 -0.6359476062290627
0.9967202783949568 0.09246451555207413
-0.9920501235811784 -0.13355729969780264
0.641808201599766 0.7681687525272516
-0.4058201079020911 0.915047015197763
-0.13269337656379826 -0.9921660485100757
-0.8164742304682386 -0.5791121057112325
-0.9913423428779232 0.13871322654062263
0.810604884541035 -0.5872995157142693
0.9909183176357984 0.1417105774945501
-0.728742406487267 -0.6862474080003121
0.38390495627333376 0.9244555070682253
-0.9394119887616952 -0.34569656545993727
-0.8202311187263278 0.5737786261904121
0.627349263806564 -0.7800217312366124
-0.6393776801536176 0.7701929512280531
-0.6978723367437221 -0.717617726653862
-0.9536804799677143 0.304129153697159
0.031158645405907254 -1.0005149368282658
-0.9985941285221827 -0.06935968916469039
0.8397207429760412 -0.5448578473471455
0.488191151841602 -0.8738823715258077
0.9900456575097405 -0.14768410898301065
0.0975550443523536 -0.9962349187422666
0.3195308817758162 -0.9486311272520891
-0.18135134776792192 -0.9844352130347421
-0.6791463529113355 0.7353646927390732
0.5501631055691547 -0.8362544811661717
-0.5175077284247276 0.8568469822673582
0.3566359878287116 0.9353137292830888
0.9098945693918116 0.4172443799397301
-0.6159280077412458 -0.7890714094933993
0.9609528547048183 0.2803044969932885
-0.7539028113839903 -0.6585070622152168
-0.46736785523372126 0.8851939267156272
-0.49453245910666127 0.8703095121219339
0.9113701746105487 -0.41401135833493513
0.869852541823703 0.49533580072799405
-0.8678394948353853 -0.4988542985721014
0.9652874341103701 0.2649927726346851
0.21486652796879177 -0.9776673131278536
-0.20438198622062168 0.979912753110456
-0.15028474787038995 0.9896542297982328
-0.35704034342760604 -0.9351594479900726
-1.0002457532479982 0.03885142351760943
0.23241245092566562 -0.9736454450438954
0.5380463279641228 0.8441013854770786
-0.7944437529829483 -0.6089828596490775
0.10021243718747085 -0.9959711177704639
-0.9996326235796071 -0.052303134469660444
0.5764773575503489 0.8183366399176851
0.9239860873748255 -0.38503338860125036
0.8025867279502259 -0.5982102841962431
0.7803474072969511 -0.6269441154719664
0.7361512972685554 -0.6782936440287665
0.1657062442851842 -0.9871891615110544
-0.9313735876324539 -0.36680272662652297
-0.03330390038209142 -1.0004458257293793
-0.08279548655126201 0.9975700012564229
-0.037811733065789936 1.0002855956388463
-0.7233479469433842 0.6919311726268669
0.9217860991077349 0.39027091550837517
-0.8272490436055299 -0.5636133602512773
-0.8620953716918065 0.5087165911463533
-0.9550263319557832 0.2998761498870528
1.0009426691616452 -0.010713218543523658
0.16100348179301566 -0.9879670434030308
-0.5072672055968644 -0.8629490032012022
-0.34710408575567236 0.938892833954823
0.9117763483758287 0.4131160739337549
-0.3956529184024053 -0.9194888624445974
0.5305526254337958 -0.8488314977928814
-0.21963194725041152 0.9766078065154878
-0.9637528724705824 0.2705206106837357
0.07457327875390513 0.9982183258665874
0.8709085274373614 -0.4934767844963801
-0.4813172695759968 0.8776871230728562
0.8900522139995788 -0.4580480939316832
0.5934297592231549 0.8061278564026604
0.5381577067006633 -0.844030380210738
0.777022137323165 0.631060692889155
-0.4356479781842587 -0.9012279617854562
0.6888891930709958 0.7262456056114848
-0.4012635073712135 0.9170543046364006
0.7492004576927238 0.6638521478409279
-0.6498797622256692 -0.7613522802550129
0.13383696781936816 0.9920124324044116
0.5400211004341856 0.8428393744278034
-0.7536067485367655 0.6588458610022866
-0.8091875675308883 0.5892507790011348
0.751100775996944 0.6617013104844122
-0.9924852366705548 -0.1302845155457584
0.33584869852369675 -0.9429775457029393
0.9864011247931375 0.1703344386987944
0.2844908168705271 -0.9597218217360384
0.5345953170027931 0.8462912306284895
0.7881571525697042 0.617097482455743
-0.8481017783959551 -0.5317183215590923
0.9845293614306652 0.1808395324062935
0.9894738977448971 -0.15146750701559958
-0.5075509488996525 -0.8627821476311748
0.9644780444050715 0.2679236866358945
0.9421309789851517 0.33821623029724596
-0.985483024591381 0.17556824383191666
0.9864859373728196 -0.16984256052494434
0.6497708217078839 0.7614452569010207
0.20684475444792824 -0.9793958584542699
-0.39415859889838845 -0.9201304249477132
0.031634712692856816 -1.0004999974776814
-0.13664689368308305 0.9916292787361436
-0.914880298088922 -0.40619581505565155
0.8760421563756979 -0.48430480098035067
-0.959269787519673 0.28601131927244006
-0.8497124541441445 -0.5291405723173522
0.39335153083733004 -0.9204757319929346
0.2193898326034985 -0.9766622247994488
0.9986189534015738 -0.06900134714007607
0.5935008970426864 0.8060754835680878
-0.16408309246390673 -0.9874602466770402
0.4617744992304099 0.8881246037918915
-0.5037476008970869 -0.8650082974113192
-0.5693713726232231 -0.8232965687024006
0.9658164982502258 0.26305796263879133
0.8669332022317048 0.500427639992319
0.7659350788224347 0.6444722298356003
0.5015012980405901 -0.866312557950999
-0.6473405644734954 0.7635124056537238
-0.48950246690771604 0.8731485182322996
-0.7762088886688663 -0.6320607258416264
-0.48362658442703965 -0.8764167540818897
-0.14631373321196833 -0.9902491057676229
-0.4690491611973754 -0.8843041809129021
0.9984004682058215 0.0720937243204742
-0.012142688963303252 -1.0009263484916062
0.7048064358469212 -0.710808615584223
0.9984529298847199 0.07136348369172109
0.34739875427209327 0.9387838438800477
0.6356437610803238 -0.7732774463280694
-0.0965775359133908 0.9963301559005918
-0.5342887045137688 -0.8464848375659181
0.9488159759220297 -0.318981572877065
0.6812134822821382 -0.7334501970529718
-0.970545964598598 -0.24503373359881878
0.4861888019496311 0.874997970774094
0.20223955641198116 -0.9803571603361119
0.46524224028801686 -0.886312957059631
-0.07784975105399809 0.9979681439108318
-0.46979834364675327 -0.883906395670247
0.5156272484019687 0.8579799185909973
0.3192154022370538 0.9487373329719011
0.8134241331234693 0.5833885323284411
0.9718830726375327 -0.23967539114524955
-0.38745698478012297 0.922972418301379
0.8434247120834433 0.5391064412961143
-0.9995650558186767 0.05357890616843284
-0.473668330333448 0.881838597952666
-0.5100019886598999 -0.8613355743047812
-0.4070575220374601 -0.9144972245735482
0.573440357005383 0.8204676452837972
-0.6397036399340039 -0.7699222383170824
0.2095064781838693 0.9788299319079857
-0.47294944816742057 -0.8822243589235861
-0.3917855058852536 0.9211433750389979
-0.9661675713932921 -0.26176558977067227
-0.31457464991514084 -0.9502861619695231
0.7165798413883006 0.6989380021975611
0.9953173988421452 -0.10650950925671478
0.09240094825252422 -0.9967261734107489
-0.6249033222065533 -0.7819826327324749
-0.9941680301385311 -0.11675156465963438
-0.9296651927903157 -0.37111134355358244
0.6217177520920599 -0.7845177096366888
0.014373949447689697 -1.0008967926700911
-0.8546141703080452 -0.5211867418773154
1.000835720103316 -0.01813453515469008
0.5162778914198672 0.857588560342928
-0.9822850963719193 -0.19265770019806921
0.2961902476874658 0.9561758923832151
-0.0444467242303467 -1.0000127442713875
-0.8807949120153336 0.4756062688484046
-0.5518423598260462 0.8351472983262416
-0.9883607498196546 0.1585686861140306
-0.1453784723805359 -0.9903868434951576
-0.9840184585404232 0.18359921909346255
0.013807660060164468 1.000904764962013
0.21263998903134224 0.9781539935330994
0.972637513678491 -0.23659515418816832
-0.5836735612253305 0.8132196344939909
-1.0009727186438753 0.007390299769934112
-0.9886286292671237 -0.15688987664412274
-0.4217093737043974 -0.9078337976358033
0.979474934689467 -0.20646997921020954
-0.9028034602950971 -0.4323735793028976
-0.7674900332245905 -0.6426196767147088
0.9261327295758434 0.3798409762103054
1.0009984118159678 0.0017831270033776324
-0.8768923245525679 -0.48276376328468756
-0.19080829245154252 -0.9826460174099962
-0.9967415331396972 0.09223511323962351
0.5641301393100087 0.8268967202269399
-0.9747052166025238 -0.22792705132964575
0.6463536657621463 0.7643480481795161
0.3819698125671496 -0.9252567547915641
-0.4553693044004263 0.8914257100902306
-0.20319868452798787 -0.9801588109108113
0.10736824197720297 0.9952251306185574
0.2388473698384067 -0.9720868962810246
-0.07902348673249175 0.997875888347163
0.2065853225568147 -0.979450613611578
-0.86133736181066 -0.5099989697529321
-0.37225378312948243 -0.9292083302176043
0.8014263922899687 0.5997639016655513
-0.059200038528400896 -0.9992478948880683
-0.803560877612831 -0.5969010939595412
-0.8950668509888108 -0.44816998143670217
0.9428520012129022 -0.33620098722166986
0.6315109647366758 0.7766562311713935
-0.9830686095669939 0.1886189515505195
-0.4227752881544273 -0.9073378950126249
0.15979314111677276 0.9881635249552754
-0.8682521686572336 0.4981356959925786
0.8358223630685542 -0.5508193691170438
0.01072054633560192 -1.0009425907045149
0.7535758298349694 0.6588812250235525
-0.7677671723723353 0.6422885403207726
0.8321146160260202 -0.5564047679485402
-1.0009559069677096 -0.009395334291535197
0.6093346841037438 0.7941739373387865
-0.3664672888435026 -0.9315056232829154
-0.8625603601964686 -0.5079277753950243
0.9981066857299651 -0.07605290199029083
-0.9838954653019292 -0.1842571935048952
0.19829279950387999 -0.9811630678255853
0.997779214917222 0.08023489439870946
0.1489230653183258 -0.9898600510254941
0.9626516981667582 0.27441338891653355
-0.48982934510812215 0.8729651841115705
0.9727614833514955 -0.23608493494460478
-0.08073661293009166 -0.9977387430247342
0.2992119715760963 -0.9552346288035968
-0.23931630930586892 0.9719715551909005
0.35322515651565745 0.9366071688837798
-0.2522524710397821 -0.9686948388704897
-0.5811477255183746 0.8150265769438564
-0.04123545197453715 1.0001503074540623
0.9342110316179452 0.35951460109894656
-0.9094253853687333 -0.4182660259295881
-0.8561475966530384 -0.5186639497258569
-0.0018653604350211766 1.0009982619517617
0.6997436524108757 0.7157931411453226
0.7075265203123045 -0.7081011390011758
-0.9978440268645733 0.07942479493642149
0.8691799803397536 -0.4965150166677595
-0.12611807198689476 0.9930232786386775
-0.3868404292090178 0.9232310016076057
-0.9753999710676045 -0.22493531612736245
-0.7296052568065241 -0.6853299710652424
0.3411683854420669 -0.9410659555923024
0.9484278584037331 0.3201337180050057
0.4071623896734441 -0.9144505390864016
-0.5894633222591669 -0.8090327507036941
-0.5935921022548446 0.8060083226249429
0.9545206382209563 0.30148192518003164
-0.4869952837449375 0.8745493660224034
-0.6835759158128976 -0.7312489092782009
-0.85283097011148 -0.5240995481954853
-0.18074717356958242 -0.984546321534242
0.9309369515147077 -0.36790948928303374
0.9699345752091483 -0.24744276068183743
-0.8591021881799835 -0.5137552240750104
0.24868764659189052 0.9696161376712884
-0.3311975623719822 -0.9446211805156907
0.8132347009180432 -0.5836525689335572
0.9787399259032619 0.20992655249605194
0.3458883048130022 -0.9393414078989532
-0.8823613785185779 0.4726937673576783
-0.8313354789140275 -0.5575682213853159
-0.528944759919023 0.8498343608928784
0.6260842063958477 -0.7810374936593516
-0.5031500339570456 -0.8653560211433349
-0.729248014195922 0.6857100945671606
-0.035683146103623276 1.000363790370357
0.3084503108948756 0.9522916600017322
-0.7799052785455062 0.6274940290527523
0.8417293907765087 -0.5417496033251963
0.9807856314715753 0.20015130551386226
0.46073666988145007 -0.8886634464332106
-0.49540752008775046 -0.8698116974612983
0.8741484460135296 0.4877145623539769
0.16792044859910785 0.986814938548396
-0.2540299397377501 -0.9682302359030289
0.9289851677394336 0.3728103514122648
0.8206396436284932 0.573194186384771
0.6335683162405918 0.7749788311018961
-0.12041520014909683 -0.9937309392250263
-0.9299919554605561 -0.37029172658682374
-0.38791428641995906 -0.9227803131793038
0.9622292457644357 -0.2758910629136167
0.7152614430182408 -0.7002871326330822
-0.5346008587164863 -0.8462877299474426
-0.884270960880441 -0.46911178597812
0.862935593832757 0.5072900165551328
-0.2194785950840663 -0.9766422816466244
0.8293422821762945 0.560528660279397
-0.1893847714497346 0.9829213642723063
-0.7131166934852611 -0.7024710538325748
0.7669055171576163 -0.6433171284469339
-0.033851486312742624 1.0004274470817054
-0.8804002049684466 -0.47633651874648164
-0.8406967335864626 -0.5433507174349294
-0.9234182877705928 -0.38639314928040164
-0.5010774392926395 -0.8665577879356525
0.6369984703219209 -0.7721618669731968
0.9990791298432062 0.061983000183452534
1.0002894862948493 -0.037708667544564346
-0.8867521557935072 -0.4644045802913314
-0.9938056266312151 -0.11979723066973574
0.14392992722091108 0.9905983929172222
-0.04303554573730889 -1.000074468128795
-0.20287290955137474 0.9802262915113835
0.957546918884609 0.2917274380900641
-0.9652257360566493 0.2652174173275572
1.000992582886751 -0.0038534407626089
0.9788859020485543 0.20924481061806113
-0.6417730559748543 0.7681981154784855
-0.758879789559252 -0.6527652449376463
0.537741215509016 0.8442957924465133
1.0007804870378578 0.02096227001706196
-0.5104216726083645 -0.8610869387766136
-0.6787874448408018 -0.7356960002110216
0.9615458080220824 0.27826365029439365
-0.9549557254129865 0.3001009205266735
0.9580674884617334 0.2900132540981985
0.26616373948482963 0.9649652137685854
0.9493936002653385 0.3172582414614612
-0.6588094670269652 -0.7536385646685326
-0.8606093094554246 0.5112265803718126
-1.0008895827553488 0.01486751935677029
-0.6200579432235542 -0.7858302278771004
0.08130103291262347 -0.9976929096908229
0.984235589791978 0.1824316414080555
0.9922299308258622 -0.13221484172854675
-0.8649021077707949 -0.503929899860721
0.3654777233248557 0.9318943254217616
-0.3847833646481907 -0.9240902349283957
0.7746474934608034 0.6339733912987946
-0.9973586904828564 -0.08530323861566956
0.34851556442941933 -0.9383698105493609
0.9809259644770667 -0.19946240802400964
-0.8213073578091494 -0.5722370348103605
0.9845053604657658 -0.18097015006396147
0.09443595678797585 0.9965354233872169
0.8180865203305642 0.5768322505316684
-0.23734649993073015 -0.9724544405629665
0.9862378642946086 -0.17127718771514575
0.940180566374331 0.3436007895975244
0.9919746390323226 0.1341167980407124
-0.8442509992417057 0.5378115378823529
0.9817075181953413 -0.19557952019253858
-0.5710224650333557 0.8221522635298343
0.21071412856774965 0.9785706699170652
0.9701838112206775 0.24646373454388917
-0.3081569320364505 0.9523866364234026
0.8073880175064043 -0.5917141110258215
0.6497482929839353 -0.7614644809605121
0.18962136432600893 -0.9828757491113222
-0.7890297613031865 0.61598135992726
0.6867414692744753 0.728276839106349
0.5234452055358274 -0.8532327448015316
-0.3653232400933516 -0.9319548971102064
-0.2645251837994878 -0.9654156758287319
-0.8994912975633343 0.4392225012540103
-0.9899611345619745 0.14824962750971157
0.032030767372707665 1.000487396193233
-0.9519507116347651 0.30950095737826755
0.9599937019967519 -0.2835720228206078
0.805329702355921 0.5945124645483252
0.05440839997107556 0.9995202479252672
-0.09388014228466882 0.9965879383599876
-0.5791895971789268 -0.8164192614825501
-0.09477901848686233 -0.996502853811602
-0.8703106081901256 0.49453053017152915
-0.6932363159086448 -0.7220972305066746
0.6559432595620152 -0.7561345384487861
0.589297965312618 -0.8091532043305572
0.6696644739906041 0.7440097393683011
-0.0049845380593963205 1.0009875895236335
0.46465795317678715 0.8866194147149941
-0.9503430516284935 -0.31440274207048924
-0.9948494053281839 0.11079558076998773
0.591663464136207 -0.8074251328800357
-0.40457316390095344 -0.915599014334972
-0.5419972833262671 0.8415699286850417
0.8430737542469973 -0.539655116625307
-0.13222334202745253 0.9922287981222331
-0.5809312119614085 -0.8151809167105478
0.40708587072605557 0.9144846055867804
-0.6979209074898677 0.717570489142718
0.9665562386792861 0.2603267897665374
0.9723213860407016 -0.23789098816031023
-0.10690351089077789 0.9952751576118161
0.9829851184061477 0.18905358233065017
-0.624432018267405 -0.782359031751085
0.6503500617039617 0.7609505879107087
-0.9629205723286482 0.27346841021636953
1.0007537963019788 0.022199981693183424
-0.9329543754151208 0.36276319189490813
0.9969376625912262 -0.09009049287878505
-0.9845924105043024 0.18049594227385654
-1.0008472303313796 0.017487753944019614
-0.9690491061529644 0.2508880823477685
-1.000729538415701 0.023267809142641118
-0.15453534670945912 -0.9889994067831321
-0.9925732619784486 0.12961218926266882
-0.3307964301491368 0.9447617275274159
-0.9324591915113047 -0.36403414148412494
-0.9377261220048916 -0.3502438009582286
0.984467188948237 -0.18117768594492023
-0.15375592504810376 0.989120880131747
-0.7027666566856895 0.7128253827206339
0.20446185331666755 -0.9798960917047855
-0.30528121080901394 -0.9533123215017114
-0.3824933177490105 0.9250404649945614
-0.7924261335198355 -0.6116059376059098
0.6246654906700836 0.7821726310514219
1.0009207816214591 -0.01259320921319276
-0.9219057440760119 -0.38998820371859316
0.6395240682964345 0.7700714032280237
-0.9408667060433332 0.3417174877865748
0.941976383752846 -0.33864655978159725
-0.6327662214855347 -0.7756338755797861
-0.9259620686958071 0.3802568176069713
0.7836085755980682 0.6228632275621725
-0.6585060220891183 0.7539037198955618
-0.7289866416681736 -0.6859879563588255
-0.7794875671038819 -0.6280128443992776
0.8397889583608251 0.5447527011546067
0.6775798043009892 0.7368083935484402
-0.22572007818221212 0.9752186658926377
-0.14573977330863105 0.9903337409560218
-0.8670698460089902 0.5001908457198574
0.8323635711683872 -0.5560322700993254
0.4350086494400306 -0.9015367296524088
-0.97849726186146 0.21105475244501215
-0.9322205280864799 -0.36464487794862066
0.6388860580721797 0.7706008076825455
0.9220789781918467 -0.38957843623162725
0.16720395579686628 -0.9869365922722085
0.8622873160460874 0.5083911728049916
-0.8961490703824438 0.4460020668704145
-0.5159513407100633 0.8577850628330435
-0.9818455902780089 0.19488518889753623
0.9869147782710658 -0.16733266396664181
-0.5913417709902029 0.8076607641096417
-0.7750228998449584 -0.6335144076624553
-0.13323463018351803 -0.9920935103708023
-0.9968286691923883 0.09128857692029209
0.9985886614137719 0.06943835608546198
-0.026432877769555906 1.000650939625212
0.3214795823153434 -0.9479725091764805
0.28441607198565116 -0.9597439752331103
