1000
0.6619001120062972 -0.7509255900061279
-0.2760360227512657 0.9621876709580428
0.012215569794593574 -1.000925461687629
-0.5818906954818 -0.8144962974205022
-0.6451827360300245 -0.7653366822051663
0.5604837146872417 -0.8293726578386766
-0.7995325187789302 -0.6022862703192061
-0.7565898520220071 0.655418031348938
-0.4862268038235214 -0.8749768541187606
0.4151504599707661 0.9108518516125776
-0.7490564004319133 0.6640146903284483
0.7948393450713139 -0.6084664456866992
-0.8357144971412735 0.5509830117779569
0.7094619321691054 -0.7061619975635051
-0.7859638286315626 0.6198885868305819
1.0008550165850203 0.017036307598736967
-0.9723609726713744 0.23772912910617117
-0.6739196577244712 0.7401576149257209
0.6773084860805991 0.7370578095937975
0.9840371514854344 -0.18349900407476982
-0.6204282403955014 0.7855379039357311
-0.9568636762631029 -0.29396072024721237
-0.09035235694095325 -0.9969139639884751
-0.013725272263727606 1.0009058981249368
-0.9990559709922442 0.06235516678467153
-0.8485339358796118 0.5310283981677956
-0.4174698126139083 -0.9097911604077654
-0.9935208527356221 0.12213646130243955
0.5693700232749663 -0.8232975018763656
0.029963478218602613 -1.0005514429418625
-0.9806082291110482 0.20101865833721522
-0.024906155348567285 1.000690103591393
0.6077484892473042 0.7953884420945652
-0.545343740785389 -0.8394052682621181
0.6548362546429665 -0.7570934417924726
-0.9237503693674186 0.3855985672867025
0.9841032209465435 -0.18314434340879512
-0.9705463822025805 -0.24503207951915712
-0.8353072710479393 0.5516001839506984
0.9208993672984032 0.39235870744689827
-0.5364913162490631 0.8450905676845221
-0.8587510709152361 0.5143419078802887
0.4174827069299907 0.9097852435681771
-0.804062244943556 -0.5962255498184632
0.9340951333010324 0.35981562215018753
0.16220396919588378 -0.9877706577830204
-0.9428257100439811 0.3362747098431027
-0.9515844809649383 -0.3106251367592277
-0.9573290593741238 -0.2924415703655268
-0.36756934439002387 0.9310713061117758
-0.37583553091851646 0.9277654087640889
-0.9539795203898708 -0.303189832739675
-0.6289746033109401 0.7787117235471966
0.7704881741775891 -0.6390218880856
0.5241931256222773 0.8527734558781408
-0.8611697352114378 -0.5102819682840675
-0.25655056813129706 0.9675654014026693
-0.9910367678429447 -0.14087982390466483
-0.4146800013580734 -0.9110661317784062
0.41297994523629145 0.9118380145796893
0.6577618334809786 -0.7545530931722043
0.18171666599351452 0.9843678445074289
0.6544956128958904 -0.7573879406882794
-0.6985727904565098 0.7169358802806604
-0.08612314899797363 -0.9972882247408082
-0.6783233136435065 -0.7361239584252731
-0.5538220362494392 -0.8338358064778251
0.7721100210556991 0.6370613121084719
0.3522429547254554 0.9369770012365729
0.17202070970397362 -0.986108450137682
0.31505854743647826 -0.9501258399218581
0.9516675712423273 -0.31037047837339504
-0.9811891732254772 -0.19816358481089433
0.9931461862525826 -0.12514652504944218
0.8177397927800178 -0.5773236798400819
-0.8309271806448008 -0.5581765137173746
-0.8914268891920194 0.4553669961969567
0.023752024330501522 -1.0007181627912043
0.5396235812940121 -0.8430939393160318
0.0779251057126061 0.9979622627633167
-0.12690501375180877 0.9929230168974095
0.2939033631034816 0.9568812952276071
-0.19442671076280926 0.9819364817247371
-0.0528424824586744 0.9996042577178255
0.46774893948439134 -0.8849926155687555
0.98649037278915 -0.1698167965612468
0.8291905493106945 0.5607530944487322
0.23483333082093688 0.9730643898198846
-0.6879994403253666 0.7270885572693208
0.8968954557026347 -0.4444992030813591
0.7563416838967313 -0.6557043977283185
0.5128059750988203 0.8596691409507194
0.9378388591509972 -0.3499418155441788
0.682823745216541 0.731951318714883
0.9146229386469314 -0.40677497477211083
-0.13175459545652646 -0.9922911501046894
-0.34336875454464594 -0.9402653340427152
0.9892136003753663 0.15315826073837766
-0.5447208549875087 -0.8398096154139207
0.2730377276061207 -0.9630427816580558
-0.7603001817104771 0.6511103083894585
-0.9907722821869767 -0.14272801004011046
-0.7741157633397067 -0.6346225531361009
-0.6621671949656404 0.750690086461341
0.730050734297488 -0.6848554047035758
-0.21875704210215377 -0.9768041546444797
0.9037843110198116 -0.43031955469679095
0.45185367117599134 0.8932128860718362
0.37929368449830264 -0.9263570051010043
-0.28238903098371015 0.9603423531116813
0.12800951025068408 0.992781227303065
-0.7320470947126879 0.6827210639219452
0.5352875021730488 0.8458535866314798
0.9728573970402885 -0.23568938250161897
-0.7633771164492904 -0.6475000989046771
0.9959397698052552 0.10052350431742443
-0.5966860046465982 -0.8037206055955514
0.9978220951883433 0.07969985165572642
0.8940871053054018 0.450121370439804
0.21220404810101928 -0.9782486606019659
0.0039777959706011196 1.000992096441933
0.6882877993492165 0.7268155923389459
0.8701374437806666 -0.4948351532893024
-0.20563488844701958 0.979650597230146
-0.3606952890691321 0.933755807715987
1.0009728588463385 -0.007371285707942592
-0.8978286332047262 -0.44261128024230606
0.19622750992937885 -0.981578200831149
-0.7597001557276591 0.6518103047569671
-1.000173704634672 -0.040663995836072324
-0.9124564835637168 -0.4116116684479884
-0.72717591845389 0.6879071039179212
-0.5159610103044122 -0.8577792465696813
-0.7682463573522824 -0.6417153063586291
0.23906108348014996 0.972034360691687
-1.000756454325976 -0.022079835255297404
-0.9874332730216285 0.1642453388373438
0.9946504190817682 -0.11256795201327462
-0.8629975810910517 0.5071845571692749
0.5064235621774431 -0.8634443674444287
0.6027750997429926 -0.7991640501985968
0.9961001291615881 -0.0989218513993122
-0.9198433118773427 -0.3948281671746858
-0.9866011910363268 -0.16917177614986872
0.6471775384484006 0.763650596626408
0.9644969456309866 -0.2678556362455299
-0.8790295235945569 -0.4788612498930421
-0.43065961281563075 0.9036223203803074
0.8549419261539528 0.520648924808425
0.9534076757041707 -0.30498328463765173
-1.0009958097683744 0.0028963470365544514
0.9944902103826999 -0.11397465267757224
-0.6095038985976725 -0.7940440778661082
-0.8545507318397205 0.5212907506490001
0.7148964442362689 0.7006597419706225
1.0008063133452587 -0.019690687348899106
0.7565755784055576 -0.6554345079108179
0.2911243232344602 0.9577304570813635
-0.383666938848663 -0.9245543142695817
-0.6695770298247863 -0.7440884363642651
-0.9623821498022103 -0.27535721843103383
-0.38585661573160973 0.923642610589263
0.3752501589528818 0.9280023266166076
0.5956974583105022 0.8044535649510216
-0.9755887105442143 -0.2241153003671931
-0.5171438208430715 0.8570666651806201
0.9035196568845384 -0.43087495822250566
0.5068396372235724 -0.8632001981806292
-0.9907512403657955 0.1428739994317995
-0.279367087891752 -0.961225795639548
-0.48757068913361584 -0.8742287018267995
0.7507012178355015 -0.662154575261921
-0.4387700098925615 -0.899712108631912
-0.06338336547411884 0.9989912657181615
-0.03473728870579414 1.0003970815498067
-0.8104866048247629 -0.587462733626252
-0.8757948687763925 0.48475184148690104
1.0008522586772604 -0.01719756670655259
0.6708814827254908 -0.7429125359933342
0.7612112535180207 0.6500449426905217
0.06397669677238818 -0.9989534434947877
0.24492514436478763 -0.970573373660069
0.8723108149815669 0.4909937291515997
-1.0009565244959862 0.00932931234958437
0.3957465017608954 -0.9194485882005659
0.19009924743629814 -0.9827834329719611
-0.5290033970632868 -0.8497978617856734
-0.6142895910631001 0.7903475806956893
-0.21062827543906534 0.9785891525995807
-0.3349739471630132 0.9432886380753406
-0.9284538329038562 0.37413163481071493
0.32295540556009833 0.9474707415110571
-0.43703313106144975 0.9005570733466178
-0.9863440514073343 0.17066461921958503
-0.887646646290897 0.46269258836566995
-0.6441041077266226 -0.7662446726794852
0.6564993996126554 -0.755651730831223
0.7066680190558918 0.7089579048459941
0.12249661884283218 -0.9934765112331916
-0.08060599347997514 0.9977493040915169
-0.894149775225431 -0.449996866060544
0.4812332400245024 -0.8777331990391611
-0.0813950760476082 -0.9976852417447118
0.9940601236622792 -0.11766677757351071
0.15332960181980776 0.9891870567318293
0.8962911173124916 -0.44571653887501805
-0.8838247343376865 0.4699519538983935
0.7241057255319636 0.6911381180717995
-0.27003580541737504 0.9638888233570247
-0.7424116813945287 -0.6714356970916491
-0.96747500987812 -0.25689123235589706
0.8705904466206372 -0.49403772553609643
-0.5872034325260275 -0.8106744900572925
-0.7128864779288212 -0.7027046816310821
0.9997355668078771 -0.05029708201608382
-0.8033207290570213 -0.5972242512384236
-1.0008712839424705 0.016052195468244237
-0.826026674563511 0.5654033364860411
0.9288621493476374 -0.37311674782738885
1.0009921571602844 -0.0039624870473533354
-0.47916494193981907 -0.8788640158840331
-0.9478468907415394 -0.321849765747307
0.9911148605370315 -0.14032937405497348
0.3417623083570059 0.9408504262562094
-0.07763297025061276 -0.9979850309148266
0.9934593370795035 0.1226358249841921
0.5949666113805194 0.8049942430492172
-0.5360724701438647 -0.8453563194025672
0.9912950802673551 0.13905058014168079
-0.4860700686231397 -0.8750639338863739
0.9652062535962029 0.2652883111235441
-0.24317721842955586 -0.9710127910778849
-0.228493275430573 0.9745726361246803
-0.9876211314342074 0.1631119270458664
0.13447235497975524 -0.9919265021896525
-0.5083398710544869 0.8623175607027307
0.6982924824874895 -0.7172089018559789
-0.34505928324474155 0.939646258464655
-1.000892742837331 -0.014653236351192667
0.4430596216318548 0.8976074708242114
-0.11701550193981286 0.9941369987611233
-0.5235859486307703 -0.8531463850925094
0.6390820239091815 -0.7704382952035449
0.11935883992527488 -0.9938583738801482
-0.6378279610902147 -0.7714768253496015
-0.2078757790927333 -0.9791775428728894
0.15885279999321122 0.9883151258249147
-0.9939600903679818 0.11850881298736089
-0.12196549325219389 -0.9935418554121156
0.04338620620802151 -1.0000593167961964
-0.9761696500272649 -0.22157123993345162
-0.6705578192188499 -0.7432046898967068
-0.9973203456070074 0.08575038331295816
1.0004695013256277 0.03258491855521078
-1.000950882577642 0.00991618207978555
-0.9583977841871051 0.2889198630507204
0.49855168301761377 -0.8680133751044996
-0.8531210364044335 0.523627250288051
0.09481575794334411 0.9964993587783332
-0.6792886863073565 -0.7352332151466131
0.9046161485736475 -0.42856810863593264
0.15963227609723057 -0.9881895245488173
-0.6819851250867051 -0.7327327542566057
-0.4815153379515795 -0.8775784747345255
0.9212550528593805 -0.3915228314939756
0.035653555481495014 -1.0003648454346683
0.9838515830204739 0.184491361825175
-0.3408467177976896 -0.9411825088507235
-0.5092707071267023 -0.8617681514552906
-0.8983972301347618 0.4414560191980485
-0.13815082291952552 -0.9914208743649984
0.2907329225002237 -0.9578493450300412
0.9681542555573401 0.2543193611312604
-0.9922653817805154 0.13194852071913557
0.7305599707381465 0.6843121576846919
0.479651074933855 -0.8785987971280165
0.40006400093780026 0.917578222907257
0.6616693401428806 -0.7511289398730986
-0.834425636644329 0.5529329587849745
0.5130287011480532 -0.8595362422832102
0.9978751713760293 0.07903253982544257
0.9085930333963512 0.42007106501592917
0.22913320733349923 -0.9744223793084104
0.7251352646682688 0.6900578583962941
0.3708693510449242 0.9297617568256488
0.19541558001516907 0.981740164752026
0.8602378051667376 -0.5118514614240287
-1.0001659314437812 -0.040854737536711525
0.5473089337434619 -0.8381252478267164
0.999247351017783 0.05920921789674019
-0.8422165896179431 -0.5409918817989057
0.9286152625749499 0.37373077758308443
0.23633370891596636 -0.9727010733159613
0.9698595789853071 -0.24773654766796685
-0.8822564132499697 -0.4728896502137667
0.7121561658236324 -0.7034448062779218
-0.027520052760061114 -1.0006216301360287
0.14865091283528964 -0.989900957729224
-0.342757627321406 0.9404882821774018
-0.5104110405561525 -0.8610932409898394
0.8782053902556364 -0.4803709946759332
0.9994718751454551 0.055289879663712745
0.7123934534741199 -0.7032044990237314
-0.04948396684855326 -0.9997761434565897
-0.18171284543198904 0.9843685497845865
0.7567386534453925 0.655246221188382
0.8883417063071608 -0.4613567088872578
0.7942813069271569 0.6091947188429062
0.9336148432817917 -0.3610600011132714
-0.9622420427527567 -0.27584642676497007
0.38428399673750885 0.9242980092218344
0.33321485651008786 -0.9439114679889007
-0.555564765589286 -0.8326756819048589
0.3874969708964161 0.9229556314071127
-0.5401777835933941 0.8427389643965255
-0.9211275278857777 -0.3918227627014998
0.07435869871686616 -0.998234333172895
0.990196480110233 0.14666946095661837
0.9462110434958293 0.32662771034701565
-0.45361709691754787 -0.8923186254831263
-0.9907777478047003 0.14269006431789752
-0.973769873913142 0.23189056181566237
-0.7135985214003983 0.7019815882593826
-0.8281087645877141 -0.5623494234130679
-0.8512612258566999 0.5266453506421076
0.8224973007633228 -0.5705253633599894
-0.23692693101416798 0.9725567486579936
-0.8041613191908975 0.5960919163326704
-0.6930959122750557 0.722231996236395
-0.8519847893104645 -0.5254739943932558
1.0000112874040374 0.04447949038062264
0.5498938936097962 0.8364315308324156
-0.6875151534983664 -0.7275465027818617
0.2769225124908566 -0.961932909342305
-0.7301497003675435 0.6847498923352866
-0.6871545173783976 0.7278871267212117
0.3923863566454397 0.9208875865807497
-0.7840119955076036 0.6223553574126163
0.9525167652357455 0.30775446697786824
-0.6429292928142343 -0.767230685284021
0.11681831875883064 0.9941601885020142
-0.40927377873365023 0.9135075117595253
0.3614076638701816 0.9334803160730802
-0.08079135428426525 -0.9977343118650948
-0.8923940039035858 0.4534687881176905
-0.9443519949245546 -0.33196431989298797
0.9737119572813653 0.23213363445931876
-0.8836532397689087 0.47027433679280395
0.7388910846735465 0.6753080519214545
0.3705256389960551 0.9298987852699696
-0.8787314295652002 0.4794080461301202
-0.5504511533443177 -0.836064906440828
0.9996602741286164 0.05177196470194493
0.7950097871504015 0.6082437326722514
0.7479497710116918 0.6652609563498808
-0.7687142977254695 -0.6411546837327465
0.7630963750989215 -0.6478309365188468
0.6574968549910504 0.7547839993513891
-0.3255360171866227 -0.9465871864304264
-0.6936672458500102 0.7216832768152949
-0.46835344899426756 0.8846728473368978
0.7547129725884577 0.6575783824052415
-0.9995697201928997 -0.05349181688340965
0.42299542469980134 0.9072352895930772
0.5426770219497431 0.8411317672325532
0.8504409647184251 -0.5279689058351773
0.8956633325352998 0.44697672730440985
-0.954966834193193 -0.3000655688196013
0.0007333539687380367 1.0009997313645775
0.9922182369106441 0.13230257118413363
-0.5013167307460533 0.8664193762111331
0.9893771932402097 -0.15209789445000468
0.638015508662308 0.7713217296993364
-0.6455989556796945 0.7649856132145805
1.0004393841958523 -0.033496843878547185
-0.016959198886145926 -1.0008563261393415
-0.6263006592897433 0.7808639344810546
-0.047052213250519025 -0.999893538947136
0.9535242315052489 0.304618679552526
-0.7426555595100726 -0.6711659406799342
-0.8997257137945182 -0.4387421109683282
-0.6681762075810527 -0.7453466010002341
-0.9994774963038352 0.05518817248484635
-0.9893697226341329 -0.15214648183529927
0.9511385971774446 -0.31198777052846594
0.49247388427750055 -0.871476031399964
-0.9947427766864271 -0.11174886232162327
-0.2872579152530973 -0.9588972260489882
-0.7662020063883848 -0.6441548613543281
-0.7795916132920825 0.6278836806962322
-0.8705688140213068 -0.4940758444343695
0.9317508178885817 0.36584342738931225
0.7186829198543686 -0.69677533015284
-0.6668284477868511 0.7465526245497893
-0.16101393123090446 0.9879653404596589
0.9211195243712059 0.39184157745466897
-0.7515956986804667 0.6611390971081811
-0.3096072614486311 0.9519161431860892
0.994923247768284 -0.11013051825089083
-1.0008625940867215 -0.016585166806475298
0.8756145713699959 0.48507743959551264
-0.16992554847532484 -0.9864716458040546
0.9120368755579115 0.4125405890607162
0.9965399119787745 0.09438857893482884
0.9631121675024091 0.272792875289681
-0.9993445346355584 0.05754564357133575
0.9594131934226062 0.2855299008626535
0.1806588352283645 -0.98456253496359
0.9590751606285043 0.28666328028788207
0.6439159607058452 0.7664027893661847
0.9840788043437801 0.18327549438295362
0.11000679132110971 -0.9949369356211648
0.10085833361701123 -0.9959059175143
-0.5027810326909867 0.8655704668980942
0.9820667736839176 0.19376752056539565
0.2877401176731146 -0.9587526399866976
1.0009438981145713 0.010597774634635461
-0.9738554840535424 0.2315307672402111
-0.7447691381456936 -0.6688198044807889
-0.4147599653673139 -0.9110297311989903
-0.9939037103709388 0.11898073167904537
-0.1545511783736482 -0.9889969328887308
-0.7845802428286592 -0.6216388361121932
0.8090709567117977 0.5894108813090037
-0.8602505553748009 0.5118300323128242
-0.6259956722868112 0.7811084548756231
0.84601022132988 -0.5350399101051878
0.7097977236470498 0.7058244764142614
0.9182005058271665 -0.39863370542232823
0.2155924942610051 0.9775074815152662
0.5844287028176647 0.8126771138175738
0.9280992201160112 -0.3750104500144653
0.9414678191521847 0.3400578561080882
0.9877213117118707 0.16250418576203346
0.8367943127526872 0.5493416770505929
-1.000960747528445 0.00886464366439556
-0.1660268079365802 0.9871352992606383
0.1217707847089759 -0.9935657381327923
-0.974197138205606 0.23008897390359084
0.46034903834624286 -0.8888643107323465
0.3312994678008664 -0.9445854448565586
-0.19511706092992842 -0.981799537855904
0.793847545446244 0.6097598499319001
0.016612833715834413 1.0008621352393796
0.310256724314478 0.9517046627066875
0.823953764843041 -0.568419909398834
-0.07007962557400824 0.9985438628720357
0.7979459067912741 0.6043867386326832
-0.9172312334759919 0.4008589082658768
0.9325907497481194 -0.3636969803067392
-0.2897576451647018 0.9581448257276176
0.7817226800033549 0.6252284794923951
0.969621002043148 -0.24866867996762557
0.9983791979056253 -0.0723876867244716
-0.13227955317047285 0.9922213058652893
0.7182381286105604 -0.6972338134442421
0.9834099126103536 -0.1868313244070616
-0.21172550241283244 -0.9783523453378306
0.7825544775508427 0.6241870630389
-0.9335120785657682 0.3613256137776823
0.5236429365307119 0.8531114083292363
0.8016964073022144 -0.5994029283534758
-0.740232307277248 0.6738376149065901
-0.35442878693189883 0.9361523567208399
0.9209814783337407 -0.39216592988962923
0.9629524895474765 -0.2733560002529984
0.3279207324226147 -0.9457637089925875
-0.9666231960880725 0.260078059021671
-0.5531895245849244 -0.8342555662921916
-0.08698761538097213 -0.9972131942419996
-0.9957635893956732 0.10225396830365681
-0.9431864531335673 0.3352615615088034
0.7999475867558472 0.601734873880097
0.15238406609797953 -0.9893331574345654
-0.9844681041336748 0.18117271302116122
-0.8660067007158267 0.5020292763527724
0.5872319280065837 0.8106538488958591
0.019749511458480612 -1.000805154261883
-0.11141382621626388 0.9947803573291202
0.3228187873986779 0.9475172982602731
-0.8546639288093439 -0.5211051417825165
-0.39348021743652223 0.9204207290615022
0.1420847179231919 -0.9908647399785134
-0.8855026532485025 -0.4667826593714279
-0.22955848067065077 0.9743222793060736
-0.4556703441117535 -0.8912718650877948
-0.2072950037520597 -0.9793006593582144
-0.8644667534722047 -0.5046763637631809
-0.6373481441709592 -0.7718732688219189
-0.9507345782039383 0.313216796815528
0.9995341048736486 0.05415323807893648
0.5361233885413597 0.8453240279673413
-0.5513219999199781 0.8354909050398068
0.28671848747697243 -0.9590586577154273
-0.9922495024927377 0.13206787952759186
0.32717746359183436 0.9460210924274437
-0.8333066063249089 0.5546179764984751
-0.4967180368329844 0.8690639745638902
-0.7287273295403683 0.6862634182156029
-0.8873659371542806 -0.46323071312069247
0.9449932559656506 0.3301344365246351
-0.3252827142086147 -0.946674260681612
-0.5438880024218581 0.8403492374135654
-0.8937540032147147 0.45078241063474495
-0.36729265554904 -0.9311804901197911
0.1074542200057378 0.9952158512619051
-0.5496392810477156 -0.836598864886482
0.9432684383877359 -0.3350308241663178
-0.10688639377139142 0.9952769960300233
0.1507545688415998 0.9895827706530582
-0.7999730957205903 -0.6017009607132229
0.9899972861725533 0.14800801792801438
0.8579738867234934 -0.5156372850178527
-0.12120441896697925 -0.9936349877207812
0.2734313239795229 -0.962931104008384
-0.9749293744756533 0.22696632962735133
0.8146579143954059 0.581664407122292
0.4370016511364784 -0.9005723496221676
0.11648917284173409 -0.9941988093991305
0.978356685474559 0.2117054462861897
-0.5182504323732499 -0.8563979736926867
-0.7836564519321492 -0.6228029907965401
0.9309579613293937 0.3678563228183243
-1.000968648840733 0.007922375777322596
0.9369240743287833 0.35238370981524164
-0.3513711427514873 0.9373042835928543
0.03591808525940631 -1.0003553824273141
0.8760326368795376 0.4843220200671081
-0.41600878210611647 -0.9104601546529018
-0.5538160245285502 0.8338397993472081
0.5792911921062559 -0.8163471778282283
0.9958003527782568 0.10189532573528264
-0.9759159918227513 0.22268582555837624
0.8214276346019224 0.5720643679799422
0.9433297252057914 -0.33485822304845075
0.9610540341437993 -0.27995739578716083
-0.13177326422794644 0.9922886711208144
-0.36568204463405396 0.9318141672201907
-0.850459271507336 0.5279394165121707
-0.9719969658168505 0.2392130816716267
0.7978294368611936 0.6045404781135427
-0.5359863034989881 -0.8454109547796803
0.7802718153907201 -0.6270381919045043
-0.6123569161269552 0.7918459492044428
0.42828963574266826 -0.9047480245435259
0.7757837152999182 -0.6325825061408634
0.9920365374426025 -0.1336581773738212
0.6706443653788308 -0.7431265943199888
0.8346703183941849 -0.5525635344390271
-0.9259335619386905 -0.3803262269099112
0.2612895238482991 -0.9662964269452357
-0.0033724974516501807 -1.0009943187955357
-0.07456738458783484 0.9982187661809058
0.06919297798502178 0.9986056938539677
-0.4597255981236494 0.8891869175993611
0.9766246437850867 -0.21955706582037485
0.542153551613946 -0.8414692665049535
-0.5266630958137609 -0.8512502472879907
-0.9670648055439054 -0.25843115500714775
-0.6166937423466756 0.7884730991926433
0.8954467482096005 -0.44741046156840386
-0.05050032114318858 -0.9997253210579569
0.8915025948035543 -0.4552187643963391
0.9910836815303306 -0.1405494084095925
-0.7268541816003967 -0.6882470477161653
-0.444063656514064 0.897111179822969
0.41054086960331243 0.9129387681467777
0.9353978384621687 -0.35641532486735533
-0.8206389175410784 -0.5731952259195875
-0.9029466449251082 0.4320744801749933
0.11323758685702046 0.9945744059258708
0.9562241930496908 0.29603427610070376
-1.000972486223386 -0.007421712994542273
-0.17397118687791843 0.9857662127179488
-0.21616589789190266 -0.9773808390737909
0.9379386137409762 0.34967435830162874
-0.8594838694063301 0.513116437302804
0.21978827093806044 -0.9765726373179098
0.5175523567755916 0.8568200266077064
0.2685383856815106 -0.9643070752698895
-0.998239405677972 -0.07429057108199795
-0.03989312622440797 -1.0002047482790928
-0.05101209751961783 -0.9996993377544315
0.8739164093557018 -0.4881302177276443
-0.6481718138369177 0.7628068561224134
-0.07281949324973336 0.9983477958120868
0.1463688886199009 0.9902409547398932
0.536933827704638 -0.8448094842427173
-0.9680847698155425 -0.2545837356375859
0.6564619610626478 -0.755684255279798
-0.784380266137482 -0.6218911464992027
-0.5716000210289596 -0.8217508235223697
-0.1192904325559131 -0.9938665869726294
0.10180638221547203 0.9958094499150916
0.5271715127958654 0.8509354829224827
0.961777596180295 0.27746144864765143
-0.8226498153280306 -0.5703054281179138
0.4607539763756504 -0.8886544734901336
-0.06670012560132252 -0.9987752966732646
-1.0009336630456855 0.011523982902891852
0.32342904477450846 -0.9473091644211244
-0.43215258446008825 -0.9029092666178957
0.7692422588920198 -0.6405211527613298
-0.4091451557208288 -0.9135651271530557
0.6191768498771248 -0.7865246522368134
0.5387553772650991 -0.8436490048995143
0.5607630060366183 -0.8291838463578362
-0.4390856001974366 -0.8995581335851824
-0.7075378339910287 -0.7080898343227953
0.22006980795123154 -0.9765092317168886
0.060346375868000963 0.9991793207025443
0.7799299026628439 0.6274634227844096
-0.10647503598623172 -0.9953210872435742
0.7336153961768939 -0.6810355721195619
-0.051239754899367974 -0.9996876949917173
0.20786790689595433 -0.9791792140781457
-0.7010792725949498 0.7144850268114342
-0.870913650367933 0.4934677432242168
0.6583921068319066 -0.7540032053389715
-0.657664300975554 -0.7546381034789696
0.3055095809665044 0.9532391598846907
0.9936618004487391 -0.1209844053131243
0.8148303035837684 0.5814228894372699
-0.7360365137963581 0.6784181972489414
-0.887731741284947 -0.46252930233142636
0.6316544284139022 0.7765395566647629
-0.521703127256491 -0.854299038399785
0.7588587095820555 0.6527897509087114
-0.30784373878300453 0.9524879172420516
-0.9647878169097126 -0.2668060500487027
-0.039399221685776774 1.0002243255043115
-0.9708083737346509 -0.24399201111241833
-0.9693762322141258 -0.24962115378778568
-0.047986066190759964 -0.9998491573490152
0.7141450606516992 0.7014255714947816
-0.9142529079530852 0.4076059620507622
-0.023003941456159718 1.0007356387565507
-0.9491489965961651 0.3179892801031081
-0.2964617763376015 0.956091739934382
-0.5884686351317348 -0.8097565470350908
-0.7833089841056696 -0.6232399501149969
-0.5835140406171475 -0.8133341037990784
0.5365565997922533 -0.845049120003906
-0.8799711848388974 0.47712861353436675
-0.2567713627656414 -0.9675068306030069
0.5325739981582809 0.8475647093205942
-0.9653858300269639 -0.2646340854522522
0.30350571222069017 0.9538790712922742
-0.9716231345085468 0.24072699160623118
0.6026639935990296 -0.7992478406722591
0.2678404394658142 0.964501165881493
-0.6850618232508853 -0.729857039648295
0.984081038130975 -0.1832634998876276
-0.7853935877515958 0.6206109186266999
0.6266864731020259 -0.7805543315048247
0.6185446532285143 -0.7870219259731058
0.5340577978391724 -0.8466305384092718
0.6539754353252686 0.7578371394904881
-0.22994489093378734 -0.974231156930145
0.44743745907972166 -0.895433258379586
-0.991640537713035 -0.13656516380176442
0.9956495936413545 -0.10335805088044989
-0.8849320744015781 -0.4678634669380801
-0.9662319669752422 0.2615277920129227
-0.7546311849532954 0.6576722395661727
-0.02098064816095106 -1.000780101921869
-0.9930693061548991 0.12575513179599268
0.9866169767014051 0.1690796891544899
0.005641025789503425 -1.000984105182516
0.9834836962635223 -0.1864425358759101
0.4699119686094153 0.883845994366453
-0.6666391471018102 0.7467216667215243
-0.45148020553031387 0.8934017148037636
-0.9521149427070608 0.3089953654570412
0.9572671919823349 0.292644021217341
-0.3837305501369925 -0.9245279146091593
-0.8455615422302543 0.5357487081656791
-0.008405521757214577 1.0009647082709705
-0.2831881075828704 -0.9601070230571342
0.8855862013426681 0.46662413138570474
0.9622883743505356 -0.2756847558168632
-0.7622339088551011 0.6488454886885423
1.0007842852609605 0.020780143760529675
0.9884590756732465 0.15795460018369528
0.8635771822272708 -0.5061970469455618
0.17108995737486102 -0.9862703617596283
0.36626116849831664 0.9315866875660299
-0.5067875762453363 0.8632307643749597
-0.8947410705997212 0.44882002693960166
0.1671683407643669 0.9869426254074187
0.9806607974302695 -0.20076204916125942
0.9972490329419357 -0.08657578354467382
1.0002859849922952 -0.03780143156011169
0.4112319447369297 0.9126276829177837
-0.3253262683697311 0.9466592941014341
0.0012263348697583102 1.0009992488023092
0.9729025473821227 -0.23550293691879193
-0.2732602882445738 0.9629796544416152
-0.9887236798141993 0.15628974686353814
0.9341972998969639 0.35955028141446677
0.9872742841123728 -0.16519832907872178
1.0006464292010107 0.026603077402189465
-0.4317932659457712 -0.9030811566431249
0.3033467924587011 0.9539296218825672
-0.9560456108213138 -0.29661050222354046
-0.28817810974308 -0.9586210810663959
1.0009967299307734 -0.0025586457157021486
0.9471786279826582 -0.32381112811774915
0.9120994416797508 -0.4124022411281088
0.9988264639449743 0.06592946930757702
0.000604087332325438 -1.0009998177215094
-0.19199711823969914 -0.982414427106835
-0.9087813601262481 0.4196634836235892
-0.2781584742374158 0.9615762388962785
-0.9976623291424177 0.08167543700603137
0.9729532341076751 0.23529344283131973
0.27572731181601 0.9622761815189632
0.12989442858075764 -0.9925363657940591
-0.8074899486490753 0.5915750018642723
-0.8455653311536903 -0.5357427281363231
0.18897329154297535 0.9830005570107342
-0.6868344791208796 -0.7281891226122167
-0.8648059048719827 -0.5040949780532943
-0.3125017785379969 0.9509698409574242
0.70242930517973 0.7131578164927603
-0.4797924257846824 -0.8785216150782234
0.16630547665579362 -0.9870883893726484
-0.41952053940169265 -0.9088473562816326
-0.269190301339636 -0.9641252935509347
-0.31743813566585366 0.9493334661882447
0.5305451066032563 0.8488361973074308
0.3155312914255906 0.949968949035335
0.9996677985274065 0.05162647176951663
0.013409532176006251 1.000910178011404
-0.4228399485861528 0.9073077635949445
-0.9643908598915127 0.26823733773974984
0.17150574562781096 0.9861981439937152
0.4174176482805643 0.9098150948978166
0.8834632429298379 -0.4706311702298245
0.9715448523970548 -0.2410427343455619
0.007054344135846885 -1.0009751426628002
-0.8757343587075321 0.4848611481435767
0.9041183667974716 -0.4296172468831677
-0.13262662826456711 0.9921749732154971
0.2073001967815891 -0.9792995601011544
0.20965682235994304 -0.9787977405153382
0.5604585942014088 -0.8293896335171912
-0.15835277932301792 0.9883953648619948
0.6489623064654737 -0.7621344532213543
-0.9978779751032487 0.07899713161779973
-0.7952796454420099 -0.6078908500262452
-0.9499358328884726 -0.31563097660794287
0.1257725374006956 -0.9930671018797222
0.443776290453435 -0.8972533666871296
-0.9797033838437096 0.2053832507415953
-0.740864988194265 -0.6731419384259991
-0.9722389869204289 0.23822752215463708
0.6757018555587517 -0.738530975920753
-0.5950024332374947 0.8049677660884693
-0.9974436957214907 0.08430346295054676
0.41380566102172833 -0.9114635894572917
0.8698831580607089 -0.495282032101234
-0.7251384543467673 0.6900545065627651
-0.7449608678792635 -0.6686062408687004
-0.9214588700510048 -0.3910429014882194
0.8673251407296332 -0.49974803677285423
0.7562811513684718 0.6557742142572995
-0.9834188125811625 0.18678447221719585
0.4468326255025568 -0.8957352314085295
0.649271862190634 0.7618707560784219
-0.5229241478261006 -0.8535521868171544
-0.11146381510100307 0.9947747573813528
0.7413546291149823 0.6726026418992026
0.27452675993355236 0.9626193734183754
-0.6899780657560091 -0.7252111890860458
0.9885519514845525 -0.15737229494444938
0.13996214131656262 -0.9911667866701761
-0.7126335856593292 0.7029611458610835
0.9494754046354659 -0.3170133372467447
0.4505386750392508 0.8938768943729759
-0.7286492440556704 0.6863463259441984
-0.9978934762822671 0.07880107863025974
-1.0009989983588135 0.001416080736536129
-0.4328179119346852 -0.9025905246059805
-0.09632779091724322 0.9963543329042154
0.8519676260722528 0.5255018212383378
-0.7854613165270515 -0.6205251971028984
-0.8463644187500006 -0.5344794389627853
-0.9084456620157374 -0.42038967537843835
-0.8384105620881783 -0.5468717668512288
0.9942836676389681 0.11576263760990382
-0.3177308822737541 0.9492355273848224
0.9069924342063566 -0.42351590795674715
-0.5673604483144037 0.8246836494611003
0.583884629022 -0.8130681029236366
-0.56869152408677 -0.8237663202825585
-0.1783775316827264 0.9849784039210088
0.605631357475925 0.7970016680295395
-0.9771179476145769 0.2173511362967233
0.35046503866905604 -0.9376434592480754
0.4423037512355579 -0.8979801733017014
-0.46643281996144836 -0.8856869788264989
-0.4508819573938798 -0.8937037878943244
0.34369610330657613 0.9401457273060785
-0.1617816099599852 -0.9878399215858585
-0.465397354960414 -0.886231517153306
-0.9318779655189505 0.36551943502399675
0.9989956697642087 0.06331391468200245
-0.13277073942806836 0.9921556988455612
0.2911222448771854 0.9577310888436629
-0.9929934996783618 -0.1263523232731366
-1.0004671127862994 0.032658172530715956
0.912394242197484 -0.41174961664205467
0.9259304513992825 -0.38033379967013303
0.7027891698699789 -0.7128031865202806
-0.9822568800748261 -0.1928015081519557
-0.5038501825233106 -0.864948549667104
-0.7276263972281269 -0.6874305972655101
0.794790700730129 0.6085299844978147
-0.9675256360575278 0.25670049390578903
0.8994115659483815 0.43938574742278597
-0.45251555350514616 0.8928777485389202
-0.9837263326199045 -0.18515804738167033
-0.25155543418698767 0.9688760826498899
0.3331619055863038 -0.9439301587861799
0.9785530185884317 -0.2107960858542407
0.4967725456888867 -0.869032817475717
-0.6743152809789431 -0.7397972031836083
-0.8472524266352093 -0.533070657193537
0.20217390451078587 -0.9803707014873831
-0.49572183662806224 -0.8696326009816449
0.8544807072465727 -0.5214055244657436
-0.9845087962803382 -0.18095145770797091
-0.021260462306021573 1.0007741966810166
0.4845986827207446 0.875879624551981
0.04342749572731647 -1.000057524652884
-0.38639637067708765 -0.9234169398097345
0.5147758063243929 0.8584910420167885
-0.9626055487716361 0.27457523099153963
0.7114509299397869 0.7041580605856987
1.0002553035605943 -0.038604762645342225
-0.9662187747958978 0.26157652653079216
-0.2636061400468145 -0.9656670248743193
0.7312410254764184 0.6835843493382481
-0.7094035270352967 -0.7062206707749928
-0.10010779525236145 -0.9959816410605725
0.05502151836820116 -0.9994866845118336
-0.760479685165619 -0.6509006440697389
-0.8199220110251761 -0.574220250284184
0.40876738829165327 0.9137342186156874
0.5342176266221037 -0.8465296967066462
0.8490627659033667 0.5301824398794482
0.3920876987903915 -0.9210147862316084
-0.9516045501223899 -0.3105636491709291
-0.24689263765933359 0.970074752516329
-0.7590513168366344 -0.6525657809053208
0.9984291630604769 0.07169523241022058
-0.6820170778437157 -0.7327030131844137
-0.6245255064340379 -0.7822844059632714
-0.8250165043475219 -0.5668763247430565
0.9198434836546523 -0.3948277669795698
-0.3356655373526764 -0.9430427599179896
0.994053473839892 -0.1177229423130566
-0.15024256038949974 -0.9896606352925267
0.9213685277191862 -0.3912557170554561
-0.993064213152568 -0.12579534393478561
1.0004319489523246 0.03371817781929515
-0.5704937036757379 -0.8225192606050872
-0.9274731008423748 0.3765563001913923
0.9968522016008433 0.09103124828075
-0.33009302585928413 -0.9450077218092252
0.5061486506151082 -0.8636055485466181
0.8425322520998845 0.5405001426193121
0.4063358632869368 0.9148181055307442
0.17206744467930624 0.9861002963601289
-0.0701387546240143 0.9985397113283939
0.6654103663257385 0.7478168521678598
0.73104923488301 -0.6837894531045107
-0.2344191693050994 -0.9731642477312384
0.7093355026076862 0.7062889951997703
-0.617230525574882 0.7880529666834298
0.9968788509897974 -0.09073894670570765
0.7047040574169298 -0.7109101148950665
0.10887639629809039 -0.9950612696357652
0.41124682139049007 0.9126209793206698
0.4586760303871513 -0.8897287784197412
-0.7847365766866591 -0.6214414736804289
0.36199039649174386 0.9332544952196855
0.3452652072306881 0.9395706129269635
0.9654784133244678 0.264296109325257
-0.37685810265904457 0.9273505111122897
0.1518255546121405 -0.9894190219349515
0.9991118152088468 -0.06145389092712685
-0.11433609732727198 -0.9944487200695512
-0.7658947680200471 -0.6445201349217248
-0.6842363971597112 -0.7306309278985512
0.5949243153523377 -0.8050255020821093
-0.6709533542232667 -0.7428476266749108
0.8851862918422224 0.4673823153849704
0.8289921103412082 -0.5610464160762727
0.9933872035147278 -0.12321876437129546
0.32088661341624164 -0.9481733920176496
0.9238293282795943 0.38540935667219306
0.18960050226565356 -0.9828797736959551
-0.37046360300200976 -0.9299235016122398
-0.4220104876077783 -0.9076938626811604
-0.7021191556479025 -0.7134631674251141
-0.9749786698695322 0.22675447801407983
-1.0002174768751495 0.03957270465244587
0.570260839672799 -0.8226807246652096
0.9988745822470209 0.06519638748304722
-0.6288917956695356 -0.7787786009769062
-0.6318540144207576 -0.7763771663697825
0.6277059493534707 -0.7797347248559975
-0.22741456527689802 0.9748249153052662
-0.05078968845344179 0.9997106619151375
-0.8330716633103581 -0.5549708134571704
-0.9002367141340046 -0.4376926530400191
0.73833956594258 -0.6759110040262125
0.884780035672477 -0.4681509248900512
0.9533658841644757 0.30511389825979324
0.7456639624471985 0.6678220235268848
0.35195749078752087 0.9370842676507551
-0.8880554350655351 -0.4619075061639106
-0.7446943206912724 -0.6689031086264767
-1.0009969246463437 0.002481299772688424
-0.8032324937272138 0.5973429174442109
0.9631864007178994 0.2725306541879244
-0.5648273287036499 -0.8264206487918239
0.9268277374555671 0.3781419641920139
0.514727047984749 0.858520277030721
0.6425108705418356 -0.7675811235534473
0.09325531929138917 0.9966466000663731
1.0009526483941642 -0.009736306933778565
1.0002758361057946 -0.0380690386384207
-0.9806106280422598 0.2010069555278242
-0.5967211665785813 0.8036945000167022
-0.18407876347203317 0.9839288637084529
-0.8081552222008974 0.5906658419355381
0.7508364086590666 -0.6620012744942075
-0.6450131551090438 -0.7654796076554075
-0.29522304101273517 0.9564749636321868
-0.8594872920143247 -0.5131107042986756
-0.2847497058980102 -0.9596450411433369
0.5541511919802469 -0.8336170922113292
-0.31823961526713895 -0.9490650911684737
-0.2652832622742886 -0.9652076412653968
-0.9872349272861461 -0.16543336527532052
0.6122076848032052 -0.7919613315483902
0.2893329977420122 0.9582731429073972
-0.009454794343779277 1.000955347087929
0.9571000006427652 -0.2931903626820276
-0.9562424146544345 -0.2959754118433767
0.8191244909367908 -0.5753573397007665
0.32440178256311486 0.946976495732536
0.811080686086552 -0.5866422424760835
-0.5751605156586436 0.8192627058686872
0.23866691116538688 0.9721312182595379
-0.9196535679012261 0.3952699268177948
0.5936935429501212 -0.8059336058629969
1.000905587375298 0.013747914784057505
-0.22446156906883583 -0.9755090999120184
0.23259908460854853 0.9736008760468867
0.693214308074172 0.7221183580835256
0.9453296291064182 -0.32917000521542344
-0.9286301637712853 0.37369375019408063
0.8794564000836805 0.47807681427972776
0.9970439708320541 -0.08890624402959624
-0.10284994852308003 -0.9957022085386774
0.9971396429849344 -0.08782671796143487
-0.6909391340539688 0.7242955978278148
-0.908309927332837 -0.4206828685703951
-0.5994957800876222 0.8016269766276166
0.9804623291442335 0.20172907854115799
-0.9168305038322763 0.4017745975577032
-0.8900833354804848 -0.45798761544384003
0.855302509534565 0.5200563596225656
-0.453379956853756 0.8924391378258163
0.9989896391069928 -0.06340899744421356
-0.6155569014287475 0.7893609447543242
0.5235720794858227 -0.8531548965943356
0.22190384918948294 -0.9760940947034211
0.6294201412281506 0.7783516466330208
-0.11324928310794734 0.9945730741758174
0.9929377823208368 0.12678943347053162
0.9779254449603426 0.2136886148092966
-0.7831089524697226 0.6234912738457322
0.48969544555591377 0.8730403029653299
-0.4553678380290554 0.8914264591589953
-0.7757910223373432 0.6325735448631881
0.4416499402205378 0.8983019148945388
0.9017430948632242 -0.4345807069653394
0.662273015841685 -0.7505967309334348
-0.7670780788341034 -0.6431113596976662
-0.7177332225525336 0.6977535533727903
-0.6980073213880351 -0.717486431431773
-0.8365523547317235 0.5497100670288008
-0.3643533353465332 0.9323345145503606
-0.28368768047486437 0.959959530369271
-0.9516532309572671 0.3104144455539957
