1000
-0.41245599461940563 -0.912075135338376
-0.9751193293678593 -0.22614883040417516
-0.4177044317640871 -0.9096834656542028
0.46288193446074505 -0.887547922508908
0.6621723902660036 0.7506855037693265
0.4515387313403096 0.8933721364020616
0.44322576445257933 -0.8975254434975237
-0.0899342583616049 -0.996951768729535
0.9886657459705658 0.1566558098011839
-0.6650896065373415 -0.7481021422747058
0.9570222699398577 -0.29344398927080106
0.43608201081232123 0.9010180241515052
-0.9631854016748591 -0.27253418501252347
-0.8716757705301393 -0.4921202607805209
0.05465834355866986 0.9995066110233701
-0.3929877460383205 -0.9206311049838152
-0.7763476912700814 0.6318902295965767
0.9847267420463303 0.17976162966222836
0.23739509138201803 -0.9724425795838658
0.15808487562353227 0.9884382490065287
0.800058688140905 0.6015871470786707
1.0007718574817297 -0.021370289482559097
0.724456382136072 0.6907705482881517
0.6676480191312729 0.745819765459516
-0.2670558194331264 0.9647187099392762
-0.9962975327007956 -0.09691349923672754
0.8055068927671085 0.5942723666002634
-0.7750071988410936 0.6335336153231979
-0.49839831188566064 0.8681014472453803
0.8888910463111064 0.46029741231941185
0.6217715416833045 -0.784475079242653
0.9985975508021286 0.06931039988335083
0.0968812724658762 -0.9963006669903381
-0.06416791007815736 -0.9989411791072593
-0.9233196057398778 0.3866288991479511
0.999097692349073 -0.061683070146979845
0.9995814892860745 0.053271439596028904
0.981132978564136 -0.1984416245999481
0.33336864406920336 -0.9438571645918998
0.21401673295159251 -0.977853689473393
-0.9191641532745092 0.3964066842715377
-0.5289679553937586 0.8498199233758564
-0.9818000205774913 -0.19511463193219966
-0.20579070903516195 0.9796178765594293
0.15599085186391448 -0.9887708805050694
-0.9898118790371999 0.14924290307028848
-0.8602140770839626 -0.5118913376748885
-0.7022606653749633 0.7133238800622854
0.8026306292356895 0.5981513796796937
0.605035713439373 -0.797453939398953
-0.20092330836534494 -0.9806277704386739
0.7143158704907391 -0.7012516218626932
0.5432378250093809 -0.8407696863464318
0.530480451217874 0.8488766052116649
-0.24867536054575778 0.9696192887197724
0.30415236867320666 0.9536730763896387
-0.8307146086427631 -0.5584928280537726
-0.6877357127508004 -0.7273380159232354
-0.9771278922778682 -0.21730642450836737
1.000531137744063 -0.030634007321446298
0.934967113119097 -0.35754369996651
-0.9898026297723096 -0.14930423334862397
-0.2883650211208788 0.9585648723972495
0.9499419175661921 -0.31561266332431265
-0.6711653102408479 0.7426561292612526
0.08827554742326293 -0.9971000088893407
-0.3541664794574778 -0.936251624740217
0.9819614447140252 0.1943005946855138
0.2577135340132078 0.9672562919859572
0.6224147715470665 0.783964828394752
-0.7641402936020839 0.6465992666974817
0.6435747762907139 -0.7666893160350923
0.3455397624662698 0.939469676229496
-1.0008177819719781 -0.019098881870155553
-0.9733795338120538 0.23352362440624452
0.8809265369988633 0.4753624263771699
0.7909537135388203 0.6135089429170122
0.2289749699206573 -0.9744595749182385
0.8899037039777035 -0.4583365549972683
0.7810786569256882 0.6260328519296436
-0.9174717779020893 -0.4003080523211833
0.8643949979287049 -0.5047992547100624
0.9391839709745929 0.3463155622613499
0.3964968159352105 -0.9191252770723042
-0.17274898198979452 -0.9859811302562994
0.2440318689058419 0.9707983554571576
-0.38774079270885814 0.9228532265043593
-0.9027838974354581 0.4324144245180131
-0.08423413158789288 -0.9974495531482449
-0.5454372029369686 0.8393445404911478
-0.7852208978690873 -0.6208293981035888
0.6209904202814703 -0.7850935599778174
-0.9399651517688213 -0.3441896475203995
-0.11984691065793941 -0.9937996367506621
0.8621751772676216 -0.5085813245721331
-0.22229564035963262 -0.9760049427523925
-0.06210120676491915 -0.9990717892715922
-0.9947906367973467 0.11132200564277187
-0.9888761070712565 -0.1553223900910521
-0.9895344784926305 0.15107122781760168
0.37882782989231073 0.9265476109186632
-0.41051862744706635 -0.9129487699312469
-0.7951739528766862 -0.6080290985359711
0.9966669040818494 -0.09303806913248766
0.27516680621805806 0.9624366102532435
-0.9536734055596267 0.30415133655518234
0.2816461747046209 0.9605604781971067
0.6590552176998823 0.7534236656905335
-0.9480923799197507 -0.3211258929736173
-0.7523486690780952 0.6602821216240969
-0.9948190365482518 0.11106792750928657
0.561703954754233 0.8285467199943856
-0.6469242844362665 -0.7638651518472515
-0.04629930662458129 -0.9999286845600955
0.11484305844959795 0.9943903016049292
0.9942816906365133 0.11577961679413554
0.31372736552959396 -0.9505662207957216
-1.0009718294014953 0.007509776602787543
0.6593543292680605 -0.753161913850844
0.7223255501969914 0.6929984123593745
0.65796864950893 -0.7543727568406714
-0.8782839653482858 -0.4802273172280928
0.5861014956645475 -0.8114715255508232
-0.7544644349772612 -0.6578635241100103
0.7920466215529067 -0.6120973364479105
-0.21373050152879422 0.9779162912623197
0.3037730077825874 -0.9537939818130119
-0.25491981033443484 0.9679963276268437
-0.9066879021961356 0.4241674763712689
-0.6372810997797472 -0.7719286235549992
0.7880956338261657 -0.6171760461522582
-0.38760246891338124 0.9229113316523161
-0.6900160445300852 0.725175053549869
0.9877323502439613 -0.16243707791492817
-0.8510501698951681 0.5269863454790887
0.3200472412065507 -0.9484570435165084
-0.019165337449379562 -1.00081651157465
-0.7856558546096581 0.6202788712487051
-0.8517208991061468 0.5259016162989204
0.8098350399938754 0.5883606105086557
-0.48773452571621206 -0.8741373075349099
-0.9326746463385387 0.3634817795671219
0.0063443400993325886 1.0009798945776602
-0.9025452638565288 -0.432912285215087
0.5582945184076648 -0.8308478986649444
-0.7063691849245949 0.7092556482601767
0.9119455528232067 -0.41274242414122636
0.9491704429397126 0.3179252589047143
-0.3696661558131559 -0.9302407931532155
0.7670756730810229 0.6431142291749544
0.5072166958758452 0.8629786923353266
0.7796685086673849 0.6277881940530389
0.5702447381649144 0.8226918855776008
-0.8829069525335455 -0.4716739479427792
0.9056429233135033 -0.42639406122995194
0.5606306326603749 0.829273352835377
0.5151836525933475 -0.8582463539687057
0.9970676949185309 0.08863978649482024
-0.9709694965498035 0.2433500293195407
-0.02296593271537468 1.0007365117424831
-0.5248819028538676 -0.8523496864881825
-0.21886356477331048 0.976780292601524
-0.9484495312726612 0.32006950280942015
0.18568440037902492 0.983627116063746
-0.6728592498865863 0.7411217375317367
-1.000512210949746 -0.031246051597783445
-0.8653188744923167 -0.5032139161900734
-0.5950821826077789 -0.8049088121910221
-0.5366618246335754 -0.8449822992116235
-0.4404473248776672 -0.8988921815257415
-1.0005118865125668 -0.03125643848976718
0.27969721132262754 -0.9611297883107907
0.4358381878130122 0.9011359908714497
0.264027853955555 -0.9655518071732992
-0.8798775173968016 -0.4773013245106713
-0.8584930381835647 0.5147724773046366
0.7308748172430402 -0.6839758778787105
-0.9131969072773812 -0.40996635049602054
0.6576352956908446 0.7546633804959768
-0.8689995625832502 -0.4968307158682117
-0.4311125102361574 0.9034063335608618
-0.9286706764094207 -0.3735930603976324
0.7192565691945457 0.6961831566983588
0.7030919877055682 0.7125044960028204
-0.9076444018411909 0.42211685562927564
-0.3490296775745484 0.9381787058829499
-0.980901456166955 0.1995828982892757
-0.9717482457225687 0.2402214539442936
0.8309315051508527 -0.5581700760052785
-0.9998561299570724 -0.047840562154576445
0.9979373458366858 0.07824355426762661
-1.0000145237161178 -0.04440667018394919
0.9777963103770074 -0.21427873299305986
0.44200388963034065 0.8981278091405753
-0.2328067100291254 -0.9735512496861245
-1.0009721450169358 -0.007467589985711376
-0.9934356228249327 0.12282777903405306
-0.14578943472884523 -0.9903264313959532
0.6036274222646623 -0.7985204662938321
0.6517777569095283 -0.7597280800378406
-0.587290131895724 -0.8106116832231713
-0.8048543940839721 -0.5951557815595192
-0.9195643204169808 -0.3954775096210354
0.9776130893211344 -0.21511310417542595
0.9431770476957374 0.33528802051363615
0.5547543624051161 0.8332158168160834
-0.5338328116049568 0.8467724188079975
0.3356712227855957 0.9430407362323343
-0.8449835834527405 -0.536659802570833
0.5674296457346105 -0.8246360391963805
0.8253589019786259 -0.5663776857580434
-0.9778777624394289 -0.21390671267273484
-0.4850550652686127 -0.8756269660404834
-0.7764575141876033 -0.6317552759270062
0.9551337284901167 0.29953390576121447
-0.9884292236383824 -0.158141297128943
-0.5553080140777398 0.8328469304146091
0.7960611148815216 0.6068671200300679
0.9826435222408435 -0.19082114190547367
-0.40128102972880325 -0.9170466374071666
-0.2927768478203372 0.9572265757804612
-0.7300340889579465 -0.6848731480787819
-0.4077620165102852 0.9141833174432062
0.34992833178421895 0.9378438903222187
0.5164900598561436 0.8574607968121909
0.9043330098096125 0.4291652448284777
-0.8590595678402625 0.5138264871550525
0.08802415827837846 -0.9971222330082621
-0.9248836745739581 0.382872287462246
0.264428803456166 0.9654420789994294
0.03781315312872038 1.000285541958127
0.8229127902867736 -0.5699259070988408
0.19873148727396575 0.981074307056238
-0.9896217127673018 0.15049872298299458
0.9884268638775268 0.15815604561709679
0.05474608495562445 -0.9995018089938765
-0.7071806455560792 0.7084465643581647
-0.16386601686930194 -0.9874962929122264
-0.5948132158534969 0.8051075942046636
0.09390119903683819 0.9965859545565772
0.5342693784200345 0.8464970356018205
-0.47091685917305764 -0.8833109937879086
-0.9015190072559277 0.4350453764336387
-0.07610290210502217 0.9981028746032111
-0.9605509918830236 -0.28167852596983584
0.23643133357107565 -0.9726773486135075
0.4880238433550278 -0.8739758167804115
-0.9591067883959529 -0.2865574435480623
0.9187995296136112 -0.3972510848088483
-0.9357813401056365 -0.3554072080165216
-0.9117817410733949 0.41310417166275204
0.07752745569780706 -0.997993233250118
0.2194536075833317 -0.9766478966949456
0.026392977792533356 -1.0006519928143065
0.6370543731178291 0.7721157463045614
0.5169771458511203 -0.8571672127815141
-0.4695787233006529 0.8840230894175383
0.30381490749837964 -0.9537806361956354
0.8351778979861504 0.5517960481150942
0.046785750258325716 0.9999060423723649
1.0009286954561583 -0.011947661379256557
0.6078215080221626 0.7953326438576906
1.0009483784957691 -0.01016580477337723
0.5881762201063154 0.8099689710732425
-0.6786722666197917 -0.7358022523213382
-0.31651098968140345 -0.9496429820784749
-0.7165335454323755 0.6989854635613747
-0.9270032518186238 -0.3777114919057895
-0.5855019432233102 -0.811904227407228
0.775804789487431 -0.6325566603936463
-1.000346309750907 -0.03616988481792762
0.03946328416233928 -1.0002218000039405
0.19761808108914108 0.9812991868062695
0.6379419892777866 0.7713825369531646
0.848993467988281 -0.5302934011594257
-0.15121612661703665 -0.9895123460831302
0.821854887764264 -0.5714503858236416
0.9684495784901037 0.2531924444416549
0.9961479557484909 0.09843906875881442
-0.9862645578820646 0.171123411214526
-0.920482394918082 -0.3933359386655026
0.32361237142927 -0.9472465534684854
0.8181749977279982 -0.5767067479168162
0.8512404770091436 -0.5266788872750129
0.821144072132464 -0.5724713205058528
-0.31715244795676023 0.9494289466595351
0.9809139436414286 0.19952151555614328
0.7138773179320603 0.7016980653686656
-0.8661840938541785 -0.501723146320773
-0.2977882897225181 -0.9556794098986007
0.8346053639017045 0.5526616383887191
0.25210475874785393 0.9687332917871081
-0.4697724826469614 -0.8839201403677316
-0.33201146633604856 0.9443354203996517
0.6480706434446241 -0.7628928110195238
-0.9151006199433375 0.4056992178687548
-0.45739121677650846 0.8903899566008734
-0.951083055599871 0.31215704597335714
0.8309635852287881 -0.5581223163641807
1.0001194576704535 0.041977022154482506
-0.05034572650484636 -0.9997331182984283
-0.22383831939316912 -0.9756522980915083
-0.46256839904260727 0.8877113698760196
0.6202039476715164 0.785715001315787
-0.024616760014734392 -1.0006972644743148
0.22445784977245778 -0.9755099557029261
-0.9558563012424036 -0.2972200050050321
-0.86344725520088 0.5064186385650379
0.8345896239078242 0.5526854075017691
0.8009296648055331 0.6004270747014132
-0.8170825970738833 -0.5782534302180993
0.8810736138555788 0.47508976727295466
0.12133968799095231 0.993618478148559
0.5995870738196789 0.8015586946121631
0.019479230326739597 -1.0008104513772214
-0.9612970000395386 -0.27912197640992614
0.13346997072972192 0.9920618765547878
-0.9926986627421094 -0.1286482218688926
-0.034230728454903075 -1.0004145426919016
0.11778571998387515 -0.9940460372477122
0.9800500499226636 0.20372260465295577
-0.4384232556535534 -0.89988113042898
0.5253349491256163 0.8520705318382898
-0.12171913359661571 0.9935720670975453
-0.9997697014456254 0.04961395037008505
0.9570126523557827 -0.2934753537027425
0.9945086819284327 -0.11381336287524275
0.48083292321581006 0.8779525613333211
-0.2272638898895822 0.9748600537268187
0.9977232944820557 -0.08092729853314864
0.9302130360491683 -0.3697359971171169
0.9847491100852952 0.1796390552920471
0.536235994818846 -0.8452526000318736
0.09724899772255144 -0.9962648405127822
-0.7807911012605447 0.6263914560339611
0.6586981341691194 -0.7537358741907676
-0.3834850309490571 0.9246297805273205
-0.7025792040822382 0.71301014157666
1.0009174074693568 0.012858593423131365
-0.3037581124558397 -0.9537987256844419
0.8481052219166153 0.5317128290325228
0.907618883670223 0.4221717209918474
-0.6431793119769345 -0.7670211031287714
-0.20585095558286748 0.9796052184863147
-0.9042863181414298 -0.42926361926235573
-0.790951187812104 0.6135121991440934
0.12398835183786143 -0.9932914419285664
-0.049080804287109765 0.9997960165206352
0.9991184040151792 -0.06134667683062715
0.03668219641887307 -1.0003276545541901
-0.32022836249276054 -0.9483959067052141
0.6782990608934133 -0.7361463061043731
-1.0009813004260828 0.006118512671231757
-0.8607365852224387 -0.5110122609679886
-0.8897410317240608 0.4586522609413408
0.4763141336383256 0.8804123159613177
0.9889270052689101 -0.15499799434142722
-0.12193405568438265 0.9935457141291274
-0.7956085988573547 -0.6074602517237131
0.08183658094045348 0.9976491237003
-0.9868167409521659 0.16790985610304668
-0.6588981279019959 0.7535610506437053
-0.7704691752371389 -0.639044794994375
-1.000899063612611 -0.014214937896395573
0.8074448076897357 0.5916366135854726
0.8028509849176517 0.5978555812374395
0.6915120366464802 0.7237486464049775
0.665720254352021 0.7475409975014617
0.9986430269603427 0.06865205534784984
0.5164609442204707 0.857478333892408
-0.347314752596656 -0.9388149245877612
-0.10282595611963169 -0.9957046865150748
0.969833812298295 0.24783739936287977
-0.8180886781288005 -0.5768291902439333
-0.6645487762786293 0.748582609968049
-0.24721746569645947 0.9699920229850448
-0.5393125559063011 -0.8432929307434118
0.2841233096852187 -0.9598306855344422
-0.7812539914853232 -0.6258140305140583
0.24734797696270447 0.9699587508200838
1.0008243846695954 -0.018749694683527097
-0.337086910198192 -0.942535630611934
-0.8347668766438959 -0.5524176514723209
-0.7270879254996662 0.6880001079887937
-0.6042284995795908 -0.7980657368261066
0.5625879917445072 0.8279467081551096
0.4574757730152301 0.890346515186148
0.8626473960600908 0.5077799425644389
-1.0009785972595222 0.006545825261885919
1.0004919499590912 -0.031888212039178056
0.8810750904374398 0.4750870288806645
0.07598849342117628 -0.9981115913902512
-0.8903901546674119 0.45739083120602914
-0.0026325710897758645 -1.0009965382404962
-1.0005011808350257 0.0315972648771913
0.20429195503009817 -0.9799315267456091
0.714281321246925 0.7012868130214249
-0.3331387047113049 0.9439383472575283
-0.9810150821876893 -0.1990236380942753
-0.9942921348957419 0.11568988929231451
-0.14299112014476212 0.9907343435854771
0.7393942493182495 -0.6747571000553475
0.7048283466987283 -0.7107868890813457
-0.7729676335937503 0.6360204693376446
0.9942303034424248 -0.11622006589562682
-0.9254078666762166 0.38160356430957726
-0.5154243910022881 -0.8581017988327028
0.9576298668264849 0.29145503626097946
-0.24794840199825238 -0.9698054392229984
-0.5038823379699312 0.8649298176626564
0.9947293974052867 0.11186789502674681
-0.9958536508523332 0.10137310335626153
0.43249655019372457 -0.9027445563782299
-0.9320284793320457 0.3651354730973073
-0.9983327235464818 0.07302583855228144
-0.583862410797285 0.8130840579288112
-0.6449022979617767 -0.7655730050645855
-0.9702505471800298 -0.246200884841734
-0.15171319798693533 0.9894362564392801
0.8847338772914255 -0.4682381513427553
0.8372645130997495 -0.5486247671258011
0.8437775895837641 0.5385539706623773
-0.8959856865977729 0.44633020221795155
0.7414712976627786 -0.6724740253290643
-0.0725647286115005 0.9983663456675307
-0.9127559434907487 0.41094718349480525
-0.24302447998663568 0.9710510296205989
1.0004676420760332 -0.03264195396759109
0.031962925065034696 -1.0004895658732713
-0.412293181277467 0.9121487448174808
-0.5829740663230082 0.8137212286740569
0.21708657470778583 -0.9771767593847291
0.7036209007544244 0.71198218237645
0.9384996044021202 0.3481658980099341
-0.18844288043131516 -0.9831023755513711
0.7252800125004656 -0.6899057207092318
0.7816435519322855 -0.6253274004253137
0.2328955348273854 -0.9735300046005085
-0.7816397304477924 -0.625332177155072
-0.0722894440301987 0.9983863161531236
0.5874602454397007 0.8104884083242194
0.39020001855234293 0.9218161126394738
-1.0009999915344694 -0.00013018445517224678
0.005979078264114507 1.0009821430091106
0.3448025272845366 -0.9397405052343952
0.9884483760950276 -0.15802154218682657
-0.6173469765490311 -0.7879617443415448
0.2627432757958211 0.9659021539597481
-0.9489646711823496 -0.3185389345869277
0.8898692819014818 -0.45840338254439283
0.7458054186037474 0.6676640454459781
-0.30240183657891534 0.9542295998519953
-0.9963270300996134 0.09660977741866471
0.3771600452767011 -0.927227749933573
0.3408414243436905 0.9411844258440342
0.8704065556101687 -0.4943616368113959
0.8762817969971854 -0.48387106986405326
0.8723314485021586 0.49095706935955813
-0.7464976868182791 0.666889948623428
0.8129443609178637 0.5840569030940788
-0.6196822300432208 0.7861265380132265
-0.9302740543373371 0.36958244523620604
-0.73363636172573 -0.6810129872137783
0.9652533602762653 -0.26511686192201783
-0.3541480775360514 0.9362585856362114
0.9487122004455856 0.3192900886743822
-0.12408988804924045 -0.9932787623240149
0.3516022290468342 0.9372176228226279
-0.7635548228490597 -0.6472905317582985
0.905781405064868 0.4260998078369824
0.02888752683089891 -1.0005830854025037
0.07139561652193954 -0.9984506327012128
-0.9970443794855323 -0.08890166104359393
0.7460327230502798 -0.6674100509718028
0.3378127863295924 -0.9422757141050793
0.41264015965898615 0.9119918303562847
-0.6061035686885481 -0.7966426200141482
-0.42429147464417255 -0.9066298828873188
-0.7890964751640451 -0.6158958945176364
-0.03419939885367266 1.0004156141914455
-0.22039124436512417 -0.9764367359983913
-0.2517748939869124 -0.9688190763800427
-0.9828608528630914 0.18969856064091972
0.9208774879939787 0.39241005607132373
0.8815312986137422 0.47423999152788593
0.4377340923432416 -0.9002165652777327
-0.7087534097676712 0.7068731174282267
-0.5628704628266596 0.8277546992178915
-0.9980255519211281 0.07711029576215978
-0.9901380881244152 -0.14706313761554168
-0.1559459403418573 -0.9887779648085276
0.8409126586213019 -0.543016482779716
-0.8069404068736636 -0.5923243872698186
-0.9236223716582469 -0.38590505901373606
-0.5088743241346562 0.8620022750761722
-0.5650424052335653 -0.8262736110320039
-0.04126818146123519 1.0001489575052722
-0.4334753910425022 0.9022749499795224
-0.40424181441649365 0.9157453551491599
-0.24499665659928635 0.970555324675091
0.05870249152161654 -0.9992772475590318
0.5110166572223187 -0.8607339751870652
-0.8705526568601397 -0.49410431250268577
-0.5052806662436105 0.8641136778922164
0.7732387758643391 -0.635690801805263
-0.6443882769972085 -0.7660057104673365
-0.6530622131967326 -0.7586242453906843
-0.9604593355766946 0.28199089471749683
-0.9588562223361347 -0.28739475445330803
-0.5281547737850969 0.8503255464397227
0.18206580811764636 -0.984303328001317
-1.000944759126275 0.010516138913276673
0.10010753165373104 -0.9959816675552805
-0.8118470134697044 0.5855812725150298
-0.6854314758110867 -0.7295098984711831
-0.9289884173441149 0.37280225380283927
0.5183441365587587 -0.8563412614694886
-0.9741596464151039 0.23024765644062448
-0.9725468272991217 0.23696765329979594
0.18564025117018187 0.9836354493131446
-0.8948378498880141 -0.44862704154764915
0.9810191665074685 -0.19900350485604967
0.4821272357077422 -0.877242457128479
0.001223125428956306 1.0009992527290843
-0.39106037884370665 -0.9214514529255552
0.08924606173346102 0.9970136109728228
-0.5806399317410152 -0.815388416441998
-1.0001568881230716 -0.04107552969803093
-0.9965802799110305 0.09396140533459542
-0.680969687740115 0.7336765529708102
0.39375925794542466 0.9203013891015641
0.21954061724165497 0.976628341479579
-0.17562239513206682 0.9854733757581055
-0.4963867104736345 0.8692532620963607
-0.7207137548294787 0.694674516302127
0.6505008603871131 0.7608216812339312
0.8484660750096039 0.5311368181154431
0.24496002184791904 -0.9705645716263638
0.6035338686925137 0.7985911778507496
-0.6104657443845811 0.7933048436338829
-0.395044140393949 -0.9197505787660076
-0.14927049155927274 0.9898077188775873
0.6010395877363421 -0.8004701206002183
0.19403775057415415 -0.9820134170937392
-0.7897519505514402 0.6150551654934666
0.07464478278782721 0.9982129814836902
-0.2661458617002547 -0.9649701447712404
-0.4404303614130198 -0.8989004932391554
0.3185047917881107 0.9489761312109026
-0.1552458722524331 -0.9888881226653403
0.34759254668501155 -0.9387121078845356
-0.711181727586956 0.7044299470823431
0.06848288626340743 0.9986546421506453
0.46771667160491404 0.8850096694967919
0.7585994491009987 -0.6530910164928478
-0.9270814691835464 0.37751946902971384
-0.241360161328761 -0.9714660429080135
0.43970010893613043 -0.899257924180574
-0.9279139799029728 -0.37546856845896637
0.4887536586894404 -0.8735678915331573
-0.0017278816335992535 -1.0009985087027156
0.8272662224867772 0.5635881449537934
-0.12340716139052459 0.9933638167950014
0.05810675992543424 0.9993120655986136
0.7945055319766907 -0.6089022578858085
0.9974149440011412 -0.08464295294471041
-0.10483966730622583 -0.9954946730942963
-0.6010814621881342 0.8004386771101047
-0.4637644056491132 0.8870871299105431
-0.9266852586145722 0.37849099258297214
0.7782908483896399 -0.6294953179436162
0.12442744664739996 -0.9932365330175932
0.21171372675234842 0.9783548936375961
0.9291079515602134 -0.37250424742220595
0.3623480323007525 0.9331156967320681
-0.8050921429895926 -0.5948341292296746
0.03567434358333304 1.0003641043189715
-0.09123311268930334 -0.9968337469954661
0.6874541584244438 -0.7276041369212656
0.7506960141928285 0.6621604747151559
-0.9719121967545085 -0.2395572620477737
-0.1792123955759661 -0.9848268463399662
0.9697155848948538 -0.248299586008579
-0.4084197799918566 -0.9138896450400362
-0.7962498877819173 -0.6066194162795022
0.08480886674993228 0.9974008502706383
1.0002458931812077 0.038847820712724766
0.36736538395775786 0.9311518000141379
0.7028904296983554 0.7127033350830212
0.9997404850141436 0.050199229313655336
0.22588733583031645 0.975179938017329
0.8373752799127399 -0.5484556869894419
0.9572132837472053 0.29282030226384964
-0.08683260920165058 -0.9972267034026081
0.9441038268777221 -0.33266945167063366
0.611424070249894 0.7925664680763707
-0.9746468087393172 0.22817668201256866
-0.060921844756019514 0.9991443983887031
-0.596570746140429 -0.8038061612412857
0.983915674610338 0.1841492472319216
-0.6658959013378011 0.7473845386288891
0.3982724308522081 -0.9183572675288595
-0.559387767144146 0.8301122369712945
-1.0004021904718587 0.03458984387225014
0.10476959815449222 0.9955020498736034
-0.44462722188151654 0.896831998515845
-0.6964047374007512 0.7190420305696954
0.9910887346966603 -0.1405137714153772
0.44747806718549393 -0.8954129658363981
-0.8115372058437896 0.5860105489931514
-0.08046321331122405 0.9977608287077783
0.9396281236538004 0.3451086629437724
0.8312464294402181 0.5577009714379997
0.8702615371964751 0.49461687888347294
0.9588498539639901 -0.28741600086500885
1.0004415532757718 -0.03343199783382584
0.9752971770998217 -0.22538060329389303
0.933343713379373 -0.3617602972897978
0.1873971752232838 0.9833022417946243
-0.23234554579043531 -0.9736614130956124
0.7024321795149674 0.7131549853866638
-0.8301626159344144 -0.5593129992275613
0.9986359074974475 -0.06875553982589086
0.5754809434464736 0.8190376570890722
-0.2076915458572342 0.9792166367966959
0.2291057531561817 -0.9744288346876537
-0.3754739566475202 0.9279117996229255
-0.12077173669262029 -0.9936876710597995
-0.941779098987826 -0.3391948241198245
-0.7826326579885282 0.624089034232946
0.2619211914079054 0.9661254005000921
-0.952047737950026 0.3092023684647949
-0.3834146117295522 -0.9246589833621239
-0.4287408505745701 0.9045342906980333
0.9935839800856263 -0.12162185049244124
-0.8971098093546882 -0.4440664251658698
0.8901106461581176 0.4579345341814464
-0.9985313179100606 -0.07025814652264528
0.9401801452736969 0.3436019418355057
0.6571627298906706 -0.7550749277009808
-0.9144057079747127 -0.4072630614520112
0.9632711928318307 0.2722308010867652
0.9506434799626728 -0.3134931801562183
0.14407453895557604 -0.9905773706403445
1.0007417864817874 -0.022734924438861066
-0.8615329310140456 0.5096685283381227
0.9737711177176822 -0.23188533868887892
0.1267263069509142 0.9929458409835769
0.274974783524232 -0.9624914900537052
-0.9966934795259443 0.09275293995591725
-0.9893584533695354 0.15221974492896986
0.8983731995927485 0.44150491985196233
0.8736888766142563 -0.4885373546419134
-0.7483730104414873 0.6647848052134958
-0.810832134393573 0.5869857322241852
-0.7844814593854473 0.6217634919167244
-0.05574482467609044 -0.9994466041374257
0.001036681261343812 -1.0009994631826544
0.1417337212224396 -0.9909150075906812
-0.24550007345384728 -0.9704281085861824
-0.5603047452376652 -0.829493575902885
0.6476477339838861 -0.7632518671222086
-0.5340844165798988 0.8466137466203281
0.9439013136856548 0.3332436196275859
0.9473218398533045 0.32339191662277234
0.7012652689450007 -0.7143024727463119
-0.3335705141307785 -0.9437858401684823
-0.3634476008289728 0.9326879657482795
0.565171445509296 -0.8261853527998018
-0.16520632003603994 0.987272946970669
0.801151255675138 -0.6001313735592813
0.558799328797446 0.8305084648187061
0.42994956017850966 -0.903960383923049
-0.3317642277115455 -0.9444223087215601
0.12386679814734791 -0.9933066074061545
-0.9717709902427994 0.24012942868904918
0.9811636443590038 0.19828994676523162
0.44944892085988275 -0.8944253280950215
-0.7207126380296339 0.6946756749623278
-0.46534304398864473 0.886260036000373
-0.6399356520142514 0.769729407831801
-0.823532982188636 -0.5690293729215494
0.9430035430307403 -0.33577569571288307
-0.35464829876254367 0.9360692197614627
0.2900717419936826 0.9580497818468258
-0.82773718861463 0.5628962129774444
0.8862514754390635 0.4653593474747048
0.6207891575642881 0.7852527120937701
0.40777109845382115 0.9141792664821075
-0.6135931714825666 -0.7908883738619285
0.9881707386593251 -0.15974852505573775
0.920718803181662 -0.39278223670085693
0.7322290667484435 -0.6825258924090012
0.9327479301278466 0.36329368125831435
0.9896105896298757 -0.1505718462808032
0.8569758896431648 0.5172942340393002
0.9547513006382969 0.30075065075487434
0.8592601523455221 -0.5134909839433893
0.608525104569788 0.7947944370139544
0.12188334880115453 0.9935519358770412
0.1834854445087537 -0.9840396799181551
0.7210442391822273 0.6943314807367754
-0.0384807115336856 -1.0002600835981916
-0.8637590140673301 -0.5058867122364787
-0.9761314116391911 -0.22173963834028423
0.5679451716821823 -0.8242810697589121
0.21384213759581394 -0.9778918857360731
0.031569334572873836 -1.000502062523924
-0.5509403042394199 -0.8357426524741786
0.1413800027844756 -0.9909655366422495
0.4242166427052548 0.9066648995366933
-0.8918276831383132 -0.45458154778669635
0.9472549719585728 0.3235877285988509
-0.026410994616692354 -1.0006515174441886
0.3601789170314253 0.9339551101236448
0.5914109839024457 -0.8076100842111501
-0.46272395896994883 -0.8876302934190434
0.4558042136139189 0.8912034104803442
0.9473094767351202 0.3234281300193795
0.8388582095543247 -0.546184862718945
-0.754814289817103 -0.6574620809506069
0.596472831334136 -0.8038788226345059
0.7712173012501037 0.6381417352379539
0.9524782023894255 -0.3078737955283117
-0.8663817534233476 -0.5013817481072538
-0.43885081982322116 0.8996726948954751
0.16151668932715324 0.9878832719855094
-0.953983253275714 0.3031780870536078
0.5887608652559699 0.8095440961078288
-0.9000920736762269 0.4379900214676469
-0.7920583834869622 0.6120821163438941
0.13915629409411273 -0.991280245850785
0.878276906791104 -0.4802402263424529
0.8629637056439644 0.5072421933763369
-0.9316486312274003 -0.36610357541563504
-0.7678482512273035 -0.6421916093247964
0.6581798074267862 0.7541885315328248
-0.9099618986572935 -0.41709752216000223
0.9656422175064713 0.26369699992450585
-0.8143960394940662 -0.5820310050644889
-0.49611210085497304 0.8694100202926495
-0.5884178717817421 0.809793435493179
0.6847193763342951 0.7301783177227148
0.7834844402324088 0.6230193672059554
0.7718099635287429 -0.6374248035633385
-0.7003943276583584 -0.7151564764329524
0.9679359981191967 0.2551487870733359
0.8642254261428194 0.5050895096992832
-0.4199183499293425 -0.9086636227959268
-0.11713441497466584 0.9941229948193245
0.8141070855391426 0.5824351064925287
0.5338610593349956 0.8467546098638711
0.2797086400660157 0.9611264623723665
0.7600957052709784 0.6513489992535599
0.9988393858410828 0.0657334107787563
-0.09697604524174318 0.996291446640626
0.4465318870268907 -0.8958851901154545
0.38176693117833277 -0.9253404834214691
0.729633647904254 -0.6852997445249276
-0.1808063244495458 -0.9845354605289978
0.9627550447105763 -0.27405058636013935
-0.7900269781493139 0.614701857648294
0.2145470813135564 0.9777374647111741
0.9006608622149964 -0.43681919746519765
0.15314186452549522 -0.9892161388340037
0.8213321450951404 0.5722014570353829
0.056386228538213914 -0.9994106229329546
0.9812625998294399 -0.19779967182977945
0.621016548961972 -0.7850728921032509
0.4512702849905131 0.893507767109263
-0.30057633780452664 0.9548061924558402
0.09655049923659166 0.9963327762836897
0.6133354134903339 0.7910882824050935
0.7548536043664934 -0.6574169422633657
0.9923514110473415 -0.1312999504659095
-0.3592600024464881 0.9343089695824125
0.9012577819534259 0.4355862836091043
0.7413166579455576 0.6726444920256384
0.5981492554829972 -0.8026322122648305
-0.9884501003025508 -0.1580107566334561
0.971006405680129 -0.24320271406412533
-0.8530764865903755 0.5236998262617822
0.9687235770257322 -0.2521420855677814
0.5467549687178911 0.8384867346489733
0.9820348752542299 -0.19392912051677275
-0.693384121092139 -0.7219553037531353
0.5299085347042691 0.8492337398193588
0.9011294888359235 0.4358516311203932
0.9864589978165678 -0.16999895772248905
-0.9582776280221819 -0.28931814259078326
0.8856500425289524 -0.46650294979610224
-0.9761833394352628 0.22151092029292466
-0.5995947603901489 -0.8015529447969609
-0.99914331036166 0.06093968624421572
0.21953944317267068 -0.9766286054030129
0.20377178418065087 0.9800398257070139
-0.9029066140694895 -0.4321581264648045
-0.2137223775912297 -0.9779180667708066
-0.5822746779460987 0.8142218367390838
0.6434807795193203 -0.7667682090366084
0.9890982740394324 -0.15390128099601985
0.7574639601184682 0.6544076322305904
-0.844860762537838 -0.5368531381336825
0.7030649454187886 -0.7125311800358465
-0.6989593091013449 0.7165590584317323
0.5305936113605126 0.8488058786220848
-0.4451120207678888 -0.8965914838809961
0.9963604121099183 0.09626489069309649
0.9220470417231228 0.38965401685294837
-0.551276627821295 -0.835520843317497
0.4323460093305493 0.9028166636787054
-0.3807722351491507 -0.9257502389627129
0.12173156930582606 0.9935705435621272
0.38784816871708166 -0.9228081046581711
-0.3466487231587404 -0.9390610537832005
0.7673146642979966 -0.6428290643345654
-0.9894376083117316 -0.151704381144252
0.5637963475286614 -0.8271243428368801
0.4357776829227704 -0.9011652518081583
-0.990853030148072 0.1421663555359846
0.299024953039281 0.9552931892669683
0.14748251672785442 0.9900757078423944
0.9650650395099518 -0.26580156040861597
0.325847817649573 -0.9464798992757377
0.3634658210262183 -0.9326808655406934
0.7504945377251667 0.662388819987693
0.5376894633253105 -0.8443287517483575
0.13073026228871296 0.9924266212279497
-0.08088924586823996 0.9977263802781138
0.9995615261150105 -0.05364471558905986
-0.2013699146443512 0.9805361581686454
-0.1204768026323101 -0.9937234726157451
0.06759810426796241 -0.9987149224375181
-0.528248248964186 -0.85026747995338
0.5966331888283274 -0.8037598136188083
-0.975777207142368 0.22329317504447002
-0.959218211022281 -0.2861842477202664
0.8693072368332387 -0.4962921800606568
0.8664944217469193 0.5011870080932583
0.8242537255776546 0.5679848553186577
-0.6144594372475783 -0.7902155402024117
-0.3955780588392557 0.9195210706476314
0.13552822508510173 0.9917827888228763
-0.7701619340902445 -0.6394150414858678
-0.9460189928208822 -0.32718353446065035
-1.0009390719261233 -0.01104419719450458
0.9740630262717868 0.23065606614665174
0.28718434779453145 0.9589192616596195
-0.8041106877770723 0.5961602148774134
0.3652502087943326 0.9319835218369993
0.5558053414209451 0.8325151184500775
-0.7254564352674798 0.6897202045242701
-0.8624318235700976 0.50814599249975
0.9029594858846673 -0.4320476441908891
-0.8844465044814085 0.4687807384168189
-0.7249666198728938 0.6902350324853637
-0.8593690600840501 -0.5133086971504148
0.4592737738906935 0.8894203733984286
0.9907044496606981 0.14319809154626809
-0.3815963827081225 0.9254108280672299
0.39856579718289853 0.9182299849797765
-0.13457030440824377 0.9919132185687781
-0.5124955829082216 0.8598542187484819
0.856924572157501 -0.517379239661473
-0.9897218816805173 -0.14983856954327893
0.6730058037211157 0.7409886558900177
0.888925233889944 -0.46023138588508744
0.8813335921139316 0.4746073107438972
0.9624146208429857 -0.27524370580932805
-0.17172425828597687 -0.9861601183966684
-0.8045888522072793 0.5955147176214648
-0.9315586019582457 0.36633259630777965
0.9009948329727009 0.4361299243992492
-0.7211601612407124 -0.6942110787356175
0.9736042897689108 0.23258479516850347
-1.0008778210271931 -0.015639289493393476
0.8644055026819578 -0.5047812664245295
-0.9496114045811892 0.31660571739837723
0.9487792918658347 -0.3190906694445412
0.9973864140606187 -0.08497847402313255
-0.5719831104173668 0.8214842185929528
-0.6911618640860677 -0.7240830598992577
-0.16667845379902313 -0.9870254774012507
0.4650584252555324 0.8864094206961275
0.13336248134362705 0.992076332027869
-0.49823936378009176 0.8681926839014537
-0.933743575160001 -0.3607269547003933
-0.9385377048311527 -0.34806317904982703
-0.9393411393496772 -0.34588903412113275
-0.8081646391521993 -0.5906529573480485
-0.533225687437514 -0.8471548655687404
-0.2431184383507611 -0.9710275098749197
0.6776027695408843 -0.7367872737164528
0.24938978522097724 0.9694357817965226
-0.41321805413134916 0.9117301353689595
-0.21120571970938024 -0.9784646871308349
-0.8902661716305883 0.4576321051349172
-0.7277634984689494 0.6872854503743225
0.17730216374917737 -0.9851725446488345
0.9595583720256905 -0.28504162972346064
-0.3520552078681811 0.9370475604860683
-0.9278734854338214 -0.37556862892005755
0.9823490701567735 -0.19233123605416344
-0.055891685091523334 -0.999438402072699
-0.02112494847229029 -1.0007770663599578
0.05305947435197142 0.9995927631698284
0.8969694280320528 -0.44434991299183574
-0.1122770454111752 0.9946832988814766
0.9901846079492365 -0.14674959005195498
-0.9948921902053262 -0.11041073257817413
-0.9977763251326093 0.08027082287397704
-0.4354041373385232 0.9013457922398576
-0.2057552041195623 -0.9796253344915684
-0.9993051733223348 -0.05822517128543642
-0.9391627022197496 -0.34637323620525
0.8233606255105854 0.5692787369635524
0.6361723093518948 0.7728426701560137
0.8729192379218079 -0.4899112205961506
-0.9994941789566504 0.054885209590300646
-0.9992930720957862 0.05843249148689423
0.8219374823355002 0.5713315807234702
-0.9621807517163466 0.276060140234997
-0.9426014250681732 -0.3369028843145294
-0.1261029565557753 0.9930251982441797
-0.7756881594019233 -0.6326996754888187
-0.9546262574190898 0.3011473205028092
0.6121169618142305 0.792031454589599
-0.5354225988548795 0.8457680773329569
0.08658847999275543 0.997247930623345
-0.8174461314978939 0.5777394067389968
-0.6347325249140939 -0.7740255950652918
0.8333066728804308 -0.554617876499619
-0.9827820123493319 0.19010659168634203
-0.7780827250873874 -0.6297525489591805
0.1895499196386669 -0.9828895298887739
0.4953167856742839 -0.8698633696330106
0.13362130230641114 0.9920415049633451
-0.3983106857467679 -0.9183406762307436
-0.8538711004380086 0.5224032387311396
0.9610683975320973 -0.2799080836008256
0.807773458142989 0.5911878215252043
-0.08063618094389176 -0.9977468648523953
0.6410169857008439 0.768829125386782
0.9151793160810697 0.4055216633145331
0.9662206413222277 0.2615696318054964
0.5827269134133112 0.8138982395753142
0.6700946140351105 -0.7436223559315146
0.9725083521883418 -0.23712550458336673
0.893286358056385 -0.4517084042945845
-0.8441521990477986 0.5379666019770798
-0.08690021741439914 0.9972208141697255
-0.8754608809178615 0.48535476301621067
0.9633702030159381 0.27188021616335045
0.3811154708460026 -0.9256089875761956
-0.3138725143647282 -0.9505183032042904
-0.13563620782775998 -0.9917680268722644
0.6295708470293416 -0.7782297530747313
-0.8547831939265788 -0.5209094848250286
-1.0007015995452653 -0.024439899090370143
-0.9638679865790004 -0.2701101709453827
-0.9953705537728346 -0.1060116063549679
-0.9982953798927806 0.07353458019686177
-0.818594359893216 -0.5761113381552354
0.08707632367356942 -0.9972054521789859
0.6466424686619586 -0.764103734922666
-0.9707111899204564 -0.2443783659885051
0.9898938346839498 0.1486983391121272
0.3773622311235682 0.9271454829321246
0.8941681749771088 0.4499603036470069
0.9028136917194818 0.4323522152641763
-0.8734792405190431 -0.488912074285628
0.6868695303621674 0.728156060374461
0.33382519657810306 0.9436957868559077
0.046137679851205836 -0.9999361552108953
-0.8567689785077901 0.5176368586825303
-0.8587124383174853 -0.5144064038081554
-0.996734114588965 0.09231524692352897
-0.7587322640237796 -0.6529367132650373
0.9616625913483555 -0.27785978550550566
0.39643935438322675 -0.9191500629909191
0.7788108008133221 -0.6288519194027413
-0.4108837237211352 0.9127845121281659
0.9874183667259847 -0.16433492949518888
-0.9346600763196028 0.3583455619011269
-0.7073032888941144 -0.7083241189734887
1.0008649626183521 0.016441611933282342
-0.9563451270350265 -0.2956433628484816
0.5898533835799374 -0.8087484070335466
-0.9259061253284989 -0.3803930166014696
1.000993477955713 -0.003613459578534392
-0.5189014600945802 0.8560036651274997
-0.5677815842630868 0.8243937606336545
-0.7612562788751506 0.6499922137019479
-0.9832881513988556 0.1874710946216007
-0.8771670961723803 0.4822643314537309
0.9018226334680788 0.4344156279010913
0.7388299568276417 -0.6753749291275661
-0.9693117284813453 0.2498715130392151
-0.7812584253113523 -0.6258084953722075
0.46200448198071015 -0.8880049879531847
