1000
-0.331868833457676 0.9443855554695029
-0.5207808572433031 -0.8548615669972129
0.7793897075887569 -0.6281342879549818
0.6085204174727333 -0.7947980256133066
0.944621518879719 -0.33119659730947193
0.82704755991372 0.5639089763789557
-0.49735107077245744 -0.8687018547243295
-0.9799395992560249 0.20425322961936523
-0.28758890833880907 -0.9587980078204648
-0.9957789100964118 0.10210466300420398
0.9011925444074962 0.43572123875746877
0.05495336131106138 0.9994904342116617
0.9735829423847385 0.23267413757758904
0.9679260355879361 -0.25518657807773043
0.5027798895193178 -0.8655711309274025
0.7478536401947409 -0.665369020053891
-0.4230703920188062 -0.9072003325600435
-0.45029563461203653 -0.893999352040785
-0.15517634154019425 -0.9888990358101281
0.16136604356070575 0.9879078904359275
-0.8564397120433694 0.5181814543526915
0.784641674908042 -0.6215612938379469
0.01697103095910688 1.0008561255785893
-0.40642398579541394 -0.9147789589677766
0.0964730649007968 -0.9963402770884285
-0.7211014367743865 0.6942720777057907
-0.49740323792112595 -0.8686719857953172
-0.9680902136995424 0.2545630337248015
-0.8776601917801725 -0.4813663758140892
0.7913559169682469 -0.6129900592010812
0.9711384881694192 0.24267475516834225
0.05741204085996032 0.9993522189720171
-0.7379140150971599 -0.6763755660305808
-0.9903870924454089 -0.14537677640369234
-0.3429321510600001 0.9404246592733313
-0.9981246891024109 -0.07581625817867525
0.6560087686812731 0.7560777046132758
-0.8190773561594472 -0.5754244386770951
0.03543537712720504 1.000372597609437
0.6949757592364509 -0.7204232742448834
0.49521449083824676 -0.8699216102982016
0.9594808220186929 0.2853025625162403
0.9032306535464366 0.43148045899446813
0.9042978577984707 0.42923930898870005
-0.6741680169054298 -0.7399314055923023
-0.2355599543065065 0.9728887438587809
-0.5662640783932161 0.8254368501111891
-0.9520127573285856 -0.3093100546112648
-0.9056970523245697 -0.42627907456334946
-0.5122741781164061 -0.8599861431646214
0.1714101236597 0.9862147684490262
-0.9943113258365462 0.11552483418369217
0.6371230386642973 -0.7720590868600489
-0.16143706099255256 0.9878962877438537
-0.7667352719849037 -0.6435200250918661
0.7637381726675793 0.6470741870994291
-0.9354755709616644 -0.35621125211585863
-0.8425165102791616 -0.5405246802015827
0.6947284654806085 -0.7206617509282416
0.9421345665918723 -0.3382062365373307
-0.8114381379274158 -0.5861477188532668
-0.8231573704757725 0.5695725971563342
-0.9526950832775373 0.30720201545368536
-0.5578977727027419 -0.8311143574823622
-0.5667672193740818 0.825091461016881
0.9216665122592699 -0.3905532488404535
-0.5337151822722124 0.8468465647401181
0.5330301755762602 -0.8472778953360822
0.23081304429756794 -0.9740258408184502
0.9633311859556863 0.272018429826383
-0.9392050533404541 0.3462583829739792
0.9042228198080454 0.42939735925874895
0.05469720747174452 -0.9995044849798289
0.7575904701021943 0.6542611707952233
-0.17853062575819093 0.984950666615536
-0.20075564893706158 -0.9806621076700472
0.9553478682447123 0.2988502143888872
0.23751974774688597 0.9724121396970812
-0.6197661099458374 -0.7860604105045643
-0.38041248574852127 0.9258981265164279
-0.7016077426381185 0.7139660884595596
-0.5386348751836897 -0.8437259455746582
0.6027178460824888 0.799207230956831
-0.9047002640021616 -0.4283905138006898
-0.7834300182830066 -0.6230877999552614
0.46279775851503546 -0.8875918176242156
0.5515369086251534 -0.8353490518485127
0.6375677893618515 0.7716918516922682
-0.6244758907601827 -0.7823240133469483
0.8018790303822492 0.5991585938908194
0.3010934044880829 0.9546432641430912
0.6896844127471863 -0.7254904622485183
-0.8804917485106094 -0.47616728237535366
-0.7168470652088257 -0.6986639285818995
-0.7084186087186232 0.7072086501317488
-0.13354911717381265 -0.9920512251401614
-0.9722177189060076 0.2383143030646696
-0.153762603098955 -0.9891198420253398
0.7435957258814235 0.6701241649507045
0.9022058115289029 0.4336192726845449
-0.6932206597495476 0.7221122605913861
0.5265267780952593 -0.8513345710991804
-0.6946280242725696 -0.7207585642191056
0.08688840880956068 0.9972218431294727
0.577230758839148 0.8178053870267555
-0.7613830246332262 0.6498437426030661
-0.9957770715265372 -0.10212259212355423
-0.9911634502384592 0.13998576681717848
0.5517913030751121 -0.8351810329806764
-0.27974825141414295 0.9611149337257898
-0.08777611632212586 0.9971440986153429
0.7374531322031747 0.6768780376136657
0.09654591621760109 0.9963332203945144
-0.6345860719310017 -0.7741456693098409
-0.033245997934655866 1.0004477515699302
-0.0326591003388244 -1.0004670824994986
0.153456858294353 -0.9891673228743593
0.991866092248659 0.13491721553372935
-1.0002458354849955 0.03884930623477677
0.6532350833939986 0.7584753956610825
-0.8350689187428137 -0.5519609596245986
0.3653258189330864 0.9319538862094358
-0.6103303830472085 0.7934089888131138
0.9204031321515188 0.3935213772156144
0.029406934733707868 1.0005679548084516
-0.9419973165274727 -0.3385883277005284
0.9031707137517863 0.43160591031760565
0.3698066970306004 -0.9301849315223923
0.9823291119028015 -0.19243314659448207
-0.7497773350862349 -0.6632005336178372
-0.7126269418202011 0.7029678810528882
0.9457286075087311 -0.32802195191724043
-0.962662703149555 0.27437478011798344
-0.6547214089748246 0.7571927605504563
-0.7153978517507066 0.7001477799082663
-0.9465886918111944 -0.32553163983731537
-0.46861122834158264 -0.8845363286333654
-0.9828568879597509 -0.18971910233309017
0.884411375725169 0.4688470096821711
0.7151042425746613 -0.7004476584668693
0.8867565797333421 0.4643961329507655
-0.2302506531368357 -0.9741589381256328
-0.9999977107636846 -0.044783685281476485
-0.7698314713780532 0.6398128677010974
0.20938234366168706 0.9788564931402045
0.23789668028420777 -0.972319993371397
0.04052257692360742 -1.0001794442796104
-0.23005858246939745 -0.9742043156505578
0.7546807145719764 0.6576154036008669
0.12118337343128252 0.9936375546464689
-0.9964190735086288 -0.09565578889019612
-0.874217479650728 -0.48759081028371404
-0.9988855226326052 0.06502855276712752
0.7184220684513304 0.6970442823537913
0.03905465680446006 -1.0002378386073414
0.9142502799699724 -0.4076118565189526
-0.11560507212379337 0.9943020000478991
-0.1850131812038843 -0.983753588446222
-0.2063809613799679 0.9794936951200248
1.0001401908029466 0.04148010053803998
0.1792334180472625 0.984823020575319
-0.9150995211795555 0.40570169624608204
-0.7653038847575584 0.6452216394193468
0.26974289688498 -0.9639708344032505
-0.9496324115866611 0.31654270306564075
-0.024818020803535217 -1.0006922932867002
0.8793115743548822 -0.47834313542219736
-0.21245978537874396 -0.978193150454867
-0.725338059035344 0.689844692749636
0.34245976565077063 0.9405967833829857
0.4882482932875926 0.87385044721723
-0.9542781621392634 0.30224855543758955
0.5289983568346602 0.8498009993323317
-0.15961241694888822 -0.9881927323937038
-0.7186173497820812 0.6968429554728798
-0.8877527561031018 0.4624889663887634
-0.2843951394418737 0.9597501782556944
0.9948197627437485 -0.11106142289054251
-0.1335398701936325 0.9920524699171247
0.8481443707832221 -0.5316503797691978
0.4172728558221157 0.909881510854054
0.4859921679023764 0.8751072007117462
-0.47598722446945135 -0.8805890994907148
-0.8311666463451978 0.5578198687777954
0.6052356616910218 -0.7973021972987601
-0.27766552510769976 0.961718699083399
-0.617825762465051 0.7875863935051687
0.7606314566898691 -0.65072327996918
-0.9656202000552332 -0.2637776132375368
-0.43565218703461916 0.9012259272413068
0.12266356208156261 0.9934559127296303
0.17358194973098706 0.9858348273050558
-0.8951770194313058 0.4479498899230621
-0.34048127457171923 -0.9413147728926905
0.9900895278545524 0.14738971074247242
-0.6612576266507881 -0.751491417912518
-0.25654648989819306 -0.9675664827395151
0.2767030568111126 -0.9619960594261217
0.3532132839466673 0.9366116463313976
0.9939203466912173 0.1188416780141143
0.01221061744140919 1.0009255221152569
0.6832255648632212 -0.7315762622702655
-0.9802586565624416 -0.2027164675954993
0.6553011879090855 -0.7566910552695475
-0.15920550736182315 0.9882583702785747
0.34811288839212906 -0.9385192682813119
0.3515094244854577 -0.9372524337113787
-0.6826167068137896 0.73214440623329
-0.9353050092176829 -0.3566588562370352
-0.9973403311269537 0.08551762337423867
0.8097930995810426 0.5884183340710312
0.14893740618838297 -0.9898578933553426
-0.4966189060417759 -0.869120625783251
-0.7630900194691911 0.6478384229007335
-0.49172355971121917 -0.8718996162546048
1.000933666703881 -0.011523665160168487
-0.9219297382005376 -0.38993147836701797
-0.9283897507596033 -0.37429062329227786
0.6174807279850105 -0.7878569353423891
0.9613580384395228 0.2789116740613646
-0.9565992652935532 0.29482002245409705
-0.9957793909247751 -0.1020999736017791
0.32154707944041694 0.9479496166481308
-0.9996811824722784 -0.05136665660549685
0.5235288208632676 -0.8531814424408894
0.39960554737245446 0.917777972338169
0.9367815923921633 -0.35276231113201817
0.9852479235618696 0.176882811819081
0.9083758048963654 -0.4205406009874439
0.768933521972922 0.6408917527838207
0.41403010496847154 0.911361658278313
-0.039354684342363236 -1.0002260788543322
0.5452042017141927 -0.8394959073355807
0.7106445013085579 -0.7049719091991618
0.8816426609284216 0.47403292969059885
0.9224011484830268 -0.38881502192841394
0.8427301891988672 -0.5401914736580368
0.3898496286241663 -0.9219643523811534
-0.13426481550446387 -0.9919546155533288
-0.5136820780751821 0.8591459262921303
-0.8763206340828456 0.4838007299298332
0.38265372622206706 -0.9249741216965842
-0.8594794841534096 -0.5131237826483869
-0.19497351640368632 -0.9818280541424661
-0.5635418759477636 -0.8272977420815769
-0.8533322776437883 0.5232829291418407
0.41188857316513694 -0.9123315204989838
-0.940149397048881 0.3436860649322657
-0.8135603951545626 -0.5831984940275068
0.08006771079110375 -0.9977926446354834
0.023619656068155487 -1.0007212957898028
-0.7151331415672801 0.7004181535569395
0.4629463543450925 -0.8875143227005343
-0.7222618715933343 0.6930647796869307
0.02023631758056146 -1.000795429371447
-0.9348405263105427 -0.3578745455706895
-0.05660025391094291 -0.9993985247423656
-0.10724698968167885 0.9952382042527397
0.5598185543737129 0.8298217797689612
-0.5354636054930725 0.8457421162460572
0.38355944803080627 -0.9245989129489085
-0.33743670740937426 -0.942410456485241
0.8769605724913837 -0.48263977695128335
0.9765397579674918 -0.21993431089484994
0.7550933679732661 0.6571415415591908
-1.000957637515932 0.009209120399067273
-0.980486012068436 0.20161393835282038
-0.6089808734614902 -0.7944452754961039
-0.005333922576971437 1.0009857887452462
-0.8407386655934497 -0.5432858328505774
-0.4908879146896676 0.8723703658490639
-0.2036414012657622 0.9800669261282704
0.07034869741813662 -0.9985249424884546
0.9701092643631499 -0.24675699624689082
-0.8439975127872673 0.5382092515080975
-1.00072020427997 -0.023665856119201918
0.7558353082624529 -0.656288036447262
0.03399424991112229 1.0004226061884947
0.9771972623943613 -0.21699426344713765
0.420865416192026 0.9082253582968892
-0.9732327194632877 0.23413473421535244
0.9977174362908177 -0.0809994896359113
0.002895342866987039 1.000995812673401
0.6451084963517154 -0.7653992604744461
1.0007145334356455 -0.023904446671656875
-0.9329570598373692 -0.3627562880221534
-0.11583641154478355 0.9942750754999482
-0.9787502075535489 0.20987861066312827
0.9820579422510979 0.19381227531180611
-0.8531320566541702 -0.5236092950941814
0.143278838606328 0.9906927749850717
0.7226164237726703 -0.6926951018261905
-0.9593507523885064 -0.28573962604372316
-0.3384593930326904 -0.9420436504047691
-0.23241093890819597 0.973645805966323
-0.9990800174940448 -0.06196869083738227
0.103303168787238 0.995655289404177
-0.7810023495665739 0.6261280459869939
-0.13038492316122427 -0.9924720508972742
-0.9706583014113234 0.24458835193296644
0.4994277890219295 -0.8675095870090814
0.9959335599944488 -0.1005850092050691
-0.46757700284109477 -0.8850834686141973
-0.9986742461621272 0.06819640791498467
0.04875235011734669 -0.9998120865232805
1.000266070148452 0.0383247819272618
0.3123511215450604 -0.9510193356969894
-0.898230690837397 0.441794778192061
0.29442170146793567 -0.9567219354152625
-0.7885574706294189 -0.6165858541310636
0.12740686982270943 -0.9928587460066911
-0.9940505944267057 0.11774725355571145
0.9545979316469119 -0.3012370974754568
0.23839147848029718 -0.9721987980798876
-0.3427207137225809 0.9405017343872816
0.5015111006543452 0.8663068832235303
-0.24732826501523497 0.9699637773260162
-0.9024041181871351 0.4332064259436824
-0.6084799243240938 0.7948290267060867
0.8779038986918343 -0.48092176563519934
0.7080669916312404 0.7075606937657609
0.9578270480221596 0.29080637213987515
-0.9913824565187341 -0.13842624356270083
0.9411557908190862 -0.3409204854620802
0.12913478313668678 0.9926354858578453
0.8127462830401603 -0.5843325075711633
-1.000997169018568 -0.0023806757050514843
-0.9119972638063613 0.41262815077223014
0.8879171410357343 -0.4621732907199723
-0.7841966905199202 -0.6221226169957209
0.9091174641396146 0.4189348832412463
-0.6196201376512821 0.7861754797861646
-0.9685120173593952 -0.2529534981581289
-0.4318345033659341 -0.9030614384983433
-0.4466309601974453 0.895835802696626
-0.9690649778212159 0.2508267704220708
-0.07252214321731437 -0.9983694400086409
0.6283737902733952 -0.779196624541872
0.9595877712062194 -0.28494264221327126
-0.9936065602760694 -0.12143724048395373
0.3667033259732843 -0.9314127284507826
-0.21085181403545697 0.9785410121798458
0.9829379547591487 -0.18929864525109963
0.9433556785473677 0.334785100851928
0.660429286795721 -0.752219487345612
-0.7662226083320448 0.6441303551928272
0.13434755163602902 -0.9919434133908065
-0.7985809812179522 0.603547360558368
-0.003039140606846969 -1.0009953864151282
-0.25006497895794677 -0.9692618357795595
-0.7418885680089709 -0.6720136551124527
0.4494727517778152 -0.8944133526559621
-0.7257704457507137 -0.689389773694686
-0.7456625186605276 0.667823635599129
-0.025026283125108927 -1.0006871065187868
-0.13967785533515753 -0.9912068889636365
0.4233453419657605 -0.9070720596710568
-0.3343738400012845 -0.9435015289456585
0.9736516722470289 -0.2323863617568046
-0.5642800801979677 0.8267944067854929
0.9856748349505347 0.174488165057795
1.0008424943062755 0.017756733674660578
-0.22859029464662772 0.9745498844047789
-0.8685456716548806 0.49762376977951134
-0.3339766855008987 -0.9436421851220058
0.9988063451171219 0.06623356364998573
-0.9891119010554521 0.15381367686415132
0.12478223605770593 -0.9931920225034225
0.9669504337801051 0.25885876190012713
-0.7477956457560222 0.665434198240768
0.9479481780189031 0.32155132061716385
-0.9991198044118011 0.06132386511077238
0.09769870455897221 0.9962208405406396
1.0009696555121446 0.007794148054714958
0.5234108842762282 -0.8532537994179556
-0.7965484472625515 -0.6062273263088842
0.9525363612083267 0.3076938097784875
0.9993938810067425 0.056682189497945956
0.003977342347315886 -1.0009920982444627
-0.8199528438694521 0.5741762219305131
0.7347095405722046 -0.6798550514574264
0.8610121296592946 0.5105478553275551
-0.9412209895644296 0.34074044198385955
-0.6924823777933704 -0.7228202794925166
0.09841941323059474 -0.996149897906608
0.559456421687874 0.8300659686026164
-0.9851263151589226 -0.17755884427818033
0.010124449048049036 -1.0009487976572395
-0.6202355446892989 0.785690059186171
0.8278755580653626 -0.5626926873151671
-0.9244723912040961 0.38386429620554813
0.9370571820512311 0.3520295975712923
-0.07782148077943529 -0.9979703488226972
-0.06900669041709033 -0.9986185841840116
0.7404546462883975 -0.6735932873700005
0.6535620698954557 0.7581936565244842
-0.708248920551199 0.7073785878425084
-0.9985955968857825 0.06933854541543047
-0.7413229828994399 -0.6726375212735881
0.2731451377722284 -0.9630123227204263
1.0008966655713052 0.014382796954796242
-0.7694866459169956 0.640227539047964
0.25058769122216745 -0.9691268281334202
0.7712682665782381 0.6380801367927071
-0.11650494335822065 0.9941969614583912
0.8514445943266216 0.5263488413514129
-0.6264263719134997 0.7807630886327106
0.49438469291313974 -0.8703934601162744
-0.3012755084723003 0.954585809655034
-0.19544928233719322 0.981733455696543
-0.9631601187513636 -0.272623523649114
0.011420365989868814 1.0009348506474622
-0.06728051461476076 0.9987363677934097
-0.06023900799488631 -0.9991857994966662
-0.7483944866214258 -0.6647606278914634
0.1500698525442898 -0.9896868390341134
0.7636131821642942 0.6472216838340016
0.3559083035985183 -0.9355908718182456
-0.5550822237881192 0.8329974338702589
0.13077744356288704 -0.992420404997376
0.7202060823919285 -0.6952008334903451
-0.4664110364940416 0.8856984503975118
0.25286189151600585 -0.9685359383207974
-0.9144744382373442 0.40710871006463833
-0.1438076132124154 0.9906161569357469
-0.985621480391879 0.17478929426632744
0.956463608403953 0.2952598276076339
0.7253262415401046 0.6898571180565624
0.8726591261487795 -0.4903743973223404
0.9515691490906295 0.3106721012561885
0.5017388146911573 -0.8661750180144383
0.9994932440914962 0.054902231425113475
0.26241791163789624 0.965990600188017
-0.4551701138576682 -0.8915274350522239
-0.35126844906708327 -0.9373427743840596
-0.873022205165767 -0.48972770933193205
-0.98530480627613 -0.17656567823095698
0.6579030337635785 0.7544299822811125
-0.9982378706799513 0.07431119391018291
-0.5946349204540011 0.8052392882719172
-0.9874238620956031 -0.16430190675766226
-0.1125279074068035 0.994654950248902
0.581644754989219 0.8146719456281354
-0.3619239317668004 -0.9332802728090102
0.33275559747867234 0.9440734676637257
0.6870469839668882 -0.7279886275361741
0.3007622598862501 0.9547476436358017
0.815352850880563 -0.580689872962271
0.9988236176363211 0.0659725765139754
0.3871937082328217 -0.9230828956843022
-0.9953067093277753 -0.1066093540319764
0.3769975780853626 0.9272938186560779
-0.7333132525523796 -0.6813608982257862
0.9728678776457912 0.2356461173984707
-0.24238214472044078 0.9712115608458949
-0.7183124077996296 0.6971572884228484
0.9464253057055549 -0.3260063507359126
-0.11188497297025668 -0.99472747666054
-0.8328894640428213 -0.555244217157155
0.916020993224372 0.4036168232026942
0.9802816713977386 0.20260514485485312
-0.9176951744436374 0.399795656308147
0.9671894007561086 -0.2579644608566064
-0.9196952913499078 0.39517283695720806
0.9925672998202429 -0.1296578394373122
-0.1225076668865163 0.9934751489363095
0.7806436120937202 -0.6265752555737174
-0.35409628717421104 -0.9362781741605636
-0.07978696032325679 -0.9978151336607273
0.23971684945149563 -0.9718728476961629
-0.5014845723529435 -0.8663222401000595
0.5395454959262358 -0.8431439128794753
0.7941474829757611 -0.6093691617429153
-0.5083238569665308 -0.8623270008753466
0.9873657604477138 -0.16465070633163884
-0.18613010059101312 -0.983542874334403
0.9061240580753451 -0.42537065175805044
-0.1431395278085434 -0.990712912794997
-0.42287428516584813 0.9072917606511551
-0.6604978516262887 -0.752159283660753
-0.43179998294259125 -0.9030779449918915
-0.948405288784384 -0.320200574961709
0.9960791235717165 0.0991331406977562
-0.8112373786230904 -0.5864255413304716
0.4863745766876099 -0.8748947200389018
-0.8921374506658137 -0.45397331322391926
0.7295279207675751 0.6854122940395354
-1.0008979287076667 -0.014294625168307682
-0.9646601981310456 0.2672670988763335
1.0001577921991682 -0.041053510243161374
0.7027232382452522 0.7128681858731715
-0.6868990845674346 0.7281281807624399
-0.8939497406118198 -0.45039411770144183
0.7894850073329278 0.6153977763987508
0.893208655624636 0.45186203371961925
-0.9724988078700975 0.23716464469064358
-0.39850065671782703 -0.9182582570254736
-0.9855529423738242 0.17517533438899913
0.9986803599844876 0.06810681743595381
-1.0000156858721037 0.04438049131934049
-0.11761605442894221 0.9940661264425864
-0.7134275373030183 0.7021553596019547
0.7559451889211003 -0.6561614674354492
0.5968764617337721 0.8035791743370239
0.34745306652849284 0.9387637437395773
1.0000890673384881 0.0426949340090028
0.3132011004881673 0.9507397491706133
0.5587766458938704 0.8305237263339296
-0.9841620567839988 -0.18282791358731068
-0.7941389669438366 0.6093802599209922
0.8644628487524597 0.5046830521493485
-0.9728708106900518 0.23563400795997494
0.08665985448915473 0.9972417307854292
-0.08481725432028928 -0.9974001370410811
-0.9953004344124491 -0.10666792047466905
-0.20973757383186145 0.9787804402025637
0.8407486388964853 -0.5432703987828781
-0.649074427704686 -0.762038967048165
0.8478224588502294 -0.5321635822462404
0.5368579377536293 -0.8448577126776557
-0.7265919072868611 -0.6885239286075985
0.31364112867963256 0.9505946782938384
0.5677676896797891 -0.8244033300246153
0.4084161269984074 -0.9138912775640332
0.9363310469975663 -0.3539564527289218
0.1789697844403626 -0.9848709642675888
0.10469430840379747 0.9955099707124236
-0.9922272640696056 0.13223485333657378
0.5941919819183534 -0.8055661913362172
-0.35534883711645926 0.9358035071316949
0.9580511264925226 -0.2900673008569019
0.21037681180375042 -0.9786432429927104
0.3295962235142157 0.9451811093357543
-0.24443013444741102 -0.9706981556457294
-0.60369535204313 -0.7984691114385837
-0.21458661137798496 -0.9777287897046469
-0.9958628040693344 0.10128314504972023
-0.36932402999638364 -0.9303766768719164
-0.17397656982738993 -0.9857652627025845
-0.9882494953924015 0.15926058789500863
-0.8616207718781983 -0.5095200147864829
0.929174087683906 -0.372339246892912
0.7335988809997797 -0.6810533619297912
0.9745323025533356 0.22866523846027417
-0.7401656589246214 -0.6739108229941712
-0.43252723970877494 -0.9027298526746017
0.4849680466911629 0.8756751644808467
-0.8056039674167738 -0.5941407641984798
1.0007416756949166 -0.022739800512108988
-0.26434764898200286 0.9654643030571808
0.3780055016457889 0.9268834019042069
-0.9976184185510879 -0.08221004176879149
0.7131326814479447 0.7024548232099088
-0.005497966598837181 1.000984901166485
0.6033122750414847 0.7987585985667185
-0.3093276773354539 -0.9520070315046278
0.7252309352810012 -0.6899573106442486
0.7560530787999149 -0.6560371498910483
-0.3893639480415893 0.9221695700712893
0.6569665443130851 -0.755245628688656
0.6541834706118117 0.7576575656444572
-0.10960252803666913 -0.9949815505063252
-0.8978757446203021 0.44251570279769536
-0.1855928898298134 0.9836443865770895
0.8429152489786256 -0.5399026607077444
0.9559571495830501 -0.29689548356458706
-0.043975475324409874 -1.0000335782212477
-0.25596377856056685 0.9677207986113542
0.9682153562785003 0.25408664637579187
0.4322962925731909 -0.9028404706411172
0.5263516606912574 0.8514428514513206
0.5196548067572322 -0.8555465398294261
-0.7655629455127013 0.6449142396147853
0.9941691946836009 -0.11674164784754544
0.88555794099013 -0.4666777615757169
-0.5297394739707708 0.8493392076886426
0.4413504009259185 -0.89844912132103
0.9525775585246835 -0.30756624488905365
0.8162477241787404 0.5794313184261158
-0.8421773094946574 0.5410530282443117
0.3213574036505071 -0.9480139340320928
-0.6161695975782603 0.7888827714053874
-0.9720462692382623 0.2390126575308841
0.08779023724937374 0.997142855484458
-0.9992588809241129 -0.05901431092785701
0.06208611472171088 0.9990727272620159
0.8466757491860016 -0.5339861194266409
0.9893759750654819 0.1521058183082647
0.14656621293513852 -0.9902117678687987
0.5228623043104527 -0.8535900718325885
0.5646469426101399 -0.8265439070013288
-0.2092630798066389 0.9788819966828689
-0.9649443648701161 0.2662393147253202
0.188209297461719 -0.9831471203990612
-0.30941900006367234 0.951977353932118
-0.021919627639659545 -1.0007599761801722
-0.871786396885004 0.49192426064005246
-0.33089391063425033 -0.9447275903164746
-0.4044209904111643 -0.9156662396937286
0.9175843342120602 -0.4000499838877765
0.804722369593875 0.5953342824625664
-0.8463632635943088 -0.534481268182516
0.4212907731906801 0.9080281297539184
-0.8289291979971868 -0.5611393629997282
0.7653433917213163 -0.645174776900424
0.05886789771673811 -0.9992675170435651
-0.65062805936206 0.760712907982216
0.8864031266393243 -0.4650704216395944
-0.8423540635687777 0.5407778024190412
-0.3214454145934131 0.9479840955611379
0.9642505301534955 0.2687413535329147
0.052779955396897026 0.9996075611500252
-0.8487351707567081 0.5307067080041306
-0.8059661014404061 -0.5936494279698691
0.48567196134605745 -0.8752849512943048
-0.2724564591155738 -0.9632073909009438
-0.3395125393126742 0.9416646088971699
-0.8239504975795171 0.5684246454354931
0.13476316064630123 -0.9918870351671198
0.9190285687209491 -0.39672092190193836
-0.7694306691588795 0.640294811284395
0.0029007750669051407 -1.0009957969462266
-0.8569274291463067 -0.5173745076602649
-0.8828958123512405 0.47169480019674065
0.8928228073472766 -0.45262394399824646
-0.237671306860408 -0.9723751076077924
-0.8382018919520763 -0.5471915462870016
-0.5434195024105927 -0.8406522731782886
-0.7989850465719108 0.6030123509137117
-0.4280521306942466 0.9048604165329123
-0.8556891754603086 0.5194199023911743
-0.8376164550790488 0.5480872870089286
-0.8371566995108357 -0.5487892678106272
0.36922344581814476 -0.9304165986579214
-0.23809418485345915 -0.9722716488404703
-0.8419279450211941 -0.5414409805254763
-0.06375097007011277 0.9989678742657941
0.4586985250652495 -0.8897171815262223
0.15028871652122822 -0.9896536271273914
-0.8426101344246893 0.5403787203108639
0.5747007512614491 0.8195852893381663
-0.35939703806214485 0.9342562651821807
-0.4522491392320073 0.8930127188701785
0.9894919609973012 -0.1513494602623852
0.84692972848297 0.5335832034573078
0.4917191427425542 0.8719021072692321
-0.2719805041298948 0.9633418943310045
0.994741982267557 0.11175593368770802
-0.384305369939114 0.9242891228592711
0.22547212495119687 -0.9752760229135092
-0.34180946906389537 -0.9408332938721173
-0.9920004452996205 0.13392578738000607
0.5550491508200986 0.8330194716655113
-0.4920151139882106 0.8717351246836209
-0.7765210988915937 0.6316771192438363
-0.982286820140163 0.192648911180227
-0.9899412882974187 -0.14838209367725916
0.6931610881850958 -0.7221694439853114
0.9877365768792269 0.16241137489383856
0.5201011002766676 -0.8552753039173993
-0.7256936067641444 -0.6894706586227198
-0.06287461398425946 0.9990234145986421
0.9640879013378826 -0.2693241884679451
0.9904040468028766 0.14526122702388786
0.8839247867696248 0.4697637399100459
0.994666128005512 -0.11242906118314086
-0.020685048219922234 1.0007862552913782
-0.4120683429911825 -0.912250338834961
0.6822316076292834 -0.7325032652156328
0.10143722257859512 0.9958471217388443
0.9996993790187628 0.0510112888437452
0.8522648217244254 -0.5250196888222701
1.0002539915903765 0.03863874101881519
-0.5735865693129799 0.8203654353419372
0.4961726205408598 0.8693754831058993
0.991179930091955 -0.13986903225127117
0.9101188696351769 -0.41675489575287283
0.9383699865260363 0.3485150906160683
-0.9582314859323379 0.289470930091268
-0.8417670369001083 0.5416911071712471
-0.20224172319405248 -0.9803567133444338
0.013603337727219089 1.0009075627662523
0.6627402879649433 0.7501841845228037
-0.5007359715555326 0.8667551481187388
-0.5926646848449209 -0.8066905052978315
-0.763265105840545 -0.6476321318512707
0.808375390840498 0.5903644869768778
-0.7629694434888379 0.6479804227770565
0.7255508145152281 0.6896209216346971
0.5267355101111663 0.851205440764995
-0.3772079112933581 0.9272082784669807
0.905968025209369 -0.42570287443031923
-0.6085644607030916 -0.7947643029031659
0.3357379686062652 -0.9430169756882103
-0.8927339412414613 -0.4527991940755714
0.9995999434070185 -0.05292403178788891
0.35258205084985916 0.9368494529103956
0.98108663866654 -0.19867060031617662
-0.06901287390729809 -0.9986181568723129
0.8558345042029671 -0.5191804131664266
-0.7557039324783535 0.6564393090276907
0.6202757424789802 -0.785658324777476
0.9327684195161157 -0.3632410708515869
-0.30616787645119314 0.953027927937774
1.0006335436474554 0.027083414251830105
-0.5452830333799149 0.839444705449977
-0.9219442344585679 0.38989720254011206
0.9042346574836613 -0.42937243065362934
0.8358672606298915 0.5507512347758116
0.768107696251926 -0.6418812716994935
0.9694735109013685 0.24924307745767826
-0.671725346764759 -0.7421496200320823
0.3439140272316186 -0.9400660305921757
0.15387933231353207 -0.989101688951516
0.5907314494254178 -0.8081072668029567
0.9968173764117229 0.09141180494689778
-0.6868334777481425 -0.728190067114618
-0.9062626860745041 0.42507522137737563
-0.8805665067405601 0.4760290192905544
-0.9924298799366238 -0.1307055217233701
0.34244980893132987 0.940600408442871
-0.3135827544167683 -0.9506139364286601
0.9962533092207752 0.09736705739958788
0.9588629776990666 0.2873722150766828
-0.30562961852923687 0.9532006799607694
0.5492396048126947 0.8368613125872141
0.6982826940968675 -0.717218431947214
-0.9049356512814727 -0.4278930556106011
-0.07046317557846203 -0.9985168706073017
0.9416788626452 -0.3394730028253241
-0.9509488141520005 -0.3125657576621341
0.8613557265475646 0.5099679522712356
-0.4203975960398923 0.9084419966315294
0.010154818370204011 1.0009484900152796
-0.9594165337980585 0.28551867657811614
0.7896778172761132 -0.615150343332452
0.7996695552778128 0.6021043118611467
0.7214703689258846 0.6938886847052256
-0.8767238368419701 0.4830696781139285
0.5411759029056002 0.8420983565559954
-0.5547435386562202 0.8332230231571706
0.4459628744553985 0.8961685748828054
0.6870392556747306 -0.7279959211162602
-0.7569800921592336 0.6549672816825266
-0.7190413652477867 0.6964054243489197
0.43158692049306846 -0.9031797883363587
-0.26336988968839464 -0.9657314850441208
-0.04128650588863701 1.0001482012339509
-0.22812592843084067 0.974658689376731
-0.9047185812874828 0.4283518281426663
0.7703952729791835 -0.6391338853255469
-1.0005597766226806 0.02968389133472067
0.9108336539643233 0.41519038380723544
0.9165783863131475 -0.4023494274179927
-0.9150542595477069 0.4058037728799448
0.9934849981109509 -0.12242776861678004
-0.599918903926449 -0.8013103697767102
-0.8551227758643226 -0.5203518407751581
-0.7775087464258436 0.630461060836681
0.9990403186428146 0.06260544485955982
0.028121782708204385 1.0006048997168226
-0.24486827919960671 0.9705877218684684
-0.9121017440489159 0.4123971489995124
0.36724819846555196 0.931198024441529
-0.9258513501059943 0.3805263164446155
-0.7945614475008697 -0.6088292914646295
0.8681210877515079 -0.49836410083506094
0.8303416868792854 0.559047120581497
0.42088457236130455 0.9082164812137258
-0.95098288964557 0.31246206745997435
0.9940445642755459 0.11779815038547986
0.9978760735369216 0.07902114819803624
-0.6322041386927765 -0.7760920866879939
-0.26588150943017547 -0.965043016110231
-0.718224385465149 -0.6972479703256287
0.26960186408332654 -0.9640102877473847
0.08614603146702936 0.9972862484073876
0.8264630588906661 -0.5647652718511325
-0.987499069510515 -0.16384928353785078
0.06271604910422132 0.9990333814166356
-0.5466220762780529 0.8385733752781985
-0.9713055745833198 0.24200512553118977
0.39378254736551394 0.9202914241642843
-0.6132968445429051 0.7911181836323292
-0.8850600050766011 -0.4676214146227767
0.9465763289846877 -0.32556758654060164
-0.9740122391918982 -0.23087043531900028
0.9898609306499203 0.14891721852382853
-0.7127445950533884 0.7028485912500511
-0.004190519798535622 1.0009912285049345
-0.9328037884369053 0.36315023375699107
-0.7835647785811598 -0.622918323512046
-0.4512700258653931 -0.8935078979815722
0.7344810100125855 0.6801019378967335
0.024986360050569645 -1.0006881041620428
0.9934414696468002 -0.12278048047635991
-0.47274982609122046 -0.8823313447513472
0.9887723745563662 -0.15598138130611908
0.8865759700469751 -0.46474084104505514
0.9628083079272812 -0.2738634005963657
0.44360664409585515 0.8973372528286192
-0.8654029110999023 0.5030693803639956
0.4209169535348937 -0.9082014744685808
0.36159743284049134 -0.9334068226465705
0.9343635240707611 0.3591180932312773
-0.9190536705793806 0.3966627668367269
-0.7975402386739313 0.6049219517391716
0.0016047867822581812 -1.0009987136152492
0.30964124548273164 -0.9519050893318634
-0.4725405448372404 -0.8824434449214997
-0.9129935274875549 -0.41041907700036473
0.40768341742347647 -0.9142183717022511
-0.5137047886787779 0.8591323472483691
-0.9899300722353767 0.14845690312027204
0.5263729083339178 0.8514297160494769
-0.6457713040467369 -0.7648401289614561
-0.4464128235562684 0.8959445244905067
0.11031473423669322 -0.9949028391809361
0.9448092058160378 0.3306607999223191
0.889445631973137 0.45922485534202845
0.011891845329623962 -1.0009293601521818
-0.9431912764606122 0.33524799180397963
-0.8256855944880847 0.565901315650404
-0.470712517707969 0.8834199033715648
0.915821848337982 -0.40406848690141933
0.057293583785058645 -0.9993590171990566
-0.752488697835786 0.6601225337991449
-0.8126487534042605 -0.5844681373612265
-0.9986835656963701 -0.06805979435749127
0.8152205783001124 0.5808755535534529
-0.9632888741074767 -0.27216822926408957
0.373649694183409 -0.9286478913111497
-0.4197791416177252 0.9087279418300539
0.9723949317249193 -0.23759018657278216
0.9492751223406595 -0.3176125660378159
-0.4511980555976627 -0.8935442432386258
0.9903202774799396 -0.14583123126427852
0.9932549989456897 0.12427995441501383
-0.6504536314732868 0.7608620593137849
-0.9030920083685575 0.43177056919253476
0.46723088004468 -0.8852662338148191
0.9845939811776667 -0.1804873741531867
0.15069092318316724 0.9895924644368533
-0.7303507029764558 -0.6845354999280876
-0.3999563467061743 -0.9176251526246708
-0.09128964663676006 0.9968285712282406
0.38382207010387925 -0.9244899234178666
0.8273576967628293 0.5634538504680806
-0.9625500119556845 -0.27476985730627684
-0.43961307584580384 -0.8993004745608619
0.9602476869202695 0.2827107705133856
0.16240672273887766 -0.9877373418116869
0.6473617868253202 0.7634944118710553
0.9054733455369876 0.42675405155903945
0.7336537076421248 0.6809943004629068
-0.7664258758317003 0.6438884816919861
0.9040963122491934 0.4296636570358364
0.06088964034888781 0.999146361499747
0.4881773950092676 0.873890056587192
0.7093186383894654 0.7063059317557194
-0.7470662492950793 -0.6662529693473662
0.43396358940988045 0.9020402447044659
0.9987433293536567 -0.06717709484320594
-0.9831689702554812 0.18809512467572562
0.700611589396497 0.7149436347036836
0.9135779303688011 0.4091165666934768
-0.6031729792221472 0.7988637913538696
0.8817042676351019 -0.47391833097491454
0.5651368535694717 0.8262090151635949
-0.9636326348468582 0.2709486022442291
0.999217443883659 0.05971180652607184
-0.19361684963432144 -0.9820964899324712
0.9842397729473773 -0.18240907145340976
-0.4809984569968533 0.8778618822836803
-0.6822593513702429 0.7324774245448494
-0.31728550602636857 -0.9493844888482175
0.47125658515593916 0.8831297928091675
-0.9846752350754618 -0.18004355425586316
-0.5357233398968784 -0.8455776150595129
0.6199869009497051 -0.785886278446685
0.9390090532515261 -0.34678955853899746
-0.9752137073472297 0.22574150039829124
-0.2438725744691991 0.9708383837806193
-0.7949715690154364 0.6082936827365012
-0.29340960306266334 0.9570328128285939
-0.7373464793445219 0.6769942166652818
0.2675308702001689 0.9645870792675695
0.20128201546940505 0.98055420566564
-0.43050757497724723 -0.9036947647780249
0.22743522816925538 -0.9748200946777814
-0.3135760691031873 0.9506161417132538
-0.8150450818655525 -0.5811217725458019
0.7970152011092628 0.6056135477354856
0.5872703024074594 0.8106260493657056
0.9821313876067193 0.19343975154476423
-0.6802359351100309 0.7343569108989046
-0.9006202096239372 -0.4369030075622453
0.9818490057507491 0.1948679807106994
-0.9984464632158773 0.07145390186480892
-0.47684138390016095 0.8801268627875071
0.24294272942593845 0.9710714856379397
0.8101961568102484 0.5878632387638331
-0.7696350731079115 0.640049102993028
0.410738549997913 0.9128498472068732
0.13005267794181918 0.9925156426778177
0.9863286944565759 -0.17075334986929658
-0.4616388192119387 -0.8881951365531152
-0.9755282086903144 -0.22437850621097
0.8910659763478078 -0.45607282948595834
-0.9965291487706512 0.0945021462742573
-0.19995876779218713 0.9808249034272276
0.16174883529682402 0.9878452886358879
0.9868401084159901 -0.16777246621992797
-0.9270259298353274 -0.3776558293114867
0.9508666786773292 -0.31281553570937715
-0.009823767867824152 1.0009517938366859
-0.8588611719066948 0.5141580373689192
0.9936707817404018 0.12091061787708669
0.45792270193421186 0.8901167333857234
-1.0009216122746722 -0.012527014068434483
0.9595377010454951 0.28511120685151264
0.4654429013817654 0.8862075973231803
-0.5098018118553608 0.8614540687866019
-0.9862847108261871 -0.17100721970286697
-0.9688924499526045 0.2514923864152545
-0.8507675703489883 0.5274424530149988
0.9282686745260942 0.37459080059922506
-0.6468107645126973 -0.7639612784104309
0.6867352871524384 0.7282826685976111
-0.5026665167599363 0.8656369752548886
-0.6842551201687814 0.7306133933365898
-0.9961269076178496 -0.09865183181117317
-0.09552636421357923 0.9964314897373199
-0.8431878067916396 -0.5394768970752173
0.05286711624050285 -0.9996029551879152
-0.6601346062920157 0.7524781070407865
-0.6582785937469954 -0.7541023093814779
-0.339978980155675 -0.9414963053843107
-0.8629985768212164 0.5071828628853255
0.049969137867803534 0.9997520118813208
0.8901188262303383 0.4579186338098994
0.5568080130273277 0.8318448392750653
0.7110610537732546 -0.7045517566558677
-0.9991724635999234 0.06045980469419098
-0.5558104984094815 -0.8325116755084002
-0.8600328761828709 -0.51219571638644
0.4354195910562802 -0.9013383270028972
-0.037278703901028186 -1.0003056024213097
0.9916335967962265 -0.13661555440351195
-0.03502019063466444 1.000387218155006
-0.23555575822435126 -0.9728897598224329
0.9999256299802223 0.046365229522301384
-0.7197789573280184 0.6956430496941594
-0.5599547262677763 -0.8297298985395064
-0.592788335119683 -0.8065996465075065
0.7292384216880119 -0.6857202959909946
-0.8171027077785536 0.5782250123792256
-0.9223869432255739 0.38884871989885994
0.9162312222881753 -0.4031393646176422
-0.9891250115688142 0.15372934491824689
-0.8192538299610284 -0.5751731583568434
0.9761285427624417 -0.22175226719127847
-0.004097161375233988 1.0009916149841942
-0.9755482385446101 0.22429140481192852
0.932407317602576 -0.36416698653388235
0.7775796104907965 0.6303736585145205
-0.30600135365598624 0.9530814086743608
-0.07483935348387134 0.9981984127267064
0.8608443279061057 0.5108307382214633
-0.9937040658282649 0.1206367670172546
-0.48331360510232874 -0.8765893902637598
-0.9868732053983899 0.16757767293618636
-0.523376084919619 0.8532751453864174
0.3142721396786634 -0.9503862489650167
-0.8956959770638515 -0.4469113073884262
-0.9136551880039222 0.40894400280908577
-0.9047919381461296 0.4281968573749349
-0.866003006641358 -0.5020356486228126
0.376797551723181 -0.9273751155899196
0.1732947602511562 -0.9858853513819416
-0.9781605382086486 -0.21260988098243877
-0.15397750244895697 0.9890864111590967
0.9329183354872446 -0.3628558657534822
-0.7178558214245369 0.6976274217997049
1.0006738208701174 -0.025551990630870804
0.29694898782299084 0.9559405309070754
-0.16606289506327981 -0.9871292290694275
0.9572303607682657 -0.29276447261144206
-0.8038783657616855 0.5964734470706318
0.9989323612221044 0.06430503637532
-0.910614974992817 0.41566978158007983
0.7493552007455478 -0.6636774691938847
-0.12618923973593613 0.9930142374482183
0.23986499806039185 0.9718362941902758
-0.343708280884068 0.9401412753686111
-0.9896756514473833 -0.15014361435704673
-0.6573342287017158 -0.7549256332759674
0.12364145030847323 0.9933346826551549
0.29192914512729706 -0.9574854433490075
-0.28911788659406623 -0.9583380654296169
