1000
-0.1715782361247094 0.9861855347186621
-0.5055473469698533 -0.8639576841325869
-0.4069549566345022 -0.9145428712043031
0.6145462462161475 0.7901480312331622
-0.7508340923877818 -0.6620039015808109
-0.9431984879267422 -0.33522770227519566
0.38960120298743756 0.9220693589046007
0.6672351479475724 0.7461891565436884
-0.7110059011168145 0.7046074145061678
-0.031021931120026547 -1.0005191851181987
-0.08736930795992864 0.9971798253206906
0.7938690283266391 0.6097318803078268
-0.8266267289085824 0.5645256867972412
0.5241698405274378 -0.852787768604499
-0.8145746415922611 -0.5817810183177509
-0.6864040129807604 -0.728594901823989
-0.15801285235387094 -0.9884497652845053
0.9756389598506374 -0.22389644932773317
-0.9387863347426999 0.3473920230810826
0.5013195140388275 0.8664177657711514
0.9997440058807259 -0.05012906048949236
-0.25549903231122567 -0.9678436053867522
-0.4701492054557254 0.8837198224603486
-0.9559461896592071 -0.29693077051064154
0.9750410786923698 -0.22648597056422712
-0.9651446402221008 0.2655123790909788
0.5069112071564453 -0.8631581709392522
-0.7295794427868099 -0.6853574517453561
0.9014939995512016 0.43509719462802565
-0.4149388784532508 -0.9109482571188983
-0.05443744351942704 -0.9995186665305803
-0.9599627050388765 -0.2836769376146797
0.9843809369432431 0.18164572932701392
0.8188618481757759 -0.5757310775024679
0.8036106016267088 -0.5968341486151401
0.2634782930669782 -0.965701915231875
-0.8516466539586979 0.5260218406121117
0.5961393083560333 0.804126187257193
0.1979223122347949 -0.9812378704063722
0.9352939827906478 0.3566877706841199
-0.9369007045520822 -0.3524458395410734
1.0009951395431378 0.0031193927316236656
0.06453251924193569 0.9989176912840663
-0.6691518203862373 -0.7444708464901663
-0.820513006457311 0.5733754496264944
0.5955508999959311 0.8045620706409397
0.20361407033294357 0.9800726046382743
-0.9977390383368896 0.08073296339525043
0.8407219542017677 0.5433116929748161
-0.3378895226427149 0.9422482000451252
-0.6899470604436594 -0.7252406867965651
-0.4407390685782282 -0.8987491715872654
0.24579995709594074 0.9703521943560667
1.000479097265492 -0.03228894446751653
0.9519758117133319 0.3094237449077607
0.9641886113708751 0.26896342075216034
0.44692831743267686 0.895687489628384
-0.9995784500951643 -0.053328436179480236
-0.6037900466132184 0.7983975072674059
-0.9946480995995348 -0.11258844506890525
-0.2648885844068564 0.9653160300393502
0.9454522095423535 0.32881776027380516
0.48357355297406246 0.8764460159439608
-0.27752526440192066 -0.9617591837974016
-0.719601359027377 0.6958267629848338
0.4013417288690776 -0.9170200742995651
-0.62656053057342 -0.7806554307295598
0.07024125096725954 0.998532506562783
-0.9383098483329559 -0.3486769687280553
-0.5041116735613541 -0.8647961728518292
-0.7538235823129149 0.6585977579288621
0.8013274112194562 -0.5998961410346998
-0.6921944926333173 0.7230959717548594
0.05727256258235015 -0.9993602221297637
-0.9989051963115777 0.06472564238173714
-0.677487056268641 0.7368936752262508
0.5485215515505626 -0.8373321368994286
-0.9819710457028712 0.19425206665878664
0.8167951735169191 -0.5786593510170436
0.7684217376364781 0.6415052869055216
0.5074476064345699 0.8628429328237126
-0.7446935247283394 0.6689039947762925
0.9488967036201407 -0.31874134632775675
-0.32028178098829974 -0.9483778681343017
-0.44210600429429037 -0.8980775473014215
0.6966120983404248 0.7188411399229668
0.1273819035392 0.9928619494424841
0.5863687267079771 -0.8112784456269411
-0.43926648586748723 -0.8994698185006702
0.1938321884532768 -0.9820540121191977
-0.5588793637580783 0.8304546084918583
0.5712490462400707 0.8219948461941896
0.9999434062293262 0.04598026031345086
-0.10423515618509102 0.9955581510966949
0.03253042988376026 1.0004712745159543
0.6739634607719646 -0.7401177295162417
-0.7805466054969232 0.6266960959246758
-0.8422508892012776 -0.5409384804574892
0.8194439422364543 0.5749022747667454
0.9359562680115181 -0.35494628378101256
0.1382076697941704 -0.991412951302365
-0.9148007418570133 -0.4063749533347967
-0.4769737333072985 0.8800551447124766
-0.287968870457093 -0.9586839571243831
0.6374041959176177 -0.7718269825722701
0.28896027308423344 -0.9583856011956176
0.9873872874137413 0.16452156288381753
0.9439762364871019 0.33303132727664964
0.3288936190221256 -0.9454258233021399
0.9903780261126918 0.14543852788421804
-0.9161799885122031 -0.40325578563708125
-0.6853753917236498 0.7295625897890143
-0.8476810146212997 0.5323888592472648
-0.8713187663516547 -0.49275207498642815
0.9685425881650436 0.25283641927253825
-0.2589546701056182 0.9669247534480077
0.5486245584981218 0.8372646498047921
-0.442120848826799 -0.8980702394761062
0.7169685093404724 0.698539302125586
-0.07448909997591226 -0.9982246109893197
-0.4640601612573721 0.8869324476721898
0.43644806231542926 0.9008407677836895
-0.8088442659979515 0.5897219288463296
0.47827086817735803 0.8793508836936915
0.6279551610020593 0.7795340375961
0.18077501744600644 0.9845412094307663
-0.6597059807208966 -0.7528539161092809
-0.5917002057475284 0.8073982081465951
-0.3772718505907336 0.9271822640408104
-0.873996896328535 0.4879860912035179
0.14587085327559848 0.9903144420660788
-0.0023784028964094948 -1.0009971744214177
0.9979172092580156 -0.0784999583865732
0.3356894154593357 -0.9430342604320214
0.2575429200046605 0.9673017338739103
-0.8355202423117107 -0.5512775387111106
0.03217251033830332 -1.000482848218065
0.9804306065229054 -0.2018831983923575
0.8447240577278676 0.5370682138199637
-1.0009980694833507 0.0019659325026465187
0.5347497077791649 -0.8461936835205623
-0.5193454977902485 -0.8557343360675667
0.9925079150711227 0.13011163868452758
0.5350662022858453 0.845993592866638
0.207767383767152 0.9792005485305617
-0.9961137483957586 -0.09878461548718606
0.06581612977474953 -0.998833938681237
0.19976324742238735 0.9808647434683653
-0.2384600639154159 -0.972181977778572
0.8997924576507135 -0.43860521332388314
0.9898420257018615 -0.14904282657825288
-0.4364538314672748 -0.9008379726663034
-0.9407501082392749 -0.34203835142830497
-0.21133423237828736 0.9784369382975482
-0.9960741308420242 0.0991832942954909
0.7108723401795045 -0.7047421627572135
0.8818036408904182 -0.47373340489393645
0.660841726577985 0.7518571755416236
-0.26311254349246527 0.9658016304898877
-0.23615028885055825 0.9727456199211579
0.5075675416827857 -0.8627723863395801
-0.5908609575799728 -0.8080125796097963
0.46124079823599407 -0.888401894438898
-0.5714684553653047 0.8218423233944531
-1.0003195836183847 -0.03690163451043183
0.8508789573145876 -0.5272627428514555
0.9314065668520242 -0.36671897581789487
0.3388031495737224 0.9419200740184519
-0.9563038727923427 -0.29577677880855824
0.38346741814252827 -0.9246370851437354
-0.3253736539729776 -0.9466430083723605
0.8183819642998846 -0.5764130120917313
0.8711679177551571 -0.493018720815086
0.9897492315963797 -0.14965780485619865
0.7292183925967095 -0.6857415955727575
-0.9507438340088988 -0.31318870045718367
0.9987896515070832 0.06648482565487543
-0.22748979627539356 -0.9748073617851786
-0.6150573229716215 0.7897502703126998
0.9157181967055625 -0.40430333194559837
0.19403111224513409 -0.9820147287494807
-0.665311025706789 0.7479052340189768
0.9099332955699392 -0.4171599185123491
-0.7380986571306574 -0.6761740695574774
0.4871138581604301 -0.8744833269926079
-0.12020189968119684 0.9937567626502128
0.13714685212550506 -0.9915602558352492
0.6504399859124511 0.7608737245602654
0.796166210487392 -0.6067292355558167
-0.9862789545713841 0.17104041560279748
-0.831107074639993 -0.5579086219833433
0.735005254754317 -0.6795353379210984
-0.8936518037418698 -0.4509849816445141
0.9985033844023979 -0.07065402562456763
0.16302162532294392 -0.9876360410986761
-0.08967039352081223 -0.9969755365734019
0.572970999623888 0.8207954882856037
0.9543452344321833 0.30203670888913653
-0.6304654299541128 0.7775052036049506
0.21918895289966522 -0.9767073271593432
0.9395255827846497 0.34538772313613625
0.29157289334273484 0.957593989051595
0.7692258296720916 0.6405408831333737
-0.3648472159359635 0.9321413567822084
-0.7696350120673531 0.640049176392006
0.7890177164853955 0.6159967881995586
-0.1441400963556042 0.9905678334281792
0.9534010742122104 0.30500392077972266
0.4077056568082979 0.9142084540226668
0.6764190012127979 0.7378741998459364
-0.23294379877599364 0.973518457252768
-0.701937177911924 -0.713642206056399
0.6749966662003317 -0.739175554667792
0.9859781279988798 -0.1727661167816896
-0.32200493190738916 0.9477941885384811
-0.26049665982746656 -0.9665104708272607
-0.9663330781563503 0.2611539432229061
-0.869564718807474 -0.49584090170666506
-0.33360558031785714 -0.9437734456853434
0.9378352470915572 0.3499514956572093
-0.8832430918916646 0.4710442024116766
0.9922338646129472 -0.1321853165644938
0.8840190383315129 0.4695863497456321
-0.8333899449553118 -0.5544927408428195
-0.5582997044514157 -0.8308444138401978
0.9938538647558881 -0.11939637980183912
-0.9953750906858042 0.10596899943958635
0.9490558897945592 -0.3182670546039248
0.9756360898148023 -0.2239089552717423
0.6617914029769014 -0.7510213971291793
0.9002520823544524 -0.437661042607715
0.9990336515907549 0.0627117452256139
0.5945826251805497 -0.8052779034801625
0.5321624585923668 0.8478231641474109
-0.9731563117518586 -0.23445211216263195
-0.9906251528718276 -0.14374563122985032
0.932175994019331 -0.3647587095246282
0.8969079860709152 -0.44447391883238213
-0.9578892869808063 0.2906012971192702
-0.8441277715262769 0.5380049305890063
-0.17212234151017122 0.9860907156814002
0.04994817904253084 -0.999753059215292
0.8330898813494905 0.5549434652224422
-0.14845418953707384 -0.9899304791796698
0.30796609159364036 -0.9524483641796743
-0.8924939273345819 -0.45327209231420157
0.48370945083004535 -0.8763710214159844
-0.28861787963768926 0.9584887686110068
-0.9230391845425631 0.38729790058687424
0.45049932888384137 0.8938967248374996
-0.7576372046298865 0.6542070514451916
-0.8025333122823289 -0.5982819424628776
-0.963566107472811 0.2711850964372769
0.8140920633791067 -0.5824561033615739
-0.9985576561531946 0.06988281146203465
0.08028314251266284 -0.9977753339446168
0.5048807628913795 -0.8643473926970675
-0.9970037543522596 0.08935610671632466
0.480125151111031 0.8783398199276916
0.9219369611222035 -0.38991440049933607
0.7330586171641038 0.6816348463814419
-0.12298601298367547 0.9934160460805831
-0.9772626140932299 -0.2166997533355009
-0.29931791184941775 0.9552014382558813
0.987492266799167 0.16389027735604914
-0.9635765013406742 -0.2711481625681165
0.7459789660190459 0.6674701358541484
-0.9165483407765835 -0.402417866178543
-0.8956461729476037 -0.4470111104707701
-0.3867633918602742 0.9232632770324702
-0.917689834995741 0.3998079123097612
0.8055197628924811 0.5942549213844518
0.22429804829681807 -0.9755467110960081
-0.7425844040867238 0.6712446668742816
0.16106710995131518 -0.9879566721733959
-0.9223607696451145 0.388910800338165
-0.5389631380252379 0.8435162925812331
-0.5199589578209927 0.8553617259275208
-0.013654662426043851 -1.0009068638959524
-0.8816478369539237 0.4740233027968854
-0.9042976239956877 0.42923980155124686
-0.5179564709138851 -0.8565757959681288
-0.6125849985195183 -0.7916695141211652
0.9967541458543286 0.09209871183793934
-0.8283489937517926 -0.5619955022510347
-0.9300749193665215 -0.3700832938209429
-0.9435185947087703 -0.3343256816919502
0.8771680496069311 -0.48226259729401844
0.03611767265751909 1.0003481962405911
0.856040104625593 0.5188413430641431
0.9951748925790213 0.10783289470441526
0.12649287627547226 0.9929756050636683
-0.7830229679377997 0.6235992556777785
-0.4180375526621213 -0.9095304308071633
-0.7526939981802339 0.6598884338306393
-0.9498500600672659 0.3158890048580535
-1.0007668419208395 0.02160389112612423
0.08091424427987098 -0.9977243532522484
-0.998940526168946 -0.06417807396073139
0.666809481469137 -0.7465695650258325
0.42595489983651336 0.9058495588701614
-0.9243147627608224 -0.38424369785645746
0.2431017906368895 -0.97103167785049
0.9655089038392501 -0.2641847016901804
-0.9477383054499973 0.3221693721984875
0.1841943395134797 0.9839072340882513
-0.8543738007819834 0.5215806826727267
0.4085956508764207 -0.9138110275570515
0.97590728855951 0.22272396399225927
0.9820089651364886 -0.19406028030373138
0.9627324115869308 0.2741300853244904
0.3893299817092383 -0.9221839108021155
0.9993648264425988 -0.05719216440522569
0.9410062908150133 0.34133291761353846
-0.3921037975802541 0.921007932605981
0.4560426468277849 -0.891081424042892
-0.35080626192298636 0.9375158487170342
-0.9939868319284426 0.11828430983379798
0.7655875027277962 0.6448850871798917
0.5010174253978432 -0.8665924875324714
-0.021141872985717656 -1.0007767089649198
0.6415506640387049 0.7683838529481842
0.17891130089892082 0.9848815900455525
0.6493696246690734 -0.7617874313462691
-0.09181988930003526 -0.996779869343743
0.08054105619600518 -0.9977545481063126
-0.8762346758734832 -0.48395639555324793
0.9468144003695639 -0.32487457772627165
-0.7420294198919721 -0.6718581249153599
0.9124325084395405 0.41166481212599154
-0.6527922522139186 -0.7588565578879052
-0.536522389467093 -0.8450708405811439
-0.6134580424561934 0.7909931922246962
0.9704172298888585 0.2455430714453869
-0.2600304009448892 -0.9666360176325111
-0.9868900262279116 0.16747858409919733
0.9658060192628762 -0.263096433186763
0.40344342976701164 -0.9160973741790936
0.3388637045203439 -0.9418982905594154
0.22958539813696205 0.9743159369333403
-0.8155694848376637 0.5803855747704518
-0.5156569555711614 -0.8579620645291266
0.8312779277241702 0.5576540207679036
0.7873151795511665 -0.6181713419823944
0.9541178354636748 0.3027542832894558
0.9316214822792664 0.36617265566366697
-0.9987549669917631 -0.06700384995865696
-0.43465508495413363 -0.9017072457973901
-0.033280996475190075 1.0004465879164257
-0.9966781221885063 -0.09291781718698061
-0.7062767745095108 0.7093476706019705
0.11046980237584422 -0.9948856330066497
-0.8512464983657009 -0.5266691551820107
0.321339924036998 0.9480198590851863
-0.6605881646891147 -0.75207996694013
-0.6268958537729328 0.7803861790948798
0.43249144653588906 0.9027470014756593
0.4489683074755143 -0.8946666747356649
0.40606677261608537 0.914937580481399
0.3804576053409926 0.9258795874940745
-0.9191066760177234 -0.3965399325410389
-1.0004256978232065 -0.03390314343759992
-0.15494214912113988 -0.9889357564704203
0.4496467321611116 0.8943259004729951
0.9415904851387933 -0.33971805706510794
0.804724983481249 0.5953307492151765
0.9722782645116664 0.23806716774511763
-0.40879310957280834 -0.9137227115300319
0.9797929096527361 0.2049557371586004
-0.7415538768109777 0.6723829621477697
0.6653743287967813 -0.7478489169466203
-0.5336635394115167 -0.8468791098514431
-0.6635330126772061 0.7494831159455899
0.14774153830569983 -0.9900370891330614
-0.2201153020807391 -0.9764989778744805
-0.21240764654473893 -0.9782044733537694
-0.40639693486027284 0.9147909768554645
0.3592891294153774 -0.9342977691742286
0.8831148895397414 0.47128451266003873
-0.32966491572339207 -0.9451571527217518
0.7651602274745429 0.6453919942880495
-0.942835533527993 -0.3362471661099685
0.9534292540411264 0.30491582041373516
-0.9977277898537218 -0.0808718576119508
-0.8387674333378914 -0.5463242560712145
0.9321443063546772 -0.3648396800384488
-0.8800496807449798 0.47698381463175366
0.33780446515184404 0.9422786972671495
-0.5250014555646042 -0.8522760536674997
0.958088832061022 0.28994273551849326
-0.1209447884335014 -0.9936666232448264
-0.9187520489313217 -0.39736088456779206
0.238478423077767 -0.9721774743977262
0.9462429907053572 -0.32653514748183116
-0.278432433789401 -0.961496947376387
-0.9959705101882674 0.10021847551884977
-0.16687950922629533 0.9869915042189527
-0.86341870327097 0.506467316657133
0.7578296650196956 0.6539840967608738
-0.6824931248831795 0.7322596086683962
0.5968295270193211 -0.8036140340224861
0.3078774251035573 -0.9524770291779238
-0.7963143080020593 0.6065348488514088
-0.5845697847029726 -0.8125756375946306
-0.9724190370184841 0.23749150815143674
-0.4515879614636882 0.8933472522267422
0.973115874531031 0.2346198941601216
0.9797918606988737 -0.20496075162879115
-0.558442100728877 -0.8307487105819177
-0.9933168762118729 -0.12378442322314534
-0.8202770740769169 -0.5737129262477988
0.6112760075645133 -0.7926806687285802
1.000862440340981 -0.016594442283384837
0.06864750672168786 0.998643339646791
0.2919251770726978 0.9574866531660241
-0.997787268294763 -0.08013468181052875
-0.7645319179798713 -0.6461361670654409
0.9456265656289867 -0.32831600383887394
0.8544742691608943 -0.521416075070529
-0.8016642956134067 -0.5994458750701855
-0.9792859066646373 0.20736468601962868
-0.982046274479341 -0.1938713872164917
0.06461236772992227 -0.9989125296723098
0.509033329898645 0.8619083878535452
0.9973957954899555 -0.08486829289527864
-0.9718806481298223 -0.2396852223036634
0.9603324302403097 0.28242277427420853
-0.9633508981226926 -0.27194861111283775
-0.2911791526362172 0.9577137887020603
-0.8562027041809475 -0.5185729739903854
0.8606763856851449 -0.5111136459966177
0.6266433838459544 -0.7805889247754492
-0.9551584277169684 -0.2994551351392207
-0.23209706580827663 -0.9737206745485013
-0.3683762420292778 -0.9307523539096675
0.4098880827121142 0.9132320404204985
-0.7517041677861144 -0.6610157669322155
1.000056288325269 0.04345595679635316
0.5928300465332493 0.8065689901845876
-0.7015350582437275 0.7140375074566949
-0.6562367314248595 -0.7558798531041933
0.9133734117475872 0.40957296140318195
-0.9218737285993969 -0.39006387748450344
-0.9942962978766833 -0.11565410510968395
0.8690616321538575 0.49672213511990115
-0.4766252839192225 -0.8802439086576632
0.9914959823461578 0.13761074446215138
0.9947327847094213 0.11183777100890491
-0.301470350578174 0.9545242939403233
0.8682941290985926 0.4980625516668731
-0.9976339168041767 -0.0820217534679501
-0.1980511066102493 0.9812118829133979
-1.0005163833642854 -0.031112161925043805
-0.03352828854923518 1.0004383308665055
0.5327827705591416 -0.8474334896588199
0.9110696260137308 -0.4146723243178892
0.8586678363737983 -0.5144808517108678
-0.1613108186855113 -0.9879169093476486
-0.04559726802439124 0.999960943811663
0.9992031011901458 -0.05995133503096767
0.8068187470127952 -0.5924900922958146
0.9647941449788143 0.26678316628790266
0.569288841926592 0.8233536387591178
0.20848387202494317 0.9790482496309807
-0.4519492092034645 -0.8931645493974574
-0.8711003961766307 0.4931380129141507
1.0001586092841366 -0.041033599340317604
-0.6448246645133382 -0.7656383950895231
-0.9962623231696206 0.09727478312836504
-0.16034796874334778 0.9880736454940402
0.9654850900301091 0.2642717179903142
-0.32298536955687 0.9474605274375351
0.6524432359480625 0.7591566530470644
0.8393648931273575 -0.545405882059682
-0.5801395978363355 -0.8157444740985347
0.990103489574767 -0.147295892447377
-0.22553595729091505 -0.9752612634411717
-0.8901886495829082 -0.4577828832031164
0.4756815723464313 -0.8807542459335786
0.8699056287204701 -0.4952425639224114
0.9458983839611833 0.327532055255088
-0.12072129353166956 0.9936938005683846
-0.020629012301974142 -1.000787411916959
-0.7193428664001643 -0.6960939883084721
-0.3519430565838854 -0.9370896888358083
0.5112975042466011 -0.8605671746884126
0.905345761672954 -0.4270246501325406
1.0006044771422724 0.02813681436907335
-0.8654420682031043 -0.5030020144933152
-0.635814234771518 0.7731372833216031
-0.16719098110807815 -0.9869387903188922
0.9427857020361141 -0.3363868606772142
0.6009643693494156 0.8005265934198934
-0.9925458315224392 -0.12982207950664518
-0.13356561058049776 -0.9920490046717747
0.9863667728841984 -0.17053324998372654
-0.39205325225739285 -0.9210294497975626
0.5338759626935123 0.8467452134249566
0.0738403022598318 -0.9982728132941299
-0.5525313967194505 -0.834691593128416
0.915148507244158 -0.40559118541801337
0.685471723928195 -0.7294720801339203
0.6388950109204398 0.770593385009871
0.9914137731073039 -0.13820177456581112
0.9313216289948852 -0.3669346309171613
-0.9814571064881025 0.19683228425235874
0.322702443718729 -0.9475569285367295
0.7133200317568984 0.7022645742840354
0.39483614195084293 0.9198398887900948
1.0009908871210695 0.00427128792920167
0.5433745770907956 -0.840681312371935
0.500883876100087 0.8666696848643968
-0.9353087089828144 0.35664915379249273
0.35995985790335383 -0.9340395605637897
-0.43466393810898746 0.901702978207118
-0.5896823348605018 0.8088731321743028
0.8614159565996136 -0.5098662076619441
-0.9058274448649549 -0.42600192503018947
0.12276497453677715 0.9934433859193913
-0.448985237300427 -0.89465817868406
-0.5785599710230578 0.8168655702928105
-0.12954443765893342 0.9925821067657983
0.4183187411368447 -0.9094011385597037
-0.5755166060635378 0.8190125982822892
-0.7700572214258116 0.6395411446732403
0.8891236075581898 -0.45984802976930333
0.9999089581400169 0.04672339276364543
0.6460242270595065 -0.764626508860481
1.0002435250507342 -0.03890874701248377
-0.8051064288311438 0.5948147932379981
0.9997007624884382 0.050984168915802444
-0.12818072959569005 0.9927591352187682
-0.20230283661789025 -0.9803441040248854
0.3355253735792418 -0.9430926379123687
0.8818869226272593 -0.47357835222803685
0.829996551053606 0.55955940277965
0.6100793547734082 0.7936020292812147
-0.9993844706903408 0.05684786489383386
-0.8893200387740212 0.45946802787024643
-0.7440991663297902 -0.6695651056225311
-0.4901111127272771 0.8728070217300216
-0.9190543801805268 -0.3966611227118024
1.0004690072663471 -0.03260008434789255
0.33719178705596353 0.9424981160416215
-0.926928958898053 -0.3778937749635094
0.9649987619234666 -0.2660420821715555
0.46037256016355665 -0.8888521282240666
0.3870518333342978 0.9231423933026578
0.5193485689554588 0.8557324721686779
0.32433810109542943 0.9469983084345034
-0.9994177731191876 0.05625935276453261
0.9986520371879186 -0.0685208626654687
0.32820934959522136 0.9456635886182156
-0.3946202652632451 -0.9199325226578121
-0.836253630236247 -0.5501643989906094
-0.17744831572584815 0.9851462303871744
-0.8097019780547717 0.58854371692695
0.2535278804034353 -0.968361819702812
-0.8391844964928904 -0.5456834071565434
0.8652205987364018 -0.5033828717012753
0.8977459793105642 -0.4427789026497492
0.1895297724867307 0.9828934150461728
-0.8340665648237283 0.5534744487717074
0.9826025524251454 -0.19103199723499048
-0.4399187662529471 -0.8991509768100598
-0.7398278808860812 -0.6742816226648999
0.1869745352835491 -0.9833826941509094
0.9967262650402794 0.0923999598422782
0.3258926127180335 0.9464644763411957
0.9093622646283356 -0.4184032405109034
-0.7699907853272954 0.6396211304444648
0.43874238584125697 -0.8997255797554727
-0.9774852394286563 -0.21569331630605215
-0.9717304632732701 -0.24029337641041232
0.23324319053873985 -0.9734467700225364
-0.18006608800350268 -0.9846711146119372
-0.8045987851007074 0.5955012972399522
0.6149274865788165 -0.7898513697208226
0.4064924033871889 -0.9147485588884559
-0.2615195752925094 0.9662341909386283
0.08046487966847098 0.9977606943250162
0.05837874189319583 -0.9992962135898282
0.9983189868869258 0.07321338962964387
-0.6101374485645725 -0.793557366457595
0.8918069392421486 -0.45462224221825165
-1.0009968709091663 0.0025028843476917915
-0.9370721732472383 0.3519896903684789
-0.7741337595608805 -0.6346006006206871
0.5845942436002356 0.8125580412188833
0.5377397874499772 -0.8442967019912214
0.9871579984067146 -0.16589179057942807
-0.5008728481590415 -0.866676058269207
-0.935507178412344 -0.3561282341221697
0.6631832463447064 0.7497926258424368
0.7420724719193332 0.6718105733162664
-0.5395703315012146 -0.8431280195579254
1.0007554895709936 -0.022123519013059634
0.8605013743912039 -0.5114082368038758
-0.5298089964989483 -0.8492958419942825
0.22497841541015248 -0.9753900310129978
0.9640392255163026 0.2694983704327866
-1.000317993086583 -0.03694472502578161
0.9539416705659132 -0.30330890055834936
-0.938587118945868 -0.3479299069480735
-0.9226696839824914 -0.38817734897807943
0.2271468234775821 0.9748873373800914
-0.27557669173883526 -0.9623193269233862
0.5171331004234436 0.8570731336627211
0.9978413254212801 -0.07945872690587696
0.8426660120702536 -0.5402915806318059
-0.13227732780326085 -0.9922216025411
0.20249777894580911 0.9803038557110821
-0.042703507953675016 -1.0000887012702675
-0.8341049777718462 -0.5534165574467642
0.46786072632206965 -0.8849335233594585
0.9183074542713476 0.3983872731773402
-0.9895914791253345 0.15069739361559228
-0.9597942282886189 0.28424644121581283
-0.982443307862511 0.19184928156281286
0.08034033645428386 0.9977707303476147
0.054074798302058656 0.9995383515346431
0.20670814004323101 0.9794247009545287
0.5803730573135828 -0.8155783925193731
0.45626665875719047 0.8909667424245136
-0.4058316856510469 -0.9150418804194865
0.46143513010389947 0.8883009741669753
0.9291281839289103 0.37245377945318964
-0.7023710638492308 0.7132151769748732
0.055896472089959015 -0.999438134357448
-0.45607532676196627 -0.89106469816673
0.9535749908283266 0.3044597458889378
0.08808597116958233 0.9971167743464712
-0.23832093962400236 -0.9722160920992475
-0.8445037785468447 0.5374145215939945
0.6311502499092474 -0.7769493947738775
-0.5631724350598374 -0.8275492785259215
-0.06000754228345791 -0.9991997272162854
0.9995631978377059 -0.05361355731957459
0.028543204347637813 -1.0005929669378897
-0.16557564893776142 0.9872110739243353
1.0004815670905645 0.03221232546725838
-0.44299249814204605 0.8976405999005779
0.9827260890512317 0.19039546711534586
0.7987430120741321 -0.6033329103096754
-0.7779943405702107 -0.6298617356537252
-0.24935230446278217 0.9694454230430406
-0.9933809223972465 0.12326939205332264
0.3439471294265909 0.94005391981482
0.5418147877836399 -0.8416874335161296
-0.8374555467101118 0.5483331170779928
-0.2947839702905313 -0.9566103756805856
0.911555663370612 -0.41360279565902774
0.8549231458957136 -0.5206797620531994
0.6028313099173829 -0.7991216501780516
0.0012780573627368286 1.0009991841002557
-0.6343890690003458 0.7743071155122331
-0.4789720580417071 -0.8789691505481245
-0.990236038434669 0.1464021454255802
-0.7821780798502825 0.6246586679153063
0.11859767771681155 -0.9939494910910611
-0.25269141190663086 -0.9685804305005513
0.8844411464261617 0.46879084729586695
0.295881532202821 0.9562714671584168
0.4399235319404383 0.8991486451333006
-0.5179277426232699 0.8565931668074197
0.25208667175989813 -0.9687379985945722
-0.3085411679825064 0.9522622263116346
0.17403874949130532 0.9857542866635187
-0.46931274222120506 -0.8841643229563227
0.6879915807638305 -0.7270959942112772
-0.626752603814238 0.7805012322937568
0.045646897328598834 -0.9999586795284455
-0.9589945127618522 -0.28693296166989535
-1.0008612794987939 -0.016664309167712776
-0.5610851043338766 0.8289659255329151
-0.35202730188286596 0.9370580444823413
0.8537505909332512 0.5226001611950808
0.986755853200748 -0.16826730571939363
-0.9718084555707588 -0.23997776080540595
-0.6949807700352992 -0.7204184404088658
0.893290380186917 -0.4517004501497794
0.6951816675456849 0.7202245824105151
-0.07767431020979518 -0.9979818142298147
0.5000488952335629 -0.8671517181991242
0.698901050782148 0.716615881219227
0.965184566627408 -0.2653672028421416
0.7981553085208257 0.6041101749515776
-0.8655299495342534 0.5028507795153873
0.8495500532198947 -0.5294012722633692
0.11592747220546867 0.9942644623982345
0.4486953046873276 -0.8948036228980895
0.9997317131979055 -0.050373620342206625
0.9532353432327666 -0.3055214892800664
-0.35591231396259104 0.9355893462250381
0.37797750854238915 -0.9268948176767892
-0.2825860916044434 0.9602843853941004
0.9815063968016654 -0.1965863500790732
-0.8240502992984723 0.568279952335201
-0.7022098747804975 -0.7133738793653425
0.265170865497489 -0.9652385260086299
0.0664232835493419 -0.9987937461771192
-1.00014567374614 -0.04134768780572667
-0.7638266572006771 0.6469697348018988
-0.2702927769419151 0.9638167952121546
-0.4982324342839627 -0.8681966605714841
0.5595700359197777 -0.8299893824024128
-0.33610631448288775 0.9428857541424254
-0.09196760558592519 -0.9967662511957313
-0.5044244592475361 0.864613766321605
0.3833532774173054 0.9246844135668182
0.7607429562706501 -0.6505929253262687
-0.9363844245071588 0.3538152194866653
-0.5064459984404948 -0.8634312078351177
0.9367648766435653 -0.3528066976220347
0.8199849290957089 0.5741303998708877
-0.8504382559323436 -0.5279732690645934
0.035478985536558025 -1.0003710519528726
-0.5467600018507832 -0.8384834526549296
-0.9315823954177636 -0.3662720854060568
-0.3348313559172918 0.9433392619278538
-0.1220423244158866 -0.993532420734808
-0.8902886519647242 -0.4575883698072256
-0.8028642670799548 0.5978377444141235
0.6960652052285314 -0.7193707181072652
-0.08678078116435964 0.9972312149248557
-0.8707995810732823 -0.4936690081447245
-0.7014700084625908 -0.7141014124250791
-0.9116425518771957 -0.41341124513834254
-0.0039851490162616755 -1.0009920671949994
0.8597907864037749 0.5126019933780772
0.8946514998716472 -0.44899854540678874
0.9544780210750948 -0.30161682195224254
0.33195319630397696 0.9443559050821747
-0.6556553764183893 0.7563841797484002
0.949352469543968 0.3173812983948003
0.9191187318668587 0.3965119881308225
0.6019444359118665 0.7997899074599183
-0.028923017072233537 -1.0005820601447135
-0.10479216028086832 -0.9954996751097756
-0.5575353040826257 0.8313575552681854
-0.07028748359548899 0.9985292532769452
-0.9628744671293048 -0.2736307010378357
0.1980361165699306 -0.9812149084343862
0.5502547574406 -0.8361941771586229
0.9041899577119865 -0.4294665532643908
0.9379353128890825 0.3496832121158504
1.0007295375908662 -0.023267844618084104
0.07009317400094102 -0.9985429119264098
-0.9804237409661041 -0.20191653758429426
0.9826499113533306 -0.19078823789031493
-0.8723516550285831 0.49092116471882924
-0.9677462558143671 0.25586751329012747
-0.7443214979983122 -0.6693179421004256
-0.22594725471972962 0.975166056671692
-0.1754938486264351 0.9854962755354694
0.8104784362836792 -0.5874740031007007
0.5038025780329798 0.8649762784997768
-0.024566717132886728 -1.0006984942575425
-0.9728721723632346 0.23562838589872992
-0.980694688208248 -0.2005964319725734
0.6103524085822728 0.7933920451692331
-0.19384688419741428 0.9820511114432662
-0.033123138311306824 1.0004518267804852
0.9944719854181139 0.11413356306781443
0.9570998066417594 0.29319099598436993
-0.8073577918091203 0.5917553514799011
0.30800097979893265 -0.9524370826689275
0.18713251934725814 0.9833526428513567
0.9724289840736461 0.23745077581152815
0.16828294828673254 -0.9867531856122507
-0.00169594681541466 -1.0009985633178498
0.21330802813428504 -0.9780085301946314
-0.8894081154775735 0.45929751155719467
-0.4783559352349695 0.8793046111703712
-0.5762033465097995 -0.8185295984085779
-0.8836861697930841 -0.47021245550966473
-0.6344802594784806 0.7742323942668117
0.683700696421162 -0.731132243655837
0.4393001956017276 0.8994533551798469
-0.5736251419080584 -0.8203384646418574
0.7074426383423077 0.7081849429741321
-0.8634527216758723 -0.5064093180723758
0.883378157678183 0.4707908564714264
0.8356665062530112 0.5510557960196826
0.8898488523297358 -0.45844303899988725
0.8609003530310179 0.5107363137188002
0.20463535904892002 -0.979859872546539
0.8654224480347851 0.50303577053474
-0.9925800394680697 0.12956027651084
0.95508862466686 -0.29967769191577465
0.9990892914936093 0.06181899079407397
-0.40950891340582496 0.9134021293171921
0.43153717295977057 -0.903203558647711
0.9643256119114824 0.26847181269463893
-0.3631590078035918 0.9328003725616274
-0.886141022612789 0.4655696382312322
-0.8686215715020665 0.49749127180411945
-0.9040851349099808 -0.42968717555310143
0.826076649296546 -0.5653303189171719
-0.6268523208224255 -0.7804211477654479
0.9302064395608309 0.36975259268808663
-0.7734083277989822 -0.6354845068852443
0.47490170168260915 0.8811749960926956
0.6477735920785581 0.7631450539744339
-0.7546356202423941 0.6576671503590377
-0.6027255909766347 -0.7992013901275863
0.8257192412598322 -0.5658522197652732
-0.9981513313761452 0.07546469155856123
0.7876001886672088 0.6178081763876043
0.9150174394939813 -0.4058867889225741
-0.35649507585753254 -0.9353674469903965
0.15977115361346073 0.9881670802415065
-0.7008310030781401 -0.7147285534554275
-0.9018139832478022 0.43443358481905237
0.4544631858239252 0.891888004589572
-0.1377685743050913 0.9914740641761349
-0.8946600206441788 0.4489815669500892
-0.3238088684345624 0.9471794004955599
0.9972904090836517 0.08609785101709953
1.0007667373081284 -0.02160873660451816
-0.2570901877801882 -0.9674221598387891
-0.9977995199740828 -0.07998198509345603
0.12860795078665224 -0.9927038808196823
-0.8452740782580107 0.5362021378408244
0.44604776975070787 0.8961263231824068
0.7398659531256833 -0.6742398470910957
0.9219374096839461 -0.3899133398913864
0.7483429961419098 -0.6648185918920662
-0.9944740565491716 -0.1141155153808406
1.0009240376620891 0.012331700216142131
-0.7079881168611769 -0.7076396161771643
0.9207883209628597 -0.39261924045873986
0.950236251976668 -0.3147253809741668
0.39776109479285787 -0.9185788542467038
-0.5631929069504503 -0.8275353464116814
0.6343997382271029 0.774298374102247
-0.5588955828225811 -0.830443693155296
0.7900103425808642 0.6147232374127934
0.8301575206666433 0.559320561825338
0.9429137321362581 0.3360278169272197
-0.9903324739176315 0.14574838285272243
0.9437707624368672 0.33361317115685707
0.998910022382622 0.06465111896595008
0.9596085564679457 0.28487263531884793
-0.895562928877976 0.44717786217510963
1.0007529108627704 -0.02223986060415017
0.6175101531939835 0.7878338725279226
0.74988914690546 -0.6630741039683282
0.9982490336836786 0.07416108649151469
0.5423582153499125 -0.8413373676727178
0.46298469448004215 0.8874943226168954
0.6485020553670189 -0.7625261203294953
0.787168944000384 0.6183575451155428
0.7888014279049738 0.6162737276041179
0.7982883672788087 0.6039343363871057
-0.5635452445077134 -0.8272954474628406
-0.982767127598466 -0.19018352429130297
-0.559001243426406 0.8303725729139492
-0.9973049055707678 -0.08592976972203385
0.027017623312260326 -1.0006353221981306
-0.9741764291066175 -0.230176638634505
0.29663631775114996 -0.9560376012432977
-0.01470547501769311 1.0008919766910434
-0.18949338484302447 -0.9829004309189886
-0.9777947079468161 -0.21428604506873639
0.5816864224444674 -0.8146421950425575
0.5985129380617985 0.8023610552442296
0.5880145987319683 -0.8100863112521298
0.4755277741696269 0.8808372925763761
-0.5573105787106394 -0.8315082193563766
0.8990954492369958 -0.4400322410475451
-0.33597940435841006 -0.9429309836074791
-0.6478608051812687 -0.7630710170815547
0.6465926683160592 0.7641458769632397
-0.7023527799668274 0.7132331823975027
0.8393785099008195 -0.5453849256412205
-0.3291524677791729 -0.94533573557487
-1.0008680825390646 -0.016250580130461233
0.8991700028057393 0.4398798768463123
-0.9610652137293509 -0.2799190150014056
-0.9264604748111832 0.37904087987001744
0.21956241618436542 -0.9766234409429684
0.9906870789664458 0.14331821785429474
-0.8194644773909097 0.5748730036229248
0.655247934759466 -0.7567371696919972
-0.35842476531916695 -0.9346297061435079
-0.9735204638271352 0.23293541274310256
-0.988187578980697 0.15964431949890642
-0.33624184640822885 0.9428374306973526
-0.3920610530125803 0.9210261292225465
-0.9237167714225093 0.3856790455712829
0.9470521270577495 -0.3241809196041498
-0.8794645752010511 0.4780617752617696
-0.9938971623969886 -0.11903541733120478
-0.430060409382919 -0.9039076525184395
0.6182812435977292 -0.7872288763855435
-0.8142687630746754 0.5822090530735828
0.9797839473360979 0.20499857692797444
0.7138298558527617 0.7017463479728451
-0.9686287569303341 -0.25250610140667024
-0.5083364475750793 0.8623195788492505
0.8408338511059804 0.5431385042825503
-0.9590545912219058 -0.28673208933808425
0.46686152219946525 -0.8854610771172261
0.7009291593974647 -0.7146322925157829
-0.3565668629745026 0.9353400837281177
-0.7564856228996452 -0.6555383301883543
0.0465960533984691 0.9999149002828626
1.0004745903356347 -0.03242829154833753
-0.9881337637424742 -0.15997707633324304
0.3732283696106935 -0.9288173039504289
-0.10337725615331184 -0.9956475997611868
-0.8994813058978288 0.439242962767005
1.0009497167576262 -0.01003317112522387
-0.9297424970915982 -0.3709176311553273
0.04174531494855881 1.0001291559992869
0.871524257492194 -0.49238853419091705
-0.5430297662131024 0.840904080740808
0.9095456252749792 -0.4180044922523526
-0.6701928187077077 0.7435338497692068
-0.3986450766151837 -0.9181955689778045
-0.5833416478881776 -0.8134577566408137
0.9844471978276684 0.18128627827072688
0.07518480512620666 0.9981724525742705
-0.7013524299619298 -0.7142168921178611
0.11427688137135916 -0.9944555265993731
0.08762622358468715 0.9971572819471792
0.3489577740293735 0.9382054529496536
-0.9910926840176242 -0.14048591276972122
-0.5130309109534822 0.8595349233197219
-0.973411319432235 0.23339109494836197
-0.8029556413692694 -0.5977150140269735
0.9977808651291102 -0.08021437017270822
-0.9181919340969243 0.39865344869867764
0.06803411753118738 0.9986853152278512
0.8784302426223749 -0.4799596950228171
0.4225255096068059 -0.9074542378167115
-0.9625054625285059 -0.27492587110489786
0.012813823509569645 -1.000917981618407
0.9087917353129924 0.41964101542485094
0.8844060964373381 0.46885696815176997
-0.15767140423501477 -0.9885042884512736
0.9957345980258795 -0.1025358975883082
-1.0009970081491968 -0.002447381530713658
0.43859154419916746 -0.8997991205580219
0.643898840807633 0.7664171728286014
-0.34741053669887284 0.9387794836864518
0.8586064151397955 -0.5145833497897004
-0.8439120919182599 -0.538343181543285
-1.0001832717049894 -0.04042799774294292
0.9999844430882586 -0.045078970501392306
-0.4880255915099458 0.8739748406169181
0.9941289646800046 0.11708373748844145
0.9920423040626777 0.13361536943785213
-0.994805191305607 0.11119186728990031
0.18349527814412203 0.9840378462736132
0.44589461626161025 0.8962025391555813
-0.6508425810507006 -0.7605293779278104
0.1368890557951181 -0.991595878573283
-0.9162136060082271 0.40317939948043147
0.9890192690158348 -0.15440817826586647
-0.9363655655377032 0.3538651263903485
0.26138441349513714 0.966270763493237
-0.9030830817235636 0.4317892396814347
-0.9816211039791977 -0.19601277566184566
-0.44094807712380735 -0.8986466453956288
-0.6266039781952665 0.7806205573195379
-0.5964656038702569 0.80388418531508
0.26949872718533996 0.9640391257856092
0.9641397571547267 0.2691384934817475
-0.8685661702057885 0.4975879901826904
0.43928894920708034 0.8994588479216485
-0.1683035768170705 -0.9867496673577247
-0.16772514814865883 -0.9868481517835004
-0.7611147873058263 0.650157888934993
-0.09586257573126859 -0.9963992004082334
-0.9801034425693812 -0.20346557906350551
-0.9894337927812825 -0.15172926448924076
0.9493188101927338 -0.31748196265969536
0.31372996919521545 0.9505653614711452
0.9886310733651383 0.15687447458683124
-0.5047303158368358 0.8644352539521094
-0.7218570681244633 0.6934863900602187
0.32634711095426505 0.9463078585596786
-0.8445610988177596 0.5373244367826001
0.9913825229528564 0.13842576777330529
0.986855072761301 -0.16768442195173405
-0.9800297032956495 -0.20382046182422686
-1.0007666200342908 -0.021614167232197164
-0.9547669168652585 0.3007010715970409
0.30731318508143224 0.9526592288300709
-0.9897472612389825 -0.1496708350679364
-0.24418021715816132 -0.9707610527563378
-0.15558773404417922 -0.9888343931189882
0.49867775509212287 0.8679409522405778
-0.3400088682440995 -0.9414855121112415
0.7808111161388369 0.6263665068584237
0.8240049105079521 0.568345764001793
0.7150294593970142 -0.7005239983001393
0.9902070286527099 -0.1465982278432149
