1000
-0.4021014266748817 0.9166872109209471
-0.9304212773832276 -0.3692116555480923
-0.26909743486946774 0.96415121767629
-0.47985773487281763 -0.8784859442715794
0.9747838618538248 -0.2275904713940002
0.5392083440015429 -0.8433595684873172
0.9924417260302286 -0.13061554438174866
0.3667414974677316 -0.9313976991785655
0.629768644564561 0.7780696975999744
0.5979771113172295 -0.8027604713366882
0.5620779488713832 0.8282930516384517
-1.0008261360260122 0.018655976180356703
0.4574646739994121 0.8903522179691651
-0.8982896290226008 -0.44167492841504874
-0.4774347546008943 0.8798051233649323
-0.6420866650044404 0.76793600945878
-0.7661374490396251 -0.6442316424851048
0.28953074221470093 -0.9582134153269847
0.06634273562342241 0.998799099634156
-0.8100660049992028 -0.5880425729015133
0.9611035725303047 0.2797872814648398
-0.9145828026782999 -0.4068652074644696
0.6336561947153578 -0.7749069795135752
0.8341050357293188 -0.5534164700937184
-0.3869866505048683 0.9231697202199729
0.9709087538851257 -0.243592265126035
-0.8213330868751251 -0.5722001052116106
0.8598889480234294 0.5124373103777279
0.11598647909467147 -0.9942575806435782
-0.6287756599021004 0.7788723704912623
1.0004498678772766 0.03318225224935622
-0.9040296163110224 0.42980397023823036
-0.38873865433025767 -0.9224333356018204
0.8522422752651778 0.5250562867453668
0.9980476276826868 0.07682403840570197
-0.6684574326776415 0.7450943971726108
0.05210869933011304 -0.9996427779232558
-0.6466198045893131 -0.7641229144011312
0.7961085768048348 0.6068048565542142
-0.9193780651874697 -0.3959103096057804
0.5125961620431452 -0.8597942629830916
-0.46537215610747246 -0.8862447496712645
0.4769700800258461 0.8800571247141505
0.8889277074537904 0.46022660822789085
-0.6136169461609888 0.7908699282335003
-0.7545349397261572 0.6577826576707876
-0.47867716276997524 0.8791297821382725
0.9983664849922596 0.07256281171647223
-0.33193669407277165 -0.9443617056658107
-0.5504430804580108 -0.8360702214383047
0.30309772903684395 0.9540087875133583
-0.45864178468265715 0.88974643204854
-0.2411628424614451 -0.971515045388344
0.5169272414459887 0.8571973092882645
-0.42892120910022385 0.9044487804093729
0.0466872528141374 0.9999106462202855
-0.8341949435903862 -0.5532809377596815
0.49950512302955963 0.8674650610066232
-0.6853646623891417 -0.7295726691346228
0.7319619426223616 0.6828123567661167
0.9875042814948625 -0.16381786846774513
0.8028979996209852 -0.5977924407389411
-0.4664236175043 0.8856918250916639
0.9858169559278452 0.17368341718528238
0.8487046889674957 0.5307554530333026
-0.251637129093311 -0.9688548680074205
-0.42634181375923014 -0.9056675205838454
-1.0009892399669515 -0.004641278960017979
1.0000058082331986 -0.044602505533513304
0.9846036693482044 -0.180434515284775
0.8738232964292583 -0.4882968836860466
0.9545970127283822 -0.3012400094443781
0.10725081252519927 0.9952377922952306
0.16988216069600773 -0.9864791186220091
0.11963590313146603 -0.9938250604014363
0.019488796538427347 -1.0008102651399433
-1.0000106239913644 0.0444944030682726
0.8135783222863541 0.5831734849131271
-0.4546615136319561 -0.8917869185079463
0.9879653022073561 -0.1610141659430238
-1.0007111770804995 -0.02404454337602102
-0.6761756316044463 -0.7380972261323898
0.6686870726011107 -0.744888313061869
0.9567234723648367 0.2944167071111447
-1.0009076027926442 0.013600392342955283
-0.34258476145280536 0.9405512645360297
0.9569916653389677 -0.29354378288723654
-0.995932078187016 0.1005996801092892
-0.9946440376521243 0.11262432402940113
-0.9583835331798441 0.28896713191939055
0.4976647656843475 -0.8685221822131796
-0.1578203682103799 0.9884805164382049
-0.9315353680196966 -0.36639167311554505
0.9075471478082192 -0.4223259102934205
0.7571443871676852 -0.6547773491657072
0.015829199625456293 1.0008748355509882
-0.5421971850024323 -0.8414411521760974
1.0009914445830523 -0.004138583276198892
-0.6102754715845325 0.7934512264671827
-0.45267977932358594 0.8927944989702554
0.9202306925175485 -0.39392445030573203
-0.8126018878077983 0.584533294116941
-0.6621282611438225 -0.7507244273331313
0.6393816333586901 0.7701896694474507
-0.9947540659056562 -0.11164832450227596
-0.9239521867479358 0.3851147317406953
0.9650907304095652 -0.2657082649778361
0.5298725191691948 -0.8492562118873733
0.12639691767483455 -0.9929878242971064
-0.977262139160195 -0.21670189515562543
-0.08660104617270704 0.9972468394544014
0.8905437639815933 0.45709168055598687
-0.8745180921232018 -0.48705144137882933
-0.9248122593207422 -0.3830447558837798
-0.9004825235271517 0.43718671620049554
0.16201665511968727 0.9878013987962501
-0.35212873383183707 0.9370199329843455
0.9816641107506713 -0.1957972769578113
-0.5645680199714462 -0.8265978168526219
0.44360054446073216 0.8973402682116423
0.5244777386639031 -0.852598441029538
0.6271221225081967 0.7802043600626789
-0.1536315893717058 0.9891401997427481
0.5321535618305364 -0.8478287484103576
0.3546846988512248 0.9360554280601208
0.845560585614941 -0.5357502179696412
0.9269517862087414 0.37783777741833047
0.14981509984745042 0.9897254345815806
0.8178364359853578 0.577186766978218
0.4290217091519399 -0.90440111293405
-0.6293032154062149 0.7784461850888595
-0.9797731993151771 0.20504994002364899
-1.0003995501736016 -0.034666121970239126
-0.3597345116595541 -0.9341263732071063
0.6222134170850082 0.7841246479988992
0.9046573101062672 -0.42848121460723715
0.39879495729148456 0.9181304820333998
-0.3468347124946361 0.9389923760120542
-0.9778207855482243 -0.21416701741830724
-0.773362264517387 0.6355405634737559
0.16760743530900443 0.9868681510866271
-0.1791739285564862 0.9848338455423002
0.8736850137290543 -0.4885442628721192
0.9790571311434566 -0.20844215974016467
0.9130606470796885 -0.41026973414379536
0.2209952356103155 -0.9763002129660431
-0.535350755320643 0.8458135543827712
-0.7113892803340008 0.7042203432348942
-0.8292393994242606 -0.5606808525734507
0.9790427279788073 0.20850980022966603
-0.8150487162925214 0.5811166750919414
-0.8244961129360602 -0.5676329445630578
0.3465091502193695 -0.9391125645066466
0.9751157683134735 0.22616418457931006
0.4400995681749913 0.8990624950981918
-0.4925486871257475 0.8714337558361522
0.2259774591407947 0.9751590577748178
0.03860176243185707 1.0002554193490554
-0.44523996854837883 -0.8965279529423712
-0.9139785384019408 -0.40822081198862464
-0.926538896616736 0.3788491428738374
0.35906023400857645 -0.9343857599266516
-0.9845987395290602 -0.18046141448460937
-0.7807699170376058 0.6264178610552944
0.7933273277585295 -0.6104365249815173
0.9137887300074773 -0.4086455149776169
-0.8132523276123302 0.5836280079238205
-0.9318656907615798 0.36555072750774786
0.39174751888569165 -0.9211595309428788
0.6100911225861179 -0.7935929826690824
-0.6664587023657051 0.7468827204059687
0.6160298695145309 0.7889918883397409
-0.996616052929311 0.09358121095391284
0.6280313158306796 -0.7794726847914462
-0.6182666041159429 -0.7872403738598142
0.2915781903932358 0.957592376163786
0.9927551906444376 0.12821127660438503
-0.6396691354411809 0.769950905684208
0.9891002888095735 -0.15388833184104134
0.9985608687281026 -0.06983689171904084
0.21161291106978727 -0.9783767044797061
-0.9977945153260308 0.08004439508979572
0.2830596524980945 -0.9601449021515752
0.35674477681887884 -0.9352722406938252
-0.07605744329484977 -0.9981063396850312
0.9665800733983896 0.2602382787161873
-0.982884123502344 -0.1895779516901399
-0.6252432672753225 0.7817108523788573
-0.9101131319663379 -0.4167674255774115
-0.9975958245136138 0.08248376151099575
-0.8459404811249819 -0.5351501680781146
-0.6618016951047438 -0.7510123276994111
0.8359383791436781 -0.5506432840547866
0.90088213156445 -0.4363626760252222
-0.9354197840091422 -0.3563577243224705
-0.6710027140370579 0.7428030410242693
0.24607119672966854 0.9702834462877479
0.47564573336000016 -0.8807736010669415
-0.19963338779861323 -0.9808911817709691
-0.10062823129014886 -0.995929193802158
0.9997810696740422 -0.04938433680255347
1.0007285373064065 0.023310826252621028
0.4436136398331281 -0.8973337943898044
-0.5629140271398934 -0.8277250739521834
0.4367389244193003 -0.9006997901060445
0.9756292370376443 -0.22393881270861474
0.9758247700100939 -0.22308522639284564
0.9855747570455176 0.1750525586064627
-0.8203495383109071 0.573609305183486
0.5700861717708303 0.8228017724553585
0.9879596026907002 -0.16104913365564508
-0.9996834503500667 -0.0513225008761828
-0.9198993422611137 -0.3946976059055468
0.9105715817256577 0.41576483082823873
-0.37664077712814853 -0.9274387985222013
0.8976922174194728 0.44288788963405856
-0.5455903963836742 -0.8392449698234152
-0.3504507258079352 0.9376488088728591
-0.9832286616243576 0.18778285054917673
-0.6042091834165705 -0.7980803610383362
0.9519916520877841 -0.3093750060285598
-0.9689543826826428 0.25125366520729336
-0.8124939040896823 -0.5846833808285525
-0.17741912522766437 -0.9851514878451184
-0.23285058868829478 -0.9735407558738949
0.8279573836403479 0.5625722805786202
-0.997434809943184 0.08440852986283097
0.9999788230361872 -0.045203467556833694
0.037264045558548745 1.0003061485908253
-0.2272400611211771 -0.9748656084925982
-0.7373104887449342 0.6770334136412368
-0.915537372363853 0.4047126385536924
0.6533549803900309 0.7583721181580598
-0.6026753406485342 0.7992392844287456
-0.07145520401136181 -0.9984463700268005
0.82034046744438 0.5736222776994772
-0.35057034846640206 -0.9376040906353521
-0.9426581664478947 0.3367440886327377
0.7081047026668774 -0.7075229537344023
0.42872237011056125 0.9045430500350897
0.7443639698875636 -0.6692707078105438
0.07264970861545193 0.9983601653902713
0.663306555718067 0.7496835419971782
0.5030349114708594 -0.865422947374002
-0.9962526359822914 0.09737394568536326
-0.5026422293461763 0.8656510782514546
-0.7129219892403661 -0.7026686539597161
0.9735992065555217 0.23260607256574056
-0.6512023334979343 -0.7602213630560807
0.33137724497004567 0.9445581620610042
-0.38286602918498513 0.9248862652759647
0.9556223360581599 0.2979713926314828
0.2072431076115854 -0.9793116431185186
0.0015925236809686363 1.0009987332001602
-0.9038611980732002 0.4301580344683557
0.12408715731492316 0.993279103469665
-0.6283094698854407 -0.7792484905678526
-0.36628039457150946 -0.9315791284440305
-0.9628126368661063 -0.2738481810984607
-0.943272471923621 0.33501946765986845
0.7405159066444214 -0.6735259401141062
-0.9398087362738569 0.344616510375426
0.8246726370715567 -0.5673764549797996
-0.06444035147531445 -0.9989236412768184
0.32865019100176557 -0.9455104716260434
-0.7434685950558626 0.670265207336366
-0.9350944737416405 -0.35721047741890827
-1.000948850838088 -0.010119189982948413
0.9938723761667744 0.11924219006966409
-0.24970986259182754 0.9693533847490143
1.000529353760871 -0.03069221827848002
0.248138198207981 -0.9697568945823983
-0.7902384747378993 -0.6144299415262235
-0.6712847492339487 0.742548170454897
-0.7037172803526983 -0.7118869217319573
0.9582628792073217 -0.28936698901791474
0.31176647472196745 0.9512111570200577
0.674669858738323 -0.7394738546493792
-0.8937240429028902 -0.4508418072199081
0.9995507733412624 -0.05384469809446613
0.27276121732313313 0.9631211337751874
0.5494249998181167 -0.836739606792258
0.41154126440200745 -0.9124882397567637
0.7478251800573047 -0.665401006966671
0.7984421850693687 0.6037309641733245
-0.7407626945833317 0.6732545063448455
-0.7968982595866893 0.6057674173044517
1.000945859561966 0.010410870557110147
-0.195343618527676 -0.9817544859589458
0.38701280253733966 0.923158757025136
-0.9845558447861701 -0.18069529185175537
0.13996480222087881 -0.9911664109216324
-0.7730254509354841 0.6359501963251459
-0.6861580815098632 -0.7288265137731365
-0.9902146956480767 0.14654643128574235
-0.6317203047762664 0.776485966733064
-0.9935373040428971 0.12200256339590496
-0.9983253823954752 0.0731261298369358
-0.4842119811760188 0.8760934637843127
-0.365668929802049 0.9318193139109234
0.8691014640778538 -0.49665243897290096
-1.0005026803580312 -0.0315497479608815
-0.4398923561662284 0.8991638977330685
0.9590576600855067 0.28672182447681344
-0.9099032014990442 -0.41722555518782606
0.7557669928459231 -0.6563667058319079
0.16938929875800132 -0.9865638679103713
-0.18021158805732013 -0.984644496013591
-0.5142990115470818 0.8587767618663739
0.2283132330493704 -0.9746148303891871
-0.008488006635034814 1.0009640122119094
0.20504511004640005 -0.9797742101352024
0.7393768385351266 -0.6747761781789584
-0.1485936430255773 0.989909556097115
-0.9886190125159676 -0.15695046381566696
-0.08047050824591047 -0.9977602403897665
-0.9844703949502315 0.18116026459059714
-0.819898239651071 0.5742541916408405
0.9545779675490826 -0.30130035491161067
-0.31021455341867604 0.9517184094296229
-0.6880468824259873 -0.7270436627767825
0.9659315985830108 -0.2626350069180981
0.8414718152887241 -0.542149595660367
-0.4165231253184339 -0.9102249645417139
0.20173325883809176 -0.9804614690433089
0.7708393649593208 0.6385982096977026
-0.7474051890096132 -0.6658727231547367
-0.9237602840556014 0.38557481453216647
-0.9792660219243476 -0.20745857009162838
-0.8428270332718505 0.5400403614417825
-0.12923008619616008 0.9926230829583468
0.8997335415706171 0.438726058233147
-0.44765814660389786 0.8953229494317473
0.1241862970391474 -0.9932667132385464
0.9290445621094165 0.37266231579665027
-0.28489656726338103 0.9596014516253827
0.10061125804309279 -0.9959309086251849
0.32295387235258316 0.9474712641196414
0.5562382295462324 0.8322259500828323
-0.2484120161591413 0.9696867897562339
-0.9467079238730223 -0.3251847273105423
0.8831881930087995 0.47114712747702453
-0.5788850626419869 -0.8166352210442449
0.824514434421516 0.5676063313869638
0.06637615018772597 -0.9987968795937723
-0.5911734712439163 0.8077839605348812
0.8522790575975081 0.5249965790180956
-0.17852314263118443 0.984952022966137
-0.9378875490873428 0.34981129951294737
0.3735013793113269 0.9287075533517192
-0.9941579124672134 -0.11683768689439428
-0.7666253122356897 -0.6436510161877564
-0.9533456818191807 0.30517701577399586
-0.6685272810100904 0.745031727207141
0.1754144260980078 0.9855104155292862
0.338361072479455 -0.9420789694237702
-0.021648281003486085 -1.00076588267666
-0.25342667557162857 0.9683883106010277
-0.44341913434026203 -0.8974299255657416
-0.8645297352014002 0.5045684660703608
-0.8480833295832475 -0.5317477466647065
-0.6216560494285278 -0.7845666040617049
-0.748319507630055 0.6648450304396599
-0.6005616659287196 -0.8008287491198858
0.5682152032628847 -0.8240949476734575
0.7043331971816934 0.711277545932538
-0.4383052484523599 -0.8999386141171603
0.6052254611925562 0.797309940439888
-0.8020346882504195 0.5989502139936612
0.9722931380138685 -0.23800641539913253
-0.325900775701394 0.94646166557195
-0.4319702043360657 0.9029965351903946
0.9563700865186157 0.2955626120001914
0.6358779758335469 -0.7730848594105508
0.9828434385435892 -0.18978876497784053
1.000831249779047 -0.018379593730847372
0.6481877921807528 0.7627932787248726
0.8988068120420579 -0.44062150949175494
0.09381448836604202 0.9965941208800189
-1.0001336376149565 -0.041637806271161766
0.868080517930199 0.4984347644276404
-0.25096944049861153 0.9690280387769045
-0.1976990014357496 0.9812828872610116
0.5795550313727188 -0.8161598897339706
-0.9791828611867606 -0.20785072614284772
0.6229126166057206 0.7835693154236035
0.7223647499005347 0.6929575514424661
-0.9569164888421724 0.2937887563913372
0.3605949811461382 -0.9337945489090287
0.7232226455938532 0.6920621394789833
0.7979293295257558 -0.6044086242622435
-0.9789245412092724 -0.20906396776636482
-0.4418434382972387 0.8982067557270287
0.9958979435613209 -0.10093703983341328
1.0007737031636401 -0.021283680511938623
0.847413218629496 -0.5328150118868629
-0.5556032638868242 0.8326499943903848
0.0839347052883474 -0.9974747942921456
0.303686523238184 0.9538215218810614
-0.4248146170917215 -0.9063848747111869
0.41012367440691516 0.9131262627320335
-0.7551217445080569 -0.6571089338694984
0.6104046351851872 -0.7933518647765558
0.6405092255116914 0.7692521901394972
-0.9482956202645666 -0.32052521989235244
-0.8527594133915987 0.5242159696842672
1.0001612667420299 -0.04096877480445493
0.6342644844755345 -0.7744091707443711
0.4482036448146212 -0.8950499945672805
-0.06328855021655914 0.9989972769790146
-0.9973963048699181 -0.08486230630753101
-0.9849753205314412 0.17839455693485903
-0.9959094455342425 -0.1008234907929568
-0.9897055498415552 -0.14994640580162194
0.9796371209569141 0.20569907934467901
0.8775506189666783 0.48156610257699806
-0.9524242850238008 -0.3080405513839077
0.9749133865726807 0.22703499439819144
0.19113767718611996 0.9825820008324468
-0.995222549943635 -0.10739216025245475
-0.8832134113867826 -0.47109985135480786
0.8528730882725212 -0.5240310060487761
0.061122976767732325 -0.9991321142426817
-0.3246185489808932 -0.9469022112433467
-0.9642642342872167 0.2686921779183153
0.5535005056240404 0.8340492732890136
0.0854824050450928 0.9973433503200925
0.8467544741389126 0.5338612746076771
0.2959128653148065 -0.9562617717660689
-0.6949939612288363 -0.7204057147576294
0.5586020903558128 0.8306411407160834
-0.6698165114303491 0.7438728661641565
-0.2293969810680864 -0.9743603158364199
0.7734270349752242 0.6354617388713761
0.9638899082891143 0.27003193273833914
-0.650119318616064 -0.7611477330730118
-0.9819810479899825 -0.1942014968750124
-0.6063919676976771 0.7964231171379567
0.7219040585851716 -0.6934374738923885
-0.9102289825207038 0.41651434474616167
-0.9013932811526328 0.4353058151379217
0.3058406355398028 -0.9531329947350524
-0.4703570153094848 0.8836092338523591
-0.28691505519333904 0.9589998702311712
-0.34461814594602164 -0.9398081365282632
0.13354496306117236 0.9920517843545216
0.497342414295857 -0.8687068106918284
-0.46797007458059636 -0.8848757027385434
0.7105064336971009 0.705111060525239
0.7216147620090381 -0.693738520806391
0.9717482978822305 -0.24022124294697125
-0.9920131726663773 0.133831480812207
0.9814797821362171 0.19671918375655154
-0.3493242935701065 0.938069047523553
0.06271261619761453 -0.9990335969173663
-0.8658324373207648 0.502329762688997
-0.9653669290021568 -0.26470302678463015
0.6201542484872332 0.7857542288039149
-0.7524301253047365 0.6601892959855518
-1.0009743068666435 0.00717195878701191
-0.11789476739665314 -0.9940331100222412
0.8742599429348514 0.48751466868141546
0.5155576679215134 0.8580217311043646
0.9543102205883015 0.3021473198304218
0.4189096547726765 -0.9091290893697314
-0.937468832235234 -0.35093188596579056
-0.1662437871797994 0.9870987808847286
-0.4335046422265121 -0.9022608963975242
-0.9055345779300654 -0.42662410641338394
0.8629484973755736 0.5072680660925147
0.9602350611459238 -0.2827536513399676
0.21249345133852665 -0.9781858377313797
0.7160137552035095 -0.6995179071041491
-0.7664462300064251 -0.6438642531690496
-0.34148376673046205 0.9409515593587033
0.9562333770099186 -0.2960046092414897
1.000954216574102 -0.009573730857174797
0.9088610383557859 0.41949089734920664
-0.8439188666516019 0.5383325612569575
0.9903350557125588 0.14573083896966726
-0.7185229468721945 0.6969402950167951
-0.2088958031168544 -0.9789604401814019
0.9862178189999398 0.17139257127134147
0.8251228025211621 0.5667215901654209
0.9218296179940482 -0.3901681117017986
-0.9322223913458314 -0.36464011446007916
-0.4807493843474071 -0.8779983083409608
-0.08672722648641412 0.997235873896429
0.3334536581244793 0.9438271334748768
0.7625490659589291 0.6484750743129337
-0.40328123159783674 -0.9161687880739727
-0.9595938791981751 -0.2849220718115713
0.08036690028084358 0.9977685910767331
-0.33771873706404915 -0.9423094261631174
-0.152787955814208 -0.9892708630896371
0.9379566785605872 0.34962589884559675
-0.10713724813080325 0.9952500238949802
-0.9856352760455617 0.17471148392303681
0.5660273158198068 -0.8255992234406624
0.4390868533666307 0.8995575218965105
-0.22288932033386094 -0.9758695357890365
0.5570381287321479 0.8316907617249257
-0.9040217738323129 -0.42982046535394114
-0.9850946996823021 0.17773416288894747
-0.9093767336483962 0.41837179194942603
0.10948494304602482 -0.9949944960883998
0.4518883256574785 -0.8931953544071312
0.6533004205050937 -0.7584191193316975
-0.8059712812026537 -0.5936423956192423
0.24168290943368437 0.9713857994060184
0.5286988096666607 -0.8499873932341915
0.6998278605825283 0.7157108113983476
0.9947294202889839 0.11186769154470788
-0.6788778051687002 0.7356126192836338
0.8769782607409348 0.4826076358573339
0.9160837788834976 0.4034742991400208
-0.406280524653581 0.914842683354472
0.7310437778563105 -0.6837952872443428
0.06195866335242102 -0.9990806394058396
0.9523106456416347 0.3083916895728755
-0.09109526394593838 0.9968463537008198
0.49673909947492517 -0.869051935762668
0.4337701933650093 0.9021332603047526
0.8635410110847798 -0.5062587502203554
-0.9366932462581379 0.3529968306010573
0.5748288272274205 -0.8194954663622908
0.8466539615655717 0.5340206637999352
-0.9503214708378672 -0.31446796667475163
-0.3993879981241209 0.9178726638016883
0.7494066751275472 -0.6636193451627784
0.9280560575491831 0.37511725373044025
0.9887118704449823 -0.15636443726495008
0.4459306949094346 -0.8961845877594574
-0.9882110601963059 -0.15949890440279846
0.07871887426784344 -0.9978999643421196
-0.49429672856406154 0.8704434181099117
-0.9602922681434496 0.28255930305673727
0.0956791728969738 0.9964168283774372
0.9741139108542805 0.23044107420375162
0.9686133489851155 -0.2525651998352875
-0.4189095587403262 0.9091291336196333
0.9061369849864169 0.4253431137796004
0.4090722398282884 0.9135977794422814
-0.6599212682007292 -0.7526652109512844
-0.9410690932645817 0.34115973048145387
-0.5994181537923582 -0.8016850234999784
-0.2541750748012374 -0.9681921458831327
-0.06908496693867515 -0.9986131720256258
0.551754573407942 0.8352052985484587
0.8664429928946836 0.5012759121119857
-0.9987258375132525 -0.06743664792568092
0.5752524977584097 0.8191981224482334
0.06101706729159845 0.9991385877340203
0.8338135397384075 0.5538555596443058
-0.9164972691986266 0.4025341669367461
0.9858023001171526 -0.1737665821834897
0.20961655573832008 0.978806364691405
0.9653099167206337 -0.2649108617644871
0.9740389695485291 -0.23075763432839988
0.38731324052316823 0.9230327479106266
0.9970304575958264 0.08905765899829707
-0.38791700944353785 -0.9227791684820276
-0.9891648336577111 -0.15347290267311892
0.4427143039200913 -0.8977778372763214
0.8345306668456111 0.5527744260493785
-0.9915997483354759 0.13686102111638912
-0.17669392502843806 -0.9852818159582794
0.7082150065707613 -0.707412541921598
-0.6988988085456395 0.716618068020536
0.9303397629280683 -0.3694170076146276
-0.9153427155493292 -0.405152703422771
0.7359191451195214 0.6785455119935234
0.7982137818172602 0.6040329117829485
-0.8770504063335566 0.48247651212275944
-0.8635212006208021 -0.5062925400185239
-0.7793534750489947 0.6281792426760502
0.99171811380239 -0.13600067189624424
-0.9098034755965958 0.4174429731021406
0.9994436892689718 0.05579706067909787
0.9904897915597193 0.1446754050140656
-0.2633522282018487 -0.9657363014307381
-1.0000422335870203 0.0437782028215357
0.3053304672823211 -0.9532965465945837
0.7804962024276054 -0.6267588675049491
-0.5447484278576268 -0.8397917303395194
0.24431966283477247 -0.9707259666622209
0.06263785305375219 0.9990382872366887
-0.2511132805801001 -0.9689907741130975
1.0003197128561379 -0.036898131001637025
-0.4549929714216557 -0.8916178530945265
-0.721852334002542 0.6934913178224241
-0.6720246049354305 -0.7418786493499988
0.7332409857678037 -0.6814386669321455
-0.9107430545570209 -0.4153890809544074
0.4250558161318809 -0.9062717876953141
-0.3708721197515513 0.9297606524213589
1.0009740200762096 -0.007211874407663018
0.5770628109161082 -0.8179239037084073
-0.9760622544404064 -0.22204385930872164
-0.9276515331009658 -0.3761165153718032
-0.9095161520359888 -0.41806861779574916
0.42481469584345277 0.9063848378009391
-0.6832087735505176 0.7315919434654796
-0.6875737946750881 -0.7274910837090031
0.9584320531323566 -0.2888061625528368
0.8872377483940302 -0.46347618905904053
0.9707544941516818 0.24420629001791147
0.9475708759892747 0.3226614866650783
0.3389394805288236 0.9418710254269695
-0.11297602428777134 0.9946041513768826
-0.1188371076716953 -0.9939208931500665
-1.0008432989553149 -0.017711322261254877
-0.27467503859621667 -0.9625770738866405
-0.8958204553513771 0.4466617420084815
-0.6910784306490719 0.7241626907619694
0.38594815696047247 -0.9236043634256036
0.8890681568453636 -0.4599552287816587
-0.9638163677240381 0.27029430128517684
-0.988381940966798 -0.15843654493425743
-0.7853198721312646 -0.6207041956002344
-0.8669323561796333 0.5004291056771473
0.9504527543159558 -0.3140709502854625
1.000896960771903 0.014362239295038088
0.7311215250522903 -0.6837121584447751
0.27181663135965806 0.9633881455136801
-0.8346913449332808 0.5525317716597579
0.7842199771913522 -0.6220932626013523
0.977101955092334 0.21742301937637293
0.9175616026513541 -0.40010211863957745
-0.26859430791636063 0.9642915004058322
0.4941589536133435 0.8705216416400947
0.9987160451046317 -0.06758151559830014
0.8207593152748646 0.5730228148944294
0.9874912380886567 0.1638964755512818
-0.4890458033459717 0.8734043749774174
0.8106217966781026 -0.587276172469448
0.2923901732232667 0.9573447584869664
-0.7579129574210268 -0.6538875660029886
0.8976643209732273 -0.44294442862697203
-0.7403419538108333 0.6737171449707644
-0.8697327098824165 -0.49554617681966673
0.9547330590989757 0.30080855350789465
-0.6756710429580403 -0.7385591660171811
-0.8332119466983064 0.5547601751020154
-0.42757333755398946 0.9050867588319598
0.9965782984795827 -0.09398241856613276
0.631231474506749 0.7768834054039483
-0.8582254725367876 0.5152184374505707
0.4584137609061913 0.8898639355608481
0.5572147538301631 -0.8315724370816957
-0.61096069723579 0.7929237204379481
0.9986457865980617 -0.06861190064368278
0.7819542819118789 -0.6249387978031753
0.3358923283656552 -0.9429620054620965
-0.432120224201589 -0.9029247542491945
-0.2832611114875962 -0.9600854871930997
-0.9626482825194531 -0.27442537084305313
0.7574172960452586 0.6544616410848606
0.03985141584460422 1.0002064110248345
-0.9892968389886736 0.1526196722805361
-0.46142510545161164 0.8883061814819083
-0.8748988048770381 -0.48636722877341404
1.0005896390807256 -0.028659626032154606
-0.8284060847901741 -0.5619113441483585
-0.9999795571302337 -0.04518722520383027
0.4820961650727483 0.8772595326482063
-0.8369441123842192 0.5491134242990162
-0.7584061361913992 -0.653315492382687
0.07776910510112102 0.9979744316823806
-1.000047508503918 0.04365753926993873
0.7141625768383564 0.7014077372282107
-0.6626365667278861 -0.7502758029118891
0.7941780623261194 -0.6093293077802268
0.781933282033814 0.6249650729823453
0.8237800461917839 -0.5686716411922281
-0.984625679641599 -0.1803143671212012
-0.9728781215507495 0.235603821293045
0.9828375833382466 -0.18981908433515113
-0.9019830778246725 0.4340823969224401
-0.7101163047715466 -0.7055039572515551
0.9609038452966387 0.2804724587087532
0.9465403397696418 0.32567220512160855
0.6080769152779301 0.7951373875664992
-0.8433907763333628 0.5391595296346042
0.3472253930765146 0.9388479783238923
0.8219663958500709 0.5712899824898424
0.75009942622827 0.6628362171547508
-0.9662271626922293 0.2615455411122973
-0.31521334851981225 0.9500744944029007
-0.08701782231615116 0.9972105588085972
0.9931743726996651 -0.12492263771081082
-0.6511902380095196 0.7602317238323492
0.8047771067418401 0.5952602863153504
0.8720050065229376 -0.4915366401387913
0.6361715461839512 0.7728432983638538
0.5744130034966201 -0.8197869853894925
-0.9077084527857217 -0.4219791046264628
-0.1388008236930377 0.991330081931409
0.792094240056763 0.612035713720122
0.18936752064460843 0.9829246879211619
0.4304971714664872 0.9036997207918978
0.5357902293934363 0.8455352329066653
-0.39022812212282404 -0.9218042160374915
-0.009507089814794771 1.0009548517506939
0.042796861188537975 1.0000847107482491
-0.9988578211867172 0.06545267797519098
-0.4752076307442157 0.8810100497057165
0.40873799302368397 0.9137473682911327
-0.6506888217645392 0.7606609344712503
0.8410755006256888 0.542764223440756
-0.991355249212145 -0.13862095750472112
0.49213843747809927 -0.8716655082981172
-0.9996467778195205 0.05203190939270072
-0.9995784536704234 -0.053328369165436755
0.9562223503251398 -0.2960402282438413
0.9351585382510773 0.357042726205294
0.8922649495166779 0.45372266844847
0.47691791918705917 -0.8800853926513528
-0.59645047623111 0.8038954094928532
-0.19797690100293566 -0.9812268579025311
-0.9891397937540769 -0.1536342032626274
-1.000511892546705 -0.031256245337704304
-0.6986487329850628 0.7168618750487198
-0.15723638369127224 -0.9885735782650127
0.09820214027351477 0.9961713405060904
-0.5286417071739377 0.8500229087714194
-0.049631637046142624 -0.9997688235807916
0.708397536519664 0.7072297577540636
0.827096783386506 0.563836776835012
-0.7869332039830231 -0.6186575243775944
-0.1889822035564022 0.9829988437119174
0.887604322943613 -0.46277377398877123
0.6441510818029222 -0.7662051838849206
-0.9625903048548164 0.27462866747576004
0.19766338625566102 0.981290061976552
0.9705558023895892 -0.2449947641234414
-0.6882983467152767 0.7268056039334154
-0.9574427148950951 -0.2920692515385856
-0.32718354897588187 0.9460189878007453
0.9431035749915744 -0.3354946301181464
0.9710064704525146 -0.2432024554550175
-0.9000828067786859 -0.4380090649077971
0.9510410147463438 0.31228510734622694
-0.9423830766808869 0.3375131653513172
0.7594529184867533 -0.6520983550063233
-0.29076731843641 -0.9578389042679878
0.9859683614604411 -0.17282184525983132
-0.5660278993562319 0.8255988233702682
-0.9983745233185771 -0.0724521303234339
-0.2639717133597733 -0.965567156932083
-0.0027053644875198865 1.0009963441506615
0.9248921267094325 0.38285186946246325
-0.9727093267314947 0.23629973696464893
0.7763252126351803 0.6319178461057594
-0.9800500674301799 -0.2037225204293823
0.44057839719773056 -0.8988279456729629
0.2325684068707565 0.9736082046314104
0.7936571401190371 0.6100076589175509
-0.13645634942059762 0.9916555171544218
-0.15963119176653717 -0.988189699711141
0.8151237570986473 0.5810114117755224
-0.9171068010464929 0.4011435098244374
-0.9858199663160632 -0.17366632953049974
-0.2979360517161409 -0.9556333549472815
-0.08394445577418792 0.9974739737681256
0.9958977819768124 0.10093863409847262
-0.9032350580097991 0.4314712388816141
1.0009107120473024 -0.013369611399062948
0.19828193379049952 -0.9811652637207964
-0.09505384459703131 -0.9964766764090985
0.9618337585420017 -0.27726669639350215
0.3759060467199904 0.9277368398631956
0.43495980133285295 -0.9015602981634036
-0.28876588010898796 0.9584441905947793
0.8885161898556626 0.4610205856188811
-0.9903419898702304 0.14568370910940096
-0.12036884384520456 -0.9937365553462189
-0.11220270602466065 -0.99469168728845
-0.9324337669652591 -0.3640992587509301
0.9964141580519921 0.09570697797725984
0.2703595929917764 -0.9637980548212997
0.9255018617493472 0.3813755418199916
0.15427996766618576 0.9890392770648295
-0.9910359355617969 0.140885678566538
0.9531926890205699 -0.3056545396321396
0.9730400288628362 0.2349342508673663
0.8449609599811223 -0.5366954221043628
0.9789348577748561 0.20901565547423037
0.9196725511038543 0.3952257566836056
-0.9069207594708634 -0.42366937113838254
-0.6728457784030377 0.7411339679742187
-0.26292580929535286 -0.9658524829425992
-0.1961640395316033 0.9815908870780349
0.16381653291892745 -0.9875045030491871
0.5231140063846332 -0.8534358419495972
0.07920952624529905 0.9978611381109073
-0.9700205293305947 0.24710559013748126
-0.6464841770763151 -0.7642376651212367
0.6724291697642238 -0.7415119767408997
-0.3356365806507752 0.9430530662317236
0.3679751894664054 0.9309109838954329
0.9264257218118928 0.3791258128449098
0.807102430503649 -0.5921035945466827
-0.8036027076564094 -0.5968447773477518
0.8595015469429301 -0.5130868257933643
-0.012944770077140785 -1.0009162966640368
0.08301130819655556 0.9975520651632658
0.8047101522768833 0.5953507964406494
0.14143919210757472 0.9909570903606052
0.7200050154581433 -0.6954090722122619
0.4447241139200544 0.8967839553080901
-0.17086408136409362 0.9863095182038975
0.685914393432743 0.729055858547061
-0.6477549401701737 0.7631608857148896
-0.9182079016401654 -0.39861666970356935
-0.6459697191611331 -0.7646725586333584
-0.5911567747844167 0.8077961795072359
-0.05475123856921016 0.9995015266997532
0.5015396534453336 -0.8662903531853131
-0.9849958185004719 0.17828134377041654
-0.9485092870301256 -0.31989237630428596
0.1365725865368929 -0.9916395154523759
0.5842146343530156 -0.8128310162683092
0.51545014854432 0.8580863268725579
0.9973475976865646 0.08543283554253912
0.39757700775433225 0.9186585453285195
-0.7150911952254643 -0.7004609785784051
0.741284712123156 0.6726796976068845
0.9609814337212943 0.28020650249943474
0.7294726855931414 0.6854710796040412
0.9200385072546642 -0.3943731040126967
0.3615733177644064 -0.9334161643558782
0.8552232320765495 -0.5201867196656796
0.23042704330463126 0.9741172299645898
-0.9273716745091272 -0.3768060208092987
-0.3997011843752933 -0.9177363255363644
-0.1293929209977689 -0.9926018698328475
1.0009713004304464 0.007579954787523825
0.8823306411483585 -0.47275113928019974
0.965460136329933 -0.2643628664502395
-0.8441061491338394 -0.5380388545397445
0.9979512104158901 -0.07806652054152202
0.4186648438610177 0.9092418536972601
-0.9869763215562586 0.16696928066946004
-0.9749542698743355 0.22685936536497944
-0.6910826602903881 0.7241586543333997
-0.8742437994121148 -0.48754361773021904
0.47569849559630945 0.8807451057413875
-0.8782493513360481 -0.48029061710365606
-0.8428089499418082 0.5400685825874215
0.625007442293345 0.7818994162153665
0.8637383103580868 0.5059220604201375
-0.9928553875577326 0.12743303887761828
0.8478986568992345 0.5320421671526367
-0.5291201534578398 0.8497251692192906
-0.60272340186595 0.7992030410622425
-0.7557373603658545 0.6564008243042131
-0.698080173752872 -0.717415549743076
-0.11103646985253593 0.9948225481776571
-0.2386014337716366 -0.9721472912075203
0.7193231683113542 -0.6961143437184119
0.47341798444745614 -0.8819730222641213
0.777571549484646 0.6303836018108709
0.9663420681938596 0.2611206756249185
-0.3845404152541594 -0.9241913595333807
0.8485619541911219 -0.5309836248881357
-0.4345240945966772 -0.9017703761018866
0.3766180508855036 0.9274480275180945
0.9430401049415295 0.33567299633999303
0.994624625763422 -0.11279562857208884
0.9356185502296991 0.35583553569883375
0.3900341148882226 -0.9218863212041715
0.5644222185217886 0.8266973806895376
-0.9410192465472906 0.34129719838810496
-0.1209801741980444 0.9936623156037522
-0.8691865511394485 0.49650351390328623
0.5017998556893986 0.8661396566548023
0.866696669428971 0.5008371823264812
0.9958418561728254 -0.10148890330603483
0.9748552063315064 -0.22728468203633145
0.7287923471833048 -0.6861943709234647
-0.9795838927680951 -0.205952414477969
0.6957195184358731 0.7197050449089244
-0.9447449186364626 -0.3308444327936978
-0.7469261883388686 -0.6664099857997096
0.772253338220906 0.6368875737574623
-0.31111753140060644 -0.9514236078925058
-1.0007729659470266 -0.02131831676262272
0.8546959211456889 0.5210526675653069
0.22367496417939206 0.9756897613480157
0.9696116302297683 0.24870522013655288
-0.6042400744276729 0.7980569731890326
-0.4980843311745858 0.8682816357832092
0.8965644774943208 -0.4451664157316178
-0.5323033442041086 -0.8477347166119377
-0.09284987171434886 -0.9966844542394694
-0.5721704168894775 0.8213537691132377
0.9250092757761134 0.382568738566222
0.5838861906224339 -0.8130669814968646
-0.5599894390017927 -0.8297064711128012
0.9063969971750783 0.42478875163073854
0.8037924978973366 -0.5965891553858149
-0.997881624208918 0.07895102321168329
0.9833396311487634 -0.18720088090661813
-0.9778366237327208 -0.21409469233727707
-1.0009552641107 0.00946357485723734
0.9683562198153715 0.25354926847633363
0.2275099718271609 0.9748026532171548
-0.557848787233679 -0.8311472376071002
0.44408831627537765 -0.8970989729944517
0.47396486877432786 -0.8816792518641539
0.4779974703697189 0.8794995271858591
-0.9452719556332376 0.32933558856175016
0.9210997605013745 -0.39188803401521527
0.4838423447921062 0.8762976579827636
-0.6852920333310056 0.7296408904749349
0.4524557755314271 -0.8929080418431984
0.7269106649827585 -0.6881873910021339
-0.766049285330443 0.6443364745571349
-0.9384691769849114 0.3482479057356455
0.9685827237577507 0.25268262155917415
0.8330037049948901 -0.5550728127595388
0.34888305365514993 0.9382332411891287
-0.8329750389761743 0.5551158297532515
0.5275425452342531 0.8507055089558113
0.9793093179751433 0.20725409459660785
0.999131733233915 0.0611292045179135
0.9585849152839332 -0.2882983874219463
0.9807420324337768 0.2003648317885771
0.9819385745574498 -0.19441614078075825
-0.4826382667437718 0.8769614036401874
-0.3092925193396886 0.9520184543802228
0.8770566004212986 0.4824652522798243
-0.14679722362941822 0.9901775472786154
-0.5421877794433448 -0.8414472127366605
0.6964087781402077 -0.7190381170211095
-0.9985773638083577 0.06960063569789389
0.4193227463062504 0.9089386307282709
-0.722851675675448 0.69244960464513
-0.3080028849125027 -0.9524364665874441
0.9728959461651772 -0.23553020599355132
-0.16328987246773113 0.987591726144702
-0.30919058394369664 -0.9520515652004128
-0.9904323677037035 -0.14506800131261108
-0.9975248276531525 0.08333797583063983
-0.7578845579875257 0.6539204819884851
0.0163959805276548 1.0008657111833419
-0.6313214151259549 -0.7768103184197298
-0.28788913071614597 -0.9587079056811317
0.010658450668320918 -1.000943253850762
-0.9873554134143657 -0.1647127426805436
0.23375563459824966 0.9733238429698358
1.0008124623616632 -0.01937563370795073
-0.8198861001847711 -0.5742715235181066
0.9984299499643661 -0.0716842731298392
-0.8423330098846713 -0.540810595734431
0.9986491911100299 0.0685623300018516
-0.31685376711777175 -0.949528667425727
1.0006744442228528 -0.025527567045938653
-0.9884497725457019 0.1580128069314327
-0.19170759850054664 0.982470964801074
0.9967731989597375 0.09189227299164895
0.5836718419420164 -0.8132208684754799
-0.826011121679866 -0.5654260578193842
-0.8964935803094519 0.44530917401726666
0.3168913562340343 0.9495161232670851
0.46749381323939904 0.885127411496721
-0.43613523552606753 -0.900992262082545
-0.9341209643934191 0.35974855646785936
0.9569134042128584 -0.29379880332935093
0.955567599380203 0.2981468816116578
0.06096330860987303 0.999141869307526
0.07114146598383277 0.9984687735816634
-0.6595795627348986 0.7529646740866666
-0.9978777484857693 -0.07899999415804904
-0.5593328115994071 0.8301492672214451
0.6215324235730205 0.7846645438959553
-0.46334334480251815 0.8873071310584711
0.4730682972386204 0.8821606351157097
0.9993018415173875 0.058282326137157524
0.558594072007054 -0.8306465329600661
-0.9819485609715012 0.19436569554836033
-0.9931586514381358 0.1250475632452848
0.5612255619743347 -0.828870839507937
0.8900693169692305 -0.458014858918275
-0.2905479550832013 -0.9579054680901294
0.7005021837718296 0.7150508307322618
0.21742065791451037 0.9771024805577057
0.7199381341102881 -0.6954783124251948
1.0004759323535184 -0.03238686124585479
0.9620210656098679 0.2766161045977878
0.9174854225859436 0.40027677841999865
-0.3135409652805609 -0.9506277205567562
-1.0008769023689437 0.015697971344980372
-0.4959021728987435 0.869529778049208
0.32994267563994784 -0.9450602260128992
0.5742444064989993 0.8199050930471233
0.29719416460875403 0.9558643358356377
0.863006431124605 -0.5071694981340777
-1.0007686766876083 -0.021518730467508435
