1000
0.9903020655103529 0.14595485276594508
0.4464007610108057 0.8959505346663807
0.0426415426320593 -1.000091345249002
0.4912223031858757 -0.8721821190856665
0.5170498035293012 -0.8571233870746445
1.0008953900246318 0.014471289764224233
-0.9890329880305891 0.15432027924833583
-0.6345528597119239 0.7741728929841314
0.9760602126523175 -0.22205283442710816
0.9825021334498919 0.19154779499229674
0.2359564974587538 0.9727926455864051
0.37888002307653534 0.9265262695215523
0.7384484537984343 -0.675792039818983
-0.8685472696328342 0.49762098068042565
-0.7399049242060722 -0.6741970803374979
0.9650212148547727 0.26596062656005814
-0.9971168405616724 0.08808522162263303
0.17770320271992876 -0.9851002851197841
0.922573785795479 0.38840521335712985
0.5678185785809495 0.8243682804537728
-0.798349884626377 0.6038530133377249
-0.8586459859077961 -0.5145173183522872
0.6912144174707756 -0.7240328922642508
0.9752452485738526 -0.2256051974891633
-0.11784376010604909 -0.9940391582850587
0.37153402258953494 0.9294963529021719
0.9532061998588814 -0.30561240248162375
0.996446464988866 -0.09537002889373952
-0.027191764073863065 1.000630605151847
0.11005731631191255 0.994931347946289
-0.9927374309360362 -0.1283487172453183
-0.5299030966882173 -0.8492371330318981
-0.4042479807265965 0.9157426331008451
-0.7683995192229798 0.6415319001093348
-0.18678857656323936 -0.9834180330182475
-0.672837310493471 0.7411416555611434
-0.1962295703228395 -0.9815777889351989
0.6103614279247127 -0.7933851065540023
0.5972389689812213 0.8033097870250603
-0.7452010127114048 -0.6683385748659858
0.9667478706464138 -0.25961424190638094
0.14622726021016624 -0.9902618786823152
0.5160687922215158 0.8577144056706906
-0.6315448982551997 0.7766286380811808
-0.8283093649519464 0.5620539083868231
-0.85481229572877 0.5208617274007658
0.7052448568737788 0.7103736283485496
0.7958191863514715 0.6071843399124205
-0.5032052086221127 0.8653239381963127
0.5361569363462282 -0.8453027502663331
0.7514996941409731 -0.6612482209473414
0.9266794796153458 -0.37850514139154295
-0.14782078112579378 -0.990025260620839
0.023506564400932673 1.0007239586569638
0.970424717019498 -0.2455134794621822
0.5185455881461252 0.8562192902604968
-0.9871062114969382 0.16619966072216236
-0.985825663500492 0.1736339862579171
0.7541097916834809 0.6582700221695479
0.9806383027133814 0.2008718976149197
0.05606443674228258 -0.9994287262895591
0.8124802027632523 0.5847024201401807
0.9364724965428728 0.3535820459508075
-0.578064142219847 -0.8172165242331022
0.7683062537585009 -0.6416435929981519
0.03798092480082531 -1.0002791857033084
-0.8751268872685711 -0.48595671739324847
-0.9642825886873561 -0.2686263001911974
0.2133622550257768 -0.9779967014925538
0.42796097041265907 0.9049035350817539
0.9411173790218867 -0.3410265076251029
0.6200707048761464 0.785820158149687
-0.2862963950425972 0.959184744554256
0.538726423831586 0.8436674939012587
0.6444631587069499 -0.7659427113495243
0.3386377425368288 0.9419795535623693
-0.16314225606069468 -0.987616121925633
-0.9916266036713713 -0.13666630488595552
-0.9891551787502723 0.15353511764908018
-0.15772180354159307 0.9884962481909515
0.5633753299637788 0.8274111659798915
0.9568868029619825 -0.2938854305970203
-0.9112858624414274 -0.4141969059691102
0.7083574551538625 0.707269903027086
0.30465794614145575 0.9535116862696911
-0.8810936603477197 0.47505258834686603
-0.9207087199169363 -0.39280587198884465
0.7625358107560056 0.648490660930966
-0.7616498644407509 0.6495309723157056
0.4246866757108615 -0.9064448286981716
0.9080972726538692 -0.421141714151667
0.013798190525918203 -1.000904895551126
0.0965186589981545 -0.9963358612763058
0.4243922435335751 -0.906582717477307
0.47172172298011983 -0.8828814280913758
0.47602428203418845 0.8805690676567258
0.08594714621556987 0.9973034082250994
-0.7258502663270981 0.689305731060522
-0.47769935240155875 0.8796614852971179
0.7203676255540784 0.695033440960634
0.5472101780124017 -0.8381897285696334
0.8107397797002773 0.5871132851601518
-0.7844890814145663 -0.621753875051318
0.22262715788715937 -0.9759293768357861
0.6112566199604518 0.7926956191089514
0.5687517707200835 -0.8237247254409507
0.41804007500709084 0.909529271485017
-1.0005140454798822 0.031187253766244146
0.9982271046800478 0.07445567461307914
0.905508068227879 0.4266803702705513
0.9924768920987534 -0.13034806730442589
-0.204668931158852 0.9798528606981218
-0.9532568922281531 -0.3054542476697994
0.8026442030152771 -0.5981331652449735
0.4655687196546489 0.8861415052231393
0.9860493328841633 -0.17235925597047747
-0.9374345481502441 0.3510234578120778
0.9566009593862498 -0.29481452559415466
-0.8087136490324401 0.5899010373517198
0.9959230954306797 0.10068856930045907
-0.42129880421314697 0.9080244036195131
-0.7712654535798013 0.6380835369403784
-0.9503433880960507 0.3144017250304447
0.37678524956221027 0.9273801139297428
-0.92133949594996 -0.39132407695243293
-0.9221181738005415 -0.3894856525557191
0.9916514304201826 0.13648604524128385
0.3327454923464179 -0.9440770293377231
0.9665798943644826 -0.26023894368511735
-0.9372538854905974 -0.3515055534878191
0.30520856997257406 0.9533355803783348
0.005580390605779123 1.000984445054311
-0.043991304827708265 1.0000328820091646
0.02387622880555115 -1.0007152070884229
-0.1461475519008652 0.9902736455512607
-0.41621266481850727 -0.9103669686696002
0.5626876891557606 -0.8278789552057415
-0.1436150197418995 0.9906440965879391
0.1262426464481357 0.99300744922572
0.8275492499069809 0.563172477113711
0.4061877398689166 -0.914883883331749
-0.605397232938555 0.7971795220339902
0.9650752238005439 -0.2657645807972352
-0.896602020990185 0.44509079518264116
-0.5277030622318242 -0.8506059476109695
-0.46981178092984455 0.8838992535914529
0.8699497406189207 0.4951650722709272
0.9964741844080083 -0.09507996533652391
0.3503400688025177 -0.9376901600163281
0.330901852276732 0.9447248086928954
-0.5688797522183783 0.8236363442174929
-0.8818390999286291 0.4736673957927284
-0.5305626376304537 -0.8488252396993246
0.9662329604021365 0.2615241217029959
1.0006576386305248 0.026178049017873357
-0.8274271650726324 0.563351831895368
-0.9697354102935517 -0.2482221465195982
0.9716269018693378 -0.24071178526152875
0.6638840622867687 0.7491721777012397
0.26190896507193584 0.9661287150348795
-0.9919042941998046 -0.13463606926818517
-0.5614434199281104 -0.8287232868813494
0.34390167271027283 0.9400705502817734
-0.8172723386955857 -0.5779852285336088
0.5861794308510236 0.8114152296125393
-0.9396356754215626 -0.345088101033727
-0.8385291087782034 -0.5466899795419996
-0.5056062387228426 -0.8639232207578055
0.9963059297074071 0.09682713684633672
-1.0007766772302409 -0.02114337513260909
-0.09474369445817064 0.9965062129060795
-0.5670159913168188 -0.8249205207721562
-0.025075542862947657 1.0006858733639286
-0.24584745476615188 -0.9703401614820469
0.9998302072566193 -0.04837929988316988
0.8817724954332596 0.47379137423279666
-0.674072282649149 0.7400186198766662
0.14933701865870572 0.9897976838011541
-0.2325841914030155 0.9736044340025396
0.05661455302426001 0.9993977148192121
-0.4694882193546523 -0.8840711577057572
-0.9849730269206357 0.17840722025411618
0.7328299540421375 -0.6818806775812016
0.4284253573013802 -0.9046837642077946
0.37266435916566215 -0.9290437424619178
0.39663597747659785 0.9190652323808053
-0.1603515811551967 0.9880730592527196
0.4715189429324714 0.8829897431204083
-0.45095770077108466 -0.8936655706220628
-0.9537428421406985 -0.3039335306697546
0.539100536904396 0.8434284860670714
0.18608237029273372 0.9835519058322433
1.0002423574870165 -0.038938750478352734
0.9976800353488432 0.08145886732781804
-0.006627926525888484 1.0009780569972389
0.7201749446412644 0.6952330897698638
-0.4781819575935187 0.8793992355193574
0.6625876408282203 0.75031901096913
0.9325471965882965 0.36380863944566944
-0.974570801609157 -0.22850109988988057
0.7922225314876082 -0.6118696434726646
0.3889709666937651 -0.9223353983607687
-0.7282543990231775 0.6867652657956651
0.4387075033131204 -0.8997425890424263
-0.13679769549730125 0.9916084865039365
0.11798665473448809 0.9940222076516021
0.898879640288225 -0.44047291888981244
0.9246915710461013 0.3833360124437735
0.9706641478886855 -0.24456514879175248
-0.9473547876591429 -0.323295385521198
-0.9301596846839335 -0.36987019478282546
0.6972768255959095 0.7181963718140684
-0.8457967539677913 -0.5353772977793768
0.981122411606874 -0.1984938624812156
0.17689428980779187 -0.9852458628349561
-0.37799582094121215 -0.9268873498710505
0.9901582137149874 0.14692757335757436
-0.982676976719736 0.1906487855323487
-0.044008001649484076 -1.0000321473786826
-1.0002586074379278 0.0385190634145944
-0.21608237833814048 0.9773993072290018
-0.6742442844247799 0.7398619093591158
-0.913907333354079 0.4083801979058685
-0.8883323113692325 -0.4613747983769777
0.4276742433981664 -0.905039082876428
0.8439891075916504 0.5382224319615913
0.8822262508641217 0.47294591898676513
0.23713185440517956 0.972506803897207
-0.9500577882160703 0.3152636976405442
0.8060655613238342 0.5935143729074234
0.32663845610250436 -0.9462073340420546
-0.29261931261581364 0.9572747452451928
-0.522632394305677 -0.8537308594764016
-0.4520658009156152 -0.8931055433948013
-0.07386941753299466 0.9982706592669826
-0.47619834131832683 0.8804749512198937
0.6895016680969172 -0.725664143865169
-0.23330189160507034 -0.9734327030532187
0.8946733533315976 -0.44895499867848027
-0.9582769722430363 0.28932031464921226
0.9209178832685038 -0.3923152460410613
0.9144847939237343 0.40708544764246407
0.9795726333428008 0.20600596109300037
-0.997643189129762 0.08190889562799542
0.9955664726251684 -0.10415564595680755
0.46496226879712893 -0.8864598629351622
0.8498053032267451 -0.5289914428492202
-0.809481448683312 0.588846995608848
-0.11140735137516809 0.9947810824797433
0.514595354916455 -0.8585992200662703
0.7078816381934739 0.7077461312564862
-0.9099677836921095 0.41708468281929295
-0.7830810160048344 0.6235263606078225
-0.792115568373211 0.6120081097018117
-0.08338135136339454 -0.9975212029048877
-0.629263503820905 0.7784782866329913
1.000677379428418 -0.025412247052822405
-0.6590951646659232 -0.7533887203257025
0.8868756684338462 -0.4641686641082296
0.8604069445367394 -0.5115670921716449
0.3180724248722521 0.949121136913453
0.9088859338684344 0.4194369549957466
-0.9181495667315401 0.3987510164384349
-0.06990980767471026 -0.9985557664902271
0.9693674556828367 0.24965523399877576
-0.8441953084731803 -0.5378989506885768
0.8731771655850581 -0.4894513637746289
0.9477364945628979 -0.32217469930711556
0.7337537675199034 -0.6808864873459801
0.9158102840468461 0.404094696369595
-0.9608098772067024 0.28079419485103585
0.7469704971850772 0.6663603201985233
0.8876482244675749 0.4626895607203191
-0.9216006219345338 0.39070870690308435
0.9955167817836293 -0.1046295234967919
0.17303148461925455 0.9859315926221538
0.5059798869082048 -0.8637044367399997
0.23107836596384074 0.9739629298815645
-0.5874447871739983 -0.8104996125983627
0.698962429591876 -0.7165560145718
0.6117406261702094 -0.7923221606725891
0.9944102308119549 0.11467036607822709
0.8579816923753503 0.5156242968952587
-0.9773034153737568 0.2165156675596252
0.9927802327542412 -0.12801722326481915
-0.414874014270537 -0.9109778001043989
-0.066319747812556 0.9988006262763751
0.9205846569870221 0.39309653944048767
0.43245605022672545 0.9027639584200845
-0.8925717669418392 -0.4531187933184004
0.04839796870600349 -0.9998293037439604
0.9478554867441019 0.3218244494271707
-0.32591216695042935 0.9464577430787258
0.06496743470041696 -0.9988894996086639
0.16088019584418914 -0.9879871267304728
0.10082894916729676 0.9959088929263654
0.684715214880165 0.7301822200735988
-0.9391055976853538 0.3465280311836754
0.23581973720056482 0.9728258074016419
0.9735850528531876 0.23266530652603923
-0.8733377131851342 -0.4891648379928388
0.5347479613290766 0.84619478718224
0.5442787521874461 -0.8400962087268795
-0.40898985136519816 0.9136346652137676
0.417873261187053 0.9096059243347621
0.5846794399158077 0.8124967400179138
-0.6606192658177737 -0.7520526481772308
0.08632324976706918 0.9972709243478686
-0.15963847663244546 0.9881885228935176
-0.938192137920525 0.3489935706343524
0.29110983055999096 0.957734862345176
0.2208152877221858 -0.9763409285224953
-0.4443909656937551 0.8969490897535779
0.17357347729182113 0.9858363190615498
0.8254953327519198 -0.5661788194597157
-0.9200210581035326 -0.3944138088937256
0.7652660633287763 -0.6452664971291143
-0.9990209536938739 -0.06291370344036938
-0.8689680081554418 0.49688590320350595
0.893427982039382 -0.45142822342985783
0.7268677850397604 -0.6882326809091477
-0.11167643282228398 0.9947509107068412
-0.03618273608214576 1.0003458450004228
-0.4793001416827967 0.8787902902188047
-0.6621889198529511 0.7506709228576672
-0.9981509743425829 -0.0754694137975925
0.976400010987312 -0.22055389033970121
-1.0004558707205256 0.03300076879158035
0.10082026408349562 -0.9959097721933118
-0.9776853754404607 0.21478432589424507
0.5489806542600882 -0.8370312068544192
0.21420348028012423 0.977812798564164
-0.969095327829271 -0.25070948442266366
1.0004127621724763 0.03428272571480301
-0.013898764613638525 -1.000903504011358
0.5411981654206764 -0.8420840490980067
-0.7306776623737071 -0.6841864904454742
-0.8237514868988084 0.5687130100780202
-0.823849190460903 0.5685714654965679
0.9917454112027763 0.1358014703831891
0.07168859811538242 0.9984296394339719
0.9353796808187437 0.35646297523224657
0.3669135501621095 0.9313299343988881
-0.89991035671223 -0.43836326246854557
-0.47536838781112534 -0.8809233200851545
0.959974003219592 -0.28363870177137457
-0.8932880016955226 0.4517051538634689
0.07709374461577896 -0.9980268305717622
0.345271755264589 -0.9395682066867258
-0.5965048859850139 0.8038550373021279
0.5044389531252198 0.8646053102832137
0.7315680297050154 -0.6832343799264801
0.9919388938527668 -0.1343809170312112
0.7009177692109932 0.7146434641163977
0.5760189597407374 0.8186593662929649
-1.0009699157540586 0.007760654309587691
0.0019817078750388544 -1.0009980383766484
0.013057056375205073 -1.0009148381749642
-0.7006493226694517 0.7149066558949069
-0.16508236828431855 0.9872936805640157
0.7332263896720871 0.6814543722718613
-0.8395615650669864 -0.5451030897566738
0.5653450323964607 -0.8260665798497389
0.9868604257763772 0.16765291538314306
-0.7462554075287136 -0.6671610500727344
0.6839918394952741 0.730859879528129
-0.3649874809931755 0.9320864438013549
0.9172906555077001 -0.4007229133931001
-0.6605923939475435 -0.7520762521570891
-0.833297249823652 -0.5546320342680705
0.25956100386227454 -0.9667621658267396
0.8005346683619731 0.6009536128109938
-0.6647242390600995 -0.748426807380636
-1.0007692763934994 0.021490821920797352
-0.19838724170447558 0.9811439763505099
-0.8109590316040595 -0.586810402992147
0.968144642799353 -0.2543559525918616
-0.9707967555866853 -0.24403823336183492
-0.8701837385345669 -0.49475373792423694
-1.0008798575736566 -0.015508407504860447
-0.6033479379724095 -0.7987316606623538
0.648700591832148 -0.7623572273918711
-0.5927711491165405 -0.8066122766081956
-0.7136422772301618 0.7019371055513084
1.0008796956154415 -0.01551885642504127
0.3291585305774385 0.9453336245728814
-0.3807225761940104 0.9257706627325127
0.9531215272544007 0.3058763709151766
-0.9767563136228414 0.21897055463673054
0.9514136788258448 -0.3111478936825254
-0.6889281420056599 -0.7262086581366469
-0.4132779990781843 -0.9117029644999145
0.6136613965440255 0.7908354382497261
0.8114729445733663 0.5860995309889186
0.9768694400768537 -0.21846532229151208
1.0009964910843172 0.0026504408849241353
-0.9958632440649475 -0.1012788187156566
0.655524165998155 0.7564978967534697
0.47427184962159424 -0.8815141590788613
0.937188035962927 0.3516810845751467
-0.6570804151877938 -0.7551465605937938
-0.11666104000426836 0.9941786568545528
0.573048219975255 -0.820741577832628
0.9992800416628197 0.05865490886834078
0.08656780216523173 -0.9972497258100809
-0.3741220186442867 0.92845770779585
-0.14240774777230342 -0.9908183654809897
0.7431840032384771 0.6705807463165276
0.7016098391018757 0.7139640282783442
-0.9904407825313664 -0.1450105385779075
0.5623726899304236 0.8280929643587245
-0.6879585206901193 0.7271272748356113
-0.7348643539193788 -0.6796877086858746
-0.48018153581685596 0.8783089961172922
-0.18571378488926293 0.9836215685425491
0.7463080326555384 -0.6671021813739031
-1.0002007020402506 -0.03999444509165862
0.9452061968148774 0.32952427149264024
-0.7457761713831976 0.6676967142326068
0.0311986770898892 1.0005136893355537
-0.39191941504210576 0.9210864086029353
0.652515058875371 0.7590949202444126
0.6843981039982019 -0.7304794557300475
0.6031274916821654 0.7988981341680425
0.35872496579125956 -0.93451452579297
0.10533992939251953 0.9954418613236933
0.842581256495824 -0.5404237468893446
0.9949872930581355 0.1095503840835077
0.33698267635374496 0.9425729021340827
0.25061348997111704 -0.9691201569694528
0.5068909601097337 0.8631700612040668
0.5724177641839985 -0.821181407026847
-0.1603040357600005 -0.9880807740863378
-0.7339575876558672 0.6806667756857095
-0.9472896926784801 -0.32348607102178417
0.2791619470526085 0.9612853932718403
-0.5496248937193013 0.8366083170779781
-0.9864692816821835 -0.1699392723811565
0.3134597727085544 -0.9506544960675783
-0.2118846469242779 -0.9783178912796056
0.7793598077441264 -0.6281713859075709
-1.0009654819265026 0.008312881067620759
-0.5843378891926088 -0.8127424138396656
-0.9231113766460872 0.38712580165440497
0.6289163158336166 0.7787587994226908
0.8303674266358028 0.5590088879277633
0.0938772676588549 -0.996588209150052
-0.04604394251978809 0.9999404759070584
0.9825434447363068 0.19133577607366573
-0.908757802891862 0.4197144930582641
-0.9997091626130024 -0.05081919113494047
0.9962341831785069 0.0975625556586807
-0.05534833135334885 0.9994686399364414
-0.4138266629162465 -0.9114540542778903
0.7876415788598189 -0.6177554073022846
-0.27401334434977764 -0.9627656449615608
-0.7658612163773219 -0.6445600028306512
0.5531505589103508 0.8342814028714571
-1.0008004301120272 -0.019987473266550752
-0.2690467001998636 0.9641653764326764
0.18433140306920007 -0.9838815649469911
0.6553956718867194 -0.7566092209801276
-0.9990589322608789 0.062307703133341226
0.9017967269214229 -0.4344694043471976
-0.9992762615651245 0.058719273432399396
-0.9125626285835223 -0.4113762862790372
-0.9132822155027266 0.40977627413801226
-0.3098437935030432 0.9518391794981144
0.7329874563986191 0.6817113676346337
-0.9460869695225391 0.32698692038009425
-0.9652413612056356 -0.2651605449871675
-0.04135825925812453 1.0001452366487267
0.8781850334495442 -0.48040820874046564
0.009186127448155805 -1.0009578487940969
0.43662138263955813 0.9007567752850492
-0.3500012891161421 -0.937816665248085
0.27768398904830044 -0.961713368018883
-0.7699761500966618 -0.63963874826524
1.000073459773691 -0.043058971844199316
-0.3629757316282913 0.9328717051389793
-0.8683259484984317 -0.49800707541590106
-0.4489393387857448 -0.8946812114326634
0.24951813937832576 -0.9694027533080244
0.018070665808630877 1.0008368753384502
0.4549320669362853 -0.8916489300577214
0.026668183990088645 -1.000644696164763
0.3195174145455931 -0.9486356633619145
-0.9233441650490215 0.3865702431252635
-0.9283876618445954 0.37429580459140205
0.6386786747048115 0.7707726970237759
0.9653238692767101 0.2648600147335211
-0.98805437977114 0.16046664019374182
0.9619118900286281 -0.27699551588708515
0.5793307107954198 -0.8163191333842873
0.41391893257082335 0.9114121555363579
0.9489827717499026 -0.31848500580384026
-0.8425025774644652 0.5405463966818509
0.27960141038901926 -0.9611576620453437
0.9478165235717934 0.32193918314532666
-0.6347659397666278 -0.7739981923184253
-0.69030149210154 -0.7249033383854618
-1.0004373828905675 -0.033556562921017
-0.1299193431214034 -0.9925331048800857
-0.011059252763805084 -1.0009389056922038
0.9282040793207572 -0.37475083339774634
-0.15256342812560175 -0.9893055141858679
-0.6015376169916822 0.8000959288385164
0.8857742473969921 0.4662670722325268
0.9121666555016447 0.4122535537638746
-0.8624480057038533 0.5081185269771673
-0.8896377281443182 -0.4588526045063014
0.13442998230603564 0.9919322455980545
-0.9953363204946319 0.10633254019446421
-0.24363659179160566 0.9708976316482446
0.7631854224040279 -0.647726030841733
-0.07575319958856218 0.9981294769478033
0.09363486734858356 -0.9966110131925159
-0.9313838311000788 0.3667767156804531
-0.1971161439028947 0.9814001354253286
0.4477237824624374 0.8952901287390184
0.26534517972275284 0.9651906213789585
-0.7423060492325281 -0.6715524769314722
0.866586662838204 0.5010275000346238
-0.9534582370326589 0.30482517979093215
0.018179041000319418 -1.0008349126945506
-0.9996485645492323 0.051997571045764905
-0.14761335393286074 0.990056209384443
0.49916532312538003 -0.8676606365331638
0.5066471287186018 -0.8633132032820976
0.6892876626455385 -0.7258674246201232
-0.9967623054221685 0.09201036077249061
0.5539850765299781 -0.8337274944381253
-0.47711028988268156 -0.8799811198475019
-0.3104182409275035 -0.9516519929572335
-0.5132089892887692 -0.8594286086192384
-0.14769724850201815 0.9900436974118532
-0.5909296899968981 -0.8079623143935427
-0.7227721411121665 -0.6925326216375186
-0.5434349468994005 0.8406422892577115
0.589517362353125 -0.8089933741905518
1.0005091306966964 0.03134452731404153
-0.928461913488293 0.3741115812183011
-0.6845430785243019 -0.7303435997148681
0.7561077742289635 -0.655974110579467
-0.3454174635347535 0.9395146491062378
0.27820406558851485 0.9615630493576702
0.9985730904160822 0.06966191999130397
0.9583797574362339 0.2889796541911998
0.5962357407595066 -0.804054688090905
-0.8363327250734902 -0.5500441554740398
-0.8995852395692601 0.4390300636051215
-0.7391229337073929 0.6750542858672751
0.9970711128713717 -0.08860133112681835
0.1251652895829952 0.9931438215503356
0.5512397083162781 0.835545201635067
-0.08916301964865142 0.9970210408648025
0.9528440964008625 0.3067395115631892
-0.9914559699268582 0.13789872985779358
-0.950123382367997 -0.31506595861437836
-1.0008392024527468 0.0179413163884262
0.8888587012974996 -0.46035986915425453
-0.9809787556871694 0.19920261265970557
-0.8313274470073715 0.5575801967898483
-0.3450207245976559 -0.9396604171710695
-0.06773788776449166 -0.9987054513525021
-0.0293395276096324 -1.0005699336476406
-0.4509981820392114 -0.893645141987202
0.6627586595619626 -0.7501679539780614
-0.5298039771088645 -0.8492989731770725
-0.23678672671749326 -0.9725908934646752
0.5554172116493841 -0.8327741116314936
0.2761878540870242 -0.9621441000467678
-0.5567880835755973 -0.8318581790114308
0.8593967847078464 -0.5132622784053155
0.022146196962990295 -1.0007549879766158
0.4997898044368529 -0.8673010730887933
0.10576407200723552 0.9953968862079328
-0.9828065592253143 -0.18997964928828237
-0.9909095607412328 0.1417717970247155
-0.6629737725624125 0.7499778509358542
-0.28331401188922745 0.9600698780126532
0.12107869191808528 0.9936503159378582
-0.08100784060877755 0.9977167582835836
-0.45282566665128265 0.89272051372298
-0.7473704337837144 0.6659117319179342
0.9243888343771234 -0.3840654669179504
-0.19850550862569402 0.9811200553679731
-0.2045036452115633 0.9798873706172475
0.09885769315288048 -0.9961064985755745
-0.09720656440030022 0.9962689816698552
0.9395142909329106 -0.34541843774302244
-0.8479917810013285 0.5318937293804042
0.9040527378014688 0.42975533420036655
-0.6396642365201007 0.7699549756428337
-0.958901279482428 0.2872443841173619
-0.9877414207295981 0.16238191332496085
0.9501231837135958 0.31506655768256425
0.6593865203586053 0.7531337309995951
-0.33894395624018286 -0.9418694147960497
-0.4688870400373717 0.8843901535436677
-0.9601639483624907 0.2829950392938931
0.3595405990606274 0.9342010263466451
0.9311941510436285 0.3672580197383523
0.05393389568683844 -0.9995459643738458
0.8168128674965849 -0.5786343746201106
-0.9748023322908977 -0.2275113468823617
0.22854397081650438 -0.9745607489548431
-0.6371877401849992 0.7720056889414312
0.30850339316090036 -0.9522744648515
0.7210362373874001 0.6943397902858663
1.0009535343517917 -0.009644794899660228
0.22703908183631888 -0.9749124346929428
-0.6712629781663131 -0.742567851541724
-0.9004575187847005 0.4372382152375302
0.47673793575721907 -0.8801829017936815
0.9695794100038403 -0.24883080134220692
-0.971388654219978 -0.2416714349125688
-1.0009479230476537 -0.010210550748531111
-0.8817508988997534 0.47383156531564746
0.17243175071534128 0.9860366582157291
0.9679264487230653 -0.25518501104562397
-0.9788949236520923 0.2092026014373727
-0.644202311692649 -0.7661621118339428
-1.000009120604072 -0.04452817881600901
0.5283493400300123 -0.8502046664714622
-0.8228073902064891 -0.5700780636207523
-0.37320746359401047 0.9288257043803887
-0.1761249126068919 -0.9853836893105217
-0.9804292221842642 -0.20188992121242383
-0.9304443844410315 -0.36915341995185413
-0.8475007445911081 0.5326757812380034
-0.9625056028735933 0.2749253797613828
0.09999593050519885 -0.9959928784295596
0.6326637019753283 0.7757175002556491
0.7288971406252407 -0.6860830550220199
-0.006226241615754874 -1.0009806361340574
0.8814810153531317 -0.4743334476631517
0.3967489079998333 -0.9190164873390139
0.526033626444406 0.8516393742950987
0.7901536154101906 -0.6145390663368804
-0.5755409885605178 -0.8189954642650847
0.7886007496320164 0.6165305002024001
-0.5038265088057584 0.8649623396568206
0.6113989197240642 0.7925858697707443
-0.3637292861791722 0.9325781502778144
0.21330408747461144 0.9780093896617882
0.786917466781894 -0.6186775415946232
-0.9726860720007809 -0.2363954427134572
-0.6472306257899069 -0.7636056030698082
-0.17041037452480115 0.9863880089773583
0.9722786237525731 0.23806570058242812
0.5231735919027762 0.8533993161091397
-0.9930891669990894 0.12559819421096305
-0.3412535396207273 -0.9410350799499053
-0.5448890300668777 0.8397005090583053
-0.22227265896563178 0.9760101767278597
-0.6108013768485397 -0.7930464538978331
-0.9897144658942906 0.1498875445111407
0.5760356146494927 -0.8186476474377613
0.36275567449101415 -0.932957298392895
-0.9928827521963679 -0.12721965410645433
-0.2850637207468965 0.959551809499589
-0.34717948122693637 -0.9388649571770135
0.8139813383003158 0.5826108314293743
-0.3546767360599202 -0.9360584452361304
0.8945936207928075 0.44911385375739044
-0.5183408851718125 0.8563432295285003
-0.89402908468323 -0.45023659973447977
-0.5037578191220776 0.8650023466288216
0.10265545328422103 -0.9957222795092069
0.932913295549879 0.36286882338699783
0.969189593152065 -0.25034482723981905
0.9554138307862744 0.2986392672477885
-0.9991103966074094 -0.061476950078749856
0.8655467714447463 0.5028218237522871
0.23903346346387108 -0.9720411531125964
-0.9452191252922783 0.3294871851555086
0.7909644835747807 0.6134950576192776
0.14877464415767014 -0.989882369403435
0.7201627410799631 0.6952457309183523
0.08262106509983833 -0.9975844623899113
-0.9662560123373972 0.2614389386105897
-1.0004635534551765 0.032767029280076757
0.8679867015669985 0.4985981206370942
-0.240349098271103 0.9717166824544424
-0.40728263677276044 0.9143969891592096
0.2433988205824816 0.9709572668964669
0.823473879219129 -0.5691149007395603
0.2141515422970592 -0.9778241748554751
0.05426539442416873 -0.9995280221024267
-0.8009816118710105 -0.6003577745349167
0.852830811112994 -0.524099806922644
0.9927982992231111 0.1278770388290946
0.4906848704584591 0.8724845889201511
0.7005521544305349 0.7150018733700885
-0.5067834400878938 0.8632331926268129
0.8915858609030646 0.45505565883498383
-0.5582499510811397 -0.8308778442815195
0.30509305912236917 -0.9533725532420968
0.6557151492746476 0.7563323627954357
0.40047045417653815 -0.9174009021859731
-1.0004760388280298 -0.0323835719304527
-0.8850412678769685 -0.46765687651816695
0.29188056419226516 -0.957500253914747
-0.5923495874997408 -0.8069219083584774
1.0007875635386692 0.02062165527628676
-0.34117953801338063 -0.9410619123314768
-0.022948144743020416 -1.00073691980103
0.0471552956047184 -0.9998886828524621
0.11253268075071819 0.9946544102164615
0.1189916874889055 0.9939023987839765
0.6769650695336119 -0.7373732397038504
-0.5214560124054993 -0.8544498973761748
0.8461785241341344 0.5347736954022496
0.8772807630257763 0.48205753061736495
-0.9663633779347719 0.2610418008413539
-0.06122786455378804 -0.9991256920939342
0.6007290464540715 0.8007031989110459
-0.982514342598701 -0.1914851602287824
-0.9748519103455419 0.22729881850913244
0.16363876967151755 0.9875339756486317
0.9952621853567829 -0.10702421407719322
0.9282132463174816 -0.3747281272613015
1.0001570216089468 -0.041072279292981545
0.03901912139496549 1.00023922546837
-0.19076034229426192 -0.9826553270642642
-0.2799887201113047 -0.9610449087375852
-0.5173070544118105 0.8569681507826159
-0.21408581766878834 -0.9778385667752557
-0.717042705431963 0.6984631404639841
-0.9850940136687335 -0.17773796508913095
0.9291788702249201 -0.37232731182058226
-0.9048884160669374 0.4279929374041928
0.5527111743608657 -0.8345725598991575
-0.8931732375990694 0.4519320387367952
0.4673916856121055 0.8851813442570255
-0.46529073814755534 -0.8862874979339961
-0.7716511916610924 -0.6376169997796608
-0.8023664719857965 -0.5985056763582667
-0.436278328664219 0.9009229822454058
0.7044352523444655 -0.7111764726524558
0.24686569063281602 -0.9700816103753245
0.45018630806454946 -0.8940544099948339
0.9035366351541428 -0.4308393539758517
-0.942446560495461 0.33733585728510274
-0.059554290140025244 -0.999226844378151
-0.9873806675926224 0.16456128725902414
-0.4457971573713894 0.8962510220242924
0.44048770426061706 0.8988723949455847
-0.9871523599391692 0.16592533943472637
-0.8829660551616647 0.47156329949673587
-0.7307015864586343 -0.6841609397991345
-0.9359274051783986 -0.3550223827254131
-0.9846777359972076 -0.18002987594122669
-0.22202524315213398 0.9760664892327959
-0.26407798453586345 0.965538097686195
0.8799516275082635 -0.47716468147334457
0.9216522134593624 -0.3905869908553761
-0.6014246651520712 0.800180837152902
-0.8874693187907436 0.46303262110254534
-0.7330045066593662 -0.6816930344495674
-0.9349099697845135 -0.35769309246548237
0.3128162698620794 0.9508664371559102
-0.9314556995112983 -0.3665941623211124
0.9589608367340164 0.2870454904895654
-0.7361202154713082 -0.678327375516037
-0.35573798237616894 0.9356556460017396
0.8383222062926642 0.547007201448573
0.9288672657855506 -0.3731040103671833
-0.9923408999437365 0.13137936785833296
-0.2826464313238836 -0.9602666269635081
-0.18112898307740105 0.9844761507976445
0.6728649805241012 0.7411165346855384
-0.5498117034595782 0.8364855591932696
0.27551266661111995 -0.9623376593154972
-0.8853158698983261 -0.4671368220405775
0.5180173414507107 0.8565389856605115
0.1118299974375268 -0.994733658661012
0.622405677733064 0.783972048178789
0.8728751149984858 0.4899898301152587
-0.8016053570381804 -0.5995246880385255
-0.49117229182075234 0.8722102841331038
-0.18021690787313652 -0.9846435223554997
0.9531654015374973 0.3057396233919665
-0.4685609039563125 0.8845629877423333
0.09686871680081176 -0.9963018878358929
-0.312268897130569 0.9510463374015264
-0.29716701720318994 0.9558727759940436
-0.9242662023750938 0.3843604911370601
0.6062197896690784 -0.7965541830996672
-0.7604778769209489 0.6509027567262302
-0.6869622098641294 -0.7280686246629448
0.8060738771213029 0.5935030788653339
0.688967960723711 0.7261708814708911
0.45067075987141186 -0.8938103077258195
-1.000913159388702 0.013185118980383633
0.9886844342239219 -0.15653782138295985
0.9251291395648289 0.3822787924120814
0.1642412597456929 -0.9874339515112632
0.8642753758333765 -0.5050040343681185
0.41154628505545127 -0.9124859753755437
0.9971841572688143 0.08731985164946643
0.8750235067363755 -0.4861428418261201
0.08325389841613044 0.997531848312883
-0.30863265613950874 0.952232578503945
-0.14758573410708142 0.9900603269943069
-0.03743028975809331 -1.0002999417217944
-0.4374320123368731 -0.9003633902946708
1.000999966743573 -0.00025802977702283996
0.8707632616390714 -0.4937330677397314
0.9826559939118378 0.19075690715971022
0.9525461063501377 -0.3076636398360917
-0.13669098412185704 -0.9916232020580187
-0.9818755310547804 0.19473428438745158
0.9690458400940499 -0.25090069708236595
0.6601921176832599 0.7524276495111626
-0.6960317849278805 0.7194030541845848
-0.8479575471582315 0.5319483040835786
-0.3396751645882319 -0.9416059592854952
-0.8957596200164193 -0.44678373196440363
-0.972876497824594 0.23561052603937876
0.9439767044395473 0.33303000086396356
0.8363142655506715 0.5500722218367703
-0.6363300674145759 -0.7727127831893047
0.5908965410722984 0.8079865579010541
0.1504256938906341 -0.9896328160573098
0.035476769955022684 1.0003711305278449
-0.9968261157534413 0.09131645498981582
0.9375645181750345 0.3506761672244285
-0.9992220929030877 -0.059633958902399205
0.9936923629832575 0.12073312614502342
-0.532918761246023 0.8473479768737306
0.3433774374550169 0.9402621631475053
0.2002203017858181 -0.980771548706831
-0.013067855731701841 -1.0009146972377694
-0.9971785382844548 0.08738399615992705
-0.2139476118407534 -0.9778688150194985
0.4314583871123043 -0.9032411971286789
0.9753401524400946 0.22519455374882588
0.33787532964728195 0.9422532895223771
-0.4785254813798106 0.8792123541387601
-0.11514508104838993 -0.994355374255281
-0.9953032991019474 0.1066411871500859
0.21916904078626048 -0.9767117955470951
-0.6348200396127496 0.7739538211715651
0.9803556787269937 0.20224673838590218
0.8347527109760855 -0.5524390568362051
-0.9162748822880222 0.4030401221814906
-0.9405890364129192 -0.3424810426575696
-0.825621167908249 0.5659953066075891
0.989272544366684 0.15277706949103056
0.745948999573731 0.6675036254844987
-0.10849031527094555 -0.9951034375844607
1.0009944170625023 0.003343203508798435
-0.9687060856934513 -0.2522092772688424
0.2280399976894314 0.9746787980939178
-0.9921265329308695 -0.132988505723511
-0.7833472739682482 -0.6231918230902218
0.6978945637102848 -0.7175961105967835
-0.9617920206206664 -0.2774114436543953
-0.10414502262580755 -0.9955675839752267
0.99421857273221 0.11632037497501033
0.09979163868879838 0.9960133678057762
-0.9794878650461081 0.20640862924649553
-0.5136402722045872 0.8591709205796002
-0.9939956816700134 0.11820991845596357
0.9194318088081109 0.39578548350317927
0.8980809539999827 -0.44209908398738057
-0.3156538999507804 -0.9499282159436379
0.7497091781409249 -0.6632775800607609
-0.25932363226713734 -0.9668258652662218
0.647276867486613 -0.7635664062913701
0.4582221933733157 0.8899625955623909
-0.8117980364077256 -0.5856491680900443
-0.7159752096057909 0.6995573594995222
-0.13782913589628715 -0.9914656470589804
-0.42264027184352787 -0.9074007938149652
0.9530410021553402 -0.3061271765308411
0.9803114655257322 0.20246093588342154
1.0003634991809225 0.03569130855685436
0.6240780765407555 -0.7826413957753517
0.696099712863699 0.7193373268161996
0.5255221806519884 0.8519550678543903
-0.7529974399713727 -0.6595421558904017
0.1289681681426425 0.9926571470583039
0.292472256008178 0.957319685092439
-0.7679431650130761 -0.6420781068606056
-0.9082740882473627 0.42076024125197714
0.7872433279815841 -0.6182628426069934
-0.1225535277407772 0.9934694926560607
-0.9434795960278123 -0.3344357215956395
-0.6988726260709291 -0.7166436021682767
0.6094293518017481 0.7941012940189061
-0.9965014642993554 -0.09479362662774564
-1.0009140228176427 -0.013119410314618787
0.902011946749283 -0.43402240486127974
0.42088535953882933 -0.9082161164204643
0.8520124509856628 0.5254291420975843
-0.6147718101066346 0.789972544774951
-0.8449588231924794 -0.5366987862005842
0.025150299964285246 -1.000683997279714
-0.6977740794000309 -0.7177132673411014
0.5987377500447683 0.8021933100390009
0.3782421535420991 0.9267868542895044
0.9965926275451052 0.09383035075466335
0.6394740726180873 -0.7701129205832331
0.06897420203628946 -0.9986208286699497
0.750876218992856 -0.6619561192035259
-0.8426332564025131 0.5403426646161643
0.7519005290873786 0.6607923988350048
-0.10596747123785248 -0.9953752533790736
-0.06815649099206442 -0.9986769711651755
-0.9051651257829595 0.4274074111036436
-0.7896492677875546 0.6151869909893891
0.47400602199411623 0.8816571278639522
-0.8753694309016791 -0.48551967976887445
0.6354029777595249 -0.7734753104361695
0.11180334067317708 0.9947366551074297
-0.8187827572073414 0.5758435521041664
0.44409503545735735 -0.8970956467858533
0.9239594664601043 -0.3850972660754156
-0.7755263461529508 -0.6328980063348704
0.922543054318429 -0.38847820135604033
0.4819454041232956 0.8773423661515688
-1.0002623832237398 0.03842088894812465
-0.43466452176153275 -0.9017026968584589
0.44627364681439446 -0.8960138571244203
-0.9252948857953538 0.38187743363671434
0.987675988285759 -0.1627794279500617
-0.9053052453519225 -0.4271105392498474
-0.44960785000753895 -0.8943454484770403
-0.23470942568920547 -0.9730942839687444
-0.9929779311343125 0.12647461516138478
-0.8116808519783669 0.5858115691343698
-0.9693166061692358 -0.24985259055001785
-0.2570637279200316 -0.9674291910976514
0.5555870718215703 0.8326607986597743
-0.9353471312172746 -0.35654837557281704
0.946573563400728 -0.325575627267841
-0.40998330457907106 -0.9131892958014919
-0.4800915831989953 0.8783581682556849
0.9161108355547355 0.40341286169283747
-0.960165503534482 -0.28298976275189625
0.9604273152244829 0.2820999329505271
0.9079059011566029 0.42155411828734035
-0.7247411639046372 0.6904717556440318
-0.29253347726862294 -0.9573009791476911
0.5860424520420138 -0.8115141677164879
-0.3803102936743652 -0.9259401063380494
-0.39316090850119867 -0.9205571682554604
0.9880876713513921 -0.1602615166638066
-0.4458822778667617 0.8962086778671293
-0.8878662897517576 0.46227097196606237
-0.4412469055455572 0.8984999545611955
-0.388689898748423 0.9224538810211276
-0.7629466562133327 -0.6480072528705946
-0.09170428017680592 0.9967905120923122
-0.8918717947381409 -0.4544949963977243
0.05938555877499789 -0.9992368865334091
0.19486425490257456 -0.9818497452060903
0.4748622247640168 -0.88119627069806
0.7374319625697784 0.6769011010335889
0.9426690375682274 0.3367136552178897
-0.7991161479927159 0.6028386036222995
0.9370954351337181 0.35192775601186616
-0.8515121486136809 -0.5262395469397113
0.2639323482143227 -0.9655779179155215
0.3043591906838109 -0.9536070904970745
0.39076493860954087 -0.9215767807152488
-0.403724715827954 0.9159734460286706
-1.000482525136443 0.03218255578114236
0.8987428269872112 0.4407520061656392
-0.9040595857131215 0.42974092832800914
-0.8449884743448205 -0.5366521016677495
-0.40246498318411594 -0.9165276522345681
-0.764582388786911 -0.6460764434313488
-0.8953230431019779 -0.4476579592619949
-0.25952238299350106 -0.9667725341182251
0.4558287820410983 -0.8911908445798402
0.3378315436770171 0.9422689892471277
-0.06360371843072472 0.998977260502853
0.31258549617238346 -0.950942326107459
-0.43304009504943236 -0.9024839478237708
0.8917843858732016 0.4546664811845675
-0.18967192473643812 0.9828659933921688
-0.4731230677696385 0.8821312616296092
0.6945285310667652 0.7208544371329356
-0.8656182008000118 -0.5026988466704001
-0.5793761463250465 -0.8162868864985755
-0.9739343940365647 0.2311986075058187
-0.5642712797916137 -0.82680041291858
-0.9608581580970943 -0.2806289365305352
-0.1725260977332839 0.9860201547640521
0.8761851083831079 0.4840461298757396
-0.9923763857639736 -0.13111105589550062
0.9567822796554526 -0.2942255416127488
-0.7748434358487735 0.6337338951973989
0.9829229116426975 -0.18937674030313753
-0.9850818214842016 -0.1778055257335031
0.9623165556277845 -0.2755863689747323
