1000
0.08519277605616675 0.997368132089573
-0.5609932699476655 -0.829028076167162
-0.897277426527223 0.44372764151524746
0.974445464985697 0.2290350099194635
0.7817229840357839 0.6252280993606969
-0.7948488682419272 -0.6084540053730663
0.8131787431149509 0.5837305300787246
-0.9995375938900806 0.05408880106295932
0.6381926866664662 -0.7711751387884841
0.3241351179041418 -0.9470678039830455
-0.5312282426598415 0.8484088367058281
0.9660022428891448 0.2623750497534808
0.985728700322273 -0.17418360818677128
-0.9926505843179844 -0.12901867094790626
0.3581772533361748 0.9347245878827376
0.787349717226452 0.6181273515898047
0.48387835416018565 0.8762777746669317
-0.7662422671660775 -0.644106969383339
0.318166013713744 0.9490897679974776
0.9503476669710651 -0.31438879096216754
0.3061973174360565 0.9530184692832363
0.7629483237200921 -0.6480052895869766
-0.3356369089822896 0.9430529493770826
-0.9981590272598864 -0.07536283102164684
-0.2518848249227621 0.9687905010752478
0.9543862394104015 0.3019071148947499
0.992004085003438 0.13389882500041497
-0.7293982291761614 0.6855503068883275
-0.3187695697866731 -0.9488872226866686
0.7424844467237792 -0.6713552311357105
0.7627043728011659 0.6482924029402012
0.836273864859241 0.550133640994066
-0.39157837976209253 0.9212314435053194
0.35157138478041094 0.9372291936359987
0.22454670595145496 0.9754895062717748
-0.8081826468328833 -0.5906283174367741
-0.5643951994610501 -0.8267158271288396
-0.32669063123504466 0.9461893211526159
0.14281387982644256 0.9907599082163743
0.7524799031206164 0.6601325589603863
-0.24653051661245215 -0.9701668435783597
-0.5503180194480609 0.8361525443785743
-0.9622976460540118 -0.27565239051912427
-0.11223246150576885 -0.9946883303750759
-0.9212287700832303 0.3915846692235776
0.75396655633792 0.6584340756096528
-0.8211507441666914 -0.5724617501235247
-0.99471911600794 -0.11195927942061053
-0.21812923761374287 -0.9769445407483719
-0.6109213384158888 -0.7929540454957897
0.3535146253526189 -0.9364979496303223
-0.7456292684326117 -0.6678607594825797
-0.08302438286604534 -0.997550977068196
-0.8153832790123491 -0.5806471461284122
-0.7626277161541932 -0.64838257730559
0.9646195161810625 0.2674138908183585
-0.39509402331156823 -0.9197291518395391
-0.2168414919435332 0.9772311739663766
0.957720325029459 -0.29115765321465875
-0.6149689128261859 0.7898191161635548
-0.9610935593361439 -0.2798216757197022
-0.6367399130470135 -0.7723750922530332
-0.9438237267975164 -0.33346330043056777
0.1994062730172185 -0.9809373773495342
-1.0008949627013646 -0.01450081511618375
0.14656988116272449 0.9902112249090821
-0.017936234248248754 -1.0008392935436699
-0.12661305601035058 -0.9929602882531203
0.11442064012034818 0.9944389961754566
-0.9751238295812267 0.22612942529189506
-0.42269343514685587 -0.9073760300359222
-0.8740297878200334 -0.4879271769467934
-0.4465063551477589 0.895897915396985
-0.9761798508075203 -0.22152629387367873
-0.7901908514501469 0.6144911864986283
0.821182179491644 -0.5724166560167108
0.7382983772976082 -0.6759559941887627
-0.022960000342591325 1.000736647867094
0.2714682000373659 0.9634863861874089
-1.0009972957028697 -0.002326799420183167
0.9254549656015483 0.3814893270373853
0.12291233049541397 0.9934251652802975
-0.2540307926659521 -0.9682300121239312
-0.013947702567738649 1.000902823251629
0.47454526592111623 0.881367001079492
0.6429734790304134 0.7671936556460347
-0.9383012309017434 0.3487001578552455
0.4962260513895493 -0.8693449867126033
-0.5832408212912988 0.8135300513069269
-0.8545708827882913 0.5212577158090231
0.43753229005191135 0.9003146645267588
-0.9681334437278026 -0.25439857534142285
-0.6820285722466778 -0.7326923137573904
-0.8270419870331726 0.5639171496631591
0.044672268726614416 -1.0000026941997793
-0.5752509970649734 0.8191991762543185
-0.9998096592180905 -0.04880210378872859
1.0001331700235634 0.04164903622676076
-0.04323754414137287 1.0000657552264365
0.4342530728890754 0.9019009195506985
-0.9637698944838198 -0.27045996096769437
-0.640734522066173 -0.7690645436064731
0.19673823152509404 -0.9814759641765959
0.9953098374959521 -0.10658014535447595
-0.23092244269802686 0.9739999103995731
-0.5557494538303617 0.8325524275186847
-0.14269526214048225 -0.9907769992095391
0.460073057378322 -0.8890071888767622
0.018276992329662154 -1.0008331287239554
-0.42184222174331365 -0.9077720748925168
-0.8638387730177344 -0.5057505059129601
-0.2989464392272012 0.9553177620422314
-0.9621099133650133 0.276306921022197
-0.5766368590527243 0.8182242558014328
0.9962057267835253 0.0978526950252684
0.5954344321096411 0.8046482691575675
0.12174730560782997 -0.9935686154349047
0.21754830464059038 -0.9770740684042356
0.14113420633993723 0.9910005730577536
-0.9479022393756371 -0.3216867180762245
0.8353019906027281 0.5516081802286112
0.6901622123265927 0.725035944403078
-0.844650859328024 -0.5371833260968091
-0.8807140219267322 -0.4757560420863191
-0.984179692043584 -0.18273295753365337
-0.37259917015612265 0.9290698888668003
-0.971041643814694 0.24306197970406018
-0.41533586456972144 0.9107673246236505
-0.18398134466009863 -0.9839470843582301
0.2699256023415232 0.9639196902234988
0.969090211738401 0.2507292593871347
0.7198258727754697 0.6955945032007034
0.8681480969092705 -0.4983170495104618
0.41661450140800477 0.9101831448761066
0.9020388901090298 -0.4339664050717171
0.13194692161156077 -0.9922655944238078
0.9964047152350284 -0.09580523710842814
0.7474566950345927 0.6658149059971277
-0.6989253694906892 -0.7165921628669293
-0.9239372257448251 0.38515062363049096
0.7231316624767833 0.692157206654358
-0.13989444444390278 -0.9911763437520752
0.8193589837883903 0.5750233522955884
-0.7150755142502696 0.7004769867167033
-0.049023748934155016 0.9997988157826758
-0.8137714092504537 -0.5829040173875375
-0.05826549276693605 -0.9993028231485319
0.5759643354621621 -0.818697797893478
-0.09563275907672397 -0.9964212840919112
-0.8803385904566385 0.47645038162732
-0.9879423260693393 0.1611550817092131
-0.6408382259277874 0.7689781324522345
-0.641096799885357 0.7687625726950776
0.23042339200540918 0.9741180936707425
-0.2362868284052531 0.972712462509958
0.03542564927427421 1.0003729421438268
-0.8396447832291942 -0.5449748966658918
-0.5679199803827714 0.8242984264706761
-0.41304980053661117 -0.9118063732375782
0.7580659838809911 -0.6537101529596622
0.5030478354812352 0.8654154350470321
-0.7470358954329385 0.666287003426232
-0.8446414800772432 -0.5371980734635262
-0.985334680835276 0.17639888532313633
-0.43965669466681523 -0.8992791506727211
0.8921614073013738 0.4539262311455816
-0.8355571496067067 0.5512215976729464
0.24377439758345817 -0.9708630403320656
-0.5582584013847797 0.8308721666317329
0.6283386129905821 -0.7792249915300917
-0.1395769233459255 0.9912211067513069
0.4044923590663192 -0.9156347150785425
0.4238667657824444 -0.9068285200991036
0.7075744685418863 -0.708053226436874
0.6536527952082216 0.75811544194567
0.20079789505398446 -0.9806534583337221
0.40010586370957124 0.9175599696070105
0.23730690729658688 -0.9724641030646474
0.32441283187221603 -0.9469727105448442
0.2886014478942298 0.9584937163452634
-0.7821520969471277 -0.6246912015077616
0.9019438475093078 -0.43416390446478453
0.9963781407691171 0.09608121875516307
-0.5340401833998192 0.8466416494091744
0.556925732308591 -0.8317660300183819
0.906285637607772 -0.42502628514701796
-0.3463021385590912 0.9391889207339491
0.21414846951917682 -0.9778248478140623
0.9934058863872853 0.12306804983866386
0.6732602497258573 -0.7407574745752326
-0.4172942807854031 -0.9098716850324517
0.07779011805712292 0.9979727939842142
-0.30751586275037074 0.9525938243327505
-1.0003013805655159 0.037391817804472254
0.5025251381717314 0.8657190569148182
0.9868513831203659 -0.1677061347518945
-0.09807195211565942 0.9961841658088246
-0.11768824712636926 -0.9940575820787861
-0.6962383700118491 -0.7192031229932496
0.8725627398300602 -0.49054588476538946
-0.8755663700329637 -0.48516443776033225
0.34092771803000643 -0.9411531708913552
-0.9464452532956094 0.3259484353608864
-0.4500127041259868 0.8941418042599378
0.961062067755517 -0.27992981606375933
-0.7351871045497596 -0.6793385910602613
-0.0754184925016634 -0.9981548231555948
0.9998170724208563 0.04864999173471989
-0.8348908641771808 -0.5522302462863476
-0.36349732293147363 -0.9326685886324532
-0.5589030041554559 -0.8304386984877369
-0.9134263896127025 0.4094547969667757
0.5063445519315015 0.8634907033253381
-0.9971553637670001 -0.08764804909809239
-0.8889454870523928 0.4601922653078645
0.9584436773484969 -0.28876758362165655
-0.09870832787020938 -0.9961213108899273
-0.9417530193441257 -0.3392672258798702
-0.08893253178547951 -0.9970416264079572
0.9884117400016443 0.15825053626108804
1.0000555778771252 0.04347230333038514
-0.07455246326533836 -0.9982198806981708
0.14302112616387183 -0.9907300124003602
0.5436675945309195 0.8404918480609813
0.8810774634686803 -0.47508262793707406
0.04912454210876767 0.9997938684361912
0.6857705298885708 -0.7291911822947045
0.8939182942768326 0.45045652748872234
0.44877151203666554 0.8947654049997267
1.0008275558016455 -0.01857965414382881
-0.6506510592700113 0.7606932358518854
-0.4780292275929891 -0.8794822667722472
-0.5609677202535676 -0.829045364762095
0.9167002509341876 0.4020716975082895
-0.7502783023000303 -0.6626337367639714
0.6660427821743496 -0.7472536465708628
0.9857957979036174 -0.1738034661207033
0.8055559107983786 0.5942059193392427
0.6897620093502812 0.7254166874680115
-0.6751041285631508 0.739077408393051
-0.548202911162932 0.8375407859874566
-0.34591929353586 0.9393299965186098
0.0466979198816856 -0.9999101481026801
-0.9006495677125543 0.4368424844027753
-0.9640399222743402 0.26949587800425473
-0.5407916342860833 0.8423451835715493
-0.998248535880131 -0.07416778689683806
-0.5630775066864935 -0.8276138722035306
0.9038555124529473 0.43016998106378845
0.2262329148216455 -0.9750998247622149
-0.618320731932088 0.7871978610635112
0.8961794016829677 -0.4459411171883101
0.07715084424065223 0.9980224182015927
0.9013799377059 -0.4353334445012329
-0.39108279740347496 0.9214419382549682
-0.8890834715012141 -0.45992562518667046
-0.24731459861475583 -0.9699672619795073
0.9895816170199332 0.1507621413227283
-0.3026609446330884 -0.9541474480361024
0.7529493335806917 0.6595970747815612
-0.5225637398959361 -0.8537728841711785
0.2768890166257416 -0.9619425515445451
-0.5324163841840992 -0.8476637268707029
-0.9877171051946714 0.16252975144833837
0.3844255673385482 -0.9242391374403247
-0.9994043650646196 -0.056497036115044294
-0.8293896026399664 -0.5604586398947905
0.9998908040454216 0.047110295959591764
-0.4559773619320812 -0.8911148328949865
0.7334834770732567 -0.6811776485326904
-0.7755330342787766 0.6328898109010398
0.9654428092837198 0.26442613713919993
0.9917026927173793 0.13611307526133967
0.9693298305906084 -0.24980128007514765
-0.35684724151615993 0.9352331507289011
-0.621912427977688 -0.784363392775885
-0.9608807432215544 0.2805515947307967
0.30676200294205325 0.9528368556846338
-0.81970309688998 -0.574532708336937
-0.29089738000373033 0.9577994123546774
0.9848658824170151 -0.17899774761419193
0.9545382508087517 0.30142615636830294
0.8750966955916392 -0.4860110835820455
-0.23229344909535693 0.9736738434955428
-0.43179209847527766 0.903081714848837
0.9927822215431023 -0.12800179915900625
0.21638316079440117 0.9773327620235722
-0.6208884947344948 -0.7851741699179445
-0.9234090574085285 0.3864152076405547
0.6734967788921497 -0.740542428778999
0.11650514913906393 0.9941969373439472
0.6098298892829873 0.7937937428180568
-0.09149427174390541 0.9968098104643897
-0.3743205347062821 -0.9283776910811693
0.5266380593111268 0.8512657367032989
0.7013818460734997 -0.714188004658808
-0.5471456166788485 -0.8382318737372867
0.792668690389589 -0.6112915403275708
-0.3778097606158426 0.9269632057333235
0.22882043649879927 0.974495873690853
-0.6603010936261733 -0.7523320182978254
0.956224403700824 -0.2960335956728622
0.3027833690880075 0.9541086056648455
0.9858748107749217 -0.17335471576946612
-1.0008109473218876 -0.019453732820875327
0.2326335358308643 -0.9735926447990607
0.7376521143974919 -0.6766611841423369
0.9827097114193399 0.1904799807909421
0.1109166219808321 -0.994835917610719
0.332676584071896 -0.9441013136365476
-0.8433503384873581 -0.5392227800948866
0.22733453878374674 0.974843581030301
-0.13016583032997117 0.9925008093772565
-0.0143952608343874 -1.0008964863888323
0.5975429089682055 0.8030837266075156
0.02048690620980392 -1.0007903310254105
0.16462817773784097 0.9873695169969132
0.9531137939665556 -0.30590046706515217
-0.04462911501473446 1.0000046210358238
-0.9794619462869634 0.2065315854191646
-0.9989271819739717 -0.06438544178259292
0.975829557846219 -0.22306428229022396
-0.9652097214585365 -0.26527569357544706
0.9766805550004872 -0.21930821572376216
0.7640967490614086 0.6466507234000337
-0.775724835459603 -0.6326547080763502
0.8095761471080747 0.5887167927226511
0.981190558241171 -0.1981567269067075
0.4951986223288744 0.8699306434673886
-1.0007923326821235 0.020388890226638784
0.09186658878019534 0.9967755664470767
0.3750116200984767 -0.9280987473276299
-0.36677944368741794 0.9313827568128735
-0.6820557771325448 0.7326669890749279
0.9757845154028774 -0.22326123599938236
0.5451958724383623 -0.8395013166613695
0.43570434894673993 0.9012007103353267
-0.7153530186875349 -0.7001935865563405
-0.17032858582559987 0.9864021354653746
0.8789977330104002 -0.4789196021907824
0.9033920230459852 -0.4311424969738916
-0.9706605669500485 0.2445793608794708
0.19918157744968512 -0.9809830269707295
-0.44541374821116964 -0.89644162827508
0.8739508894559345 0.4880684816899991
0.07335805974614508 -0.9983083667235696
0.7179410364693546 0.6975397251435281
0.9017744703745428 -0.4345155976264982
-0.04991351986033238 -0.999754790203654
0.40604482680898024 -0.9149473201346978
-0.8167162903165442 -0.5787706809536763
-0.6696043592337686 -0.7440638427548634
-0.7573339069517414 -0.6545581359827491
-0.8831264087976418 -0.47126292670247305
0.996308620407796 -0.09679944680169537
-0.9391165010116641 -0.3464984812774927
-0.628784298738508 -0.7788653963682831
0.6580232120241554 -0.754325163598175
-0.9902317263669371 -0.14643130845674848
0.911254702247388 0.4142654555137614
0.9373857020201605 0.35115387745000165
-0.22489498468086894 0.975409270955219
0.23176765595627438 0.9737991341403699
-0.8371534489789617 -0.5487942263386423
-0.9947752752351114 -0.11145919334405921
-0.5216417850743794 0.8543364958050281
-0.9291526201173493 -0.3723928148193312
-0.9856922305874777 -0.17438986942905485
0.42173175045683287 0.9078234027918732
-0.6383627768647719 -0.7710343475575503
-0.9503919073100092 -0.3142550278351055
0.9081897130003642 -0.420942330017208
0.2127371344800135 -0.9781328701220672
-0.2342168219583322 0.9732129676035657
0.6545457057019795 -0.7573446501739467
-0.4232355066507491 -0.9071233135081932
-0.47904148276428266 -0.8789313157414506
-0.2004966624822475 0.9807150902955862
-0.3126449373689453 0.9509227850554262
0.1456446190460956 0.9903477394041538
0.1033758465233136 -0.9956477461208799
-0.8371408225292073 0.5488134867649684
-0.9987339215474627 -0.0673168177384142
0.6906991935596227 -0.724524412298224
0.9758716367180365 0.22288012170056984
-0.9358114650020661 0.3553278795291564
0.787867153499511 0.6174676901964814
0.9894519656893501 -0.15161071068193424
-0.8149491520307248 -0.5812562942492773
-0.9961761029746578 0.0981538173594091
-0.998630326343411 0.06883655502167738
1.0007926822612674 0.02037172384207346
-0.5058943096912741 -0.8637545643422032
0.9456708701448143 -0.328188368714599
-0.8554635460089587 0.5197914211005971
0.49623452582771826 -0.8693401494101947
0.9778868567510463 0.21386513365567264
-0.9521037017478613 -0.3090300003527481
0.3294861517979021 0.9452194855023937
0.10944669152889887 0.9949987043777384
0.22586755084145274 -0.9751845207328118
-0.9954957765121925 0.10482918938152155
0.8380219262418199 0.5474671233397944
-0.8803651659748015 0.4764012747024929
0.8392546178512944 -0.5455755551848687
0.7269279737829356 -0.6881691078011534
0.8948328803532962 0.44863695371494255
0.7174044821183502 -0.6980915477475013
-0.26484235707074244 -0.9653287139110767
-0.6635257418656808 -0.7494895528835595
0.8808834250174837 0.47544231146319643
-0.8960475233993617 0.44620604636184674
0.4268669770967475 0.9054201145679749
-0.8725107209681899 0.4906384022837687
0.31169024504563736 0.9512361384763461
0.3539100920133612 -0.9363485711908222
-0.9778540774209411 -0.21401496039118428
0.9444057257253772 0.3318114302086709
0.8311680399015418 0.5578177923356595
0.8716719550684905 0.4921270189159252
-0.5733776932366796 0.8205114386153213
-0.021049726854298425 -1.0007786513507166
-0.9017476417087708 0.43457127225884423
0.949402750039513 0.31723085949732227
-0.9765262154877974 0.21999443280474185
-0.36635062163052784 0.931551513353355
0.4107410867602872 -0.9128487057815102
-0.6718011737139781 -0.7420809814275807
0.9342545186186265 0.3594015782389921
-0.6515246021702303 0.7599451906334582
0.6954814249933675 -0.7199351272782811
-0.07059929928660424 -0.9985072553267905
-0.03573657093125855 -1.0003618832692873
0.9767315850561226 -0.2190808315525449
0.6008609774900361 -0.8006042004197319
-0.9318022635953396 0.36571237545180413
-0.3652946338556266 0.9319661101543788
-0.7930446463674371 0.6108037236853969
-0.8982403320712097 0.4417751756726526
-0.9877247527356672 -0.16248326939492883
-0.899224910363661 -0.43976762111536327
0.7498658679043941 -0.663100429913893
-0.9282414809824269 0.3746581815249079
-0.6826962649590013 -0.7320702219125083
0.9417829242764746 -0.3391842029653682
0.8323528576218389 -0.556048307621522
0.4795177431871734 0.8786715734383809
0.9969466465997624 -0.08999102084924045
0.21170431055740238 0.9783569312328783
-1.0009741353992134 0.007195850317857682
0.8252980534602632 -0.5664663475924238
-0.369042254616117 0.9304884815557113
0.6677465722905459 -0.7457315302400902
0.6026800740302407 -0.7992357151472296
-0.009128830646126252 1.0009583729861269
0.5502049201635026 -0.8362269702825147
-0.9553093053147031 -0.29897346233259436
-0.6660998116367196 0.7472028111145772
-0.8622326634712529 0.508483858193423
-0.9992737272627499 -0.05876238594893294
-0.13396958493124916 0.9919945313928644
0.8986510894055152 -0.44093902017204223
-0.0920612940919878 -0.9967576024942617
-0.3704012523722538 0.9299483384796523
-0.0025863956534904666 1.0009966586145649
0.3929219403285148 0.9206591925400383
-0.998084365318861 -0.07634526642855083
0.10749094873720028 0.9952118849469074
-0.8481984655070477 0.531564072442344
0.41043220261467256 -0.9129876270009734
0.102696246936807 0.995718072983058
0.2935303329301104 -0.9569957908214323
0.9669126770299163 0.2589997586849083
-0.9341688718044806 0.35962413566325596
-0.059424961257688154 0.9992345440283389
-0.10166899015769905 0.9958234865880167
0.996205360715022 -0.09785642177523708
0.371454334434018 0.9295282015249353
-0.888805350518955 -0.4604628637456853
0.9483555724279006 -0.3203477926331772
0.42284960527478643 0.9073032631479716
0.3755225076579958 -0.927892152268921
0.9758557541616105 0.22294965142308354
-0.5145267644921598 -0.8586403255270681
0.9690626646337138 0.25083570721292126
-0.9994794520970479 0.05515274096348123
-0.5675112866158949 0.8245798563896475
-0.9012784003121651 -0.4355436202388284
0.9835430142303314 0.18612936135578959
-0.9929162729083874 0.12695776854417753
0.060037758973672764 0.9991979120761908
0.044085781021575766 1.0000287215433954
-0.43395716461248196 0.9020433355895354
0.2915713313213717 0.9575944646620943
-0.4126928481584676 -0.9119679890647764
-0.6306561519095499 0.7773505117118267
0.272925111580252 -0.9630747029534661
0.7922249651709464 0.6118664924310635
-0.6437576410870076 -0.7665357783835608
0.8942626609966975 0.4497724904294456
0.5037381985054191 0.8650137729345788
-0.8848337759013966 0.468049344646563
-0.4599914117594042 0.8890494368186678
-0.9673144516584725 0.25749514871676416
0.9946142355143487 0.11288721146439797
-0.5634217518422548 0.8273795559179623
-0.37219442062201874 -0.9292321094634213
-0.5891537968102232 -0.8092581811165694
0.9726619938649874 0.23649449399634512
0.9834156310160439 0.186801222354984
-0.3226381541319783 0.9475788207311885
-0.06663680927461955 0.9987795230428475
0.694066601201319 0.7212992119064384
0.10634355725056827 -0.9953351434724362
-0.18789180513880085 0.9832078465724746
-0.9953932012465734 -0.10579874721422124
-0.9015853043932421 -0.4349079660136669
0.21961348666791827 -0.9766119579820637
-0.8045019120811733 -0.5956321628805283
0.7612129106496944 -0.650043002162334
0.1859386790361721 -0.9835790805208717
-0.7876745181970819 -0.6177134071582022
-0.9743798790453825 -0.22931387073508175
0.8891552697357614 -0.4597868052707964
0.6721845793733687 -0.7417337064288283
-0.9616909950920909 0.2777614623355514
-0.8568056279200277 0.517576193390468
0.7937856912551685 -0.6098403695710495
-0.9247457327135057 0.3832053363774591
0.1316080793548791 -0.9923105932360693
0.8297782554126734 -0.559883065330878
-0.8704734478026622 0.4942438433309473
-0.37871854684803347 0.9265922848121033
-0.9998371746762272 0.048235092364993695
0.6018741813266605 0.799842778208544
-0.6972510794341144 0.718221367148014
-0.21360919658650207 -0.9779427954301156
-0.9720645326882474 0.2389383692285083
-0.9844866941132101 0.18107166844662034
0.7253219192779363 -0.6898616625200815
0.48095096046018915 0.8778879049357166
0.21311300072396072 -0.9780510461741908
0.25505033918993614 -0.9679619437142654
-0.01540286983351779 1.000881487290524
0.9669867547429398 -0.25872304913114647
0.681151529942452 -0.7335077322408108
-0.16485107428289325 0.9873323266802196
-0.08983697676286231 -0.9969605396434249
-0.9865677773487715 0.1693665276762349
0.8250771464942457 0.5667880576837457
-0.6988767609706575 -0.7166395697804877
-0.1375752088043627 -0.9915009137274842
0.1752267691255847 -0.9855437988145473
0.6354869644435465 -0.7734063084965925
0.9523912976551872 0.30814252570956313
0.9172062040720041 0.4009161747944639
0.6131517356444051 0.791230654788004
0.9936439598975928 0.1211308423112428
-0.017213700155719193 -1.0008519813273835
0.8028000006402791 -0.5979240411389795
0.43891847457768257 0.8996396904730249
-0.9843888011569855 -0.18160310613178685
0.9407622195032935 0.3420050384939335
0.9809757149041854 -0.19921758649331708
0.4742402292948961 0.8815311707014813
-0.4605488526055645 0.8887607970447943
-0.3113926468957449 0.9513336005099694
0.4787320615409382 0.8790998880973444
-0.8922882304539683 0.45367688258641303
-0.964996743285076 -0.26604940415117856
0.9313449833999421 0.366875349261519
-0.28510343619274664 -0.9595400099376203
-0.9662138662466562 -0.26159465719446334
0.9959640488455519 -0.10028266753121015
-0.7232224988383735 0.6920622928421826
0.9606790132175883 -0.2812415928757353
-0.7502352265163413 -0.6626825068567708
-0.06662120293963868 0.9987805641475386
0.9201884057476757 -0.39402322003601653
0.8855937280105846 0.46660984656168036
0.811837929686178 0.585593866022229
0.7948181309533401 -0.6084941566751804
0.30084895580913523 -0.9547203285719609
-0.9285261179930433 -0.3739522004277674
0.460502895934147 -0.8887846099231603
0.3176004811292948 0.9492791656759567
-0.48982541037757305 0.8729673919158963
-0.5579798407300443 -0.8310592622303625
-0.75822245696985 0.6535286571731984
-0.1644938177990693 -0.9873919099860433
0.8402924238944164 -0.5439757736753047
-0.9472614450198701 0.3235687790545738
0.9228814321646954 -0.38767365420626754
1.0008281689663694 0.018546595467207213
0.9835095541597824 -0.1863060838416881
-0.30801335564215543 -0.9524330804555557
0.384913362503063 0.9240360941903653
0.33775442399900135 0.9422966353909489
-0.9139315587904147 -0.40832597988240094
0.8888065100226025 -0.4604606256146572
-0.6691504868230218 0.7444720451330009
0.32062390091626725 0.948262260221947
0.9926007223184352 0.12940172353149273
-0.9615672079785857 0.2781896916499013
0.9314333304117697 -0.366650993450228
-1.0001529360939332 0.04117164585834163
0.5937557729007982 -0.8058877602662643
-0.677600716515817 -0.736789161821244
-0.8841427551828657 0.46935337269231503
0.017655009810806695 -1.000844293898197
0.9626666238613254 -0.27436102365940657
0.9649422058988827 -0.26624713946819867
0.600737393640477 -0.8006969363511057
0.6427869753269834 -0.7673499230142583
0.9021676507809492 0.43369866253469525
0.5637956670949539 0.8271248066434448
-0.09148651266116675 -0.9968105226175625
0.43005124190369437 -0.9039120141568482
0.7460519421762388 -0.6673885671593888
0.9958262021279646 -0.10164238857580145
-0.6522920782459255 0.7592865365970948
0.6150331059799785 -0.7897691299035564
0.47939956929923927 0.8787360542026849
-0.13794511972408968 -0.9914495165888713
-0.7775769275966313 -0.6303769679083963
0.8648694310665096 -0.5039859791766949
0.9935220530046205 -0.12212669730032055
0.7955187673606074 0.6075778886505496
0.994389187831402 0.11485270185766176
0.7868256889265013 -0.6187942592213801
-0.9011197256477056 0.4358718160750977
0.8956525112126288 0.4469984106890223
0.20794217750178876 -0.9791634443829154
0.36900782368107926 -0.9305021365167054
-0.7305155418676136 -0.6843595861021213
-0.33905994036736464 0.9418276683332674
0.5661612514580558 -0.8255073817643596
-0.9841028517752668 -0.18314632709335799
-0.7331393772218955 -0.6815479833193634
-0.737930578010494 -0.6763574957351314
-0.7454521550211743 0.6680584439809791
-0.08098162425673053 -0.9977188865270326
0.14481779527177988 -0.9904689829432423
-0.3794596901702539 0.9262890172812668
-0.5125928504252927 -0.8597962373102557
0.8087384749298381 0.5898670012538076
0.6426138824851604 0.7674948846978386
-0.08861900185226196 -0.9970695424646712
0.8221368202933033 0.5710446994045358
-1.0008169804301252 -0.019140838088400766
1.0009274266441384 0.01205348877060301
0.7734756480559568 0.6354025667751254
0.5562527604138988 -0.8322162378444184
-0.18752094733136496 0.9832786453045482
0.9578055808716393 0.2908770689675308
0.2479082516186759 -0.9698157035124618
0.76950270431236 0.6402082380413148
0.6948183907321851 0.7205750508450431
0.8548488383256743 -0.5208017507778224
0.9882591067474529 0.15920093570933117
-0.8592725555389078 -0.5134702282485663
-0.1669152513278283 0.9869854603154841
0.2888536713499209 0.9584177359312963
-0.018471298133805547 -1.0008295614864962
-0.09326997378961986 0.9966452287495705
-0.10786043594909846 -0.9951719079419747
-0.4090068557539914 0.9136270529850973
0.989853336769915 0.14896768671582816
-0.39367462573505513 0.920337595153194
0.09558927149001976 0.9964254569088484
-0.18199190642068253 0.9843169946706017
0.6102421395603289 0.7934768623626225
0.9343934158683285 0.35904031024651945
0.5497282649697244 -0.8365403963308505
-0.9103505353627259 0.4162486069223517
0.3335888176031125 -0.9437793708119273
-0.9493534608817312 0.31737833308510405
-0.892856510860983 -0.4525574560353096
-0.1598771338811009 -0.9881499390588275
0.9311165116635789 -0.36745481587189527
-0.2073235699012839 -0.9792946121384449
-0.7100501268663792 0.7055705615578352
-0.23185611526745234 -0.9737780762643437
0.9448274315130748 -0.33060871836720507
-0.9780713388294027 -0.21301984921706174
-0.49997538577312844 -0.8671941037743577
-0.9594107545051239 -0.28553809577691885
-0.3816398499794903 0.9253929029918223
0.5645167412870247 -0.8266328379677875
0.08332030493889032 -0.997526303806015
0.6213524360632471 0.7848070783308904
0.9801206649435815 0.20338260041250228
0.9766406138443517 -0.2194860163876685
-0.22706673021000176 -0.9749059954845586
-0.8798340000634177 0.47738153748590434
0.02001312770271649 1.0007999174258333
-0.9947352222113681 0.11181608869970426
0.5961536921126349 -0.8041155236534572
-0.5433128315656206 0.8407212183929627
-0.2114413753470998 -0.9784137901682125
0.939784119154103 -0.34468363666664936
0.20585921023598727 -0.9796034838448747
0.6489784927915748 -0.7621206701658052
-0.9930449845236967 0.1259470472553085
0.4203594530040169 -0.9084596470235559
-0.10466005784037859 0.995513572128903
0.9524618484113154 0.3079243857197746
0.365682120228951 0.9318141375536535
-0.8113930552637572 -0.5862101243323468
0.6862324025689784 0.7287565366186485
0.9904405618997236 0.1450120455126394
0.3382296147099383 -0.9421261739985609
-0.5298595594649994 0.8492642976385837
0.5015355065846626 -0.866292754001132
0.7477867171153715 0.6654442318525389
0.35890964291845556 0.9344436142540365
0.6828327863410982 -0.7319428843138324
0.4702173513687006 0.8836835646722213
-0.9339638765801209 -0.3601561845136533
-0.3329737301534287 0.9439965545634749
0.11878382289317647 0.9939272626399189
-0.781042803912954 0.6260775818185722
0.9892030456405535 -0.1532264157887049
-0.19959633768338078 0.9808987215729165
0.17184112374072072 0.9861397609829584
-0.9906619010825507 0.14349215220180697
1.0006007484266481 -0.028269104125023228
-0.15636586118399423 0.9887116452516314
0.5044883606268606 -0.8645764824421391
-0.9898309328808302 -0.14911647900975097
0.3679756695488242 -0.9309107941258896
0.09733488047787438 -0.9962564534507959
-0.9980410206251485 0.07690982479184154
0.7360042384148214 -0.6784532121196116
0.7536372621322391 -0.6588109570474846
-0.9461782511646082 0.32672269131954024
-0.3873049408672681 0.9230362304805819
-0.45964542790692364 0.8892283624605443
-0.986072081320208 -0.1722290638679582
1.0009458766383577 -0.010409228629902359
0.9360219558421087 -0.35477302346925094
0.27528668379997434 -0.9624023284065832
-0.4455293554476275 0.8963841773672835
-0.9420178237764422 0.33853126840440595
0.566606981248494 0.8252015079969673
0.7556315871641969 0.6565225848969072
0.6106959021268936 -0.793127678955551
-0.48224770173159637 0.8771762389477916
0.4316022372362763 0.9031724690293882
0.7370938636553763 0.6772692493843121
-0.9472915465004895 0.323480642278191
0.9991380949672695 0.06102513568338662
1.0008709495797499 0.016073029811768964
0.4111362339930784 0.912670804341844
-0.9959630457540875 -0.1002926293016662
-0.6271413631154515 0.7801888942235037
-0.860261484909908 0.5118116622162886
0.34372955966267327 -0.9401334957409532
0.9001926034802045 0.43778336724861006
-0.9140799928271715 -0.4079935866077776
0.865785446003375 -0.5024107497742629
0.25895351109926307 0.966925063843814
-0.96670623917803 -0.25976921898922034
-0.9850723876768785 0.17785778317682227
-0.7426635301040039 0.6711571209884161
-0.4755455049728419 -0.8808277202155509
0.43865935980582166 0.8997660618487155
0.7263376223240648 0.688792173588394
0.796609639282716 -0.6061469150312166
-0.9090281406172304 -0.4191286670772841
0.8854444388300059 -0.4668930774224609
-0.9475370315023167 0.3227608618339246
-0.20405358465081308 0.979981190937435
-0.17985515475499367 0.9847096644737764
-0.8236025650497469 -0.5689286553193443
0.5624835859095251 0.8280176420719318
0.8118040786954064 -0.5856407924773535
0.9991075986324498 0.06152240530814512
-0.18145578694652584 0.9844159676598185
-0.5609897324686092 -0.8290304699254415
-0.49216445613024123 -0.8716508177716715
0.969299251498382 -0.2499199092602994
-0.7007177767192719 0.7148395605935646
0.9717833742239054 0.24007930685921483
-0.10494687168868003 -0.995483377120261
-0.872060999096105 0.4914372939200923
-0.8346378250574525 0.552612613847499
-0.3814697651527364 -0.9254630291234308
-0.524685523302647 -0.852470586962757
0.6392001259106591 -0.7703403137807325
0.7230113471124789 -0.6922828843374639
0.3233319464554888 0.9473423100449514
-0.7997070707562078 -0.6020544834004026
0.4264246140608312 0.9056285378250131
-0.8600563373810712 0.5121563204048711
0.9856730843862159 0.1744980536182672
-0.23943312164734537 -0.9719427865148275
-0.44113503517589875 -0.8985548846566684
-0.6677960737762069 0.7456872024173962
-0.6361913203020427 -0.7728270207312524
-0.6980927212239768 -0.7174033402306564
-0.5178705446960075 0.8566277481708496
-0.767414925702057 -0.642709368073709
-0.1032411229249515 -0.9956617249534075
0.9493637381574747 -0.31734758967363524
-0.5884616824478612 0.8097615996641434
0.7663984913192915 0.643921076300127
0.5612881170064107 0.8288284802704343
-0.9908625813888614 0.142099770595881
0.21977447905688863 0.9765757412281308
-0.5065416453498808 0.8633750989727672
0.7166052796834828 -0.6989119208668266
0.1385853280151468 -0.9913602306220147
-0.15473579866793458 0.9889680645049144
-0.494430302841613 0.8703675520330195
0.0036330235494916674 -1.0009934071410704
-0.8438539781121215 0.5384342704772304
-0.7308199346450279 0.6840345189575137
-0.3390153300938519 0.9418437269321045
0.9762430770080508 0.2212474962431284
0.5505044530631795 0.836029812361742
0.8816559102450313 -0.47400828677355966
-0.9765260225357894 0.21999528929145507
0.29021594101426124 -0.9580061104091178
0.39121012147236933 0.9213878883822894
0.6789033622284143 -0.735589032514049
0.7550235624126258 0.6572217435552081
0.7814577516294291 -0.625559575434888
0.5713618107586806 0.8219164685091555
-1.0009956672717653 0.0029451830424075723
-0.7326695711299352 -0.6820530034684084
0.5241894903020563 -0.8527756904701672
0.02213710209242408 -1.0007551892001108
-0.08891494652552678 0.9970431947936672
-0.05061057401228319 0.9997197456278171
-0.9612024120264697 -0.279447531952774
0.6087223002221079 -0.7946434176486369
-0.27836213981849534 -0.9615173004765273
-0.5940572022901476 -0.805665588446722
-0.9911063529963864 -0.14038944778793822
-0.9601567229628267 0.28301955294517306
0.963132562724399 -0.27272085842474847
-0.13825803387721197 0.9914059290060796
-0.7346464360955897 -0.6799232412059826
0.34961496315633445 -0.937960754795847
-0.9279642837992442 -0.3753442260018872
0.9891033997169387 0.15386833549627332
-0.6910006196737595 -0.7242369388608126
0.3910822963513558 0.9214421509137458
0.6983445798343152 0.7171581748931221
-0.7963151594527982 0.6065337309875393
-0.807918721649868 -0.5909892885726806
0.5333042888303253 -0.8471053863098622
0.9542168743850094 -0.3024419888820057
-0.2107530866778761 -0.9785622803152325
0.7064409008123165 -0.7091842170123942
-0.9896351849377506 0.1504101084808604
-0.07191999991866256 0.9984129975174099
0.6190728137073519 0.7866065416257751
-0.3528801736508224 0.9367372006300195
0.5409137057403762 -0.8422668003324206
0.1280819018410979 -0.9927718904263796
-0.9857271639020014 0.17419230277402262
-0.7202607799011916 0.6951441641387255
0.2599317538421916 0.9666625488475915
-0.16635082408914306 0.987080748127965
-0.9648412663089359 0.2666126981735287
-0.9945747919776088 0.11323419608358669
-0.7613806688391525 -0.649846502735873
-0.05728565957608322 0.9993594714650644
-0.6841287298736045 0.7307317435020382
-0.9745653279054891 0.2285244443040314
0.5089031795383016 -0.861985239929204
0.9677633075032099 0.2558030114178632
0.995467122414134 -0.10510094287171519
0.981193381986029 -0.19814274437086687
0.4828808545743248 -0.8768278509978854
-0.9503909875750223 0.3142578093479519
-0.791282281908829 0.61308510855929
-0.6583141811839299 -0.754071242557447
0.9328326801532291 0.3630760124796784
-0.9776209856028791 -0.21507721522480058
-0.8646680010319503 -0.5043314862185496
0.1486977356911414 -0.9898939253275209
-0.948437595053783 -0.32010487076674804
0.6074380809131965 -0.7956255261468758
-0.5368298137803801 -0.8448755831698075
-0.5707613157067243 0.8223335822479397
0.4436220381536355 -0.8973296424750574
-0.7297525980185398 -0.6851730771748051
0.9963718580126216 0.09614634969917572
0.027133666570123362 -1.000632182242037
-0.8793811967172896 -0.47821513031277824
0.12925553424774175 0.9926197695322871
-0.37763736873567794 -0.9270334501701617
-0.7121611921908436 -0.7034397176285374
0.7310143410192945 -0.6838267567331118
-0.7459870390147118 0.6674611131909206
-0.19916404061979037 0.9809865875352214
-0.16305048068464795 -0.9876312777289433
-0.19675441637374652 0.9814727197622084
-0.933581823248992 0.3611453714213819
-0.6195652190137029 0.786218760516755
-0.9902100345669484 0.14657792276779844
-0.7398059305986491 -0.6743057059309723
0.9699761003897004 -0.2472799318035935
0.5564493821973296 0.8320847823702885
-0.6566768718650698 0.7554975089022508
-0.7704473318812043 -0.6390711296852123
-0.776350783953497 -0.6318864298707407
-0.6220388935458543 0.784263103120534
0.8854267222335765 0.46692667470889354
0.9404548563397103 -0.34284933015401214
0.4742858554778048 -0.8815066235109564
-0.907645714457528 0.4221140332029765
0.225268723536449 0.9753230245391825
-0.6318520610232565 -0.7763787561368889
0.8761136770077886 0.4841754072233452
0.2921482245456349 -0.9574186205076822
0.12914203457341072 0.9926345424708128
-0.8447763622103913 -0.5369859382242498
0.9893146452414114 0.15250420555138877
0.30706321829262156 -0.9527398280599892
0.9359872137342032 0.3548646724120098
0.9838852822284994 -0.1843115607175693
-0.983272457321097 -0.1875533915282026
0.9870329466539257 0.1666342168333637
0.6356448409140738 -0.7732765586899177
0.8242894436949881 -0.5679330180690388
-0.020443579655253407 -1.0007912170132587
0.3138699810126763 -0.9505191397436994
0.2780248315481972 -0.9616148881140498
-0.9441620393871616 -0.3325042005453103
0.8812095075078665 0.47483766055120713
-0.30515097390832197 -0.953354017730456
0.94684692497002 -0.3247797725764605
-0.44372194851089425 -0.8972802418473814
-0.8174913873930358 0.5776753686441973
0.8664931649730678 -0.5011891809037342
-0.4794639098697166 0.8787009497732686
-0.909979721437088 0.4170586368525169
0.8889058245830126 -0.4602688725325607
-0.9651523455482923 -0.2654843684336793
0.502911515792858 0.8654946604589366
-0.8503647496662933 0.5280916516334853
0.9825735122467966 0.19118130931394484
-0.8326158209857962 0.5556544741511118
-0.9963854914213471 -0.09600496073141504
-0.5962613162104242 0.8040357223351537
0.6347422116528135 0.7740176514434892
0.8029488417863115 -0.5977241483109251
0.7019179390652307 -0.713661128840866
0.8418049701338465 0.5416321558566789
-0.679684579727192 -0.7348672479305839
-0.5228074363178979 0.8536236785204045
-0.9447484141834825 0.3308344508931845
0.9872825626948787 0.16514884619225476
0.8895821811269277 0.4589602847975608
-1.000775738669403 0.02118775331909189
0.143673974780786 -0.9906355480047595
-0.05414018464078244 0.999534812003595
-0.4499359534705889 -0.8941804279755357
-0.9246578213864904 -0.3834174139874051
-0.028212962218989036 -1.0006023329789062
0.8712448594723559 -0.4928827394451899
0.027631725108586674 -1.0006185525801146
-0.04269985699102338 1.000088857158676
-0.921009146011122 -0.392100947415157
-0.16909877039523272 0.9866137064985568
0.9378455122318945 -0.34992398486885046
0.5454929679675339 -0.8393082996718018
-0.24702116637938676 -0.9700420317494327
-0.6209776255607428 -0.7851036801295368
-0.001310289107057857 1.000999142428432
0.7504537052038845 -0.6624350808537853
-0.9042057554519813 -0.4294332914522483
-0.6102922941069874 0.7934382873000461
0.37299281386646793 -0.9289119230605097
0.7612849676047696 -0.6499586126046835
0.3436858676394849 0.9401494691722665
-0.6891063194793052 0.7260395860100781
1.0004036996043262 -0.03454616936763117
0.8299175948174469 -0.5596765010364684
-0.8281050446231442 -0.562354901347628
0.1507864795609857 0.9895779087982938
0.28169106510489117 0.960547314732633
0.5921765893389773 0.8070488752478726
-0.7446999164787739 0.6688968787462737
0.21022837964666904 0.9786751393547994
-0.03946060403521185 1.0002219057435087
0.6044289839673697 0.7979139072231872
0.7684367995636502 0.6414872446716104
-0.9989648117792764 0.06379894064006787
-0.702571200756823 0.7130180277293947
0.7959957781392 -0.6069528162753424
0.594513060327697 -0.8053292625378742
0.998830047010849 0.06587516366814813
0.5639823996356831 -0.8269974926813121
-0.17020817679508538 0.9864229197216035
0.9996059160237998 0.05281110347474345
