1000
-0.9905479107775826 -0.14427694359864418
0.9589047370762296 -0.2872328414592716
0.516066615466594 -0.8577157153747705
-0.04063920665966585 1.0001747121788638
0.5454839725780584 0.8393141459909156
0.4946657973202592 -0.8702337323739595
-0.9834306709284477 0.1867220272951837
-1.0009996519194702 0.0008347796711806247
-0.8867880362882922 0.4643360622393599
-0.9504689105235767 0.3140220535696897
-0.24923266383681428 0.969476188091696
0.9289791914165025 -0.3728252431302651
-0.33841492900809683 -0.9420596243468058
0.995017177368617 -0.10927861978168572
0.034962163501336616 -1.000389247804726
0.8171608455969432 0.5781428477662666
0.10394520053013973 -0.9955884668309236
0.7167359333453075 -0.6987779345769519
0.26646194845514004 0.9648829100079918
-0.915855074564691 -0.403993171222119
0.9776400016472385 0.21499076068330808
-0.06416948488601193 0.9989410779467746
-0.9753062975457081 -0.22534113243631929
0.90219653578193 0.4336385716504986
0.9254137181398824 0.3815893739067144
0.09103505467729935 -0.9968518539983267
-0.6323627742798478 0.7759628352602297
0.8818928617035494 -0.4735672924477831
0.993057634184717 0.12584726928881929
0.9621871701337374 0.2760377684847316
-0.8285562863054008 0.5616898436181685
0.6089949385960816 0.794434493689917
-0.6562399574822391 0.7558770523065963
-0.44899496298974534 -0.8946532977694975
0.6368185853753235 -0.7723102286779397
-1.00088469164801 0.015193222984868238
-0.31029557486422865 0.9516919965092057
0.9065417713607977 -0.4244797012555808
-0.697197449172563 0.7182734276494372
1.0003229601541725 -0.036809990334058046
0.9772769059546754 -0.21663529049454658
0.499926035050373 0.8672225547567437
0.8674720584739047 0.4994929706883235
0.4938118719460505 -0.8707185740095001
0.5190944637450535 -0.8558866383518529
-0.011665204846381854 1.000932027160632
-0.7514732618161655 0.6612782597177779
0.4324604495423091 0.9027618509782432
-0.8037994427877037 0.5965797983289219
-0.8205461606633003 -0.5733280022994843
-0.7652462052315367 0.6452900474815436
-0.7418962499944676 -0.6720051742688791
0.9439054215794302 0.3332319839285508
-0.39995071098298735 -0.9176276089919063
0.9689832291397642 0.2511423931674526
0.8138246533699696 -0.5828296780082916
-0.9500357194251691 -0.31533019490099806
0.02654180001115772 -1.0006480564375109
-0.7259724365622042 -0.689177060958892
-0.42326590402621256 0.9071091304186465
0.1776141312017289 -0.985116348660124
0.6411730150372666 0.7686990079270437
0.18024078927249348 -0.9846391511017774
-0.9622046877031408 0.2759767000348059
0.997605575485348 0.08236574385354398
0.12246909611453857 -0.9934799044252923
0.5951428715948269 -0.8048639402966586
0.36984891235920686 -0.9301681471791602
-0.2177836072691127 0.9770216478691006
-0.535668422052102 0.8456124062572705
0.8512593207055629 -0.5266484300858625
0.29363721099135903 -0.9569630025874647
-0.9784238543118774 0.2113947996368173
0.0233086390647503 -1.000728588252054
-0.7609526440836863 0.6503476558442005
0.1690372272088929 -0.9866242525995036
-0.9969404455291175 -0.0900596916950353
-0.9511529763564777 -0.3119439301672881
0.7873182550778975 -0.6181674249109982
0.7296397492684287 0.6852932483889684
0.8914228179559899 -0.4553749659647553
0.5151631929775305 0.8582586350286233
0.845184830366092 -0.5363428031763271
0.25836617058782646 0.9670821691540912
-0.4368622178546801 -0.9006399961200313
0.1161966765055489 -0.9942330372548807
1.0008059186695062 -0.01971073707616331
-0.2433540885765013 -0.9709684791861682
0.7529077162505691 -0.6596445791563459
0.9981933802485515 0.07490644583726187
-0.9607158016843862 -0.28111589850794116
-0.9218809254595969 -0.3900468680476198
0.8341436862462719 -0.5533582119165497
-0.01254348708079734 -1.0009214059714449
0.9649306603890726 -0.26628897957126973
0.8498481183118585 -0.5289226557841831
0.6583826442322345 -0.7540114679325315
-0.8198976538863618 -0.5742550279724503
-1.000332422021056 -0.036551955535753425
0.930311765301365 -0.36948750904713684
0.9365813597141225 -0.3532935841988155
0.3717303982603594 -0.9294178344583208
0.44881857146955734 0.8947418006911412
-0.5493735531493299 -0.8367733857503358
0.9813605727481552 -0.19731301593005166
-0.9091535032510196 0.4188566670430331
0.5892490172166838 -0.8091888504602447
-0.8755285119788998 -0.48523275313195174
-0.1095043483844834 -0.9949923606163465
-0.06858136911242531 -0.9986478837962184
-0.6722619675567366 0.7416635672437638
0.1012242124163112 -0.9958687959870505
0.8570803067464977 0.5171212118907224
-0.4244732869991189 -0.9065447747486958
-0.6890083888282027 0.7261325224257374
-0.6333172290478031 0.7751840345306477
-0.1961931873518384 -0.98158506164098
0.6794032487377694 0.7351273533236026
0.4481272370679595 0.895088252295737
-0.41629923897981025 -0.9103273826623204
0.21448822705600035 -0.97775037737368
0.5035526552218917 0.8651217968696562
-0.7998046423611845 0.6019248574843024
0.7906070682822455 0.6139555876300441
-0.9788603549477434 -0.2093642890074091
-0.4253880275305312 0.9061159009937327
-0.7216831937544563 -0.6936673322655232
-0.5074823258951584 -0.862822512979373
-0.35297498347759976 0.9367014791485002
-0.5161711395936693 0.8576528170830973
-0.11682809226099089 0.9941590400225999
0.6074107300974751 0.7956464069939939
-0.9565301142368431 -0.2950443027039363
0.025680873977362545 -1.0006705215563008
-0.539660118141618 0.8430705527340966
0.37599560590380415 0.9277005466965249
0.9225554745755884 -0.3884487048898617
-0.6830896455876989 -0.7317031748536231
-0.8932802209793693 -0.45172054060785094
0.9291349394895841 0.3724369264985506
0.9842413107856239 0.1824007734166629
0.95431774371822 -0.3021235575465207
0.2306683517971986 -0.9740601169738774
-0.2479961934930287 -0.9697932192034383
-0.9071933604697923 0.4230853421232239
0.10567298205506605 -0.9954065605889835
-0.9955855308683393 0.10397331737328985
-0.6963791530341912 -0.7190668085924856
1.0009126030431938 0.013227285031245841
-1.000870734198116 0.016086436079014024
-0.8756264566160438 0.48505598488631363
0.8176731591411253 -0.5774180503068571
-0.6756400675046533 0.7385875027255115
-1.0007547220661575 -0.02215820981685664
-0.9812395094324362 -0.19791418627473883
-0.914738742094321 0.4065144938519403
-0.7411953698422492 0.6727781385601136
-0.8063467715474094 -0.5931322651947624
-0.5948997113394819 0.8050436841862689
0.8339309349100511 -0.5536787839533389
1.00086220597419 0.016608571656769943
0.5666795207981964 0.8251516955735634
0.8675484370580913 -0.49936030014215493
0.20402248708623 0.9799876656178633
-0.3172982706345771 0.9493802228044919
-0.3431582203601577 0.9403421908003754
-0.32680358428715234 0.9461503143248805
-0.41611307349063603 0.9104124944607123
0.3037717624838762 0.9537943784262096
-0.8783848607774722 -0.480042744301943
-0.9954050328381319 -0.10568737200118937
-0.4858093195630366 -0.8752087208350356
0.310373047804891 -0.951666733261336
0.4366059247226609 0.9007642679952786
-0.9141043002965774 0.40793912312905783
-0.3924676623446252 -0.920852938320634
0.8757514058625406 -0.48483035706294586
-0.9991488353507939 -0.06084903300096268
0.9147617585357785 0.4064626983137937
-0.9822611992415367 -0.19277950218988052
0.23863527095782108 0.9721389856676294
-0.9314012356134477 0.3667325160082522
-0.6315727689560796 0.7766059731376976
0.3110207975727212 0.9514552346154959
0.94590881991671 -0.3275019151146707
0.09006492732651701 -0.9969399725488337
-0.977946400914041 -0.21359268933948505
-0.6608924592184906 -0.7518125812648627
0.16994873956628087 0.9864676507214174
-0.2470687509072511 0.9700299131084209
0.5959304996409804 0.8042809456885395
-0.11350080511959774 -0.9945444018429761
0.6583948060694437 -0.75400084836874
0.34925021124621136 0.9380966314535388
0.2529849894256358 -0.9685037920035786
1.0009983517686245 0.001816523189219728
0.6368208625552534 0.7723083509935544
-0.855236829540845 -0.5201643638283228
-0.9876808913029007 0.1627496757450156
0.03690486612515488 1.000319464399391
0.8701911362861456 -0.4947407263699105
-0.5760536279633576 -0.8186349722008299
-0.3307668834015042 0.9447720724306238
0.8769726086846353 -0.4826179064403491
-0.9081640463535219 -0.42099770178802426
-0.9973267088119583 0.08567634381967541
0.6446510541498846 0.7657845770080792
-0.7201864428249716 -0.6952211788856218
0.97856574786584 -0.21073698560947754
-0.9044950672370906 -0.428823592335789
0.9878561251630146 -0.16168263969243687
-0.4735576855363112 -0.8818980204476549
0.8682119393519577 0.4982058092462517
0.9232127787608688 -0.38688391686995105
0.7754097826482242 -0.6330408114596039
0.7003983142886757 0.7151525720722687
-0.7512326489816857 0.6615515906593826
0.20276779266329964 -0.9802480411908269
-0.6338210998466777 -0.7747721041629906
-0.04355767017342046 1.0000518633396287
0.9938116303024623 -0.1197474153189197
0.2312847009911721 0.9739139526094819
-1.000195620077115 0.04012133570253809
-0.8295176065210201 -0.5602691678752616
-0.34301511657002753 -0.9403944011979497
-0.7702431093613703 0.6393172549535389
0.6728535625482063 -0.7411269009867253
-0.19645925868458652 0.9815318434350985
-0.7280187657099033 -0.6870150484336052
-0.9501511379036125 0.31498224575437606
0.29230144937342545 0.9573718518392917
-0.6945551576431077 -0.7208287820220262
-0.7098490111982823 -0.7057728964056503
0.3873896950622118 0.9230006631414771
0.7629021086430692 0.6480596983519022
-0.962512800725262 -0.2749001790468898
0.013452311565661365 -1.0009096039670817
0.7334300588078366 0.6812351641225909
0.44420616387496575 -0.8970406255992461
-0.41260445353635505 -0.9120079851196292
-0.9516176223146142 0.3105235915357807
-0.807723197058967 0.5912564899710119
0.5558498224332308 0.832485420233259
0.9847461754133175 -0.17965514189369505
-0.03476586918548627 1.0003960887267491
0.9129443936789643 0.41052835961739387
-0.6154177980836464 0.7894694001681611
0.07674588350056237 -0.9980536405252566
-0.6173364287113449 -0.7879700081766581
0.9953667262548901 0.10604753775841619
0.5996932016957834 -0.8014792971997844
-0.5912105501400843 -0.807756823185703
-0.9202142054603941 -0.3939629628136326
0.9762733787531706 0.22111374886666002
0.4341655425818839 0.901943058975775
0.7008190511972067 -0.714740272741817
0.48878228702305887 0.8735518736128428
-0.9559044523720921 -0.2970651072327593
0.4389276477321394 0.8996352149934611
0.972212344654609 0.23833622658166678
1.0009915062194432 -0.004123648448918669
-0.6457666434690391 -0.7648440639651529
-0.5201848948955938 -0.8552243419842889
-0.8799328987478886 0.47719921804330107
0.5909149530675254 0.8079730925230149
0.7811320693759559 -0.6259662053117858
-0.4402811778467516 0.8989735727116105
0.6699677707491942 -0.7437366376328082
0.9928168025393516 0.12773330260953134
0.3318881452365862 -0.9443787688482936
0.8559061894402789 -0.5190622264024048
0.206086962673476 -0.9795555950613631
-0.6631816732385222 0.7497940172344362
0.605746707631945 -0.7969140017549314
-0.9095190913604936 -0.4180622231806915
0.6907434124827851 -0.7244822552082535
0.27491937969924507 0.9625073166816875
-0.8792843319078186 0.4783932103002937
-0.9425217088532557 -0.33712583457863143
0.9560415879326309 -0.29662346863195677
-0.9063217366463309 0.42494930248487167
-0.6232405352742275 -0.7833085185232536
0.2950999224712288 -0.9565129563981215
-0.939061769942341 0.34664678309881636
0.5194168150359608 0.855691049537097
0.6139096217738808 -0.7906427614880507
-0.9878678196888693 -0.1616111717151994
-0.9907464397836032 -0.1429072848252147
-0.9857983785885399 0.17378882809952373
-0.09244277893379928 -0.9967222946352694
0.21175555776475954 -0.9783458405675038
-0.061685220475462564 0.9990975595880983
0.07095096469128061 0.9984823286415121
0.906160100583626 -0.42529386559210186
0.3818136349390377 0.9253212135116321
-0.10835207573678396 -0.9951184993173076
0.43081596033664604 0.903547789726262
-0.45249228291780863 0.892889541824648
-0.8366937812812746 0.5494947828371464
-0.5459588592046237 0.8390053182525042
-0.8488426064093606 0.5305348523369254
-0.3380623896946135 0.942186192147798
-0.09749017362966289 0.9962412689934393
0.4196132194959913 -0.908804569764154
-0.7241969447957054 0.691042534977816
-0.9626016088824695 0.2745890430750675
0.4022596608723846 -0.9166177857945121
-0.25931660303424553 -0.9668277506313002
-0.9277949024596507 -0.37576271631162034
0.487394533282993 -0.874326923367829
-0.5946854478652898 0.8052019734807284
0.8982950353158508 -0.44166393278928084
0.9935279195317939 0.12207896260546039
-0.7413472112420608 0.6726108179204517
0.6415667160945505 0.7683704502384605
0.7039773985395275 -0.7116296946766058
0.22928112285641683 0.9743875854616071
-0.464568542130448 0.8866662673536138
-0.0027366857343441566 -1.0009962590095887
-0.631504750656446 0.7766612838930108
-0.4694910839925023 0.8840696364266477
-0.24955170936983004 0.9693941119846953
0.9991420896337941 -0.060959697523980075
-0.8821863632885037 -0.47302031714061077
0.0034016558685296813 -1.0009942201318407
-0.5872324743195847 -0.8106534531502955
0.015287089558092567 -1.0008832623702142
0.48617564111826717 -0.8750052834030443
-0.8588962965713627 -0.5140993597895235
-0.7006460797204622 0.7149098341555722
0.2995446608097169 0.9551303555957122
-0.6956781418822477 0.719745040210256
-0.8140400541739741 0.5825287891601867
-0.8382356582684527 0.5471398187001688
-0.8061357811555194 -0.5934189939164237
-0.9886561077460688 0.15671662520739008
-0.15900247320432068 0.9882910570853656
0.17340147281629106 -0.9858665879444038
0.9576291799793948 0.2914572930156181
0.42721176348902967 0.9052574822317645
-0.9241931212179058 -0.3845361812541253
0.9483261220178607 0.3204349642260744
-0.5689578595490725 -0.8235823905702075
-0.9568189275951741 -0.29410634096466026
-0.9851220510935874 0.17758250040238555
0.8394037622242789 -0.545346058905468
0.8484976567156312 0.5310863644908265
-0.9958056997138558 0.10184305777714076
-0.1320317673418929 0.992254308336616
0.11274512247524263 -0.9946303521198429
-0.864994764774108 0.5037708376964526
-0.7597034994947177 0.6518064074980235
0.4767943362465096 -0.8801523509729723
-0.99661417028643 -0.09360125845463203
-0.629330240695355 -0.7784243368152916
-0.24537841810936017 -0.9704588769886894
-0.7757061443379786 -0.6326776253640609
-0.3759052964734025 0.9277371438523109
-0.7742388626187492 0.6344723663098542
0.03833521059218323 1.0002656705240127
-0.5934162799756363 -0.8061377789558539
-0.6608644825445501 0.7518371736693551
0.7357368128057916 -0.6787432079088347
0.2119521270037829 0.9783032739690551
-0.9090042471907378 -0.41918048450422885
1.0009129016394178 0.013204670831235242
-0.9812037675527486 -0.19809130859351629
-0.022758888518105955 1.0007412417770243
-0.5711458442748777 -0.8220665572613552
-0.8159129862183369 0.5799025770940115
0.18479075026576627 0.9837953946915056
1.0000984530016428 0.04247451357839122
-0.9341483940925159 0.359677324576312
0.8569978647937396 -0.5172578271413311
-0.23657757979072902 -0.9726417885019959
-0.946206107456737 -0.3266420092571835
-0.6151774813440916 -0.7896566763139155
-0.9997225615646508 0.050554919628191926
0.7113353829862593 -0.7042747850887406
0.8721725319262379 -0.4912393251291834
-0.6059642363059075 0.796748607980082
0.226409794765988 -0.9750587699385218
0.9799509940872851 0.2041985533429208
-0.6575897348328865 0.754703081113635
0.25182637129849733 0.9688056970923692
0.6291751741868246 -0.7785496774047106
0.8280314681103 0.5624632324153296
0.2342894509710255 0.973195485585345
0.9290882925408663 0.37255327761744034
0.7748896360370241 -0.6336774037019217
0.5056876112970614 -0.8638755927682366
-0.7134933717578374 -0.7020884619886816
-0.986534443859302 0.16956058232743193
0.647301313754439 -0.7635456824655467
0.6323842693804314 -0.7759453175579951
0.8429607012192591 -0.539831692474548
-0.5878298471885461 -0.8102203840649101
-0.7327189252834801 -0.6819999827942973
-0.9958594900844463 -0.10131572439037552
0.9742799247994882 -0.22973817299853247
0.9914443845134613 0.13798200033600008
0.9615692720767134 0.2781825569618979
-0.9905931935441444 0.14396570738899256
-0.5337731376954247 0.8468100362388139
-0.7297818262128183 0.6851419459714051
-0.9149816148179699 0.4059675412457259
0.46935810813809575 -0.8841402413220584
0.9944189052925314 -0.11459511681046237
-0.7847961832170931 -0.6213661970270695
-0.941276049482026 0.3405883125879549
0.6725597907862458 0.7413935040297841
-0.5675140386795808 -0.8245779622944038
-0.843279972872462 -0.5393328168693424
-0.9877609095250037 0.16226332183934036
-0.5295793323884245 -0.8494390682721337
-0.9896376317324015 -0.1503940087207054
0.26277331065338305 0.9658939834206758
0.24969169723436208 -0.9693580640466265
-0.9410710498073787 -0.34115433342468054
1.0009345935613447 -0.011442876045193551
-0.4417322500888504 -0.898261442583083
-0.400966960095782 -0.9171840038463097
-0.795803768175956 -0.6072045475430411
-0.7884272867027684 0.6167523113718428
0.4009276349806857 -0.9172011946725724
0.8615389649793711 -0.5096583285126164
-0.08524154256095955 0.9973639653716331
-0.6315863283603054 -0.7765949457911432
0.29633944659302625 -0.9561296629604894
0.9634487591527977 -0.2716017092857375
-0.7290566620545729 -0.6859135393865937
-0.9871628327926627 0.16586302044990442
-0.973890020781785 0.23138545205274771
0.08277776289425506 -0.9975714721112581
0.9855004780694239 0.1754702474066104
-0.796426141017314 0.606387996174289
0.16720292226342534 0.9869367673699116
-0.2525970479483447 -0.9686050440544802
0.7911258392207062 0.613286969140331
-0.3164529812878181 -0.9496623140011673
-0.9745420312877626 0.22862377228433955
0.9852215708998451 0.17702953491901152
-0.8429792835333141 0.5398026746262568
-0.7005719736286239 0.7149824541666003
0.9102960758163219 -0.41636769129389134
-0.6722503113710996 -0.7416741325282011
0.6525462513856681 0.7590681061686839
-0.7949960527925899 -0.6082616838534232
-0.772830026461914 -0.6361876690088211
-0.352000537472029 0.937068098709695
0.8665099740022159 0.501160119078403
0.883585855604455 -0.47040093088315965
0.35513398169396704 0.9358850650834156
-0.5703113892786129 0.822645682696444
0.9146310314042404 -0.4067567779305165
-0.996430913793611 -0.09553237166756157
-0.9996560078238614 -0.051854276792372374
0.9129733435845895 -0.4104639739416544
0.006801468769845784 1.0009768928514649
0.8956033404433986 -0.4470969207975222
0.5112881511611268 0.8605727316631854
-0.059703143619784474 0.9992179615288725
0.15562168265941811 -0.9888290508911292
-0.21956015288082986 -0.9766239497713266
-0.3379956289851377 0.9422101436446867
0.16872793201028566 -0.9866771938985579
0.5411831513659778 0.8420936982768539
0.756730420986436 0.6552557286691139
-0.3120701433121763 0.9511115737142082
0.37383527640023173 0.928573199117206
0.602598935320496 0.7992968929944647
-0.0008957751072974539 1.000999599194204
-0.8402255690624292 -0.5440790320290951
0.6902354904069656 0.7249661838890527
-0.9407663905426801 -0.3419935648887235
-0.39903491249165396 0.9180262189135875
-0.6707793987262531 0.74300470943625
0.4553362233098366 0.8914426082154334
-0.2507675083345223 -0.9690803149190965
-0.22708747063533974 -0.9749011645702572
0.16276719871095705 -0.9876780037156785
-0.9345995186563414 -0.3585034724062445
-0.9980562580130244 0.07671183638161166
0.7266545829275993 0.6884577816470061
0.83482871750912 -0.5523241914148591
-0.9826569126367669 -0.19075217442319597
-0.943786159681425 0.3335696101172704
0.8537448159472454 -0.5226095954373631
0.03284877276349043 -1.0004608728620688
-0.243476764181188 0.9709377247299943
-0.9623695829631639 0.27540113614018763
1.0000131209795557 -0.044438247813435076
0.5477164993091463 -0.8378589597208673
1.0009398310673558 -0.010975180310735673
-0.7500762395917213 0.6628624554158598
-0.44312267308183406 0.8975763458340522
0.35063210415974855 -0.9375809978516562
-0.7699248053378596 -0.6397005503557576
0.5708450079958931 -0.8222754871976719
0.13037244878581183 -0.9924736896248639
-0.4431132355348397 -0.8975810049760665
-1.000818692808174 0.019051092507726214
-0.6383197222385681 0.7710699917655187
-0.22349957593312508 0.9757299521679722
-0.9961192700023009 0.09872892144697569
-0.9880460189710848 0.16051811235929317
0.1516308058467524 -0.989448886359606
-0.31437059791889316 0.9503536853004346
-0.02019895447432741 -1.0007961841644601
-0.7150376216924514 -0.7005156668943262
0.9527324951979912 0.3070859693861146
-0.5265460297059068 -0.8513226642119581
0.4180600663944222 -0.9095200827284087
-0.7480773543569759 -0.6651174872894771
0.9546813898663503 -0.30097249682131033
-0.9275334256378805 -0.3764076836681981
0.9917513127836661 -0.13575836472157013
0.3430073840327852 0.9403972216563516
-0.5584859782308328 -0.8307192137657282
0.3261337006077881 0.9463814290907603
-0.9765614608118707 -0.21983792497425267
0.4254311691236478 -0.9060956463520207
0.7836909788808822 -0.6227595439820449
-0.32767613201454626 -0.9458484828491219
-0.6202873683978524 -0.7856491459971601
-0.9990729938824128 -0.06208182419059755
0.971115671748293 0.24276604392884435
-0.7910527968958878 0.6133811804442595
-0.7962048099279191 -0.606678581002862
0.2829175948951272 -0.9601867706330663
0.4772402655541643 0.8799106369022883
-0.3112787629389868 -0.9513708697154722
-0.7069563152987689 0.7086704228759568
-0.4975526297675406 -0.8685864266792366
0.23058556862431512 -0.9740797172419726
0.2465350486555169 0.9701656919229942
-0.36242490114186243 0.933085843335066
-0.9995639058830587 0.05360035499699588
0.3380542939349372 -0.9421890969185278
-0.6193668909517435 0.7863750087539476
-0.9934317222621357 -0.12285932281795674
-0.9403697506034833 -0.34308268995964036
-0.987975809716063 -0.1609496797632408
-0.3423995387619164 0.9406187090716551
0.214018418733758 0.9778533205152508
0.8991609943963544 0.43989829069474584
0.7617478486420746 0.6494160569998028
0.5383899810880355 -0.8438822360163916
-0.9874014831253408 -0.1644363436770512
0.6682794695369408 0.7452540174970042
-0.6152039394571664 0.7896360635611719
0.8439943697748759 0.5382141802185354
0.22883331640313168 -0.9744928492831254
-0.20356955771661406 0.9800818512609353
0.21083298038525353 0.978545070184236
0.8842970976755583 0.4690625150687104
-0.08739697561524411 -0.9971774007935139
-0.26023920746876256 -0.9665798233441614
0.9425225792387496 0.3371234011829124
-0.07078231189758684 0.9984942985928527
0.8119647941248231 0.5854179473690857
0.6392943022876649 0.7702621599575872
-0.8266289137324346 0.5645224875782499
0.8717606893512371 -0.491969816657339
0.35485827323346186 0.9359896398560007
-0.9990102464313134 0.06308349645704919
-0.9989388282958453 -0.06420449612701372
-0.9932016999622386 -0.1247051851051885
-1.0009402191178904 0.010939732731180846
-0.05390492959368958 0.9995475269168042
-0.909595094174449 0.41789683494108354
-0.8529025393479445 -0.5239830706939184
0.34727659529753224 -0.9388290400059821
-0.245219633224628 -0.970499011581763
-0.8665413455415409 0.5011058735108338
1.0009327987720136 0.011598807801830098
0.587448992228759 0.810496564785697
0.8291654929893028 -0.5607901436685621
0.11421075587676689 -0.9944631231182268
-0.8190550700286411 0.5754561601550355
0.9993436463137838 -0.05756106819953005
-0.7503722828657211 -0.6625273104611509
0.35388478498345993 0.936358136055436
-0.6514542812511119 0.7600054732958159
-0.7799086128854148 0.6274898848165986
-0.09389479552892462 0.996586557892781
-0.7887080795895824 -0.6163931904151059
-0.9644938651488424 0.2678667282255239
0.9475889492214548 -0.3226084055218946
1.0007795055772026 -0.02100907462621065
0.7583989411500917 -0.6533238447067579
-0.8743470222243622 -0.48735847661386855
0.09034241524038046 -0.9969148649752066
-0.8133563931737421 -0.5834829712025889
-0.6033904540349078 0.7986995429944529
-0.8284984304801835 0.5617751780667001
0.590268041961717 -0.8084458167611981
0.8915969208262859 0.4550339885910563
0.7870052633441554 -0.6185658537848632
-0.8575062641007936 0.5164145689539558
-0.9812499786197045 0.19786227396557782
0.4145605449428529 0.9111204939944468
0.9717328959247988 -0.24028353871541835
0.988612227653003 0.1569931951868192
0.33578998089195244 -0.9429984563786847
-0.7310652910768977 0.6837722867904569
0.576686419926743 0.818189325933843
-0.08487839416903596 0.9973949359222183
-0.9054839644799703 0.42673151989235103
0.5261933711708495 -0.851540683781965
0.7837602782676707 0.622672326516751
0.7778865505905375 -0.6299948526856035
0.9286571179788293 0.37362676192592864
0.454445205687016 0.8918971661733688
0.001755738466985666 -1.0009984602298025
0.9333055941096463 0.3618586298592866
0.17195514930371508 -0.9861198845109742
1.0007609822221153 0.021873647657101432
0.6409868856017202 0.7688542205688976
-0.8158697756022355 -0.5799633688938965
-0.7439410636941987 -0.6697407660800887
0.9983992494335097 -0.07211060068120735
0.863046567418532 -0.5071011954897063
0.9841844286581121 -0.1827074448042706
0.5166085427916113 0.857389417659635
0.536305736010202 0.845208351545674
0.5747081484337859 0.8195801023230185
-0.9989939963710138 0.06334031271371163
0.6332169434227132 -0.7752659560192208
-0.9972053156591274 -0.08707788709643904
-0.28720696705781357 -0.9589124871819388
0.11373886640293392 0.9945172046120547
0.9577264971705552 0.29113735008998487
-0.870829980873789 -0.4936153810522481
-0.8126405928242841 0.5844794837239338
-0.8676773904659733 0.49913619992358704
-0.15764043180412093 0.988509228212165
0.6908381689256791 0.7243918997030647
-0.39986878555616573 -0.9176633120801099
-0.805364831700767 -0.594464875210971
-0.4063686305521511 -0.9148035505523409
0.6502326919608464 0.7610508828622111
-0.9565066234978249 0.29512044863884
0.4106452467406172 0.9128918234540923
-0.9409237817826029 -0.34156029756973316
-0.03975157554551087 1.000210383990113
0.9811437454931946 0.1983883834290339
-0.28383858188553157 -0.9599149230182904
1.0001081993914303 0.04224440211473351
0.9871238487674023 0.16609487407692813
0.9967299849941839 -0.09235982358955654
-0.8802940931871135 0.47653259017603145
0.5785746438261721 0.8168551778139244
-0.657041603599641 -0.7551803302120708
0.4503512120443155 0.8939713562582505
-0.6652528262609552 0.7479570022078885
-0.9723970186506694 -0.2375816451649615
-0.5822863113886045 -0.8142135171866487
-0.791268685745118 0.613102656134512
-0.9530575090291251 0.3060757822553083
0.4231868178810151 -0.9071460285818048
-0.601321164166128 -0.800258619151267
-0.5084244189550512 0.8622677137700441
-0.6596651662849722 0.7528896787645717
-0.5570400798932301 0.8316894549004116
-0.7884073597892242 -0.6167777841574589
-0.23670823184386672 -0.9726100004510287
0.9032243160205298 -0.43149372527215984
-0.8197223989458017 -0.5745051685290046
0.44460810948801655 0.8968414737162259
-0.15294456924388583 -0.9892466622328338
-0.7763275849932098 -0.631914931599666
0.9168065688282553 -0.40182921167252345
-0.19751373190092625 0.9813201953035355
0.9714038053198917 0.24161052752318954
-0.9700745937530894 0.24689326146085602
-0.9761372934287996 0.22171374422326057
0.510757827571969 0.8608875893947843
0.34831676982450316 -0.9384436199682025
0.9137405276881798 0.4087532850756393
0.9081071590333476 0.421120395744949
-0.5799697265860911 -0.8158652561812243
0.8193856873686819 0.5749853001037094
-0.8192434114010462 -0.5751879978545937
0.19853116576142948 -0.9811148639284841
0.2502844191752275 0.969205194743672
0.5837493743611556 -0.813165215643758
-0.4965867606990978 0.8691389929685452
0.07685922842804 -0.9980449183305561
-0.43294915285381314 0.9025275791039106
0.9672405467479914 -0.2577726221433273
-0.8348346818789903 0.5523151762644269
0.7912157045582382 0.6131710274143837
0.571758304453883 0.8216407008468001
-0.4724016989372434 0.8825177816005784
-0.41277060433716206 -0.9119327980696461
0.6343034536265022 0.7743772521952668
-0.33312524744214644 0.9439430965458716
-0.37583359417548834 -0.9277661933316681
0.40648824562110186 0.9147504064890482
0.8793574717119256 -0.4782587552198181
0.9132461772609591 -0.4098565843295003
-0.22667952972535102 0.9749960978401369
0.9458205953168468 0.32775661926875765
0.6889840444272418 -0.7261556214233147
-0.997064575100016 -0.0886748728819193
0.9749332447278821 -0.2269497043936464
0.10480623833930139 0.9954981930697642
0.7345828485642578 0.6799919400957785
0.13611945271562872 0.9917018173787914
-0.6296972159738623 0.7781275063861751
0.9833205141872583 -0.18730127169484423
0.7338164151830382 0.6808189691892513
0.5087562041836696 -0.8620719950819794
0.8230622043204074 0.5697101085808747
0.9421334333860252 -0.33820939327029353
-0.5011116416214528 0.8665380099173103
0.06578446286027952 -0.9988360248039638
0.19058827102341674 0.9826887151831473
0.9785154408754514 -0.210970452832431
-0.1676275275508225 -0.9868647384556803
0.8954652039031952 0.44737352246038115
0.44150965248753454 0.8983708737266233
0.458555498288217 0.8897909052073105
0.5091931841840133 -0.8618139597271244
-0.9746777367432702 0.22804453402135433
0.7175916477848683 -0.6978991524779189
-0.803025806878147 -0.5976207438565875
0.6364726791240894 0.772595320157069
-0.3573820334185138 -0.9350289205097606
0.4635820712766282 -0.8871824294872341
0.6465216557462321 -0.7642059595757877
0.8421562961014534 0.5410857352921818
-0.2135701310385725 0.9779513275864843
-0.5822245785087514 -0.8142576620335278
0.9305637102560684 0.3688525195175707
-0.7990794680554839 0.6028872230626263
0.99408487358376 0.11745749917293473
-0.6143984327534131 0.7902629725794761
0.8838418549617879 0.46991975423225807
0.4889893054964575 -0.8734360074499402
-0.9937415945769014 0.12032723385733378
-0.7463443722156738 0.6670615249450321
0.7264007720217218 -0.6887255755424264
-0.2649989863827681 0.9652857282774389
0.5649777683942042 -0.8263178088485719
-0.8956832026114516 0.44693690892529025
-0.9345473505778985 0.3586394422366711
0.7343923577995463 0.6801976659807231
0.24533851118724379 0.9704689664942545
0.7776383703566745 -0.6303011700362101
0.8467695899430708 -0.533837298760253
0.9153316034704467 -0.40517780749717874
-0.9845226042423167 0.18087631612769706
0.011313990015693033 -1.0009360587120062
-0.07924211411266006 0.9978585507730823
0.7819485561152975 -0.6249459621352885
-0.8938360433283277 -0.4506197151114895
0.17542525343054716 0.9855084882733524
0.2996889802985061 -0.9550850826432384
-0.35379211853414166 -0.9363931529347722
-0.8368676552243006 0.549229940588986
0.14187023335452317 0.9908954722310185
0.8349787405355049 -0.5520973671860262
-0.861193626283807 0.5102416467205969
-0.36490561165357105 -0.9321184981448084
-0.21489143946435554 0.9776618378789965
0.506921689561188 -0.8631520147994967
-0.9196630731598096 0.3952478107039366
0.8535913435544568 0.5228602281766106
-0.9482116725917876 -0.32077347764533876
0.8287400022385183 0.5614187462934422
0.9446468736894754 0.33112427278697065
0.9390275882627552 -0.34673936678928374
-0.6125106809183446 -0.7917270146716897
-0.5290406663506942 0.8497746603348522
0.35316354147785417 0.9366304036122359
-0.9487287514724809 0.3192409061030046
-0.2047809024616273 0.9798294657678965
0.6119952327648208 -0.7921255172465617
-1.0001601164531004 0.04099684690949297
0.950568113305577 0.3137216313336964
0.40165009324026674 -0.9168850541916828
0.826894790359017 -0.5641329680820978
0.14031327870728463 -0.991117139302117
0.9997727535777999 0.049552408654513165
-0.8947239339707795 -0.44885418788271547
0.7836545374774248 -0.6228053996964409
-0.8250098212918177 0.5668860509591349
0.971496149133399 0.24123895253249739
-0.5637424001405157 0.8271611126520703
-0.9881922515189675 -0.1596153941130794
0.5269261584667476 0.851087435886276
-0.6651524058530947 0.7480463067135884
-0.9627996581068667 0.27389380852677275
0.819206138892377 0.5752410816353813
0.22265777576326498 0.9759223918386931
-0.03932335109594897 -1.000227311194103
-0.8241181161359693 -0.568181600068588
0.7056596791675439 0.7099615603658828
-0.6449958188209564 -0.765494215329864
-0.7553442166553632 0.6568531908769992
-0.8228414279521608 -0.5700289329899397
-0.08628169497024947 -0.9972745204371066
-0.8185065254048276 -0.5762361216287263
-0.07757736543675882 -0.997989354838964
-0.5378024348410246 -0.8442567980650588
-0.6100711924062449 0.7936083040115083
0.48662957369602294 -0.8747529125441236
0.3195458547728898 -0.9486260837113131
-0.9833966184732165 -0.1869012861792104
-0.9492512710917486 0.3176838433579832
-0.2625388560794783 -0.9659577366782042
-0.5562676066094906 -0.8322063144659195
-0.862923998894596 0.5073097398352994
-0.022401761654598014 -1.000749299812281
-0.9845159849219705 0.18091234184853824
-0.040285616532207316 -1.000189016686656
0.9441027090128697 -0.3326726241134979
0.504040042910408 0.8648379242048038
-0.9161149134828656 0.4034036009932011
0.9517589200977663 -0.3100902417270395
0.6877718783467835 -0.727303817778607
-0.8274291377246156 0.5633489345372894
-0.18530086681557786 -0.9836994402546926
0.9054448492322102 0.4268145088898221
-0.8759408123557119 -0.4844880733822203
-0.22762158550658926 -0.9747765968730817
0.5875597812441168 0.8104162532084148
-0.38133887626065366 0.9255169698348388
-0.9148005731794404 0.40637533304885437
0.7335644523720671 -0.6810904449601897
-0.055058431855835414 -0.9994846517488782
-0.4639013931594939 0.8870155001039614
-0.9940319438843953 -0.11790459930558411
0.6715686784360456 0.7422913916674927
0.08726553450295782 0.9971889121364683
0.7447483119999767 0.6688429948599188
0.21130834951786434 -0.9784425284215911
-0.8013812521456115 0.5998242148409247
-0.9464241116017125 -0.32600981730449374
0.9966154203134089 -0.09358794790744829
0.5854379244063022 0.8119503905207761
0.9043412480048095 -0.4291478849500527
-0.993272951170987 -0.12413639463138107
-0.15492601777997703 -0.988938283723933
0.5832909910975774 -0.8134940809277016
0.9479028030804695 0.32168505702346306
0.9405881854180691 -0.3424833798185603
-0.9937147629035242 -0.120548620844838
-0.9742465723966135 0.22987956884736394
-0.27937095232231435 0.9612246724874071
-0.5013652750247974 0.8663912863131237
-0.7764314332862887 0.6317873292532856
0.8252292798241148 -0.5665665324752008
0.10967893515859038 -0.9949731308846876
0.9463002680648825 0.3263691202616012
1.0006271969417422 -0.02731689478165551
-0.38983125838100463 0.9219721199630075
0.6227954357935915 -0.7836624561344447
0.874751559539937 0.4866320058138881
-0.26936919826232636 -0.9640753264281332
-0.5467708447794253 0.8384763820759614
-0.9819188961687922 -0.19451550412926136
0.9779442934762329 -0.21360233813624716
0.7913505152378435 0.6129970326459986
-0.11266444180296518 0.9946394942657497
-0.9539789494530033 0.3031916291729445
-0.9178850508398027 -0.39935952905222255
0.384964304134625 -0.9240148724680485
0.16769140160321905 0.9868538867676147
-1.0009995020177265 -0.0009984789750051718
0.6643848266882183 0.7487281229301235
-0.09992021496805882 0.9960004772291713
-0.2867187134381732 0.9590585901624356
0.4852284182197637 -0.8755309144467407
0.9295505330693307 -0.3713984470491539
0.9915556740333034 -0.13717997409374844
0.17576398808879468 0.9854481318116758
-0.16956292304507858 -0.9865340415456574
0.8878709933709069 0.4622619377912903
0.04182584620210165 -1.000125791383003
0.323632650769071 0.9472396250982031
0.21695345521668086 0.9772063232856937
-0.2959312838378806 0.9562560720048077
-0.3570116144356531 -0.9351704161050265
0.900503843131204 0.43714280104553016
0.9870304113850166 0.16664923342495438
0.9559133921645419 -0.2970363389898262
0.7007209241555218 -0.714836475321896
0.9998264075355412 0.048457762995974304
-0.9594168719326371 0.28551754035609417
-0.7828965068910027 0.6237580135740672
-0.9476545316074444 0.32241570793600505
-0.9837214899018965 0.18518377441124023
-0.3494128765088387 -0.938036055666209
1.0003842655595663 -0.03510443306546035
0.334437508847102 -0.9434789624979164
-0.6541207102625589 0.7577117502095407
-0.6759257875062958 0.7383260321727751
0.14085565979020095 -0.9910402025675181
0.5804453942297756 0.8155269120742983
-0.6964700489713449 0.7189787694263666
0.9832988646312896 0.18741489485848464
0.752234005669566 -0.6604127502663159
0.8608564872307214 0.5108102469535853
-0.8260417729438875 -0.5653812778574464
-0.691329072927539 -0.723923416477979
0.7683321635195804 -0.6416125672875499
0.19811148984987814 0.9811996930235259
-0.83470696778343 -0.5525081700154234
0.27532304627190474 0.9623919264995726
0.9241685013501426 0.38459534723164723
0.7026068314116937 0.7129829173645186
0.5536578212088294 -0.8339448525018258
0.21608133490356457 -0.9773995379098015
-0.9780610788902263 -0.21306695182521077
-0.3169381016490662 0.9495005211810503
0.8860163157557518 -0.4658069216044391
-0.3188982848141642 0.9488439723909218
0.8970685425524303 0.44414978325206755
-0.8887277894945178 0.4606125445319398
-0.38233723867733443 0.9251049864315893
0.20025638475425325 -0.9807641818322876
1.0009974478732329 -0.0022603874169414163
0.9951482338002038 0.10807864157332366
0.9601187221309053 0.2831484405991272
0.7568367632857798 0.6551328977689219
0.5115442731198595 -0.8604205115164762
-0.1966083826294583 0.981501983635198
0.6618803180802768 0.7509430368130139
-0.2770622065194182 0.9618926830569985
0.7728722075784539 0.6361364246392492
0.007083498525906057 1.0009749367734606
-0.9998907367632597 -0.04711172396575765
-0.050691943862960304 0.9997156229785521
0.10802853631183569 0.9951536742344482
0.9306548226789456 0.36862257259210296
-0.9572765008177685 0.2926135693745064
-1.0006694458305814 0.02572275609489305
-0.7921284273751849 0.6119914660713142
-0.8263324656500319 -0.5649563312440518
0.6987531310262295 -0.716760114599746
0.19885729009904918 -0.9810488153881348
0.5970007851546376 0.803486815401937
-1.0003964732219242 -0.034754803482912704
-0.26283349641440584 -0.9658776077550294
0.8002480391873334 0.6013352440833882
0.362719061885201 0.9329715334055588
-0.5351732123459222 0.8459259026577601
0.8998438252490903 0.43849981774350205
0.11086524643923898 -0.9948416442489563
0.3316739609102334 0.9444540135200427
-0.34744129023294124 0.9387681022708798
-0.35702094511161386 0.9351668539632968
-0.7249684061134588 0.6902331563590023
0.3630743624871391 -0.9328333223596579
-1.0007108869884869 0.024056613700098598
0.9420317137999636 -0.33849261468325037
0.962269901874388 0.27574922655676787
-0.440586471911031 0.8988239876466305
0.6789623936049146 -0.7355345458034483
-0.05471045040288693 -0.9995037601813778
-0.9276156147662689 -0.37620509199344593
0.9920028388854022 0.13390805667809044
-0.5308505255139464 -0.8486452259699379
-0.9234317117991013 0.38636106641816464
0.944332855786401 -0.3320187607384563
0.6985815008734938 0.7169273928629988
-0.9960120989716948 0.09980430202149952
0.005473593917538278 1.0009850347380953
-0.9167602407932578 0.40193489634602275
-0.43637909308692974 0.9008741794038881
0.8146017592644644 -0.5817430479199899
-0.18116221408697297 0.9844700362058287
-1.0009773221330445 0.0067379949064489564
0.3041332897815435 -0.9536791609585771
-0.8237470072740666 0.5687194985289488
-0.5471337785378275 -0.8382396008200277
0.24906544898042557 -0.969519160266665
-0.8999573291452707 0.43826682023364605
0.8332187674246929 0.5547499306996582
0.4760039711331666 -0.8805800471651941
0.5533982758868473 -0.8341171070332181
-0.7620499501905283 -0.6490615328415429
-0.3077661285377291 0.9525129973522136
0.9133003758871656 -0.4097357970746051
-0.8997175456359815 -0.4387588609643862
-0.545864987729068 -0.8390663949721407
-0.8880508740928986 -0.4619162749057872
-0.8579469703926859 0.515682068714835
0.9883652766678267 -0.15854046763312613
-0.8888540434533463 0.46036886236651225
-0.6866699047126458 -0.7283443155279831
-0.40374506595484555 0.9159644762309931
0.0843286972963164 0.9974415626052016
-0.954145356240502 0.3026675390006094
-0.8457646241059442 0.5354280536271245
0.29256141410353265 0.9572924417218289
-0.7947253446325437 0.6086153354941729
