1000
-0.8592994935382338 -0.5134251458634793
-0.7803180139658304 0.6269806991291057
-0.7156955960096877 0.6998434209538145
-0.9909837863907826 -0.14125202692559097
0.3156455499009008 0.9499309905607659
0.5603253555298926 -0.8294796537289504
-0.5921955319062137 -0.8070349756920804
0.12214977459785051 0.9935192160022344
0.41736365458846353 0.9098398649369909
0.9268057938760851 -0.37819574354786134
0.9264250541644061 0.37912744429344225
-0.5066388247584672 -0.8633180765206757
0.7907873161017783 0.6137234073200616
0.9717096261774676 0.2403776245702712
-0.8869607883015872 0.4640059913572529
0.6541982579563596 0.7576447975713055
0.6159432268456468 0.7890595296319359
0.979784801816431 0.20499449292490013
0.9893261089846443 0.1524298201839244
-0.9882266432602645 -0.15940232605125257
0.6522673353684784 0.7593077921444669
0.07900271971686934 -0.9978775327049597
-0.4721696935033519 -0.8826419322335364
-0.6379099317341292 0.7714090477787765
0.967050150534338 0.258485988694773
-1.0009966233817285 -0.002599995841905141
-0.7992377759344107 -0.602677341136546
-0.8536194824542768 0.5228142874620898
-0.9454154800102954 -0.32892334997215184
-0.9979991761597785 -0.07745091596878245
0.16306110339273497 -0.9876295239412113
0.9718351796378746 0.23986951373240417
-0.9867151148966047 -0.16850602966831865
0.6718222447072216 -0.7420619054476183
0.838675399130595 0.5464655294647023
0.5036577074985931 -0.8650606416184138
-0.5724737134805895 -0.8211424038336735
-0.7459662749373294 -0.6674843194084223
-0.2539486597246945 0.9682515573052445
0.8844715914090143 0.46873340396264224
-0.29478888846186485 0.9566088601091975
-0.6598501287630735 -0.7527275785909238
0.7644827978377569 -0.6461942833313796
0.6892129516477061 0.7259383632795945
0.6376577081483611 0.7716175524435531
-0.9605328563878551 0.28174036238953754
0.9813287956796389 -0.19747099728808126
-0.712902535813484 0.7026883907043748
-0.9538020895103754 0.3037475498594874
-0.9821521414968564 0.19333435016349
0.25760226113180135 0.9672859324211137
0.9328179019811017 -0.3631139789977463
-0.02162784007606959 1.000766324640095
-1.000971101715323 0.0076061508539083484
-0.6135106024464709 0.7909524263100584
-0.929964932955026 -0.3703595867180353
-0.11090496096404882 -0.9948372176560157
-0.0690247675229907 0.9986173348527437
-0.2651920876630203 0.9652326955925856
-0.7770704748744571 -0.6310011704255276
1.0009781251603111 -0.006617624237492243
-0.7937495666772583 -0.6098873874738391
0.8085724531027434 0.5900945585949865
0.43506314094447335 -0.9015104344329739
0.9634617160728723 -0.2715557431944975
0.3323271630492033 -0.9442243677747721
0.7664718073398139 0.6438338050718053
0.2946892165830754 -0.956639569341376
-0.26616824540471856 0.9649639709015946
0.817263035410835 0.5779983831734031
-0.029687397766523377 1.000559672590222
-0.8134057835700931 0.583414116434221
-0.4904293741386502 -0.8726282306812976
-0.3576851157088651 0.9349130216230469
-1.0004967853005038 0.031736140334916736
-0.06258735922811294 -0.9990414518251238
-0.9435787631656687 0.3341558284734039
-0.8503329094520515 0.5281429192016203
-0.4812359478356049 -0.8777317144268897
0.9713579046400251 0.24179499807344998
0.4977371812022409 -0.8684806839814272
0.9487061897234746 -0.31930794788161226
0.46036043401108223 -0.8888584087452444
0.9680069972016535 -0.25487929176109636
0.9641450953516497 -0.26911936962871774
0.7095848004579347 -0.706038533621978
-0.37651299858846177 0.9274906802194429
1.000250655020676 -0.0387250194410354
0.5399596587841998 -0.8428787379484967
1.000871149799979 0.016060557215366672
-0.9894159196559802 0.15184577021211623
-0.8034796087311279 0.5970104842909157
0.14121207166361754 -0.9909894806790178
0.9639323228748252 -0.26988048635858003
0.020617786257630742 1.0007876432539695
0.66633536089438 -0.7469927622284946
0.14082296701109215 -0.9910448486129136
-0.23519222522628264 -0.9729777064214317
0.33263201947733706 -0.9441170158504869
0.9065504603620169 0.42446114406081414
-0.9945258578033214 0.11366317856090324
-0.03903246550217502 -1.0002387048284131
-0.19210913444965308 -0.9823925287078507
0.01764863572938126 -1.0008444063174313
-0.07652554505194377 0.99807055910617
0.853189201725957 0.5235161755459178
0.7614841931510844 0.6497251908161188
-0.9569742082052378 -0.2936006894235062
-0.9058982533862909 -0.42585132911811785
-0.18400430340746268 0.9839427911863242
0.8961192672852929 -0.4460619450256541
-0.487971691461148 0.8740049361030785
0.28717877557554494 -0.9589209304520007
-0.3953245895398173 0.9196300717708045
0.8514413241780597 -0.5263541312480717
-0.32100543465337306 0.9481331715128414
-0.26218734175349645 -0.9660532065182721
0.9081966209315331 -0.4209274257262707
0.3874120746255617 -0.9229912699664705
0.6277782134576623 0.7796765449261032
-1.0009985281802987 -0.0017165607696292134
0.8876354149376002 0.4627141343729995
0.4296077452635563 -0.9041228816978162
0.23086670733667475 -0.9740131228292164
0.9661639868120973 -0.2617788199747136
-0.7324707622436186 -0.6822665039837822
-0.951273109423475 -0.3115773921320246
-0.8574005185339941 0.5165901187766158
0.8354204160966691 0.5514288062559557
1.0001974292097588 -0.04007620992795228
0.9427587335610327 -0.33646243519061364
1.0009922188585938 -0.003946870221994847
-0.06612080700627898 0.9988138159240882
0.41972012340098924 -0.9087552024677813
0.422418969210968 -0.9075038371548317
-0.20575085290345044 -0.9796262483873647
0.37824952362003167 -0.9267838463639831
-0.6999908583320761 -0.7155513945563402
0.33990756104362935 0.9415220921175304
-0.42538221942664856 -0.9061186276617751
0.9350837271074669 -0.357238608354148
0.9803080572269652 0.20247743809099608
-0.9714139547397391 0.24156971775638644
-0.9633093302639857 0.2720958180978741
-0.8374222399901772 -0.5483839822331011
-0.8989348400904781 0.4403602539643042
0.4197691078861289 -0.9087325767597877
-0.5146891222230406 -0.8585430143360763
0.9191823384222392 -0.39636451497658587
0.3164007197874899 -0.9496797273386214
0.12274619760351732 0.993445706102693
0.510690758135267 -0.8609273776313692
-0.9936310127736199 -0.12123700117732432
-0.5864806367159584 -0.8111975485399621
0.6780482234384545 -0.736377353462174
0.9725299175448464 0.23703704242209495
-0.9846374116239263 -0.1802502916239935
0.5215106742363002 0.8544165358053409
0.10960219038910539 -0.9949815876999485
-0.9634416243954137 0.2716270170331491
-1.0009927467386617 0.0038106399186688344
-0.485666586006422 -0.8752879339033908
0.47322899166153476 -0.8820744421254971
0.7380623396059479 0.6762137109341946
1.0002279750516823 0.03930646160634568
-0.8355916176785928 -0.5511693464492311
1.0009959095561523 0.0028616519445006277
0.7360286951956434 -0.6784266797883164
-0.7985765687615173 -0.6035531988359285
0.3716877362687582 0.9294348964329917
1.0006975485732157 -0.024605208382706592
0.47360578218457533 -0.8818721920331407
-0.10902378324433479 0.9950451319850232
0.896532161718142 0.44523149372544996
0.4810115568419163 0.8778547044839002
-0.22377040497975453 -0.9756678768183344
-0.9419159930134806 0.3388144951229636
-0.8146589854535274 -0.5816629070345035
0.18824201634593915 0.9831408562774793
-0.3601863536148571 -0.9339522421781711
-0.3170628070497447 0.9494588860955151
-0.5402885077150376 0.8426679823222536
0.7335909453235607 -0.6810619097697981
-0.897662119017931 -0.4429488910475313
0.8571130361433934 0.5170669620784661
0.6998646876705834 -0.7156747997182497
-0.9553729311798589 0.29877008278742456
0.11492163502307318 -0.9943812235775692
0.5120886710350459 -0.8600966184083975
0.9136904133045767 0.40886529399707155
0.883576539755531 0.47041842905401005
0.31272892286986254 0.9508951681445518
0.5226087698828645 0.8537453212999291
-0.1847130657574091 0.9838099833496807
-0.7008829570181924 0.7146776060304638
0.9794968348556502 0.20636605948596046
-0.7710066246138292 -0.6383962600153527
0.09337345463724378 0.9966355391862697
-1.0009375868828159 0.011177976793928474
0.5357654573828532 -0.8455509296756418
-0.16899488932197512 0.9866315053671525
0.19321289511354467 0.9821760418386525
-0.3391068721566799 -0.9418107714695735
0.10108935235460954 0.9958824944944688
0.8637629670948479 -0.5058799627139867
0.9771560064206422 0.21717996941721363
0.9986864098273867 0.06801804779678122
0.6016840707835618 0.7999857992272875
0.9090674939808902 0.41904330490690844
-0.6429088496401566 0.7672478159332684
0.2970787040209833 0.9559002268109433
0.8954137218207706 -0.4474765544417671
0.6858996349524425 0.7290697434210982
-0.7217512200067798 0.6935965516196897
-0.6039663709930497 -0.7982641309175089
0.9954054367734038 0.10568356751146078
-0.016929773304363516 -1.000856824313979
0.9183108812054537 0.39837937378792987
-0.5826766064609123 0.8139342555042115
-0.999889829147716 0.04713098308916746
0.3246493534917362 -0.9468916502311115
0.9892968445527114 0.15261963621385158
0.19616828288380667 -0.9815900390643839
-0.09985747747950699 -0.9960067691494018
0.6397105497273414 -0.7699164971394902
0.46684928795302755 -0.8854675275456187
0.43836590105641504 -0.8999090714016597
-0.8525938620917068 0.5244851821772923
-0.8515561145105305 0.5261683987467589
0.9624077782071535 0.27526763058225756
0.8786357000258642 0.4795834720255271
0.5499903779850298 -0.836368091287493
-0.6574205697899679 0.7548504450664607
-0.6003589905638013 0.8009807004224344
-0.9673356552473552 -0.2574154814442403
-0.8429352801198225 -0.539871386099797
-0.351585875837601 -0.9372237576542258
0.7470781347076253 -0.6662396420521488
0.9876290193716043 0.16306415944370883
-0.2939947410886189 -0.9568532239650112
0.9575905607472346 -0.2915841524633958
0.8106663392175351 -0.5872146851532584
0.16590871550332903 0.9871551540259694
0.6217281354240362 0.7845094809001045
-0.9974622281702251 -0.08408390674611754
0.7382496479672999 -0.6760092138988624
-0.04439261209075692 1.0000151478811508
0.9213908638322819 -0.3912031135438486
0.9993016753966389 0.05828517435395102
-0.9970704264763466 0.08860905510316916
0.11445020048897882 0.9944355944997306
0.9987065946592271 0.06772102911334303
-0.26864455711187174 -0.9642775025552377
0.16771884186229488 0.986849223581987
-0.9021980803872381 -0.4336353580435785
0.5946794003856272 0.8052064398382509
-0.8598221905848671 -0.512549315264239
-0.9267041931713716 0.37844463050570154
-0.20616093849389566 0.9795400285028255
0.37461485952255014 -0.9282589654966442
0.13507126206079556 -0.9918451260984771
-0.16364898316572654 0.9875322831729724
0.9771685399125192 -0.21712356989796275
0.25485812685577214 -0.9680125697404797
0.26699278805532606 -0.9647361562243035
-0.30750518094001333 -0.9525972725633061
-0.43029805841488505 -0.9037945457483023
0.9758938108934636 0.22278301070735307
-0.5792527004827821 -0.8163744906496064
0.7444992791722419 -0.6691201859995051
0.09517966032146229 -0.9964646668402704
-0.9420280156803775 0.3385029064473306
0.961934288034485 0.2769177233468244
-0.3500233233551883 0.9378084415846284
-0.012542884749144539 1.0009214135196478
-0.976232081621023 0.22129600722535467
-0.8242604799188744 0.5679750533640601
-0.5034348283104925 -0.8651903684415269
-0.8551864917754429 0.5202471184781423
-1.000668253944621 0.02576908122970684
-0.6844214442255102 0.7304575871905684
0.7828860835334269 0.623771096003728
-0.9753359452547825 0.22521277471306964
0.9683335472043842 0.25363584399405076
-0.22096252399385868 -0.9763076169887559
0.2711520193760302 0.963575416035663
0.993990477621255 -0.11825366970318277
-0.9813051921575392 -0.19758825836738167
0.9637809420182338 -0.27042059056670537
0.9086129250884946 -0.42002803759050383
0.5871116641562611 0.8107409535799124
0.058194440758908554 0.9993069633825022
-0.6424028896626717 -0.7676714970305002
0.923928447573716 -0.3851716808957054
0.654113372588666 0.7577180846467115
-0.9826192140670923 -0.19094627554935403
-0.5413311698195987 0.8419985537883926
0.8579449366064242 0.5156854523364014
0.05498210745844402 -0.9994888532942366
-0.8954648313055139 0.4473742682530896
-1.0009831385889416 -0.0058100138237168145
-0.9801450539907163 -0.2032650317628096
0.03429375028195748 -1.0004123843153876
0.971397366874576 -0.24163641205153769
0.34946019536716155 0.9380184283125493
-0.4342145969555273 0.9019194441804372
-0.9380243380739757 0.3494443320199655
0.8515919326799932 -0.5261104258559737
-0.7522307800155023 0.660416424384849
0.040487423267407646 1.0001808679219804
0.9589768470685605 0.2869919977742285
0.36514616822745144 -0.9320242892912232
0.9738604134722795 -0.23151003233467196
-0.6405672607485063 0.7692038640420075
-0.9861460067340454 0.17180527757463124
0.6983724193662137 0.7171310646378256
-0.9221205612467466 -0.38948000016173495
-0.4610209027250651 0.8885160253200648
0.28589678291576387 0.9593039296898646
-0.9931880981759885 -0.1248134673885914
0.3112926214018298 0.9513663352572326
0.8336154857693001 -0.5541536085650022
0.40195557888058847 0.9167511726781543
-0.9906359151960806 0.14367144296492515
-0.7640682860414992 0.6466843544308194
-0.5330787103317787 0.8472473597427186
0.9165990979282487 -0.40230224170034257
-0.6766475919777899 -0.7376645824971254
-0.4312501375986909 -0.903340643844342
-0.49136142624080953 -0.8721037488754406
-0.8601318571431527 -0.5120294799398482
0.9870242724328725 0.16668558914422849
0.0867988982136617 -0.9972296381821463
0.7990532072583075 0.6029220281016545
-0.9993933768014853 0.056691078710183855
0.8668201066345959 0.5006235139643241
1.0002070479797154 -0.039835426089142444
0.09946508406122985 0.9960460315932655
-0.9698259107734754 0.24786831744375676
-0.5113055011683454 -0.8605624233459112
0.985540872118655 -0.175243229209008
0.9608686852008169 0.280592889789555
0.34717637943118856 -0.9388661041730345
-0.8711359966175296 -0.4930751214543108
-0.03282188474400891 -1.0004617553319322
-0.49168063350446056 -0.8719238238726205
-0.9744248234368289 -0.2291228130721703
0.6193175071975592 0.7864139020125479
-0.25156611672928914 -0.9688733090109075
-0.5707116507533764 0.8223680512364011
-0.05108478843666689 0.999695625873386
-0.7281933557342858 0.6868299910927301
-0.7237114883132628 0.6915509248662761
-0.7900029346209138 -0.6147327576193937
0.9922685825047338 -0.13192444873504766
0.2840027345840572 0.9598663692143702
-0.9472645553596893 0.3235596732585969
-0.6231709722264446 -0.7833638614171246
-0.7034880401368482 0.7121134582244716
0.8484459378845535 0.531168984869411
0.9780420686223771 -0.21315419771813413
0.8675193425519653 0.499410843192462
0.9478443105577251 0.32185736428323464
-0.7349674379154817 0.6795762394345115
-0.9818775269463506 0.19472422057288824
0.6064493735429284 0.7963794053900376
0.32492226173729466 -0.9467980375072189
0.9419872328079307 -0.33861638062394045
0.9581780825400824 0.2896476517077448
-0.9153856478377814 -0.4050556946058222
-0.5107587687149985 0.8608870310213406
0.6358767004882767 -0.7730859084061372
0.9985644982841124 -0.06978497522102396
-0.7913912321513471 -0.6129444654077338
-0.9980149471714577 0.0772474285808436
-0.8037068529306782 0.5967045286842267
0.8675962457416312 0.4992772319814183
0.9864444867688719 0.17008314003244737
-0.9469673433874074 -0.32442849837490545
0.06318015638456376 0.9990041380490984
0.3225271203148796 0.9476166190297588
-0.5773855490404098 -0.8176961096637947
-0.40619434288606737 0.914880951713039
-0.9834315445564737 -0.18671742599786503
0.5460797020171225 -0.8389266708389301
-0.848313450342211 -0.5313805509881719
0.5197512830803703 -0.8554879331330798
-0.7837461593992892 -0.6226900975821472
-0.6238032823185177 -0.7828604377337277
0.13622426891481199 -0.9916874248263032
-0.7204354010180789 0.6949631882049006
0.06636807855227059 0.9987974159704658
0.9450532230557885 0.3299627336410372
-0.5271528859822857 -0.8509470223230982
-0.5320350713915732 -0.8479031093287508
0.16040184279247782 0.988064901121772
-0.18867401495093147 -0.9830580430891636
-0.8852092828372824 0.4673387696079838
-0.30822455675523686 0.9523647529245493
-0.9487457022400669 0.31919052692867034
0.3966618846932551 0.9190540513112353
0.857491497810304 -0.5164390875824965
-0.39966383547084633 0.917752591179525
-0.4917492029392356 -0.8718851537952842
-0.5084875615106883 0.8622304795058651
-0.2732145699365198 0.9629926265420741
0.6070143212516429 0.795948876370466
-0.587801625230607 -0.810240858866212
0.2503346789566094 -0.9691922144299815
0.09455354749356105 -0.9965242729890641
-0.9544793984927081 -0.3016124630266429
0.012625629049040516 -1.0009203732021423
0.8482772765795812 -0.5314382956079932
-0.5574817570824873 -0.8313934631209358
0.7565255351872084 0.6554922689168102
0.998404591014754 -0.07203660625447196
-0.01779176491265807 1.0008418721762657
0.4644292425451033 0.8867392393871953
0.42914175178277836 0.904344158424661
-0.6959521529236324 -0.7194800906494639
0.9566722831724273 0.2945829978285494
-0.9889966928441027 -0.1545527144485904
-0.9287921132356551 0.37329105318939276
-0.4306487196690529 -0.903627511891601
-1.0009741243628982 -0.007197385353649676
-0.2737239509639285 -0.9628479623848704
0.9215855484286076 -0.39074426026180137
1.0009237398321063 -0.012355850456760773
-0.5224203413538765 0.8538606367198919
-0.9961035777500181 -0.098887119452503
0.3793043132480822 0.9263526531248242
-0.20366991525396774 -0.9800610009690425
-0.1168979206744012 0.994150831686018
-0.5535980610993135 -0.8339845242851217
0.4119453694982458 -0.9123058766383969
0.8315398006327771 -0.55726345651191
0.2150824729595122 -0.9776198288832018
0.9996453939799117 -0.05205848917080788
-0.8166687714478722 -0.5788377300606994
-0.7696587876469121 -0.6400205860735149
0.9453506486041168 0.329109633988092
0.9971283570141279 0.08795475904296368
-0.9785015287774481 -0.21103496909326896
0.7298857163096036 0.6850312701820382
-0.9770747657575692 0.21754517259592587
0.7988018875149205 -0.6032549581251696
0.7077169686659784 -0.707910794000373
-0.8900795701960335 -0.45799493307202027
-0.9575602406311122 -0.2916837080854647
-0.973305704877264 -0.23383114602929225
-0.0763785205948273 -0.9980818210907088
-0.9511269615814635 0.3120232410459411
-0.7044991932392144 0.7111131321564074
0.9503959141409731 0.3142429098390986
-0.5982654482412092 -0.8025456083243775
1.0007183920370757 -0.023742363798276395
-0.051861519403877114 0.9996556321079381
0.6365834800840645 0.7725040277461739
0.0006007861093779747 -1.000999819708301
-0.4167139597097227 -0.9101376136513881
-0.9029068823346958 0.4321575659787062
-0.8714161019510338 -0.4925799196683372
0.5642152330269152 0.8268386606952917
-0.7768270756102668 0.6313007956582986
-0.4777412924517475 0.8796387084971499
0.8814920590830353 0.4743129238947117
0.9839716452109133 0.18384994267317178
-0.23370032655484982 0.9733371242114196
-0.18913253701067348 -0.9829699300812341
-0.8358989376206448 -0.550703156051132
0.15799924704324927 -0.9884519401234267
-0.9952876216238454 -0.10678740675917352
-0.5365428932619593 -0.845057822690309
0.490928008886765 -0.8723478033963726
0.6704199357389551 0.7433290723251549
0.1962653088677248 -0.98157064368035
-0.6075238810957796 -0.7955600127572533
0.7173553692408006 -0.698142015797212
-0.9209496545855448 0.3922406579113975
0.9438287485290189 -0.33344908674360785
-0.987564428724931 -0.1634548840420525
0.9718469388417416 0.2398218661088607
-0.8461409016264169 0.5348332212894357
0.63825149712937 -0.77112646590045
0.5377096310073013 -0.8443159081303585
-0.3304727249799629 -0.9448750065719369
-0.2627315486301715 0.9659053438895511
0.7958525615355698 0.6071405935179034
0.8795655954615772 -0.4778758868998529
-0.8638020241797596 0.5058132689273286
0.8585915006837196 0.514608234440218
0.9103571340294104 -0.41623417510069743
-0.38165354594704654 0.9253872545405224
0.5498635000340262 -0.8364515116432814
0.9953489100653663 -0.10621462814361925
-0.7451698628078349 0.668373305543356
0.8915916562737903 0.4550443038462952
0.06510666856048021 0.9988804341406212
0.5799725129340679 0.81586327545793
0.9411253754982658 0.34100443925739155
0.14242135568750208 0.9908164095553395
-0.9999781106729746 0.04521922351067313
0.9916440146709837 -0.13653991419073644
-0.8591275646278705 -0.5137127871647581
-0.9829826869561619 0.18906622422961789
0.7102807846417933 0.705338363460147
0.6179514084326762 -0.7874878137571856
0.1432592961792148 -0.9906956011097636
-0.7334482279281562 -0.6812156023969559
-0.4638146712416806 -0.8870608495142663
0.6641278800168062 0.7489560460964197
-0.43302639326049697 0.9024905222437549
-0.9590562541744106 0.28672652707579815
-0.8693799531118114 -0.49616478827835486
-0.3652089825842985 0.9319996775963721
-0.4886158555465341 -0.8736449769262847
-0.8300330740940617 -0.5595052242025644
0.8485928083453923 0.5309343138510452
0.9671895126730579 0.25796404124461386
0.5404049560312791 0.842593308480925
-0.33785830700762315 -0.9422593933657242
-1.0006920738019123 0.024826869114488427
0.5760949713308131 0.8186058783122374
-1.00092901879957 0.01192054214077358
-0.9829521165538633 -0.18922509495909973
0.6467301780638107 -0.7640294999419537
0.5196207697892095 -0.8555672127914145
0.10816155495917297 -0.9951392254497929
-0.7705868182792441 -0.6389029311986847
0.41436476164354386 0.911209550162908
-0.2031994443896074 -0.980158653382071
-0.48278601337940896 -0.876880074631199
-0.9537157534927945 0.3040185217049634
-0.7494219460881067 0.6636020996964331
0.6556699852734185 0.7563715161291806
-0.8308277208637463 -0.5583245456223045
-0.733835035163008 -0.6807988992112919
0.6931446109412112 -0.722185259004334
0.9305646884437709 0.3688500516762165
-0.3909122386526668 -0.9215143089890468
0.9145295609624637 -0.40698486719508803
-0.2241342389682772 -0.9755843597158123
0.8610643410357718 0.5104597933203281
0.24048781392708915 -0.9716823613468394
-0.7604682675067092 0.6509139836532506
-0.23755940781015755 0.972402451539941
-0.09479003711944801 -0.9965018057499412
-0.9413267217688356 -0.3404482381859791
0.9502040314471224 0.31482264629730156
-0.9834970497304537 0.18637208259686744
0.9629654804018106 0.2733102331682992
-0.1800254969539897 0.9846785366029205
0.9959876205504667 0.10004828689297772
0.9994076985663037 -0.05643803723026147
0.398068486766945 0.9184456869314999
-0.5757318883927189 -0.8188612780488244
0.531871118117426 -0.8480059632529238
0.9790155540460346 -0.20863735268627204
-1.0005626151275828 0.029588058554978112
0.7740538440181816 0.6346980751197191
-0.9983060727391408 0.07338927123328928
0.2672349687388734 -0.9646690994756354
-0.32873309391043104 0.9454816513122165
0.8385311884283231 -0.54668678970045
-0.9296433609428322 0.37116602950016186
-0.9611796692332413 -0.279525747387744
0.8115566805673361 -0.5859835784614845
0.5545228741398536 0.8333698950980147
0.24529427719475896 -0.9704801479553824
0.9929144275712641 0.1269721997951871
0.3179638954313613 0.9491575007353176
0.991492372371368 0.13763675210276008
-0.9346998026341821 0.35824192796994203
0.07662413700897962 -0.9980629948192795
-0.9760287109842712 -0.2221912584562722
-0.9820606897886373 0.1937983528615919
0.9025995293513618 0.43279913310299056
-0.14970866202750063 -0.9897415402588372
-0.8128672838350388 -0.5841641711630784
0.9577483069783386 -0.2910655948066111
-0.28767070875281686 0.9587734682007278
-0.9371003205701061 0.35191474704451425
0.03420418511135595 1.0004154505608498
0.9993228654570794 0.05792072664126472
-0.8729985280758504 -0.4897699153453575
0.9167074773750886 0.4020552212378313
0.8704214857313141 -0.4943353489052668
0.4303667876403587 -0.9037618204461386
0.11206402338486766 0.9947073211064629
-0.9992626212785234 0.05895094329673099
0.7103368346052524 0.7052819162597254
-0.5580912933202915 0.830984421225864
0.852214322032952 0.5251016561789879
-0.06025803143338617 0.999184652428055
0.7529683019496094 0.6595754212060375
-0.8923682627550616 0.45351944128947025
-0.5662823068945585 -0.8254243447452814
0.4812242529313026 0.8777381263171321
-0.6277283342868428 0.7797167038953735
-0.8908287595699187 0.4565360020010689
0.9919574816255134 -0.13424363913113088
0.5394989122048267 0.8431737209672802
0.046361901777131516 0.9999257842778171
0.65511066374857 0.7568560089230368
0.9150576518505502 -0.4057961234286957
-0.9969861110857348 -0.08955274592184709
-0.5902320351717814 -0.8084721050580391
-0.9157860292128457 -0.40414966126246965
-0.7962829132113134 0.606576064585229
1.0008574414336031 -0.0168932509299286
-0.89225998533086 0.4537324305991069
0.9115537892266492 0.4136069261346305
0.990682825171135 -0.14334761913243763
-0.7481465325614443 -0.6650396723627003
-0.3460067061240425 0.9392978011883082
-0.9958040017536256 -0.1018596588030081
-0.9854567864584703 0.17571545755267162
-0.1300005364179991 -0.992522473564721
-0.5291138981514518 -0.8497290643393193
0.32091271180250014 -0.9481645592425217
0.9894590485531575 0.15156447880780052
-0.8804192572608711 -0.4763013032149041
0.6951182218593653 0.7202858166305055
-0.9988283182053852 -0.06590137138938472
1.0004127812956303 -0.034282167672731303
0.5658208645874426 -0.8257407275879755
-0.8781188086479875 -0.4805292477036533
0.9937933159825949 0.11989931237633634
-0.7128101808886932 -0.7027820757684621
0.29805546930372245 0.9555961161589857
0.010399290294257464 -1.000945979941663
-0.21111508145419902 -0.9784842473860205
-0.9745109878645286 -0.22875605900456578
0.1810370244166904 -0.984493065384592
0.9874200116209665 0.16432504571869286
-0.9651137001769157 0.26562482137560595
0.13225009786523717 -0.9922252323009303
-0.591442720140728 0.8075868428797838
-0.9798773607781274 0.20455160188688706
-0.44895069999143955 -0.8946755104378327
0.9962735577158846 0.09715965312893018
0.2556104525718684 0.9678141849218809
-0.9986229872181838 -0.06894294307201611
0.847016378400032 -0.5334456436433744
-0.3351778269571853 -0.9432162129205897
0.9256828962345464 0.3809359206202825
0.6786472334085578 -0.7358253410877547
0.849754153801164 -0.5290736036674554
-0.34830215616642995 -0.9384490439069219
-0.16490870032721794 0.9873227033530566
-0.9320652275101924 0.36504165743976874
0.04211014914628869 1.0001138611872538
0.23771078638975074 0.9723654570345278
0.99218159258787 0.13257709956775338
0.13896618065516922 -0.991306915457627
0.8918717277233271 0.4544951279032675
0.6448529401381279 0.7656145803178072
0.202639705633173 -0.9802745277221585
0.2819066561093108 -0.9604840640225464
0.6645171611134181 -0.748610674907701
-0.9613745771485581 -0.27885466180867585
-0.993169830872029 0.12495874137340386
-0.3149337533429082 0.9501672121291853
0.06766016439386127 0.9987107199555814
0.5598100823396152 0.8298274951524041
0.33421767686922255 0.943556858100316
-0.7237030902549492 -0.6915597133693061
0.2834700881698589 0.9600238065344904
-0.2819727503282093 -0.9604646625838691
-0.9198030311695703 0.394921997173202
0.5196144929255834 0.8555710249544971
0.20382794145981745 -0.980028147697939
-0.9131416184640887 0.410089483684701
-1.0009953039807507 -0.0030661716332608326
0.9244602992287988 0.38389341639288355
0.18206719088106552 0.9843030722316566
-0.9986186445657835 0.06900581660698957
-0.27440627172755583 -0.9626537269634303
0.9960619724549595 0.09930532225986419
-0.9803629649163156 -0.2022114166423125
0.025694682151247747 1.0006701670926073
-0.6468722187952062 0.7639092436611609
0.6953666278442667 -0.7200460074748648
0.8310682921533906 0.5579663912613793
-0.7733894197637586 0.6355075179708551
-0.9870422956714711 -0.1665788298541932
0.38611167485524245 0.9235360169156802
0.1653492125024213 0.9872490252843146
0.6323524073894404 0.7759712835335977
-0.5008723652609313 0.8666763373474092
-0.1678963600523324 -0.9868190372510948
-0.9398421995763391 0.34452523840135263
0.9257022336856393 0.380888926787611
0.7538777251063273 0.6585357815551929
-0.5985531900292239 -0.8023310281335502
-0.3473654639563454 0.9387961623538907
-0.7466336420828766 0.6667377329280674
-0.9979397517247101 -0.07821286292947005
-0.7794015124419502 0.6281196401985856
-0.29989080320951295 -0.9550217307215335
0.6823552321833134 -0.7323881055233328
0.613725929990668 -0.7907853582718194
0.7723092140197324 0.6368198159135936
-0.43432415338429914 -0.9018666918048431
0.8560460564718649 0.5188315229426299
-0.8665903087669067 -0.5010211939142669
-0.9994449033109731 -0.05577531035968847
-0.12200828045494454 -0.9935366019933174
0.47043729451489497 0.8835664954769992
0.588876289740904 -0.8094601382285522
0.560637831997641 -0.8292684856745642
0.9665232797731915 -0.26044913065025344
0.7626962900971033 0.6483019119762916
0.990811306909153 -0.14245684996158037
0.26340723008274153 0.965721300966349
0.7930887704628938 0.6107464303339443
-0.8377995112016244 -0.5478074287834358
-0.9232854701526899 0.38671040922753336
0.892900136944982 0.45247137527542264
0.20153787557629557 0.9805016495183441
-0.6601373172533189 0.7524757287578059
0.6713469842682328 -0.7424919034669327
0.9917472403286292 0.13578811177915542
-0.311380313070329 0.9513376375568371
-0.8236184672074067 -0.568905634068535
0.9137571741953977 -0.40871607089328105
0.9959799677653263 -0.1001244416223109
-0.586483985243509 -0.8111951276067255
0.8300163122716603 -0.5595300897744051
0.05450414665752245 0.9995150314012967
0.7309555183566422 -0.683889633043207
0.974548748417493 -0.2285951376514775
-0.6542473497312317 -0.7576024058631674
-0.1451668603529574 -0.9904178828430276
0.3109739762717296 0.9514705387355669
0.9971586535278801 0.08761061405141055
0.063484961296354 0.998984814543845
0.4984076688965217 -0.8680960750891201
0.9785947761733557 0.2106021463476094
0.6213116568398465 0.7848393625927059
-0.3950377166303215 -0.9197533378246049
0.25868527032669447 -0.9669968618956346
-0.6791560291078598 0.7353557561659825
0.9510655120558247 0.312210492741663
-0.07465475662398173 -0.9982122356059427
0.3041194523754796 -0.9536835736694003
-0.7533439983775736 -0.6591462812672847
0.12877993167035856 0.992681585000436
-0.4558095990921451 -0.8912006560676771
0.18158315436990072 -0.984392481710967
0.9537780279781009 -0.3038230954786105
0.8677615054173887 -0.4989899495137624
-0.13764446472220665 0.9914913016922222
-0.9834970687694139 0.1863719821270641
-0.6912462568058287 -0.7240024947829463
0.9847019641087797 -0.17989730926367822
-0.8464356093509173 -0.534366689851399
0.46996772647031543 -0.883816347481943
-0.6307699978414236 -0.7772581359002494
-0.6386474862492197 0.7707985393781909
0.5551660347632961 -0.83294157889086
-0.9525319252946773 0.30770754182245064
0.8605825472062798 0.5112716298054792
-0.9869455575697155 -0.16715102869382356
-0.05740288998754418 -0.9993527446407889
-0.5202600744209707 0.8551786099777555
0.5716864709861336 -0.8216906832205295
-0.9691490406696938 -0.250501770390974
0.9855987334252615 -0.17491751390446983
0.11749019964728896 -0.994081009267776
-0.9756620992693397 0.22379559434748728
-0.5269975839227558 -0.8510432107358462
0.5703042162508407 -0.8226506554586305
0.12086873546606858 -0.993675877128369
-0.5912538575963829 -0.807725123960742
0.7355637528451843 0.67893075162369
0.6927364719572627 -0.7225767643788475
-0.4288635825298724 -0.904476106693617
0.8555204531174898 0.5196977528310518
0.4505822300931457 -0.8938549400905538
-0.08362145320141928 -0.9975011040417363
0.9823895534151151 -0.19212434864131783
0.34687257664628884 -0.9389783892991173
0.6488255090310681 -0.7622509159263605
-0.18388291633144446 0.9839654836839771
-0.8861644638167439 0.46552501873517255
0.04215509602623441 1.0001119676711299
-0.0007530899627317839 -1.000999716711003
-0.22451243455420855 -0.9754973945278081
-0.9245486142287629 -0.38368067442558823
0.5651777733692646 -0.8261810240433753
-0.8380812172373758 -0.5473763543613466
-0.8242012183084414 -0.5680610457854691
-0.12102901878098325 0.9936563674696159
-0.9902990079910503 -0.14597559649455738
-0.7145189503359363 -0.7010446987252894
0.4013184930043663 -0.9170302433249976
0.39456438646671216 -0.9199564907821168
-0.6684929957178439 0.7450624904504204
0.7538182518722507 0.6586038590414302
-0.15230699071602893 0.9893450260546254
0.14628026820698686 0.9902540497939365
-0.8594929028891098 0.5131013056729161
0.029999446638411236 -1.0005503651497956
-0.9981989149867955 0.07483265409688687
-0.26226167636363434 -0.9660330289958704
0.9428790322693784 -0.3361251708913816
-0.1361925358403539 -0.9916917833588085
0.277775528091157 0.9616869324232699
0.3099070254216633 0.9518185938477439
-0.28849121148675166 -0.9585269014977651
1.000808277112706 -0.01959062180475436
0.3056310603579689 -0.953200217658632
0.8939818568656777 -0.45033036716947583
0.9217868546424235 0.3902691309960702
0.9935293778836468 -0.12206709336317342
0.9992050688361724 -0.05991853145813774
-0.05821588993446086 0.9993057140630882
0.671466713490977 -0.742383629044732
0.11220220882587653 0.9946917433730886
-0.9490317498823869 0.3183390295191191
-0.9522769557559551 0.30849570424265355
-0.21345180033723002 -0.9779771617644225
0.07868437638622579 -0.9979026850914425
0.8494555064596717 0.529552964815931
-0.10939124950535635 0.9950048012606054
-0.43678978973095683 0.9006751243299587
-0.9503990257471987 0.31423349894429714
-0.367222211001574 0.9312082730233422
0.4328136772151236 0.9025925552626295
0.3545616606252966 0.9361020397449372
-0.999600996077592 0.052904145779758056
0.7099104830306622 0.7057110641637779
-0.9561968157244247 0.2961226934878016
0.16314438854954288 0.9876157696618639
-0.2876333497823955 -0.9587846766052105
0.9870749455353115 0.16638525143912752
-0.599345823507478 -0.80173909961043
0.23438724284622556 -0.9731719377329705
-0.8406211371066656 -0.5434676658730456
0.6727809564117284 -0.7411928120871923
-0.7133061164211932 0.7022787084029497
-0.4264656695945121 -0.9056092052631226
0.9118657557655793 -0.4129186886810391
0.34312562669995245 0.940354084535057
-0.8780696774935696 -0.48061901904350285
0.8976666709538644 0.44293966616076114
-0.6254265479178859 -0.7815642220313801
-0.697593617784551 0.717888671331608
-0.5344308663109434 -0.846395090447797
0.03458622120980916 1.000402315722243
-0.8498600313801754 -0.5289035139441666
-0.5348771730642721 -0.8461131187582265
0.4486903339791019 0.8948061154203865
-0.049516422377875895 0.9997745365405621
0.5874842914235039 -0.8104709787096781
-0.7369950927176494 -0.6773767292357358
0.14606703026597237 -0.9902855258304443
-0.9564650593680523 -0.2952551273188465
0.13537044347253835 -0.9918043370716062
0.7913415478805649 0.613008608910178
1.000992402767353 -0.003899948979363609
-0.9518815321729118 -0.30971365599235345
-0.6590831614958176 0.7533992210194261
0.16688087727492296 -0.9869912729097213
-0.9739301507395145 -0.23121648185306007
-0.12283413020438005 0.9934348375494657
0.5879626326245746 0.8101240291691018
-0.9962608643183329 0.09728972313501717
0.7197614040587834 0.6956612115299577
-0.07713618972115548 -0.998023550942212
-0.38087196163872006 0.9257092139746008
0.2099971355854899 -0.9787247841175216
0.9784815193096191 0.21112772525071027
0.5122920299183926 -0.8599755090013277
-0.3335620285915888 0.9437888392441733
-0.458013942961969 0.8900697883045072
-0.9996520955856213 -0.05192964270314
1.0004100564867708 0.03436159018637127
-0.08519953743739597 -0.9973675545256391
-1.0009776496745484 0.006689159290732357
-0.9071073506390582 -0.42326971828443943
0.5186467193855041 -0.8561580347521445
0.34698047004840205 -0.9389385248273658
-0.5801785065306375 0.8157168016903164
0.0580462606202973 0.999315581599727
-0.9544911140144648 0.3015753857121399
-0.22685461941202714 -0.9749553741845953
-1.000552356912031 -0.029932943019020993
0.6675186415480032 -0.7459355623550257
-0.8380974492858481 0.5473515008662673
-1.000968986889042 -0.00787954861176933
-0.9488507353956407 0.3188781615902097
-0.9162784946491587 -0.40303190970873726
0.9706521794712945 -0.2446126458048027
0.3139456302991978 0.950494156329243
-0.650661278216498 0.7606844950632772
-0.547822359879685 0.8377897480966529
0.11626880463096259 0.9942246049407986
-0.9225121499624076 -0.38855158366906245
0.8017218349795375 0.5993689175433133
0.5794642899949924 -0.8162243175871442
-0.5388058216935165 0.8436167888971713
-0.8834207221571999 -0.47071098103109027
0.829843840094054 0.5597858528562097
0.920091492714238 -0.3942494705575208
0.9593243382035455 -0.28582829483857874
0.2956407999081502 -0.9563459193355034
-0.9296479019653282 -0.37115465559718314
-0.13185156205752818 0.9922782702362225
0.39167516729306245 0.9211902970211701
0.9544294339834554 -0.3017705345888181
0.8726552293515641 0.49038133190953437
0.6417209000482436 -0.7682416849151523
0.6341591953465421 -0.7744953937612711
0.03609515697399622 -1.000349008917899
0.27531859036297884 0.9623932012439315
-0.6230656049705102 0.7834476701750616
0.38126847754454934 0.9255459729429227
0.1373878419593111 0.9915268936754884
-0.3123888101989624 -0.9510069564742819
-0.37052594665680183 -0.9298986626800153
0.8160730989389878 0.5796772353543971
0.3556233557288111 -0.935699219226018
-0.40578154481975115 -0.9150641168156995
-0.0820028104160395 -0.9976354740504525
0.9990436756985541 0.06255185086567953
0.01799890840491042 1.000838168384995
-0.30787970493495775 -0.9524762922451998
0.4685506505394112 -0.8845684189926151
0.20128211961759035 -0.9805541842867482
0.08602126795464606 0.9972970176730074
0.0913632896593598 0.9968218242507635
0.9729345699536771 0.23537060689273293
-0.22343183240617845 0.9757454669469992
0.2324339407714154 -0.9736403150945785
0.8025292575867857 -0.5982873813788843
0.1450747242604625 0.9904313829744849
-0.3095261283838665 0.9519425275969627
0.37091257131948974 0.9297445156800681
0.22087409438512 -0.976327626583184
-0.7352270148157999 -0.6792953972205668
0.26737792964513585 0.9646294846927917
0.562167343333373 -0.8282323816958
0.6583306346478729 -0.7540568781492075
-0.8860422868351743 0.46575751839331025
0.8311270350597207 0.5578788861328575
0.7585819248475795 0.6531113712794635
0.6321268232015625 -0.7761550614336676
0.8876629305953826 -0.4626613466098255
0.8963502529156024 0.4455976033352688
0.3767226532536151 -0.9274055437216
-0.3939914738993636 -0.9202019987451706
-0.26015027517813977 -0.9666037628339433
-0.8282706994742153 -0.562110886207067
0.6281592281033873 -0.7793696068930045
-0.9957703643000724 0.10218797180540043
0.7423179887126727 0.6715392792931566
0.9991558580890912 -0.06073360886899314
0.8027359627409937 0.5980100117241267
0.2887407027620761 -0.9584517758178877
0.8577897628397987 0.5159435267228787
-0.5885792419013591 0.8096761550168199
0.9678811002164553 -0.25535695769605354
0.7756026190813273 0.63280453322822
-0.8845271261879472 0.4686285981859102
-0.31686293382425773 0.9495256084847232
0.9935001594843956 -0.12230467327326636
0.7798160551898327 0.6276049076195691
-0.8064962717041092 0.5929289702210305
-0.43546484350857784 0.9013164649933174
0.886424575851544 -0.4650295381224835
-0.9091328210679185 -0.41890155604519796
-0.5100841453420224 0.8612869235456315
0.15865145337271797 0.9883474674135228
0.6987223419060729 0.7167901289228898
-0.3571604958128534 -0.935113565419044
0.6171571733313889 -0.7881104132071914
-0.9877298230684278 -0.16245244418355892
0.7693923500976818 -0.6403408558035057
-0.7350664888660638 -0.6794690993313213
0.9744866647597538 0.22885965176372006
-0.7524731743033691 0.6601402290073007
-0.2060331619534294 -0.9795669125564991
-0.8037318174010292 0.5966709023383314
-0.8894702732592872 -0.4591771259416664
0.9886409655440562 0.15681212085842153
0.43353664901986866 -0.902245517559729
0.8985945872851359 0.4410541550669899
0.9299328671183641 0.3704400932040416
0.9267782039871449 -0.3782633482302534
0.9632666040396549 -0.2722470377100741
-0.7919876766804185 0.6121736028173322
-0.8865823890330201 0.46472859547966555
-0.6859698418552603 -0.7290036872781023
-0.44307527299351285 -0.8975997451323859
0.14205395606921056 -0.9908691505769502
-0.3590506975213618 0.9343894244957097
-0.6331161198525437 -0.7753482951440982
0.9028117665770562 -0.43235623521584027
