1000
-0.3411043942032914 0.9410891521291729
0.3486824973310875 -0.9383077938794689
-0.8244906153583063 0.5676409298016497
0.4884852521771052 0.8737180085161745
-0.9402526936440827 0.3434033664585234
-0.36083149922992963 -0.9337031804398448
0.5564889964170345 -0.8320582893444194
-0.5928839031913518 -0.8065294026485259
-0.5443441282807702 -0.8400538494681448
-0.10095867646008125 0.9958957503912891
0.999338889364403 -0.057643596382611594
0.2427069639069829 -0.9711304390611256
0.4601097364747746 -0.8889882059966338
0.5622186240497707 0.8281975723048108
-0.31702979430872597 0.949469909749944
-0.7596042337509109 -0.651922087421259
0.6684062409369036 -0.7451403203938156
0.40505029219576066 0.915388038370684
0.5909978356094158 0.8079124694575435
0.3989170083653178 0.9180774588436779
0.9733855252950874 0.23349864913101065
-0.7176836965335082 0.6978044939164546
0.7218781750747276 -0.6934644189508073
-0.5675780420480032 0.8245339084506804
-0.10427544036075438 -0.9955539325107259
0.15987796180930078 -0.9881498051043192
1.000659349506223 -0.02611256873198163
0.9672474783055535 0.2577466114453258
0.7495997063302354 0.6634012965540728
-0.565957987321312 0.8256467504854662
0.634693105280942 0.7740579190918694
0.905970728592728 0.42569712112388264
-0.93399196298291 -0.36008334185759067
-0.46619354601972446 0.8858129473255373
-0.353527904591244 -0.9364929367994851
0.19996551608403892 -0.9808235276425846
0.8759263701545444 0.4845141835569769
0.9431860631963139 0.3352626585115598
-0.43749686022291745 0.900331881749774
0.4358755166343304 -0.9011179356769876
0.28616250427949846 0.959224697943337
0.8251940089671361 -0.5666179026158158
0.7803392260470559 0.6269542984080115
-0.5861250946211187 0.8114544802115424
0.9793044553509684 -0.20727706995647893
0.7829689097089777 -0.6236671279048903
0.360258680589297 -0.9339243454691921
0.8861439649722531 -0.4655640378543583
-0.9965646993863303 -0.09412651027756895
0.08590461648435144 -0.9973070725040891
0.9245150070909635 -0.3837616469419473
-0.9415609809059055 -0.33979982230058486
-0.6439095001157834 -0.7664082173754676
0.23131945940271453 0.9739056975403911
-0.8516000249364255 -0.5260973270491681
-0.9945820585964048 -0.11317035264651981
-0.6594745643052957 0.7530566373350284
-1.0002568747642957 0.038564030997346545
0.8163462895250696 0.5792924439164135
-0.18097636421254099 -0.9845042181709582
0.3464783983918831 -0.9391239105931631
-0.3766234309722451 -0.9274458427545484
0.9711007883490115 0.242825572928241
0.3540103573874832 -0.936310667920849
-0.9986977915755972 0.06785072661383151
0.23744538794414852 -0.9724302996842771
-0.09173327421167785 0.9967878442288536
0.5790937314882129 0.8164872626998279
0.9212500913074897 -0.3915345058432806
0.08646444630122231 -0.9972586923791755
-0.02332897270095679 1.0007281144410394
-0.13731125869540323 -0.9915375021830914
-0.9882456553880944 0.15928441419848924
0.19542085306365806 -0.9817391151359266
0.3369213170704341 0.9425948366628814
-0.9943238407819653 0.11541706828974996
0.1532745563360503 -0.9891955875255343
-0.8878210641863196 0.4623578246197106
0.21705581918777983 0.9771835914283057
-0.9001290981691661 -0.43791392605072943
0.9912860980369924 -0.13911459966011563
0.18964361454383513 0.9828714562254565
-0.7232205832154532 -0.6920642947107586
0.38060889516292296 -0.925817405821936
-0.4666676255329692 -0.8855632824815065
0.9609614113722259 -0.28027516096418464
0.5552229024172584 0.8329036730807203
0.9442089050909933 0.332371093127648
-0.9993415053910027 0.05759822569180801
-0.9725260452180522 -0.23705292947469575
-0.884325962248837 0.4690080942720164
0.8435963522767785 0.5388378182953693
0.25041744092644563 0.9691708338986734
-0.6303642155398961 0.7775872656922639
0.528673186001675 0.8500033308186729
-0.8338901377976746 0.5537402261744898
-0.19622118877293038 -0.9815794644737317
0.9891241889674528 0.15373463760479908
0.9528341701634269 -0.30677034434406086
0.875877341165841 -0.48460280976512804
-0.9969624913845295 0.08981531479849054
-0.014439321714648993 1.0008958517190591
-0.42778787546788805 -0.9049853775629033
-0.5467616337886788 0.838482388495271
0.9955337305944719 -0.10446813508746745
-0.911767173659258 0.4131363225830046
0.9987111769534464 0.06765341845215206
0.9222401891155345 -0.3891966515530973
-0.3902209066952143 0.9218072705169801
-0.9762345268645207 0.22128521992579
-0.8785395837157399 -0.479759522932661
-0.8765565060741344 -0.48337324259738057
1.0008481715575936 -0.01743380307968884
0.4543489846097722 0.891946186820746
0.5583240192262305 0.8308280746069355
1.0002090403081947 -0.03978537024787303
-0.0694629321626567 -0.9985869521756061
-0.01789918684511196 1.0008399567914361
-0.9439092877659729 -0.3332210324531357
0.9171662330017553 0.4010076072113471
-0.5282516544305601 -0.8502653642195336
-0.8057332893308108 0.593965374802397
0.8501142804503222 -0.5284947588902191
0.4690114436163923 -0.8843241858938766
-0.8518523856302869 0.5256886084898443
-0.9308021753349545 0.36825033658058826
0.9912650829349882 -0.139264264453919
0.30992026980740894 -0.9518142814449165
0.5420564529162221 -0.8415318186806031
-0.12417317619120437 0.9932683536258406
-0.006986800435950562 1.0009756163961578
-1.000976072129407 0.006921201079600374
-0.51781135172829 0.8566635302271955
-0.622574055684157 -0.7838383412343264
0.7173179232265823 -0.6981804902873633
-0.4677926545739723 0.8849695092638142
0.6847793508023661 0.7301220724746582
0.07148186865248017 -0.9984444613767707
0.5895028238295235 -0.8090039682826147
0.6250784650233979 -0.7818426392593286
0.2339715848375553 0.9732719545371699
-0.6060847123148909 0.796656966013714
0.5829871192628221 -0.8137118770017039
-0.9423366547639502 0.33764275364397733
0.5030840715240086 0.8653943707806437
0.2063216846291062 -0.9795061829574164
-0.7259875306961867 -0.6891611605957298
0.0915907274118183 -0.9968009523732277
-0.729736758908281 0.6851899464367798
-0.8517640919129975 0.5258316572132442
-0.11078385871819357 -0.9948507107337801
-0.04365242507379122 -1.0000477317534284
0.2939925604506976 -0.9568538939669122
0.8302528853068281 0.5591789932031486
0.2806294276706766 0.9608580146542092
0.9742090907092252 0.23003836110419623
-0.9994076542258494 0.056438822407851856
0.9901909749006342 0.14670662297705464
-0.3701070159122477 -0.9300654798306037
0.6068771490530445 0.7960534692828422
0.7687628676573856 -0.6410964461851221
-0.33459593187002284 0.9434227908928378
-0.9286297050234796 0.37369489018182356
0.19240065333528666 0.9823354766046857
-0.9934637237452323 0.12260028385879293
0.29332993425942067 -0.9570572342693847
0.2116596748144866 0.9783665887883876
-0.7419188567040012 -0.6719802155324424
-0.9566955330935898 0.29450748200813526
-1.0009969263331318 -0.0024806192014679793
-0.24884698101982966 -0.9695752575418355
-0.29105256756994113 -0.9577522659388203
0.32781118289157096 0.9458016855404885
-0.44021493087748936 0.8990060147921854
-0.7417470137066579 0.6721698949352426
-0.682039630003368 -0.7326820204596731
-0.8663061653044374 -0.5015123407808832
-0.9839307373074028 -0.18406874851997754
-0.9149305612136842 0.40608258785278256
-0.9793142813042776 0.20723064067238295
0.8909142281907545 0.456369190466745
0.9943908945330967 -0.1148379243528366
0.774269327947277 -0.6344351880216546
0.5851916150207963 0.8121279293986583
-0.6893245759137717 0.7258323697943616
0.8126849246519092 0.5844178413117798
-0.4815463235562525 0.8775614726441999
0.9707340703992081 0.24428746297381954
-0.6805093712358149 -0.7341035319764072
0.6865688246391701 -0.7284395987544804
0.4946318502311132 0.8702530279964245
0.6701616521805859 -0.7435619408943598
-0.5304379755322945 -0.8489031476636194
0.9901370821357265 -0.14706991051792276
0.6423647426894493 0.76770341757056
0.18296193857264648 0.9841371495039394
-0.09528840466438795 -0.9964542738814038
-0.7197498608318905 -0.6956731544572309
-0.8202817654014899 0.5737062186780052
0.39169950699420436 -0.9211799477954876
-0.9124298466745546 0.4116707117314139
-0.8672039841273264 -0.49995824817047646
-0.2697369099723745 0.9639725096695212
0.6808181736596373 -0.7338171532573738
0.32154173824610016 -0.947951428378942
0.33333257867202276 0.9438699020499911
-0.9782701010092072 0.21210518492350833
0.9420225598772793 -0.33851808915072423
-0.8124591840522852 -0.5847316258328215
-0.9942855919157638 -0.11574610882755053
-0.35659401857545564 0.9353297311195703
-0.8847729015276361 0.46816440779107504
-0.05268577604028295 -0.9996125294347971
0.503067642077071 -0.8654039215851844
0.04651314594830347 -0.9999187603270537
-0.16452505759040378 -0.9873867051084262
0.7673278635986303 0.6428133086247996
-0.27665847929256293 -0.9620088803309076
0.3221377103014168 0.9477490678453662
0.14452060579994555 -0.9905123898766823
-0.14091311622999375 0.9910320346357894
-0.8536720112076712 0.5227285120219191
-0.19845440649801888 -0.9811303932411426
0.9685721111587879 0.25272329826394824
-0.7859822978603659 0.6198651687666754
0.8577876230797369 0.5159470841968343
-0.7375317780380137 -0.6767923436210594
-0.9115767914584165 0.4135562274641486
-0.1559103381921175 -0.9887835791743406
0.9823098124847618 0.19253163972748003
0.10791462322457296 -0.9951660334307529
0.08686554142800805 0.9972238353110193
-0.07238109054842416 -0.998379676140806
0.7050336079001837 0.7105832897917387
0.9739246236278949 -0.2312397619166378
0.2803074912978629 -0.9609519812780961
-0.6392798650883168 -0.7702741421680099
0.15074106670857126 0.9895848274946226
0.9483356773784141 -0.32040668378051146
-0.17532177916673944 0.9855269015860547
-0.7256244331843095 -0.6895434590843057
-0.8904487642679605 -0.4572767195185671
0.9129018398092679 0.4106229789878469
0.7511286813599994 0.6616696336075795
-0.7883673058794234 0.6168289803668596
0.38539049292389066 -0.9238371977593675
0.9990657852198137 -0.062197723456064676
-0.052331926170163884 -0.999631116714221
-0.7584613239980307 0.6532514217352722
-0.9213719912179018 -0.3912475607580942
0.012611258832063559 1.0009205543651656
0.8141843518696781 -0.5823270912215506
0.6724770850725182 0.7414685226308458
0.9943538764165303 0.1151580151592566
0.5161604490023769 -0.8576592510348527
0.7314682312628203 -0.683341222708861
0.8578385980863084 0.5158623262395862
0.9603871491196905 -0.28223664504410734
0.8089947655685064 -0.5895154529634973
-0.8047082361882267 0.595353386326838
0.5940993937462237 -0.805634476887856
-0.034402445785779945 1.000408652363601
0.6246774183172332 0.7821631051414509
-0.6174194777331716 -0.7879049362173699
-0.5214194720406595 -0.8544721962573386
0.9173251533624663 -0.4006439354445885
0.9689951407527588 0.2510964300772535
-0.23627972517911125 0.9727141879654494
0.2980323158153668 -0.9556033375463532
0.9608705052998395 -0.2805866569258613
0.7303773616797079 0.6845070558772853
0.9932399989816071 0.1243997766196434
-0.7996398455485537 -0.6021437680579989
-0.9794749218626884 -0.20647004005927944
0.9846622904000368 0.18011433553205486
-0.7318217412111458 0.6829626191020169
-0.5334956602004783 0.8469848762210904
0.06287931588690969 0.9990231186682289
0.6756881176090604 0.7385435449057317
-0.8775670308876623 0.4815361941734109
-0.49756968785257033 0.8685766550686794
0.5838385671974189 -0.8131011790994187
-0.9841332390896208 0.18298297111745462
0.9272478372292553 -0.3771106579688096
0.29286048528127245 0.9572009904721253
-0.9799973208814283 -0.20397610415247885
0.8934057823400199 -0.4514721564852221
0.3745789774888371 -0.9282734455016028
0.09764203784035673 0.9962263961802972
-0.9480779580456092 -0.32116846898172946
-0.6651987736436258 -0.7480050745436266
0.5105571410281904 0.8610066235198893
0.6284451747476741 -0.779139051990314
-0.017989631809957465 -1.000838335170742
0.3865951113947962 -0.9233337532255849
0.38047943031175 0.925870618990389
-0.7272847688311304 0.6877920216360824
0.5728495298581634 -0.8208802690656423
0.4156325678979545 0.9106319610592153
-0.08720722453537962 0.9971940132134949
0.424083291434213 0.9067272808989065
0.9537300153799954 0.30397377808500803
-0.9959339438423879 0.10058120849615718
0.9314923089364577 0.3665011301377212
-0.23785031038750704 0.972331337481502
-0.4893347934384111 -0.8732424977808785
0.7467961704756366 -0.6665556839176484
0.5013862784808748 -0.8663791316456663
-0.9652383198253605 0.26517161601633593
-0.9994790157696881 -0.05516064753114743
-0.027584099375054932 1.0006198666135242
-0.7101897061924319 -0.7054300682692136
-0.96016453883178 -0.2829930359036335
-0.9102650628715738 0.41643548757930066
0.43616039726892164 0.9009800818299017
-0.7828109749567709 -0.6238653520490056
0.7967768657128919 -0.605927079989614
0.21934204832133372 0.9766729574623235
-0.08612652890099042 -0.9972879328556357
0.6925551486149343 -0.7227505559506311
-0.19426556824999724 0.9819683747415218
0.9978489205207951 -0.07936329009991941
0.1262202906175814 -0.993010291102974
-0.5132929658618786 0.8593784563256845
0.8308836637820751 0.5582412894618916
-0.3881329166462827 -0.9226883758971117
0.5297225478510229 -0.8493497644069966
-0.9241672054917663 0.38459846111696716
0.9943955049733973 -0.11479799514234683
-0.5681685706304284 0.824127099025251
0.3110642236690275 0.9514410379803812
-0.5823198891569974 0.8141895029366212
-0.47934589177073217 0.8787653361634843
0.6343199046283394 0.7743637766529982
0.08659199885509819 -0.9972476250832983
-0.6731317655199649 0.7408742310594794
0.16186672174507016 -0.9878259787996588
-0.9811386071225717 -0.19841379390954642
-0.7485098502717689 0.6646307275819665
0.5192206279162987 0.8558101071769394
0.9292792095429152 0.37207680754287115
-0.9175287829940106 0.4001773761440416
0.9681597461178969 0.25429845850285737
0.6311841029992126 0.7769218931920244
0.9807641152095338 0.20025671104175338
0.2934796102384239 0.9570113470457405
-0.007704242079673255 -1.0009703515359372
0.42320943252266874 0.9071354784285756
-0.74190988692342 0.6719901187408027
-0.43051767194174484 -0.9036899546558322
0.5149283603514976 -0.85839954782474
-0.8547491132100682 0.5209654052493332
0.7937893179721186 -0.6098356489033409
-0.7475955174026513 0.665659028602078
-0.10258278812631112 0.9957297683509478
0.5704424194311619 -0.8225548286366826
0.4017035639130297 -0.9168616290038375
0.9583202000379782 0.28917709833105654
0.8973006599264949 0.44368065733754586
0.08190509227901863 0.9976435013865251
-0.7529204134722967 0.6596300864702169
-0.13279283391742522 0.9921527419002476
0.9936160403521772 0.12135964879176518
0.6714769456145012 -0.7423743742265221
0.32403286492765854 0.9471027940233171
0.0654950120416738 0.9988550462392733
0.8212223486172666 -0.5723590255526164
-1.000793649809101 -0.02032413594174539
-0.9567672327431216 0.2942744677152088
-0.38588441924890426 -0.9236309950304482
-0.1366807486553997 -0.9916246129191224
-0.6799316961608726 -0.7346386108528457
0.08611047106138009 -0.9972893194923864
-0.9110585955968995 0.4146965582073297
-0.963480429322088 0.2714893410676098
0.46460365792356595 0.8866478675573759
-0.56700722183943 -0.8249265484768517
0.3518243637922863 0.937134257746537
-0.7500610869051583 -0.6628796013686441
0.9362459395002284 0.3541815082261279
-0.41978061219487056 0.9087272625080088
0.9978719956471873 -0.07907262676236311
-0.4594671981936203 -0.8893204674267339
-0.43917768072620833 0.899513182089039
-0.11502845375882992 0.994368872615114
-0.6749465843550125 0.7392212850476519
0.9235220734489354 0.3861450243788973
-1.000454528218905 0.033041443162914116
-0.5982418944003202 -0.8025631662270055
-0.5352914859113107 -0.8458510655611076
-0.7931096960906321 -0.6107192562602108
-0.5751619755637901 0.8192616809454462
-0.6032189525356967 -0.7988290776516194
-0.47429884789865695 -0.8814996329449075
0.6718519005599984 0.7420350555829003
0.9780181783857724 -0.2132637867688167
-0.4268927794323154 -0.905407949417583
0.8436944671023106 0.538684180370046
-0.7133038891302084 -0.7022809706604042
0.8083270790881387 -0.5904306337012316
0.9979068256093802 -0.07863184725167108
0.9181069325754475 0.39884916993382696
0.5501393965832881 -0.8362700785792683
0.17264449831895987 0.9859994306287376
0.8642534618935429 -0.5050415365145983
-0.7846304493124315 0.6215754644544552
0.02953258435889672 1.0005642540392319
-0.08137047271140356 0.9976872486760181
0.9712132681979682 -0.24237530335457344
0.26660202826833906 -0.9648442146394453
-0.06846410839306719 0.9986559296684431
-0.816939157378837 0.578456059818856
0.407459941284632 0.9143179951462862
-0.834036136366012 -0.553520300653603
-0.17804935789599352 0.9850377790485116
-0.6437711443272993 0.7665244377914637
0.8556813230271109 -0.5194328382212402
0.5564815813369781 -0.8320632485771116
0.8289507890482012 0.561107466833551
-0.6450834584040299 0.7654203627376894
-0.5215149239205376 0.8544139419088127
0.9721585580843912 -0.2385555238163167
-0.9595665854017973 0.2850139789209211
0.4076849132421233 0.9142177046605269
-0.4100918365418909 -0.9131405617985103
0.3395280875117131 0.9416590029254955
-0.9466755843739838 -0.32527886182501353
-0.3944368039981519 -0.9200111997425485
0.9986227585222954 -0.06894625560043974
-0.12399919890240009 0.9932900878754217
-0.35779707198581284 0.9348701809761497
-0.9418338495412971 0.339042769954207
0.6109884822887631 0.7929023108242741
-0.9547971441806301 -0.3006050789067161
-0.9940554728805753 -0.11770606117008611
0.7626396935692981 0.6483684892038841
0.49174620897192994 -0.8718868424065906
-0.3481510306120509 -0.9385051197962464
0.9951318903820467 -0.10822901988216557
-0.6376782213441786 -0.7716006000667216
-0.6076704021967188 0.7954481015717354
-0.2972432681053024 0.9558490673563893
-0.4153123070410181 0.9107780671603083
0.9836004418037486 0.18582564646321176
-0.7075603991431502 0.7080672860430609
0.7310808046950744 0.6837556997981095
0.6030703852529462 0.7989412434158492
-0.41152713583507106 -0.9124946117492327
-0.8437013267137147 -0.5386734366028436
0.6857177989964723 -0.7292407696635135
0.42318881130839303 -0.907145098638244
0.9138401942901488 0.40853041416734565
-0.999437430001852 0.05590906466122512
-0.8649762746440065 -0.5038025846529334
-0.5669235105469344 0.824984080567098
-0.05068874789217207 -0.9997157850294872
-0.9728730807574153 0.23562463525186728
0.9226746222429482 0.38816561087869816
0.900250026938417 0.43766527049490606
0.2036863058684298 -0.9800575946349646
0.29288259466423655 -0.9571942257153166
0.5791671640392458 -0.8164351756868007
-0.4681730704105086 -0.8847683177772568
-0.42063153630717903 0.9083337000595443
-0.8676845725471768 0.49912371468767447
-0.019844980386712435 1.000803265758786
0.8137677129535619 -0.5829091776206045
0.7770592576380333 -0.631014984068547
-0.0946595596492645 -0.996514208512356
-0.9672676230862114 -0.25767100211151206
0.1891848312251609 -0.9829598667465053
0.998307686406813 -0.07336731739048559
0.12580866601434415 -0.9930625255016379
-0.3451499081304627 -0.9396129740044744
0.8518685890645062 -0.5256623507207333
0.19717367351153647 -0.9813885787362547
-0.3667497718420182 -0.9313944410687814
-0.6190228260184744 0.7866458802206375
0.7902355108597692 0.6144337534480017
0.5650921896158507 -0.8262395640703509
0.9200055846210212 -0.39444990083169373
-0.9279369725217909 -0.37541174066229355
-0.0313882305214163 1.0005077605819628
-0.5442241320483984 0.8401315933210507
-0.9742219434306951 0.22998392321664463
-0.4362754742093515 -0.9009243645297897
-0.8741521321897434 0.48770795542837453
0.3369072407339823 -0.9425998679933149
-0.9884766210116449 0.15784476460561106
-0.9823788737275935 -0.19217894903892294
-0.17941586115926017 -0.9847897992792579
-0.9603073087204084 -0.2825081818605724
0.10330293731667901 0.9956553134201345
0.979262585018715 -0.2074747926435014
-0.6975628317839304 0.7179185857139958
0.3522447124082391 -0.9369763404592653
0.9298209227385545 0.3707209889359153
0.8314876188435303 -0.5573413134784789
-0.2580377277130823 -0.9671698563730516
0.3667763330570065 -0.9313839817761823
0.8172841511383773 0.577968525352395
0.7137790440245371 -0.7017980309971082
0.8822870505368183 -0.4728324866747649
0.9158702086094913 0.40395886050637253
-0.19438353389228077 -0.9819450299031757
0.9585676065768471 0.2883559321767714
-0.06466284993241601 0.9989092630657791
-0.9909601171914239 -0.14141798377844103
-0.6129635122363417 0.7913764797281305
0.27520823521282883 -0.9624247644730679
0.9941992545309553 0.11648537371744505
0.08773405550267478 0.9971478002307649
-0.17743060902920108 0.9851494196209664
-1.000806394565061 -0.01968655880756393
0.2421322367814959 0.9712738954132297
0.7761811635283412 0.6320947724699125
0.45238691927352975 0.8929429294586553
0.969587953260541 0.248797509818798
0.33177661473532927 -0.9444179572174414
0.5898152724628763 -0.8087762016587424
-0.6603466416067978 0.7522920396485817
-0.061298605507392634 -0.9991213544724429
0.9983748802092551 0.0724472122800839
-0.9630297659797645 -0.2730836315800708
-0.8882073240331535 0.4616153696898152
0.15456812210902704 0.9889942849317629
0.16824989473482213 0.9867588220642981
0.8302253662484155 -0.5592198505397357
0.8315443167833191 -0.5572567175237666
-0.31228296243386955 -0.9510417190499723
-0.995424077386351 0.1055078488053478
-0.4486590410150551 -0.8948218062359964
-0.8667148422762205 0.5008057329724832
0.9854119879725006 -0.17596651374646344
0.9766354438013782 -0.21950902011280743
0.9837027411376664 0.1852833426896256
0.9422626051887822 0.33784934935981337
-0.9537898564905631 0.3037859602676053
0.05338710674696981 -0.9995753182392949
-0.852736277237938 -0.5242536041672794
-0.9999864974617398 -0.04503337533654111
-0.013217536887011102 -1.000912731819633
0.864897048153998 0.5039385836533066
0.9746283658750718 -0.22825544556852775
0.6771799199437334 0.7371759328850874
-0.4412924971270087 0.8984775634257146
-0.024443967178941962 1.000701500183024
-0.997193365841983 0.08721462675914428
0.03910359355330083 -1.000235926654916
0.9667793925475483 0.2594968326307542
-0.2099408676920677 -0.9787368553767155
0.8668398222926739 0.500589375124568
-0.7362744109602323 0.6781600045455077
0.9910212753492907 -0.1409887648185679
-0.9998777737142049 0.0473860489208087
-0.23420129271939524 0.9732167047932151
0.9366513370562016 -0.35310801858755614
-0.5244068004164834 -0.8526420747751934
0.9967006759299464 -0.09267557715378988
0.2668546685044098 -0.9647743704604728
0.9932617936137005 -0.12422563884840648
-0.21597625302206677 0.9774227632557716
0.990689808164127 0.14329935100943555
0.9954074208682113 -0.10566487817858788
-0.674296167413219 0.7398146244917332
0.7359075215196854 0.6785581181967789
0.9510586958132569 0.3122312558312939
-0.36880566959845595 0.9305822790447036
-0.19692029145416595 0.9814394524440142
-0.9605315289620491 0.281744887921375
-0.7349216074841187 0.6796258020800556
-0.8765771829243291 0.4833357449811129
0.8407022247540625 0.543342221158608
0.463600496091757 0.8871728016702704
0.05211619360046548 -0.9996423872388559
-0.406927309488691 -0.9145551731810908
0.9609332943884537 -0.2803715458739586
0.5909689841892257 0.8079335738328707
0.9652312847627075 0.2651972226765074
-0.13359506936279894 -0.99204503801085
0.7866619596307386 0.6190023919743172
0.7050693993154803 -0.7105477761198805
-0.2695407295071932 0.9640273829807585
-0.8112371595009296 0.5864258444550883
0.9627765236472584 0.2739751184208159
0.9758134193137382 0.22313487106956295
-0.14940459322277233 0.9897874860412905
0.7009874571331761 -0.7145751079781352
-0.9588271416522718 -0.2874917606313862
0.9846112584609973 -0.1803930977389413
-0.9267830632045179 0.37825144250518156
-0.5855760652209895 0.8118507694399898
-0.9926915767775348 0.12870288805979344
-0.5079881436478947 0.8625248088682237
-0.7735536244920267 0.6353076341704454
-0.9468522976718381 -0.3247641088444981
-0.2817917157451849 0.9605177920982957
0.11175499732468813 0.9947420874643633
-0.9505341585500647 -0.3138244946295944
-0.13187542407052563 0.9922750992170564
-0.6969996050792725 -0.7184654135860252
0.842398714808802 0.5407082441469508
0.6704057616513702 -0.7433418559079302
0.7364193562562737 -0.6780026045164541
0.8647665843990037 0.5041624286942462
-0.9878255588927732 -0.1618692842950144
0.23734992750955544 0.9724536039890072
0.9773452637113408 -0.2163266869829281
0.9502394666570143 -0.31471567486763796
0.971592924810309 -0.24084889133759607
-0.15010763115558523 -0.9896811097868135
-0.6887791317379728 0.726349989799879
-1.0008547921190845 -0.01704948950157509
-0.4425259940899093 -0.8978706725106559
-0.8191718276060715 -0.5752899415568888
-0.9330830325837042 0.3624321375159741
0.7198477608380129 0.6955718519437794
0.8135756510968659 0.5831772114394652
0.9856447869357952 0.17465781971125957
0.6875844122580139 0.7274810485640169
-0.08503649019849847 0.9973814693158884
0.9080439816100785 0.42125660524401926
0.7818432681818925 0.6250776783717822
0.8999147496035429 -0.4383542442431607
0.9177827875153313 -0.39959448812588544
0.993529329994211 0.12206748314458796
0.03680536416239301 -1.0003231303778164
-0.8334731304811781 -0.5543676945547107
0.7182859773329352 -0.6971845198847074
-0.7247588172913055 0.6904532256123568
0.9410990331238483 0.3410771318241048
-0.6110546524227375 -0.792851317557414
0.13547849135392945 -0.9917895837225068
-0.9763712002831854 -0.22068139762465666
-0.5056560380469957 0.8638940740545772
0.9606292347191796 0.28141157297247626
0.9994887350957645 0.05498425607997694
-0.5446699731072927 0.8398426164438794
-0.9836371081812536 -0.1856314612581089
0.9879514868457013 0.16109891259523748
-0.16250560762473817 -0.9877210777798126
-0.0387525613949321 -1.000249588345495
0.24656735295214033 0.9701574822976807
-0.19985578680724317 0.9808458923193071
-0.8524087945782496 0.5247859057993606
0.8439574623824754 -0.5382720517442203
0.9427327580736868 0.3365352089377565
-0.4436602608054687 0.8973107449384653
0.7605501243099171 -0.6508183374891721
-0.3168288065197097 -0.9495369963088834
-0.09051659864901328 -0.9968990647849025
-0.8533704007208929 -0.5232207556791518
-0.9995167171045696 0.054473224877031684
-0.16059300404656168 0.988033849142478
0.10745989331997141 -0.9952152386934499
-0.9807202585410417 -0.2004713807185258
-0.28249581849770894 -0.9603109457521087
0.050585569233664814 -0.9997210111752709
-0.35370776669416176 0.9364250187709791
-0.38991782851742496 -0.9219355113044817
0.9267348609755564 -0.3783695250051413
-0.7303363196750834 -0.6845508455647793
0.2904201799145835 0.9579442150242262
-1.0003981039210728 0.034707832993760346
-0.19797005264369813 -0.9812282396345161
-0.9809228575668802 0.19947768672918287
-0.9651683848969987 0.2654260514631505
-0.6072551952477541 0.7957651210279401
-0.7393689258947286 0.6747848482451836
0.8776950360514244 -0.4813028398946849
-0.27127210351696596 -0.9635416160464895
0.7423132220621981 -0.6715445483001391
0.8854248581679706 -0.46693020949412684
-0.9972226407198042 0.08687925434659613
0.500677862452578 -0.8667887159221199
0.9884616265102715 -0.15793863655441784
0.4344598737119429 -0.901801318547607
-0.8890050751374367 0.46007714177068243
-0.11086510143658553 -0.9948416604080549
0.9959195499759436 -0.10072363166463905
0.5950950349162962 0.8048993101115022
0.9775104735077764 0.21557892796514871
-0.16567218962629593 -0.9871948772073469
0.4392481521016633 -0.8994787717757846
-0.7456610260547047 -0.6678253021734388
-0.8126509278088441 0.5844651140413984
0.36307101719053136 0.9328346243982546
-0.8354912779138982 -0.5513214348542973
0.08755960724603978 -0.9971631336842127
0.7759103763554128 -0.6324271403600589
-0.22375667643935565 -0.9756710253711615
0.39721087773540664 0.9188169124524579
-0.3509748670144715 -0.9374527415951025
0.4543843760986479 0.891928157845374
-0.755881196472298 -0.6562351840762634
-0.7821336455791493 0.6247143030642643
-0.29239957012918844 -0.9573418884537884
-0.7926556652455206 0.6113084298078844
0.26907044006809877 0.9641587515972458
-0.9939475633056856 -0.11861383308320371
0.32152277746130953 -0.9479578595979704
-0.9443108456258098 0.3320813557450463
-0.25831841485652574 0.9670949263366094
-0.8231685965074388 -0.5695563727358105
-0.9039203246215454 -0.4300337739481402
-0.3977630223661138 0.9185780195705613
0.9329320570323064 0.36282058508506576
-0.6761031961265688 -0.7381635782043425
-0.9881906368718806 -0.15962539020703095
-0.18918052408925576 0.9829606957072671
0.27880173092142474 -0.9613899286112879
0.8983513583576581 0.44154935957030955
0.4457029627054326 0.896297868476546
0.9726976393234268 0.2363478420773768
0.10518738661842457 -0.995457991929537
-0.40451465039366885 -0.9156248672993148
-0.08000572964966192 -0.9977976163647743
-0.9698862663701076 0.2476320462029353
-0.1948846371400609 0.9818456997954347
-0.9084215818212027 0.4204417078281649
0.3633767606179567 -0.9327155674924699
-0.9835925658472053 -0.18586733013122803
0.10637987801355417 -0.9953312622206847
-0.6934471507504714 -0.7218947631864724
-0.9470887536738618 -0.32407390000506237
-0.7445110111159196 -0.6691071321747745
0.905851407377898 0.42595096871762295
0.9485428495493424 0.3197928432107472
1.00098653369926 -0.005192239665119267
0.8894361259909577 -0.45924326645275626
-0.6282286041993043 0.7793136857939773
-0.7525131280789495 -0.6600946841695019
-0.08603063258612423 0.9972962098879306
0.18911071277016045 -0.982974129016406
0.946806807510727 -0.32489670551014393
0.28113717603363064 0.9607095753930193
0.6486723018449462 0.7623812988388284
-0.37455167147616036 -0.9282844636179226
-0.271274907427498 0.9635408266390182
0.912531426222382 -0.4114454959730941
-0.7287514969660513 0.6862377544770758
0.9052013587093818 0.427330668441535
-0.9670224259412502 0.25858968990796827
0.9941322470540958 0.11705586430065963
-0.8509383101373166 0.5271669492112038
-0.9979652414083864 0.0778869497457763
-0.5463612307282657 0.8387433490389625
-0.20171479977258225 0.9804652668772653
-0.4430412958853826 0.8976165161917427
0.1247908685482563 -0.9931909379001461
0.23610688919116807 0.9727561548900472
0.5927224006218575 -0.8066480991120367
0.025685315899041335 -1.0006704075504413
-0.9759354619418277 -0.22260048096172558
-0.11577675024609146 0.9942820244289113
-0.9996312416998592 0.05232953867174543
-0.3198861141596792 0.9485113989656743
-0.35637918154285236 0.9354116093799812
0.24717901620674407 -0.9700018216204885
-1.0000778890693665 0.04295597507402194
-0.8886068672551496 0.4608457827375542
0.3294341169833754 0.9452376222767394
0.9816782049245734 -0.19572660007282452
0.20503326301380137 0.9797766893827968
-0.8831690722763443 0.47118296846823876
-0.15376202109138176 0.9891199325005505
-0.9536260673220534 -0.30429972678902395
-0.25136850946252665 0.9689245958538713
0.9109676638025185 -0.41489627077883184
-0.03686610602833894 1.0003208936267938
-0.3668223606684361 -0.9313658549214888
0.7229354399094337 0.6923621521450704
0.3621587262255949 0.9331891860810725
0.22338061944737575 -0.9757571925716493
-0.9948345008825497 0.11092932819488423
-0.8796008003019524 -0.47781108412024603
0.6735231432203423 0.74051845051058
0.2739463790897189 -0.9627847014694573
0.9180956532464565 0.39887513270441216
0.880903892832416 -0.4754043874352606
0.5825926970203908 -0.813994317780233
-0.2099650323627358 -0.9787316716980785
-0.9766267187318758 -0.2195478359242227
-0.9982405185753116 -0.07427561561167258
-0.848405270667838 0.531233937830625
0.6820610628178273 -0.7326620684789242
0.8014199816660195 -0.5997724676795668
0.7408541403395182 0.6731538774617535
-0.9916778125816528 0.13629422597186025
-0.7983348328400958 0.6038729126845949
-0.8941558637928011 -0.44998476779214397
-0.46194113991324837 0.8880379402118181
0.9448079908942515 -0.330664271342351
-0.8601139504744233 0.5120595592304485
-0.3045070656005068 0.9535598811817582
0.007750126037604665 -1.0009699973257946
-0.016706178707638696 1.0008605814962384
-0.6017938070855777 -0.7999032527458846
-0.6133417661137394 0.7910833571378423
-0.9776830599751652 -0.21479486548238858
-0.05191286894030713 -0.9996529668031734
0.13972606905875093 0.9912000936366931
-0.0889419491141785 0.9970407863712352
-0.7056303989848939 -0.7099906619304366
-1.000655024429305 -0.026277786900473096
-0.8154377788546407 -0.5805706062285706
0.060303527044837234 -0.9991819076754506
-0.3345277533695697 -0.9434469684224484
-0.9021316264701472 0.43377359131501625
0.9138106536456477 0.40859648711621843
-0.866491796278157 -0.5011915471979281
-0.9330940935694206 -0.3624036596750388
-0.8318164451013379 -0.5568504302404488
0.9808276989210366 -0.19994505502578552
-0.5880123163011418 -0.8100879679875304
0.274863506616692 0.9625232738642613
-0.6495113344615879 -0.7616666110615111
0.14129758402339854 0.9909772917424247
0.9042508217947232 -0.4293383878522485
0.9797383298400303 -0.2052164833590808
0.15722566750775813 -0.9885752826551653
-0.9653860935133218 0.2646331242514585
-0.8445573602769383 0.5373303129380008
-0.2889370140899768 0.9583926136447257
0.8322631434487221 0.5561825779875271
-0.9789275273228368 0.2090499850504579
0.896178312360498 -0.44594330632344914
-0.2845987715486969 -0.9596898140716993
-0.5698400868008087 0.8229722203542759
0.9933936560956725 0.12316673263861669
-0.8533388786536887 0.5232721645358801
-0.9544030478287248 -0.3018539751191643
0.0940584935349528 0.9965711212923718
-0.9604654430779016 0.2819700917706881
-0.51275678141052 0.8596984838404242
0.9378975029027001 -0.3497846109377592
0.9835126284097413 -0.18628985414821217
-0.42202864779337007 -0.9076854193175627
0.09123696230435772 0.9968333946600472
-0.8799948027968993 -0.47708505221862296
0.6938960142070726 0.7214633195579233
0.8104352141827181 -0.5875336276440795
-0.7649187000101036 -0.6456782343976395
0.1392852962410795 0.9912621279212854
-0.7802977083001961 -0.6270059700046422
0.9732714221990499 0.2339737992396553
-0.9966391880040248 -0.09333450023800396
0.1282575115347416 0.9927492184509216
0.501330688896923 0.8664112997705746
-0.6366973327101233 -0.7724101931744651
0.8447646863731961 -0.5370043059946499
0.9980481966976142 -0.07681664577837513
-0.6364004390790294 -0.7726548266464259
-0.997750951237786 -0.08058560233747161
0.8129703497038733 -0.5840207278019865
0.7338385831285918 0.6807950748292916
-0.17028132909556742 0.9864102944320112
-0.9989654607221885 -0.06378877866918063
0.5444635787042057 0.8399764350650614
-0.9379765758061221 -0.3495725149937022
0.6411507602019816 0.7687175701728308
0.1584887238668545 -0.9883735753282035
-0.2886481858242821 0.9584796423609375
0.9952724153566221 0.10692903829267034
-0.8755969187447425 -0.48510930302841304
-1.0009997913740758 0.0006462732056975858
-0.9968144520748832 -0.09144368832593297
0.12092103227016077 -0.9936695144537336
-0.6754101454034095 -0.7387977635903787
0.7431510549334073 -0.6706172601054673
0.9825310262644159 -0.19139953612220093
0.9606536883236744 -0.28132808446744323
0.8737869766219157 0.48836187349744226
0.999922499615775 -0.0464326906622954
-0.02229044294555762 1.0007517854859371
-0.9475604230632071 -0.32269218249637865
0.8697753131487607 -0.4954713963862851
-0.26293916167363607 0.9658488480390529
0.6837660755200028 0.7310711004874791
-0.8464666924581968 0.5343174511083092
0.977094641346775 0.21745588483970046
-0.33659964392188285 -0.9427097536949863
0.971817774577318 -0.23994001962071534
0.9028385223145973 0.43230036158300217
-0.7526358114933082 0.6599547978898324
0.884429900891911 -0.4688120629936099
-0.13521362713183627 0.9918257281588599
0.948436854065679 -0.32010706622940716
0.3462292958686258 0.9392157764232432
0.7997932587143439 -0.6019399831503889
0.45678025742630635 -0.8907035401442823
0.355213095112261 0.9358550406236896
-0.99147771670561 -0.1377422857231219
-0.9985769782656598 -0.0696061669525331
-0.9109399831837113 -0.4149570423998849
-0.595441837148433 -0.8046427894247851
0.16919084776063745 0.9865979206515878
0.5708299782021188 -0.8222859210674646
-0.46410512437087537 -0.8869089206523375
-0.8199039393369976 -0.5742460537606445
0.9537182448424472 -0.3040107061513493
0.9085609498307249 -0.4201404532328339
-0.8738545712827726 0.4882409120999608
-0.9772053203404761 0.21695797265430797
-0.04765675871697075 0.9998649075493111
0.9676446528259526 -0.2562514894734109
-0.8543037415449544 -0.5216954256865705
-0.3490275668052974 0.9381794911476021
-0.4354429911984029 0.901327022459766
0.4920142338204597 0.8717356214575989
-0.9368000437426051 0.35271330857206556
0.5297511703882629 -0.8493319124301557
0.9536486871258311 0.30422883088750596
0.033750145352682094 -1.0004308710194187
0.42957582701201785 -0.9041380474501342
0.4153172690853051 0.9107758044653603
0.6925426326140943 0.7227625488443211
0.890178737372785 -0.4578021576285921
-1.0009898722350226 0.004502852752784764
0.6426221286086881 0.7674879802462308
-0.9171756736321235 0.40098601434147374
0.9981508138189741 -0.07547153683687548
0.879696179836775 -0.47763545846239747
0.6232354515121554 -0.783312563398826
-0.42145577098927545 0.9079515587848481
-0.8870416030765731 0.4638514788284536
-0.12354568107596897 -0.9933465984677629
0.427601100616255 -0.9050736427229374
-0.012207761714206795 -1.0009255569491315
-0.8945379530445771 -0.44922472167370536
-0.27593712255683533 -0.9622160383173075
-0.76997573227472 -0.6396392512252579
0.994361353268156 0.11509343650582896
-0.13178339010869528 0.9922873263785341
0.8420210516374238 0.5412961745656503
-0.500307836956743 -0.86700234617887
0.9910544403224232 0.1407554486235209
-0.9954872415069924 0.10491020921149152
-0.9808884714319631 0.1996467044853658
-0.9940961064970513 -0.11736239196353865
0.2712098997165998 0.9635591265177824
0.12262579930980856 0.9934605746297286
-0.9821761651579507 -0.19321226823269277
0.16341980580439908 -0.9875702339939436
-0.45030147105811336 0.8939964122763017
0.8831530882597262 -0.471212927133062
0.8438199104767884 -0.5384876588028223
-0.6076508728449439 -0.7954630203414724
0.9079626097676684 -0.42143196279338463
0.8855596561064444 0.46667450699243895
0.38267129834338726 0.9249668520677843
0.6140437166955143 -0.7905386227040139
0.5389857342652452 0.8435018543302407
0.5575402180784952 0.8313542597623375
0.7140831751532652 -0.7014885736510831
0.7266649769214244 0.6884468108109628
-0.994212543558574 -0.11637189622409098
-0.20777246839310226 0.9791994696576574
-0.5829568680046215 0.813733549785335
0.10479547722035472 0.9954993259435981
-0.59481956992573 -0.8051028997795062
-0.9390505796658232 -0.3466770959109955
0.7779241731707172 0.6299483953441393
-0.3179651656033245 -0.9491570752319399
-0.8486082758904694 0.530909591258441
0.12469427059089958 -0.9932030703143258
0.5159266485823075 -0.8577999144804273
-0.9972971085090148 0.08602021483092419
-0.6973310606659222 0.7181437125189776
-0.6111618868179445 0.7927686598883246
0.9991910756866742 0.06015142781436691
-0.19072118832463408 -0.9826629271138906
0.6858378588350796 0.729127856681195
-0.9893640768207794 0.15218319058479102
0.798106018166325 -0.604175292251093
0.9796173615808249 -0.20579316045345958
-0.965045811674782 -0.26587136244612963
0.2007696854790502 0.9806592340831974
0.8497110795452456 0.5291427796899938
-0.8754234394115398 0.48542229216309174
0.987334229367572 0.16483967823052464
-0.7125969044452882 -0.7029983298522072
0.03899359579379292 1.000240220890497
-0.988460489517873 -0.15794575227617486
-0.6660544228445533 0.7472432708356823
-0.2140206131744062 0.9778528402251798
-0.9895898478496601 0.1507081053987692
0.0485766656826601 0.9998206376901585
-0.9926396330017621 -0.12910290079671743
0.5879646573241327 -0.8101225597017497
0.7088145313260859 0.7068118279860498
-0.13001551748242013 0.9925205112307647
0.3943360700788895 -0.9200543809116596
-0.8416299290399091 -0.5419041082555822
-0.9772530042784225 0.2167430866920496
0.7303366731158325 0.6845504684843168
0.6727837957745255 -0.7411902347867392
0.8170904433200914 0.5782423431702115
-0.9862065003898044 0.17145768745931123
0.9613217586497036 0.2790366935487893
