1000
0.23213995175585247 -0.9737104512116477
0.8657419364041188 -0.5024857207436314
0.6624934435326187 -0.7504021836830519
-0.7876722458165091 0.6177163047632601
-0.11357979620424453 0.9945353839327198
0.5777211521387283 -0.8174590328398729
0.12478894802647653 -0.993191179204913
-0.9315717416566882 -0.3662991811985452
-0.989029732182824 0.1543411444118893
-0.7534822918208258 0.6589881910265433
-0.04898281939537807 -0.9998008218660754
-0.2064806362321802 0.9794726881649912
0.9826435504363082 -0.19082099671138542
0.4846831191669978 0.8758329030097864
-0.9718276028553186 -0.2399002091047136
0.9618793419285167 -0.27710851948499104
0.5434176001393514 0.8406535028528628
0.354809190023704 0.936008247118968
-0.19895236172467487 0.9810295397000919
0.13451698241941432 0.9919204511657046
0.9491299284698165 -0.3180461898575127
0.7994386037723633 -0.6024109218784918
-0.9972380987317723 0.08670164034111445
0.8577084353849337 0.516078714799912
-0.9090751825854797 -0.4190266249382929
0.08350754625912521 -0.9975106464182626
0.6652403772133273 0.7479680745359857
-0.36337656783057287 -0.932715642600505
0.5674250014862413 0.8246392348708247
0.3441124880904626 -0.9399934018599233
0.8959132418168158 -0.44647560195074915
0.34329855264501774 0.9402909676008996
0.8359259106718124 -0.5506622121296333
-0.7108123752105505 0.7048026441831328
0.43553005511745385 -0.901284955543688
-0.8870266842213675 -0.4638800076304715
-0.3133065905854318 0.9507049912016516
0.8080189090143679 0.5908523019124412
0.04592455718073057 -0.9999459660640438
-0.1971357796309074 0.9813961913464482
0.05535115002923072 -0.9994684838405069
-0.49339238683319114 0.870956343690685
0.8132936620696601 0.583570406409819
-0.04269530457223437 1.0000890515186556
-0.3872821391283802 -0.923045797732781
0.3489443618890258 0.9382104413754201
0.9150429801672114 0.4058292060050736
0.7204013820823916 0.6949984522959602
-0.6703315011034674 -0.7434088233457901
-0.15841623321068274 -0.9883851966998183
-0.9842987886827583 -0.18209034734893156
-0.7221287508384151 0.6932034818237356
-0.5237863963903904 -0.8530233355286178
-0.05414360124722402 -0.9995346269359464
-0.5186860969850968 0.8561341791999468
0.9096801016980693 0.41771175776435865
0.32262832804762503 0.9475821663271181
0.9659873848510214 -0.26242974737762614
0.2933229672440429 -0.9570593695728339
-0.9695485933622755 0.24895084878190882
-0.1740258326509882 -0.9857565670945998
0.9052207687663606 -0.4272895502982014
-0.9918149038229996 -0.135293002607578
0.45583488353209983 0.8911877237458318
-0.9500160856742236 -0.31538934186212825
-0.9772849068647367 -0.2165991939375191
-0.740150782959045 -0.6739271611124698
0.8172978176039761 -0.5779491996185977
-0.9945981161914279 -0.11302914344744343
-0.7315816603972825 0.6832197846742696
0.2923663561922879 0.9573520323093508
-0.947681352708791 -0.3223368637435628
0.8654759994092502 0.5029436294919734
0.6568112222885693 0.7553807108179263
0.9993347988827608 0.057714467353966604
0.0004271881264675527 -1.0009999088463017
0.5229444368681538 -0.8535397565132214
-0.14432738377702295 -0.9905405626687278
-0.9233624748276529 -0.38652650630991936
-0.998001545714771 -0.07742037684568442
-0.9530009759183656 -0.30625175901314045
-0.9785530720953435 -0.21079583746546204
-0.6101897021095921 -0.7935171878664048
-0.6804346486566483 -0.734172792268621
0.8550156684769764 -0.5205278154516523
-0.4153104738126137 -0.910778903105217
-0.38488900051196606 -0.9240462419624355
0.43590048926992636 -0.9011058558539273
0.9559799509870428 0.29682205664473676
-0.7252145877190823 0.6899744935571469
-0.3413697406066328 -0.9409929331287032
-0.3019661559822004 -0.9543675605558549
0.10876349086419099 0.9950736169023049
0.9715198104432466 -0.24114364581368952
0.4778674750641262 0.8795701656353726
-0.7719283243896929 0.637281462153828
0.21596749596729709 -0.9774246982175228
-0.7619173491718647 0.6492171847932854
-0.40852981368209584 0.9138404627356309
-0.835837230637845 -0.5507968081603759
0.9677827992044868 0.2557292583259254
0.9989462799991454 -0.06408845196967106
-0.49960202809745147 -0.8674092537671669
-0.6606584202586573 0.7520182522660839
0.1577260432629573 -0.9884955717030864
-0.04179238772225097 -1.0001271900755788
0.9842095732839048 0.18257194706831048
0.8297606671922932 -0.5599091311816591
-0.0054762626227536195 -1.0009850201415038
0.9176129445519344 0.3999843546824407
-0.02030569334633984 -1.0007940241716695
-0.14111505123569032 0.9910033008596634
-0.23577422186189756 0.9728368395087723
0.9657452246481542 -0.26331950377684965
0.689764637331437 0.7254141886446881
-0.16971262606968535 -0.9865082992821353
0.4378565644198762 0.9001570024137028
0.12187741576306996 0.9935526636907154
0.5992509122057723 0.8018100424792333
0.9637380997951923 0.27057323408488143
-0.7239750538326655 -0.6912749969642972
0.26686851243240517 -0.9647705411506485
-0.7983746231903075 0.6038203052612048
0.5784606449914801 -0.8169359107029394
0.689251772715988 0.7259015042055417
0.042330607183615074 -1.0001045543819238
-0.4030995683059157 -0.9162487315306823
-0.37454506165061996 -0.928287130576059
-0.7817641638606588 -0.6251766087300812
-0.5406587096523373 0.8424305073280939
-0.559521735821496 -0.8300219437721511
0.9853223753499903 -0.1764676078906628
0.5592436133400981 -0.8302093597029071
-0.0034948448245760706 1.0009938991121037
0.64075802230823 -0.7690449641260555
0.9170611194649353 -0.4012479322884041
0.2475806422010745 0.9698993894251627
0.933752615034544 -0.3607035540664253
-0.3375859697150483 0.9423569987279504
-0.19202015781016668 0.9824099241124138
-0.7923640621262168 -0.6116863518592195
0.6210349989448054 0.7850582972529019
-0.9894136660526196 -0.1518604537999122
0.16762709298358075 -0.9868648122705936
0.1476115860681198 -0.9900564729642719
-0.8697268206340927 -0.4955565128920341
-0.9977298305989838 -0.08084667669683879
-0.41808608576858153 -0.9095081224962789
-0.9689562279184976 0.25124654898715826
0.9945083734839443 -0.11381605805122358
0.2707516622017079 0.963687987584681
-0.3242433969232787 -0.947030738440761
-0.978557848717599 0.21077366228536418
0.02122774065720991 -1.0007748912850432
-0.7249666447745625 0.6902350063306797
-0.5781640775050821 0.8171458251026541
-0.945789018739749 -0.32784772689665376
1.0009900792644413 0.004456592214641459
0.02824942831616065 -1.0006013041165847
0.9680412741239119 -0.25474907574425704
-0.9969471759549662 0.08998515630601439
0.61529949415277 -0.7895616077896299
-0.6583591159635364 -0.7540320115404324
-0.298571963792717 -0.9554348656172018
-0.17738636297980248 -0.9851573875421114
0.9566404444296694 0.29468637579875395
-0.003686992252920026 1.0009932098111989
-0.12089018919789044 0.9936732673045493
0.9208560077502068 0.39246046041652527
-0.9212080923286652 -0.39163331143836766
0.20761995362466173 -0.9792318187522775
0.8538671993113827 -0.5224096150915827
-0.004131077553717653 -1.0009914755872025
0.6172005115599334 -0.7880764737829423
0.8963452915736347 -0.44560758327678374
0.9963362639515754 -0.09651450220053331
0.6527701294173688 -0.7588755880514484
-0.9034931851234543 0.43093046357327236
-0.05843988047927893 -0.999292640005703
0.588850931367898 -0.8094785856507626
-0.2763219320251367 -0.9621056022505511
-0.8916066611344259 0.4550149028556328
-0.9375689526755827 0.3506643109568053
-0.9779751399255889 -0.21346106363345208
-0.9139440592590917 -0.40829799968284664
-0.18237821916279243 0.9842454902995534
0.7307839950598007 0.6840729146548906
0.07290144450152948 0.998341814905892
-0.08535945120916692 -0.9973538810719442
0.9993426184663157 -0.05757891034821527
0.9998461392285122 -0.04804891122427901
-0.9959085401996365 -0.10083243306312303
-1.0009992893404651 0.0011927866044756737
0.515297906852294 -0.8581777596708298
0.7789792663768974 0.6286432235814768
0.542176556789586 0.8414544439646088
-0.9182369977537878 -0.39854964051685005
0.12057186637850739 -0.9937119426866134
0.4806324559296489 -0.878062322564312
0.034202883214443466 -1.0004154950718323
-0.461543277744558 0.888244787639539
-1.0001151408816464 0.04207974547551692
0.5397613690266584 -0.8430057321907529
0.2316280804482694 -0.9738323430384976
-0.567545584733873 0.8245562498999605
-0.7220166020760391 0.6933202912987406
-0.9729570491892053 0.2352776666686285
0.9728576929164803 -0.23568816120718386
-0.0054141848462412705 -1.0009853578361927
0.09581553677527692 0.9964037248587871
-0.040742547029240156 -1.0001705078943142
-0.9181853315082744 0.3986686556565994
0.9560274015364115 0.29666918867913644
-0.35480758532324225 -0.9360088554052735
0.19163888581571495 -0.9824843700758356
-0.9209722478470425 -0.39218760650429263
0.9262418680427322 -0.37957476455200473
0.04195297558076166 1.0001204666638515
0.7244003348609647 0.6908293239674487
-0.44402388781089797 0.8971308639509038
-0.9918501687102573 0.13503422836242016
-0.2299668846991595 0.9742259655448336
0.9905297769729704 -0.1444013882546757
0.3422852954389255 0.9406602875248256
0.9840088088266647 -0.1836509301678825
0.35352487849349057 -0.9364940791516853
-0.14245402834139234 -0.990811712591908
-0.5184579610387193 -0.8562723530720665
-0.7173172059266096 0.6981812272480847
1.0005203858572254 -0.03098318066482142
-0.929608149660703 -0.37125420951741944
-0.12725352755876132 0.9928784113494721
-0.4823092313176493 0.8771424088400801
0.4395380397438532 0.8993371512498141
1.0009734791075036 0.0072865714447946615
0.34034929660508706 -0.9413624999437903
-0.5375223654075677 -0.8444351406038555
-0.7411053830252566 0.6728772631401566
0.30375447285192525 0.9537998847884439
-0.3576465910474923 0.9349277597291182
-0.781925654143093 0.6249746165988634
0.18857246542248715 -0.9830775276062844
-0.9463126205222345 0.3263333023770963
0.9272228510198033 0.3771720887694471
0.9444080676466393 -0.3318047645286919
-0.5270185613397279 0.8510302203819812
0.9425413945904555 0.33707079298491477
-0.2140880638400483 -0.9778380750007741
-0.9866116866787509 -0.1691105546939937
0.9899780789897514 -0.14813643414015826
-0.732987003982351 0.6817118540798428
-0.6978459034741209 -0.717643431659754
0.4009562251340955 0.9171886967937495
-0.010361176284816013 1.0009463751999879
-0.2927373287105538 0.9572386621837885
0.6072668022940905 -0.7957562634572913
0.7659361714659736 0.6444709312607099
-0.3051194699567944 -0.953364100988329
-0.4220744015010184 0.9076641447129864
-0.9758164668147942 0.22312154331908787
-0.9065021438132574 0.4245643217016336
-0.5228109938124508 -0.8536214996992739
-0.758488444157574 -0.6532199323959907
-0.6860135971196551 0.7289625124565402
0.9908903722992238 -0.14190584936747846
0.7146186090811034 -0.7009431100702745
0.8222349550239584 -0.5709033882687587
-0.6535928662453455 -0.7581671090156799
-0.9561204613151036 0.2963691337750838
0.45670345241024823 -0.8907429239441423
0.8060709184254677 0.5935070972353431
0.4289594023553592 0.9044306668456864
0.6305361049188376 -0.77744788918215
0.5208491972205752 0.8548199306021603
0.9970621616580291 0.08870200555691164
-0.02739467890542405 1.0006250704273147
-0.4270278461514227 -0.9053442541990737
-0.8671774335718795 0.5000042986852098
-0.4432257679181187 -0.8975254417861334
0.9743963289909686 -0.22924396185924759
-0.8502878561442482 0.5282154500709141
-0.9529025720422144 0.3065578056343248
0.9404231143600024 0.34293638765437817
-0.29271295091505944 -0.9572461169242725
0.9395940758476081 0.3452013508549456
-0.7481081489097136 0.6650828501283743
0.5644931889405275 -0.8266489216346647
0.9775127542386504 0.21556858607127327
0.9940980167358378 -0.11734621051348013
-0.4440525810823022 -0.8971166619978392
-0.28948437543161665 0.9582274241436459
-0.47486385198596687 -0.8811953938128875
-0.8736599085747409 -0.48858915680679565
0.7182458374643419 0.6972258722717811
1.0006349975790998 -0.027029643354561084
-0.7703598512540302 -0.6391765793392844
-0.4912757968551102 -0.8721519887177788
-0.8831174296894044 -0.4712797527783046
0.2627470507001987 -0.9659011271079184
0.9767053702315468 -0.21919767279982058
0.9400832264856799 0.3438670197623988
-0.7360462599783485 0.6784076231675801
-0.5240008017770093 0.8528916459533717
-0.4733078434392933 -0.8820321339604614
-0.10785959331712056 -0.9951719992692044
0.3155526670453824 0.9499618488763357
-0.9402812670210486 -0.3433251212615986
-0.9591419742489324 0.2864396502474127
-0.7838945116919698 -0.6225033289382541
0.6718011292884919 -0.7420810216456873
0.5626648020700046 0.827894510497275
0.21705963339649423 0.9771827441936229
0.013506098493203415 -1.0009088796206635
0.3858605283335196 -0.923640976069261
0.17075390103218552 -0.9863285990390275
-0.6295744818413237 -0.7782268125773031
0.7597914627866947 -0.6517038691587267
0.9089642712759349 0.4192671624916606
-0.9943040717624144 0.11558725222395141
-0.9470392241748541 0.32421861123983997
0.5426920878359228 0.841122046911319
0.08087621206101682 0.9977274368897857
0.9983774191164977 0.07241221580839295
0.5594593604743252 -0.8300639878814519
-0.1065659382665493 0.9953113587221689
-0.7854746685683254 -0.6205082957039973
0.6269565463939155 0.7803374199241082
0.7147943351611468 -0.7007639106157895
-0.41448036567555196 -0.9111569713663287
-0.6745452138293488 0.7395875570207479
0.06512369166229079 0.9988793244352767
0.46981577382322054 -0.8838971312697471
0.5839281819131588 0.8130368247303397
0.8227102902427063 0.5702181848457326
0.9718673579281497 0.23973910526603204
0.9291710963277273 -0.3723467117474376
-0.7514914070120146 0.6612576390387507
-1.0009188514938854 0.012745694338149849
-0.8690069709195873 -0.4968177578279217
0.987089769464223 0.16629728506222544
0.9990455525428411 0.06252186772937371
0.6340406502715288 -0.77459244367813
-0.623238617883709 -0.7833100440939106
0.6420964924019539 0.7679277924682161
0.2911062649306441 -0.9577359461344915
0.9527210034564279 -0.3071216201653299
0.9551935449058006 0.2993431004220583
-0.08608471465607032 -0.9972915430818527
-0.9089896902223149 0.41921205024371605
0.9813961690978467 -0.1971358903905395
-0.1982597891467159 0.9811697386321593
-0.25179873756033105 -0.9688128796434445
-1.0009136400661143 0.01314857899549848
0.7617372075157907 -0.6494285385521992
-0.1339786619322105 0.9919933054949789
-1.0009924309426295 -0.00389271056787957
-1.000870840744031 0.01607980560629672
0.9900154608977395 -0.14788639958913194
0.0003906970206665677 -1.000999923754162
0.19951934014632508 0.9809143861253005
0.4077415604314409 0.9141924413912716
0.5331661621794457 0.847192329702554
-0.9442697058745235 0.3321983181288563
0.933812242290776 -0.3605491591279518
0.4326702666720981 -0.9026613098709257
0.9483961403148744 -0.32022767062802204
0.6075883708300447 0.7955107614810073
-0.46558717996599314 0.8861318061390834
-0.1409206812854126 -0.9910309589442982
0.5689885171601651 0.8235612104390763
0.633942058466951 -0.7746731352684724
0.5281013922526818 0.8503587004910216
0.2662648691475008 0.9649373137452321
-0.6191879270856354 0.7865159317848519
0.6872084781027752 -0.7278361818593986
0.6849873856362811 0.7299269014902606
-0.9243568197987515 -0.3841425122158941
-0.5922893020927887 -0.8069661595299008
-0.8676535258483024 0.49917768287755954
0.6904119205698916 -0.7247981649638702
-0.032587052857121906 1.0004694318099316
0.6535373977545393 0.7582149231822235
0.058595321129213514 0.9992835375116336
-0.4909365417591924 -0.8723430013277602
0.6520234423887367 0.7595172352063789
0.0623269607423258 -0.9990577310469223
0.7928854462276999 0.6110103674736634
0.9523844147766393 -0.3081637981505265
0.7963125524706756 -0.6065371536663171
-0.9017507376853152 -0.4345648479617164
0.027550789751950158 1.0006207843054449
0.5560764103848259 -0.8323340830541103
0.5933755156864323 0.8061677848834327
-0.5466738315953191 -0.8385396364208985
0.43988802555101314 0.8991660163600664
-0.24526499609465952 0.9704875484470095
-0.9103717464744074 0.41620221433954085
0.35511076722888335 -0.9358938737902465
-0.17893786366573375 0.9848767643450339
-0.6129227220167291 0.791408072258303
-0.06983345146836636 0.9985611093248201
-0.3139075832246207 -0.9505067223297676
0.39131648377488254 -0.9213427209926077
0.36810194650473305 -0.9308608687550608
-1.0006998669253588 0.024510739188545357
-0.8255914613146789 0.5660386373776025
-0.9872513625726556 0.16533525667090782
0.592633875764364 0.8067131394098577
0.10902952443696322 0.9950445029248942
0.9769118488751457 0.2182756045171896
-0.7776251073741428 0.6303175329794919
0.12335286326848721 -0.9933705608298777
-0.7474975677758573 -0.6657690186312198
-0.1361795978283449 0.9916935600957133
0.8670851418407036 -0.5001643297948055
-0.7916484489956725 -0.6126122209054811
-0.6275417476579432 0.7798668828373303
0.26770359690397194 0.9645391563874822
-0.9974098049453062 0.08470348870599301
-0.9532826624668059 -0.3053738126300252
1.0001206704656382 0.041948116851205995
-0.9173194476487359 -0.40065699914692393
-0.9422257857850453 -0.33795202115352657
-0.9983749247802541 0.07244659805692645
0.7744517202039529 0.6342125298928888
0.018962861839221787 -1.0008203684332502
0.4012427884667224 -0.9170633700587157
0.5731300475066587 0.8206844391390731
-0.47594208031516566 0.8806134998881588
-0.16663652374731439 -0.9870325571901924
-0.5246184266750101 -0.8525118804996427
-0.6332853769860287 0.7752100562400254
0.9249872922461915 -0.38262188800832964
0.48655888460491675 -0.8747922335114889
-0.9904909815094263 0.14466725803889882
1.0004252712723978 0.03391572790828936
0.2740406265672569 -0.962757879734373
0.3084239049950032 -0.9523002125525507
0.4274362145420835 -0.9051515246067555
0.5967512974855336 0.8036721277668725
0.733454964502338 0.68120834921988
-0.7029312689564502 -0.7126630558147902
0.03517630381905131 -1.000381740961734
-0.15784136315557692 0.9884771641657633
0.2931558871790691 0.9571105609135514
-0.11200111774497058 -0.9947144060602909
-0.7707283358232893 0.6387322070782584
-0.8967420565615378 0.4448085925359173
0.6324372785040802 -0.7759021128714322
-0.6926249145401246 0.72268369827905
-0.8849484631458546 -0.4678324674237457
0.7317231161301199 -0.6830682845227313
0.786934369486605 0.6186560418525947
0.015648488674022347 1.0008776772424386
-0.3136841109022228 0.9505804955749313
1.0003135261353369 -0.03706547491519268
0.7439291277807486 -0.6697540241307809
0.9792820686436536 -0.20738281036046918
0.8780733143595145 0.48061237459068523
-0.3065767545815037 -0.9528964757780735
0.6851869828365486 0.7297395415840828
-0.9793769193616159 0.20693440946771305
-0.12436237129671703 -0.9932446831498558
0.5032627346886374 -0.8652904829441465
0.46061129144866764 0.8887284389452105
-0.44989899052804944 0.8941990261244094
-0.896254771821957 -0.4457896185269143
0.900961633940065 0.4361985031703435
-0.2725396013347054 0.9631838691051257
0.6424883363376122 0.7675999854547467
-0.47435888970954276 -0.8814673242687615
0.6898380836623315 0.7253443446591985
0.5663710915423306 -0.8253634270217871
-0.776515156664262 0.6316844239576253
-1.0001370119756048 0.041556675474694285
-0.5192215238401109 0.8558095636186552
-0.0236662430707154 -1.000720195128947
-0.17187154926128842 -0.9861344586589217
-0.45626749396878263 0.8909663147097352
-0.9363856716725091 -0.35381191880210033
-0.1837032326733399 -0.9839990458864097
-0.827782008068555 -0.5628303004618629
0.9729610126473915 0.23526127575137037
-0.9980963074633038 -0.07618898232761917
0.23627385270980591 -0.9727156144144418
-0.8965152208140347 0.4452656048346455
0.46825602288219237 -0.8847244186946305
-0.9580292494577242 0.29013954777566914
0.664878780698329 -0.7482895208253977
0.5713115281522445 -0.8219514205841773
0.1051663702395976 -0.9954602124498135
0.6121074148998383 -0.7920388327756646
-0.4751173136318423 0.8810587598379926
-0.8281094328927924 -0.5623484392740657
-0.765536219859788 -0.6449459636921424
0.8975964677938858 -0.4430819122960671
0.3668113319847499 -0.9313701985395353
0.7883101194463398 -0.6169020631984443
-0.7335557877861244 0.6810997769824025
0.9403693366239533 0.34308382465139053
-0.9253732426739628 0.3816875184533484
0.13984946990795322 -0.9911826904090206
-0.5138419118417356 -0.8590503417348893
-0.16517494660343876 -0.9872781963633914
0.1697747312996062 0.9864976130798019
0.847984685219559 -0.5319050419323785
-0.20955232447981426 -0.9788201179507431
-0.6899634485223903 -0.7252250958861606
-0.6162874849712814 0.7887906793743019
-0.7432341176635544 -0.6705252018685636
-0.9215717979060145 -0.3907766898169285
-0.2928043664371515 -0.9572181585173456
-0.6111748556331387 0.7927586617892055
0.740797677764441 0.673216013341046
0.9984265876207957 0.07173108901929126
0.9639943960264914 -0.2696586813538924
0.4045597457204235 -0.915604943271183
-0.1239156232042168 -0.9933005176309486
0.6813222014951851 -0.7333492058697239
0.9918557632184785 0.13499312934475385
-0.40268624146357784 -0.9164304615932062
0.29366073449209024 -0.9569557842541975
0.8669722897046211 -0.5003599193423934
0.17605141274074398 -0.9853968236563321
-0.8727735867615357 -0.49017065013258815
-0.11317935697421562 0.9945810339810945
-0.8839642307851069 -0.46968951307485474
-0.991988718717031 0.1340126185780405
-0.1478418656738206 0.9900221122551173
0.4472039829681516 -0.8955498856107464
-1.0006743542921714 0.025531092063317596
0.0597160644508044 -0.9992171894270572
-0.5844812753094506 0.8126393042504394
0.37749312431184556 -0.9270921966542925
0.9218329116744859 -0.39016032980524756
-0.47162015899320264 0.8829356860107231
-0.9977303318641552 0.08084049033895548
-0.9911486851630253 0.1400902705387
0.9987981877416106 -0.06635646286590771
-0.8917305354563856 -0.4547720881218062
-0.24002624867289035 -0.9717964807242407
0.9981124992938318 -0.07597656713369282
-0.7897903483227489 0.6150058582617168
-0.9728392081843014 -0.23576444816668501
0.5533111926344196 0.834174876213301
0.9954664734971123 0.10510708892944885
-0.5485944778831265 0.8372843596031994
0.8796499331666849 0.47772062450751135
-0.9912938204712567 0.13905956096399824
-0.4976373159334884 0.8685379103933883
-0.07462745324395503 -0.9982142772082161
0.8763289677556934 0.4837856346278184
-0.6276513526985331 0.7797786733783514
-0.8973931394591166 -0.44349357746387996
0.9860165164879554 0.1725468898965076
0.08544493428724256 0.997346561233681
0.7236268838786972 -0.6916394529868914
-0.8920082563968498 -0.4542271133693495
0.3514389049624459 0.9372788784981751
0.6393719367850554 -0.7701977190642199
0.47593581509110083 -0.8806168860029709
0.8784538468029073 0.47991649173285794
0.018310495091110372 1.0008325163430285
-0.9008923784360934 -0.436341520458183
0.9889308021377177 -0.15497376740355195
-0.6614581622937117 -0.75131491369134
-0.250414676617663 0.9691715481453587
-0.510449549428853 -0.8610704137803603
0.9984021949729024 -0.07206980694639464
0.22635643560225152 0.9750711584604703
-0.7028938673331675 0.7126999447631686
0.9580701022028821 -0.2900046193855522
-0.2836383670735439 -0.9599741021110172
-0.8535117892915146 0.5229900816845354
0.9851987238544146 0.17715663836174128
0.9808438155967389 0.1998659786097434
0.5655216719992832 0.8259456631638277
0.7143090640181274 -0.7012585550719126
-0.3143744389421508 0.9503524147072011
-0.19849884612566474 -0.9811214033374156
0.36806802989079246 -0.9308742801110743
0.9526051265852415 0.3074808494906891
0.9481625688201182 -0.3209185926188051
-1.0009422392836334 0.010753307298958537
-0.15483593614340826 -0.9889523916137695
-1.0009897586850829 0.004528024688486747
0.7035730019317209 0.7120295155067566
0.9813273829231766 -0.1974780178276796
0.5279508671375458 0.8504521631983268
-0.9810354376338926 -0.1989232769347945
0.8879695597537717 0.46207257108672123
-0.41051822463450427 -0.912948951060756
-0.7806689882053207 0.6265436384279077
-0.8758850143537686 0.4845889408875305
0.6659851960239888 -0.7473049703279707
-0.7801903914626243 -0.6271395004856554
0.1295803812417481 0.9925774150146894
0.2820407518085779 0.9604446961273991
-0.18323194024480685 0.9840869148983353
0.9043685084574127 -0.4290904344197324
0.7453654286438378 -0.6681552048608076
-0.6954200592617259 0.7199944035729844
-0.9631725026913494 -0.2725797682501079
-0.9046502146953106 0.4284961949092763
0.12568989052786517 -0.9930775656609575
-0.6753080071294361 0.7388911256111211
1.0005488708163652 0.03004924471756989
0.7181753984122913 -0.6972984275870315
0.8377786782572192 0.5478392887130192
-0.1932067178338764 -0.9821772570080519
0.9407835441369344 -0.34194637456938903
-0.28130205808647596 -0.9606613097842095
0.4820398613574637 -0.8772904718862944
0.254565947314428 -0.9680894475552907
-0.855324029850285 -0.5200209649241737
-0.1618543714642037 0.9878280024568687
0.8949297446577011 -0.4484437000637893
0.801178804011404 0.60009459587873
0.994789749809824 0.1113299316145827
-0.3968336903006873 -0.9189798813044484
-0.8077190861439472 0.5912621059046376
-0.9652701283926651 -0.2650558039975879
-0.405768618251109 -0.9150698489419187
-0.5418251129775284 -0.841680786846705
-0.8650678165982085 0.5036453838625032
-0.47217042594723285 0.8826415404119663
0.9683181725137208 0.2536945343906491
0.10063330478306079 0.9959286811656946
-0.6742678334830868 -0.7398404481575904
-0.9957301947046606 -0.10257864959833855
-0.5401602538123937 0.842750200356743
-0.9955506160920449 0.10430709850604501
-0.5612621872018353 0.8288460395136191
0.37303957548387945 -0.9288931451586921
0.15288826143366357 0.9892553661799321
1.0008273730787223 -0.018589494246595183
-0.07659377741343394 0.998065325147378
0.986885314539101 0.16750634599041203
0.8662282588374283 -0.5016468913403904
-0.020064905975814663 -1.0007988806689292
-0.900899594761586 -0.43632662096004426
0.9970331609600233 -0.08902738874113138
-0.27720643872394324 -0.9618511269058163
0.8756797712999396 -0.4849597283652382
-0.09332218216487236 -0.9966403415053929
0.7801891613376024 -0.6271410308147032
-0.2994461559547834 0.9551612427668449
0.9523745657573606 0.3081942350182413
-0.04843150492364905 -0.9998276798182928
-0.766567790740866 -0.6437195213745407
0.5153661439553282 -0.8581367826078871
0.9469062642102637 0.3246067263618582
-0.15255001113390612 -0.9893075831626104
-0.5351572074992176 0.8459360278777819
-0.7368500763391395 0.6775344751368777
-0.7633743625177025 0.647503345667566
-0.35304782534796386 0.93667402708577
0.019553295092209502 1.0008090070792912
0.22793876291765539 -0.9747024778667431
-0.9509137904670155 0.3126722934633847
-0.8755168717456182 -0.48525375556379424
0.4862433806757837 -0.8749676421154012
0.8436630996459727 0.5387333053522396
-0.9088775681313266 -0.4194550823958219
-0.6771565678279342 0.7371973837768908
-0.5466112998700846 0.8385803997556445
-0.9674203409063723 0.2570970322671937
-0.4536895203041619 0.8922818047938552
-0.8953894393376861 0.4475251411066691
0.9339492643164315 0.3601940750245573
-0.8125166428548154 -0.5846517810491477
0.9395947775453951 -0.3451994409170145
-0.5804725976783426 -0.8155075495325332
-0.32811338978120114 -0.9456968877215837
0.764511877816147 -0.6461598785734293
0.9001223001837649 -0.43792789898782214
-0.03643381152895668 -1.0003367319945182
-0.0843398192557876 -0.997440622236683
0.9807018243820387 -0.20056154081413807
-0.7317171092902969 0.6830747191719597
0.11383445527281155 -0.9945062678499027
0.941911143515145 0.3388279765928308
-0.4779514460402668 -0.8795245392983745
0.9801991197212354 -0.20300415192235632
-0.5278629221635641 -0.8505067521219
-0.8763519358665882 0.4837440278730926
-0.9947117319040902 -0.11202486515218564
0.11416641079200808 0.9944682150007965
-0.9963792088039716 0.09607014241257024
-0.5845805014022883 0.8125679278560342
0.32614635025049715 0.946377069786816
-0.8546984159033953 0.5210485753288523
-0.3215949197503914 0.947933387739212
0.8672062276624224 0.49995435662019266
0.8915622980914881 0.4551018222572005
-0.5191878161861635 0.8558300132174862
-0.6271346673419216 -0.7801942764580738
-0.5947025946230774 0.8051893093854263
0.8786700733998978 0.4795204918576663
0.3703587349787526 0.9299652721607071
-0.5863622768836441 0.8112831073354286
-0.9016423333294505 -0.4347897224500874
0.07930557536024606 0.997853509146899
-0.9700909041668342 -0.24682916694097176
-0.207573403029055 0.9792416874066062
0.43111116265835897 0.9034069766342065
0.5741536994629113 0.8199686148829436
-0.9606590861531158 -0.2813096517922207
-0.7251903495222405 0.6899999688114563
0.8664065052169294 -0.5013389748641002
0.3266892295305099 -0.946189805117748
-0.6707749063182823 0.7430087651257551
-0.8422428695800007 -0.5409509669476946
0.664860698719525 -0.7483055868414887
0.07830403007534896 -0.9979326023705002
0.996219748620455 0.09770983808500268
0.8169466433650524 0.5784454874009943
-0.040870360225352564 1.0001652931666096
-0.953044207057405 -0.3061171987888334
0.34983894163026735 -0.9378772387253111
0.13741885115843033 0.9915225964879959
-0.7941901017372175 0.6093136157206962
-0.8822295794991685 0.47293970974820926
0.8468112305935196 -0.5337712428940781
-0.9608668504820597 -0.28059917256593464
0.18738802642823404 -0.983303985322612
0.9787003495258619 -0.21011098457233454
-0.16464482355331592 0.9873667414274685
-0.9900750333923151 -0.1474870443571442
-0.37236259113314313 -0.9291647328243855
-0.02078583372694018 -1.0007841670991182
0.7830302073807236 0.6235901653564632
-0.5481913969260389 -0.837548322388791
0.25778766137407194 -0.9672365386208726
-1.0007169896480297 -0.023801399744243692
-0.6648928963372684 -0.7482769783978647
0.34007116470978355 0.9414630119834402
0.3317651213168239 -0.9444219948082706
-0.6739191275779133 0.740158097628219
0.9814516644977969 -0.19685941749000482
0.8861086194065575 0.4656313075958323
-0.25105688613900473 0.969005386941779
-0.4201202754596979 0.9085702802467553
-0.27744005921557346 -0.9617837665205518
0.8872920394225126 -0.4633722442890148
0.9790476202987343 0.20848682737138444
-0.15247672481287386 0.9893188810440945
0.8486874534805221 0.5307830124492934
0.9863080889704315 -0.1708723313807569
0.8740870662794378 -0.4878245592044395
0.9069287739873279 0.4236522145744578
-0.9588804062167872 0.28731405564909146
0.45653902660014606 0.8908272095030502
-0.9975590221223574 -0.08292766355255787
-0.426124085912811 -0.9057699837182569
0.4588518318755043 -0.8896381266472868
-0.8800477872887643 0.4769873080996494
-0.923266514117358 -0.3867556643535843
-0.20072721767683752 -0.9806679275288427
-0.3566716538101963 0.9353001290325473
0.951661482249416 -0.310389148010758
0.4743743261798532 -0.8814590170061285
0.1772611589782277 -0.9851799234239883
-0.2225418534258167 0.9759488324055736
0.6502124710556019 -0.7610681588949627
0.19722170744237189 0.9813789268745867
0.497296014980796 0.8687333730692174
-0.9725483263697245 -0.23696150082966608
-0.21949097776096238 -0.9766394988333907
-1.0000162469171363 -0.044367847612490796
0.40193376141532816 0.9167607383797183
0.14002717610446333 0.9911576009657644
0.9205088849998269 -0.3932739409576682
-0.9590396214437144 0.2867821551301564
0.9505206192684864 -0.31386550040654854
0.7159673471071311 0.6995654064320054
-0.26862630569615953 0.964282587153804
0.8763764277571973 -0.4836996556454574
-0.5583790531421992 -0.8307910886691197
0.9965835111906097 -0.09392712719441507
-0.4027300517013619 0.9164112098051935
0.9972130824301183 -0.08698889716637373
0.9694511181534237 -0.249330161655337
0.005445478762278906 1.0009851880827456
0.30819679143164547 0.9523737384825555
-0.22412212598867345 0.9755871425158888
-0.9922269383337937 -0.1322372974797428
0.09050707258445688 0.9968999296881267
0.5150122996194829 -0.8583491895730152
0.16546581267940605 0.9872294894472834
0.9222828724630248 0.38909549362765955
0.224849348215805 0.9754197919905704
-0.918518181801118 0.39790118082354126
-0.918124354091041 0.3988090651237869
-0.09819936810013846 -0.996171613781849
0.33020737052471427 -0.9449677732341744
-0.8607974907373638 0.5109096592747666
-1.000010794462448 -0.04449057156953551
0.32322821725689876 0.9473777069199628
0.9434827896423744 -0.334426711924516
0.9994492225849511 0.05569785879490354
0.9120984644035401 0.41240440253797495
0.10519639731804908 -0.995457039751743
0.2653149015037085 0.9651989447984687
0.41790550099934454 0.9095911126624352
0.038864375619777895 1.0002452500800414
0.8280139539241819 0.562489015098822
0.5170863001975599 0.8571013698203959
0.5694390476285418 -0.8232497622446662
-0.45462756302276985 0.8918042268009148
0.5677121334200416 0.8244415889362113
0.9975013341427934 0.08361870833340541
0.10303753382917222 0.9956828142648653
-0.6898558979341523 -0.7253274019954468
0.1642250289648791 0.9874366510624794
0.9397994362734806 -0.34464187148407865
0.6227647961306914 -0.7836868052355471
-0.8472744498702313 0.5330356522758088
0.9429458998011256 -0.3359375389090144
-0.13177564424421337 -0.9922883550581567
-0.5076999271348986 0.8626944905279149
0.6880954444481353 0.7269977024239646
0.3207771093504234 0.9482104440032215
-0.4859689647124785 -0.8751200862374728
0.03358762654880866 -1.000436340474904
-1.000787661598991 0.020616895770782486
-0.9992359436933829 -0.05940142112100198
-0.9966053069937841 0.09369558192265696
-0.8076169562840347 -0.5914015995265076
0.09866248312298109 -0.9961258527033657
0.9819850087275541 -0.19418146830824354
-0.8363059491620554 -0.5500848656308893
-0.45683758962146037 -0.8906741360951569
0.0024325861683378424 1.0009970442136849
-0.9092904754819592 0.4185592326036934
0.9952987472957567 -0.10668366150211217
0.17572225100596622 -0.9854555751029045
0.025581338637217125 1.0006730710444485
-0.8838913330987913 -0.46982668216358425
0.5108653753499752 0.860823773061902
0.5041443026876924 0.8647771516798651
-0.5261613916221737 -0.8515604441061231
0.8403348428154647 0.5439102425495481
-0.10172040927828206 0.9958182355913446
-0.9997476792565577 0.050055747133840464
-0.8864630481276937 0.4649561961133093
-0.11412034740210636 -0.9944735020646969
0.8364665553215971 -0.5498406149316559
-0.9341496101942878 0.3596741661196425
-0.9378212281602717 -0.34998906270333596
-0.86893587937186 0.49694208670654216
0.5511724549614607 -0.8355895672468372
-0.1393563690049123 0.9912521386699585
0.8434934139618118 0.5389989430444624
-0.15948300172055424 -0.9882136267843111
0.6974559496875344 0.7180224218264074
-0.44482363124060953 -0.8967345967954612
0.9974523607240714 -0.08420087936581762
0.6711664125290466 0.7426551330818967
0.08156866665332385 -0.9976710643395441
0.6562083734742078 0.7559044718629033
0.6637979616516515 0.7492484675373801
-0.9763195941054518 0.2209095972694845
-0.5872408597688203 0.8106473787152936
-0.5550110806916678 -0.8330448369142365
0.9449438197546508 -0.33027591118259003
-0.7206692176980694 0.6947207199029353
-0.9012199604311352 -0.43566453025292645
0.8963028841569485 0.44569287615120773
0.9696441715297289 -0.24857831888245127
-0.20586442327304363 -0.9796023883343982
-0.516200137443171 -0.8576353643032983
0.5946832611110814 0.8052035885130477
0.7644057318952332 -0.6462854454849752
-0.9843849418958527 -0.18162402420577164
-0.892729335519702 0.4528082745517702
-0.2599091593827575 0.9666686241256351
0.07392207295215726 0.9982667615073919
-0.5147788178243506 0.858489236228017
-0.8365157933668412 -0.5497657023204015
-0.17249686369660736 -0.9860252694605925
-0.9321910602671869 -0.36472020393438304
0.8202664590189923 -0.5737281030317792
-0.5098192510812927 0.8614437481501099
0.7589573731191277 -0.6526750384288593
0.3842499329448864 -0.9243121707690807
-0.9050970668352573 -0.4275515169031841
-0.98617684313653 -0.1716281855094553
0.9668803387900924 -0.2591204555050724
0.9650250847115128 0.2659465846322104
0.9561721816143914 0.2962022267079963
-0.9840596544093382 0.18337828814713578
-0.9224435405885155 -0.38871443815032625
0.38554220312515125 -0.9237738952846657
-0.9819192797192533 0.19451356794738742
-0.14379689908758336 0.9906177122446355
-0.18837767961454494 0.9831148711229222
-0.5347266705464817 0.8462082413958602
0.7240644538114607 0.691181355887665
0.7229257492777913 -0.6923722705533086
-0.9123205859894349 -0.4119127922022988
0.6794956532249438 -0.7350419425096822
-1.0009697999670277 -0.007775574188992851
0.9645608692430137 -0.2676253529192666
0.6537628510846263 0.7580205370184245
0.7623771304364257 -0.6486772009154638
-0.871110689798209 -0.49311982937140997
-0.5711057468546766 -0.8220944142308485
-1.0000070729500143 0.04457414104550787
-0.7742415378622889 0.6344691017288691
-0.41932153080481144 -0.9089391914773559
-0.380775467474978 -0.92574890946153
0.8277623401755583 -0.5628592259056285
0.9701874248359379 0.2464495094136149
-0.9935800943898145 0.12165359029772688
-0.6671341622191117 0.7462794447123704
0.994924620701591 0.11011811441263901
-1.0003261357952566 0.036723589760939555
0.9940304869940305 0.11791688143099183
-0.8900920412750435 -0.45797069563327547
-0.8003301053480134 0.6012260161317353
0.9551389187529034 -0.29951735489539616
0.26797034459452806 -0.9644650820106915
0.8299863384608327 -0.5595745508584
0.7319274481799655 -0.6828493322840434
0.26500502943625176 0.9652840692632875
-0.8002586019972794 0.6013211869952364
-0.2106315500733961 0.9785884477724425
0.6442228604500936 -0.7661448336140493
-0.5030574987117153 -0.865409817941715
0.8329992648041196 -0.5550794761435486
-0.9649016532352166 -0.2663940682221469
0.5596625061418977 -0.8299270324666923
1.0009820752543783 -0.005990410623499153
-0.9932994835205352 -0.12392391229233439
0.22237537460223353 -0.9759867789937097
-0.8863847132740147 0.465105514990032
-0.8145463444068648 -0.5818206362904407
-0.7712692542018003 -0.638078943018024
-0.8027596719040135 -0.5979781845222788
-0.8574108488777659 -0.5165729727993025
0.831575994993958 -0.5572094440601386
0.3925475853088162 -0.9208188710426267
-0.7330242966612378 0.681671754222146
0.9900267032581611 0.14781111878264405
0.7839652598349622 0.6224142281245666
0.5418866261724432 -0.8416411850518288
-0.9275776237828799 -0.3762987534623337
0.3320439454336115 0.9443240007014969
-0.21562532350745967 0.9775002403387446
-0.9102976742089995 0.41636419674329134
-0.8660891409804056 0.5018870389597874
0.10342006463299028 -0.995643154062392
0.6156463901750846 0.7892911517712506
-0.30907661431344813 0.9520885707141621
-0.29309575198794724 0.9571289778115695
-0.8478297686491221 -0.5321519363794293
-1.0002510859823945 -0.03871388628180208
-0.44747866620793547 -0.8954126664777348
-0.07221382740797172 -0.9983917883932598
-0.4050488399211055 -0.9153886809866979
0.6314197362013678 0.7767304015779188
0.8235805133735242 -0.5689605768341092
0.5810789599933692 0.815075605237345
-0.5778930141168669 0.8173375460817414
0.2748371098308605 -0.9625308114859593
-0.5037380176425772 -0.8650138782594917
-0.6830270465516162 0.731761609869619
-0.7958842102518607 0.6070991054776576
0.41468224653765123 0.9110651098612473
0.8278931025874192 -0.5626668736367701
0.04325633875043301 -1.0000649424701917
-0.8735433436315378 0.4887975314964602
0.9886001534313174 -0.15706920969934202
0.6278493905260993 0.7796192293780378
0.9937871448115729 -0.11995045146751955
-0.9322010980460511 -0.364694547260768
-0.975893925431008 -0.22278250897873075
0.7497397852045394 -0.6632429829869677
-0.5576585588213989 0.8312748834009364
0.8526064114387885 0.5244647816331154
-0.6429051683032044 -0.7672509006635498
-0.9768017407405479 -0.21876782049980614
-0.3438404777827767 -0.9400929346815196
0.9860134464364297 0.17256443273906097
-0.957356796615017 0.2923507550444035
0.2072995835082638 -0.979299689919945
-0.39970628027787025 0.9177341061039568
-0.1044237812942383 -0.9955383839411784
0.042889682949448754 1.000080734289235
0.6645898931187004 -0.7485461067726386
0.6336078751787673 -0.7749464888051611
0.33022368582843037 0.9449620718938333
1.0009443901852195 0.010551196933959431
-0.973942867932478 -0.23116290793174363
0.5554838755407653 -0.8327296464124545
0.9799825564767343 0.2040470264456805
0.9986508745710441 0.06853780503115722
-0.6302998666751246 -0.7776394267713798
-0.7436937366294842 0.6700153924336928
