1000
-0.030141984480121734 -1.000546081283416
-0.9920684595404031 -0.13342103126992916
-0.8515897913319102 -0.5261138919466712
-0.722173499079682 -0.6931568633628384
0.8288480282496026 0.5612592503173075
0.97016926711628 -0.2465209791134621
-0.2758452887605209 -0.9622423689843557
-0.9516397276253951 0.31045584034619816
0.8376907269766235 0.5479737639133611
0.3510015366178072 -0.9374427562747168
-0.07624378150307819 0.9980921228935288
-0.8726655367341026 0.4903629890158724
0.043101268412069106 1.0000716377646508
-0.8464440000600227 -0.5343533987562801
0.8735270007549483 -0.4888267371493345
-0.9516222936710816 -0.3105092755268184
-0.5479637108776226 0.8376973030643139
-0.8562915152801123 0.5184263118894422
0.9941349759533513 0.11703268597374646
0.989424739675666 -0.15178828847358622
0.9633757595232361 0.2718605266731972
0.6655633388948358 -0.7476807085375134
-1.0005524376824664 -0.029930243027318584
0.8720567812177896 0.49144477851745283
0.3544038850509711 0.9361617842343161
-0.9871594435213906 -0.16588319103073243
-0.09251142187300514 -0.9967159258399731
0.8140846730792652 -0.5824664325585003
-0.9145220766100909 0.40700168475421206
-0.33145220673683556 0.9445318600498779
0.4521951505073362 0.8930400583723261
-0.5916517561782214 -0.8074337120849157
0.7114848789729021 0.7041237582931816
-0.9096490844238301 -0.41777929963904115
0.8732071825736307 0.48939780986618836
0.6786916034684819 0.735784416375735
0.99952076848781 0.05439883603109168
0.37897182439612315 -0.9264887243317502
-0.7641541215568315 -0.6465829246954387
-0.31012384937649246 0.9517479698154898
-0.9253248954577031 0.3818047116605435
0.9836981104948731 -0.18530792592011916
-0.7627391296879218 -0.6482515098655085
0.2742647145619199 -0.9626940668490008
-0.2421251446809814 0.9712756634000533
0.642243985296357 -0.7678044434298702
-0.9927654997527233 0.1281314266709205
0.3212576852906106 0.9480477306769522
-0.5039624496522591 -0.8648831420142805
-0.0398999778754395 1.0002044749777614
0.8291800085403424 0.5607686808631861
-0.18876930923110805 -0.9830397488873023
0.7903354315647351 0.6143052218672604
-0.9305532112380805 -0.36887900598230905
-0.8444561623423319 -0.5374893393194523
0.7764880817368498 -0.6317177050871909
0.9957833431881085 0.10206141988584036
0.42525774685741174 0.9061770515400164
-0.8583096769125573 0.5150781479719961
-0.2389622207377659 -0.972058669556563
-0.7047674649022135 0.7108472553335964
-0.7909106030471298 0.613564518194807
-0.4066126217313799 0.914695127268498
0.5066311124708781 -0.8633226024357988
0.7825702666339758 -0.6241672674695686
0.15799241433806308 -0.9884530322739821
0.9153473716287761 -0.4051421839950651
-0.13161849693475502 0.992309211518585
0.9444087064026568 -0.33180294644692393
-0.5600594163088325 -0.8296592374003979
-0.08695295830330026 -0.9972162167966907
0.4672934735655204 0.8852331950187309
-0.23180645492530552 0.9737898990310807
-0.6936020428641048 -0.7217459429291865
0.6491941425872011 0.7619369824535812
0.9994563040084522 0.055570643128942325
-0.36155742658355783 0.9334223198972024
0.8112111536089125 -0.5864618182460793
-0.48429189244143583 0.8760492925146922
-0.784497068800249 0.6217437969484033
0.38965430398584416 -0.9220469203816621
0.11286955152085065 -0.9946162397324317
0.22752180050171628 0.9747998924376516
0.39262377506679985 0.920786387416916
0.028578456859058732 1.0005919606930465
0.997071300947799 -0.08859921459168599
0.09615875500629127 0.9963706608665471
0.9206668021683987 -0.3929041096565607
-0.8548962152277975 0.520723977928026
0.9973056781996229 0.08592080208418715
-0.5335608173463522 -0.846943831781478
0.964161362249687 -0.2690610851550776
0.6252819726316102 0.781679892732263
-1.000588474780365 0.02870024628296305
0.6934446849953652 -0.7218971317657931
-0.7459158403563304 -0.6675406797383283
0.3440957408850271 -0.9399995325024286
0.05550676631416901 -0.9994598535675879
0.9650974360581099 -0.26568390789444196
-0.9158799639529422 0.40393674211385766
-1.0005410655210947 0.03030802213791508
0.2395071298642115 -0.9719245519813807
-0.5282415948121912 -0.8502716139624283
-1.0009343761445653 -0.011461878209514768
-0.905213915764854 0.42730406820630656
-0.7341099900601911 -0.6805024044732143
-0.8747712481438441 0.48659661262781206
0.898593611074581 -0.4410561439725612
0.756544268852996 -0.655470647142712
0.4777506005036734 0.8796336531297444
0.2854063117523379 0.959449965976302
0.34732795633228447 -0.9388100397577982
-0.2587207555212168 0.9669873684089832
0.6755691931725412 -0.7386523304208833
-0.9993728435585902 0.057051902313747606
0.7523749569406835 -0.660252167106254
0.02513159286318328 -1.000684467272356
-0.4611291615749171 -0.8884598450944274
-0.9378532582316015 0.34990322379819394
0.4390301588211996 0.8995851931003712
-0.23172465149532323 -0.9738093683516148
0.540559281147357 -0.8424943107021273
0.7800496901985539 0.6273144991319267
0.5173785947805476 0.8569249615123287
0.6072879548337836 0.7957401208395869
-0.8148523086078696 0.5813920494437683
-0.262176908250629 0.9660560381158751
-0.7403136982545098 -0.6737481934496973
-0.4903602092333782 -0.8726670987269989
-0.6603535829493062 -0.7522859466227013
-0.9701862946881517 0.24645395837615375
-0.9939021105466864 0.11899409502509911
0.5039097145334843 0.8649138683122051
0.5151608106319661 0.8582600650088617
-0.17413713904559197 0.9857369105420656
-0.7907520262314626 0.6137688758896432
0.6458148967972647 0.7648033205175945
0.89804609767197 -0.4421698841578276
-0.3643946658593492 -0.9323183616626101
0.6689467079075864 0.7446551564177893
-0.5767385841536097 0.8181525564028322
-0.9806975527206031 -0.20058242716604005
-0.7102027942968278 0.7054168916130218
0.15936806551380117 -0.9882321689230668
0.9872355661592499 -0.1654295527111931
1.0008219898689363 -0.018877091798870618
-0.9968648450395838 0.0908926879578692
0.781167028331085 -0.625922578158339
0.9079668848798379 0.42142275206922936
-0.4204423103513702 0.9084213029571698
-0.9807710402615052 -0.2002227923698122
-0.49635750320878863 0.8692699402420041
0.9939034186056469 -0.11898316891059915
0.9201134853068528 -0.39419814073188636
-0.0340183602157353 -1.0004217866321348
0.07874738081079238 -0.9978977152070446
0.8962394222139493 -0.4458204774004964
-0.9341408738206707 0.3596968555013427
0.5440171974659941 -0.8402656061396573
0.9969043949886874 0.0904578755677979
0.13170758224991255 0.9922973912985373
-0.2993215462030533 -0.9552002994024936
0.8917333777581341 -0.45476651480959857
-0.3055337390621505 0.9532314169679375
-0.531543529054306 -0.8482113396556863
0.38860084092235103 0.9224914018214162
-0.016758478245112784 -1.0008597071552576
-0.35486730360122554 0.9359862161564109
-0.3874866032770787 0.9229599841167503
-0.8475417633662116 -0.532610513743479
0.49889262948398266 0.8678174602107044
-0.5824313362060323 -0.8141097828949458
0.36909640890045237 -0.9304670015303015
0.5444809144297442 0.8399651979824816
0.2196905116976995 0.9765946339551549
0.5702152869562371 -0.8227122987541977
0.9608141560401793 0.2807795533025827
-0.3126011703024125 -0.9509371737005353
-0.3537445831967567 0.9364111115631599
-0.9862890007276522 -0.17098247583787446
0.8329845348055603 0.5551015805911242
-0.15749712833136126 0.988532070581109
0.9889190833533136 -0.15504852975646688
-0.11904180744462847 0.9938963970557072
-0.9801283123032336 0.2033457435542114
-0.9849125924634399 -0.17874055277677198
-0.9401365293955826 0.34372126221115396
-0.9880438221036871 -0.1605316342741754
0.37842132090311237 0.9267137119337037
-0.5978401382235233 -0.8028624845693554
0.5275546774355785 0.8506979853719195
0.9521009546271344 -0.30903846394599416
0.2756108656388239 -0.9623095399827533
-0.09033130367346888 -0.9969158718651497
-0.706617957138924 0.7090078015429829
0.7939092857871688 0.6096794616361187
0.9998282256384954 0.04842023561051662
-0.8090009234039549 -0.5895070024448805
-0.9680145302408043 0.2548506802868592
0.9760407579779555 0.22213833249985926
0.03806875894094986 1.000275846750633
0.48710358256131486 0.8744890507353035
0.43915294076274985 -0.899525260690009
0.7041562294766435 0.7114527422740294
0.9876842578427674 0.1627292438671729
-0.3323997219524137 0.9441988269670525
0.9955832754599402 -0.10399491153155946
-0.9432901618336165 0.3349696562196487
-0.16609967757909827 -0.987123040511222
0.5690816296674128 0.8234968723529443
-0.5751346077266192 0.8192808938301611
-0.04173360237420885 -1.000129644812547
0.21198172474442228 0.9782968610674267
-0.9919024651548267 -0.13464954370430546
0.37289882991424145 -0.9289496556049686
0.14212289498879926 0.9908592648403721
0.9631827255045321 0.2725436429081792
1.0009775133531982 -0.0067095276471719045
0.7137394810762738 -0.7018382670907675
0.8751284073082484 -0.48595398004556833
-0.9014459223127308 -0.43519679358394897
0.9627599154397891 0.27403347463835537
0.9966786264378599 0.09291240822377313
-0.9695723612071225 -0.24885826565184668
0.9659280940612044 -0.2626478956764916
-0.33387512294153887 0.9436781242991554
-0.9537853496548737 -0.3038001099139536
-0.0906741853587629 -0.9968847436436795
0.4398394576369265 0.899189775022856
-0.6996551586458307 -0.7158796400096021
-0.9842276950191383 -0.1824742292963967
-0.10715076616398228 -0.9952485686050855
0.8799867704059191 0.4770998678584602
-1.000962337891184 0.008683209280850111
0.1455396784181942 0.990363166725181
0.9955433671037056 0.10437626270286002
0.9248019601366513 0.3830696209925916
0.9967237608673898 0.09242696858799575
0.9338777112655557 -0.3603795504761715
0.38723891434926155 -0.92306393235442
-0.9323779868978749 0.3642420754776502
0.07767713805366672 0.9979815941307694
0.9743523787037947 0.22943069130841467
0.9065928012454676 -0.42437070201640453
-0.33594798331171266 0.9429421787727991
0.9868800017323361 -0.16753764407077038
0.889923147452507 0.45829880168752746
0.17712239596934412 -0.9852048806446703
0.571823847419083 -0.8215950873288114
0.9100084392002226 -0.41699597190425575
0.23336800454203188 -0.973416855440705
0.7533470235465471 0.6591428237594326
0.11520361688372738 -0.9943485941343244
-0.7125792179738727 0.7030162573594895
-0.7420516206641697 0.6718336045998884
-0.5926617807784861 0.8066926388684067
0.8596645360737 0.5128136946466915
-0.9309749547130858 -0.36781331364833425
0.785329993578567 0.6206913896501931
-0.7943589229073926 0.6090935080900198
-0.7969679239962039 -0.6056757615434031
0.8840041705114727 -0.46961433806723046
-0.17200110150293849 -0.9861118704699664
-0.9976834247836226 -0.08141734404917442
0.9883629140985851 0.15855519554575548
0.9974732141062517 -0.0839534820036903
0.8021796943081648 -0.5987559920699409
0.1188067069111743 -0.993924527513494
0.8865509412553173 0.46478858479884255
-0.013540000252280563 -1.000908421581699
0.9608134243160872 -0.2807820572151908
0.9719557610472517 -0.2393804473365732
-0.5889623758463222 0.8093975042199325
0.9991422868761156 -0.06095646459536374
0.9991305367342322 -0.061148757674746965
-0.6747139366914892 -0.7394336370725052
0.6468648465275809 -0.7639154863771576
0.990367541914259 0.14550990317744192
0.5294494736410326 -0.8495200143970909
0.3005031543982689 0.9548292277662483
0.953920558719405 -0.303375291763285
0.9962117013974648 -0.0977918503698967
0.6564731514215243 0.75567453408375
-0.9739228560116143 -0.2312472065521664
-0.3044224761774714 0.953586889590024
-0.9262444808565737 0.3795683886768448
-0.8238172705501315 -0.5686177140604497
0.9792998110601343 0.20729901123156672
-0.9590537190658661 0.28673500648844863
-0.5262951646919043 -0.8514777740034799
0.8192518309175328 -0.5751760057045758
-0.537525967573261 0.844432847646531
-0.3743450917419614 0.9283677893425119
0.8918341297196389 0.45456890024199237
0.19077857581390442 0.9826517872626184
0.7053891606543456 0.7102303373071005
-0.9910228384121784 -0.14097777748804752
0.6481765104204339 -0.762802865319205
-0.5519330270099841 0.8350873808743587
-0.7744333212954054 -0.6342349965646544
-0.7301577641841965 0.6847412937756384
-0.3048351254501486 -0.9534550573004436
0.9887415559505001 -0.15617661648462022
-0.15695184352276684 -0.9886187934764364
0.9894084340175031 -0.15189453806846426
-0.4252111022304318 0.9061989398250151
0.7488471365817151 0.6642506801150949
-0.028262200815583532 1.0006009434360232
0.5102195763116693 0.8612067022198218
-0.497167525937302 -0.8688069124686925
-0.45410698334292254 -0.8920694186436336
0.7047533541158174 0.7108612451544291
0.3535638500390061 0.9364793665348934
0.2655015085437931 -0.9651476306560413
-0.5606325334486769 -0.8292720678033947
-0.8305754849294998 -0.5586997081027751
0.745901490820114 0.6675567136898043
-0.7994312518540323 -0.6024206782300013
0.6072568073881558 0.7957638907871758
-0.8448069506756493 -0.536937813987906
0.7031893953473358 0.712408362016511
0.9986371009991658 0.06873820268222036
0.4332765650229508 -0.9023704439984239
-0.740396701439733 0.6736569783629967
-0.8451858952749306 -0.5363411250578444
0.5977094369158147 0.8029597929048377
0.8724939637110888 0.49066820081162116
-0.9608382515306524 -0.28069708654618913
-0.8944226691876495 -0.44945421217654696
1.0004191358891388 -0.03409622481784105
0.866094238432151 -0.5018782423602685
0.9987297442931445 -0.06737876419280747
0.42930306208642 0.9042675936265898
-0.6949574845582155 0.7204409029590961
-0.9652840482101969 -0.2650051061223811
-0.8322185262230282 -0.5562493367287469
0.13054771527059583 -0.9924506506812455
0.7798726610051011 0.627534566870083
0.7146542169476574 0.7009068056446097
-0.23075239591590768 0.9740402105555336
-0.8241452768137026 0.5681422028908478
0.6426387381034965 0.7674740727143462
-0.3250798059556732 -0.9467439568118837
0.9993581775710748 0.05730822734843671
0.9135022276719518 0.4092855727220073
0.6695367643322349 -0.7441246677859306
0.9918033812214544 0.13537744641442523
-0.43442026317609106 0.9018204006020355
0.191865049368867 -0.9824402286300589
0.9114343007936496 -0.4138701672466753
0.6308534715352399 -0.7771903868756589
0.125676180490925 0.9930793007898274
0.13564278007596756 0.9917671280160796
-0.9311004975278018 -0.3674953924928583
0.31716930661876663 -0.9494233149333182
0.9847628792652509 -0.17956355872284616
1.0002306651576542 -0.039237946917191485
-0.684157926606611 -0.7307044077199364
0.2718745083979138 0.9633718138306688
0.6125698134634773 -0.7916812639145382
-0.8960028828027312 -0.44629568002524417
-0.8894037612515554 0.4593059432138738
0.6649538013921689 -0.7482228558485126
1.0004937828711955 0.03183065246088109
-0.08295281977229486 0.9975569305517481
-0.905065550922807 0.427618227549757
0.7717898838634478 -0.63744911574654
0.7112258526482764 0.7043853963028563
-0.44234881370325047 -0.8979579761967299
-0.43866978239331555 0.8997609804914865
0.7838743132528121 0.6225287632089237
0.9430148168509837 -0.33574403226193855
0.8620015922264276 -0.5088754808389806
-0.9065456021031909 0.4244715200191448
-0.5644673318158115 0.8266665780789365
0.9851087223047663 -0.17765642470530235
-0.914686332047896 -0.40663240643702536
-0.49954120889342163 -0.8674442809871415
-0.5856525355499381 -0.811795607036604
-0.35698940537832846 0.935178894355314
-0.7923164986571792 -0.6117479595026273
-0.9501173795834171 0.31508406023399677
-0.8639980627089215 -0.5054783354756467
0.5544817503565433 -0.8333972573278268
-0.7523330020740561 -0.6602999727322715
0.9907162326323881 -0.14311654830482723
0.42986489238376757 -0.9040006494997068
-0.2281135595386762 -0.9746615843227817
-0.9755916371232284 -0.22410256039416238
-0.025064035476908653 -1.0006861616538985
-0.7913911834464995 -0.6129445282920379
-0.5021867434415093 -0.8659153969710964
0.045416586987456764 0.999969166337848
-0.19239377229065902 0.9823368243040521
0.8204515428295891 -0.5734633954042289
0.4841144570103727 -0.8761473577621244
0.6178161482378512 0.7875939353350466
-0.5574828116819416 0.8313927559698827
0.9598426145138634 0.2840830078747953
0.9436933553387015 0.33383207019335814
-0.925527575366604 -0.38131313540975087
0.9241343014500961 -0.38467751803730743
0.5619240940691871 -0.8283974363217956
-0.8563508976782994 -0.5183282165245983
-0.49852303568225215 0.868029828343561
-0.9869718911061162 -0.16699546750261454
0.6234963621755858 -0.7831049012449167
-0.9023699626532922 0.4332775675027456
0.9806358606403843 -0.20088381922417906
0.3656452482761496 -0.9318286067797408
0.012841203650317212 -1.0009176307213352
0.7814753741232559 0.6255375605340717
-0.8025136160480156 -0.5983083620153894
-0.33781403369183455 0.9422752669155929
0.9707063090533958 0.2443977527800391
-0.9998463375890438 0.04804478337734122
-0.645951849388477 -0.7646876540598824
-0.951305887802656 -0.31147729906367255
0.9677647991514361 0.25579736809314624
-0.46004300745060883 0.8890227394705936
0.7023909893265312 -0.7131955539071291
0.03937249260361289 1.0002253780154642
-0.40671260323994535 -0.9146506755946703
0.7075584398788698 0.7080692438993377
-0.9546103942674445 -0.3011976015119544
0.9600284874378179 -0.283454234944295
0.4897119061257644 0.8730310698930884
-0.9717182342909872 -0.24034282420410613
-0.7183670309849103 -0.6971010032943038
0.25525012691869253 -0.9679092791723776
1.000464296174646 0.03274434424095792
-0.3256554218280175 -0.9465461141613841
-0.25028512986621726 -0.9692050112168481
-0.5922738025794476 0.8069775354853947
0.9229748167403458 0.3874512713401844
0.7383564019608104 -0.675892612538032
0.9695930285511284 0.24877773008259965
0.6687484516856739 -0.7448332084218682
-0.9045273827480014 0.4287554242911111
-0.5504572362831067 -0.8360609015039299
-0.9989945340792262 0.06333183148962092
0.5949334911087891 -0.8050187209979084
-0.966140797548301 0.2618643910743363
0.5233815362290782 0.8532718016754627
-0.41125978924320067 0.9126151356139335
-0.28661968883301714 0.9590881888404551
-0.7684721819581142 -0.6414448577676299
-0.7814086468197295 0.62562091291401
-1.0009941039435213 -0.0034356761062140787
-0.9805444412568631 -0.20132957736076948
0.6323585190646586 -0.7759663029838034
0.6090682998696642 -0.7943782512719472
-0.5993717067619435 0.801719749746303
0.30634965945112347 -0.9529695095616547
0.8930642504232638 -0.45214737046225756
-0.9991719635088651 -0.060468068745737645
0.6972783431347497 0.7181948984748209
0.3355501527749792 0.9430838218168563
0.030350132272919647 1.0005397890493992
0.8430922655277526 0.5396261963686357
0.6006069317751611 0.8007948011217524
0.29166199062657083 -0.957566855746243
0.8871885687974803 -0.4635703219524289
0.9041102608347211 -0.42963430525665935
-0.9816780132078406 0.19572756163684923
-0.3957692882715034 -0.9194387801594338
-0.5174205856411804 0.8568996076290022
-0.8360992517675837 -0.5503989836415821
0.8549888215998046 0.5205719114006991
-0.6580141516545158 -0.7543330671675396
0.7390513443423086 0.6751326613531791
-0.6244013911564764 0.7823834754913072
0.1798308063124758 0.9847141113546636
0.36296896908174636 -0.9328743363839174
0.30559954042609117 0.9532103235337739
-0.9950261198487369 -0.1091971648842911
-0.6863245316297811 0.7286697724505674
-0.5274677641905063 -0.8507518778938242
0.9689897060818463 0.2511174018410853
0.754956503657989 -0.657298773454283
-0.9153728938256331 0.4050845161806191
0.2754267914245444 0.96236224082493
0.2845247597455875 0.9597117593797191
-0.9654860036686859 -0.2642683800984716
0.9963185720038722 0.09669696520659243
0.26072969342297136 0.9664476328118163
-0.42935830450565654 0.9042413650967467
-0.4759457935455125 0.8806114930015009
-0.8394099471725265 0.5453365388343386
0.23161818054707753 0.9738346976977466
0.613660083252599 0.7908364573174489
0.0326228590643254 -1.0004682648972276
-0.37777711354446547 0.9269765112892624
-0.7869642164875458 0.618618074394972
0.936760070498931 0.3528194585320346
0.47422801196170133 0.8815377431913238
0.8156467516994277 0.5802769825197034
-0.8452149063677759 -0.536295405586988
0.41656047879682145 0.9102078704914405
-0.8000272827410602 0.6016289112650387
-0.9462968194227445 0.3263791193541611
-0.5823327182977861 0.8141803272002531
-0.9394236419784163 -0.34566489681772467
0.025064904256395015 -1.0006861398933322
-0.8900647735963383 -0.4580236880368734
-0.973672681189975 0.23229832092446429
-0.197870895038553 -0.9812482402005325
-0.4258768645696238 0.9058862490535698
-0.7845931288068617 -0.6216225721682405
0.35506919973503187 -0.9359096448907469
0.44822783006657235 -0.8950378831947907
0.7051589557371594 0.7104588989826779
0.6209549932911874 -0.7851215805891094
-0.4607211585738317 0.8886714882578298
-0.9571318120399895 -0.2930864964153863
-0.7648862734548493 -0.6457166473619473
0.42226414554321107 0.9075758873993194
-0.19637169821327788 -0.9815493651064288
-0.2276582976663231 0.9747680234310478
-0.5303182440024589 -0.8489779502897283
0.21893973670068034 0.9767632219189238
0.1985806970660954 -0.9811048398375902
-0.7825368548128736 0.6242091563407056
-0.9337881169878739 0.360611636767646
0.39244492392093794 0.9208626291085382
-0.3140397440404227 -0.9504630656490686
0.8023409582999442 0.5985398789005852
-0.012318035448289754 -1.0009242059230532
0.006183825927337637 -1.0009808990669604
1.0004094596691295 -0.034378961655642054
0.5393579563936044 -0.8432638939708701
0.9735063975207086 -0.23299419303118274
-0.01765814389410391 -1.0008442386076941
0.9996050810402243 -0.052826905631188636
0.41282504019383837 0.9119081566632441
0.9620597469408109 -0.2764815424511789
0.8859619448606799 -0.46591032641344343
0.9334196628097864 -0.36156428623422515
-0.5256032022880802 -0.8519050849387598
0.8641415976580994 0.50523291578925
0.6135965419888619 -0.7908857589180063
-0.9295587759529196 -0.3713778157737883
-0.5344963479737591 0.8463537404671372
-0.10832368432576388 0.9951215902662811
-0.9524090092400471 0.3080877782684538
0.39666433714192034 0.91905299283543
-0.9495640183360435 0.31674780990798646
-0.46422150913709304 0.8868480086545157
-0.881433453769348 0.474421823461188
-0.020409297533198985 -1.0007919167210542
0.4480866488819941 0.8951085716792709
0.5689800396640519 0.8235670673745362
-0.46507966637705633 -0.8863982761279525
-0.991331710564344 0.13878919132833006
0.7172229562127064 -0.698278047114118
0.996479274976724 0.09502659912815176
-0.9983402905742007 -0.072922316311404
-0.5825079538232135 0.8140549635821238
-0.5048975171565161 -0.8643376060135215
0.9319020827023136 0.36545794320973535
0.450318671631693 0.8939877482269359
-0.48769545640966727 0.8741591055393557
0.9756703426925024 0.22375965317790197
-0.05874158867117457 -0.9992749500314648
0.07416386171822073 0.9982488275049666
-0.15613338126192586 0.98874838419879
-0.3227805621168622 -0.9475303207388788
-0.7172107030345979 0.6982906325110038
0.5230016489207241 0.8535047013497956
0.8158414153369068 0.5800032629400222
0.9890087944287693 0.1544752554377312
0.2300840326051154 -0.9741983052439417
0.380279580282062 0.9259527206183363
0.7627847950844907 -0.6481977756733754
-0.8392975889091763 -0.5455094474445363
-0.09373660553491561 -0.9966014493180269
-0.7798083840749347 -0.6276144390678398
-0.6695218901700575 -0.7441380507561172
0.9965078374733833 -0.09472660584081471
-0.9496898984168725 -0.31637018956429896
-0.5406155174695955 -0.8424582258314542
-0.34382235006333267 0.9400995647254216
0.6400439928720059 -0.769639322792475
0.04943824812770332 -0.9997784052589173
0.635079418411063 0.7737409982097795
0.3044112991158484 -0.9535904576759362
0.25615495553720286 0.967670211773481
-0.8904568376838611 0.45726099792356856
-0.9302980617231754 -0.36952201064903156
0.9787156533795942 -0.21003968632083336
-0.9322571225937694 -0.36455130965775673
-0.6098979408057305 0.7937414577813923
1.0009998440119456 0.0005588273976864481
0.9612606404123102 0.2792471686411793
-0.9139702395097838 -0.40823939213460075
-0.9200326444433975 0.3943867811660132
0.9376664433302404 -0.3504035402966371
-0.8899354488715262 -0.45827491404378123
0.9331647153336751 -0.362221774685373
0.49876623486343064 0.8678901099564145
-0.8058693192887761 -0.5937808014992103
0.24565715585272083 -0.9703883561638361
0.8847627001070588 0.4681836867077565
0.6970549608417501 0.7184117075646151
0.29406060814303614 0.9568329837221059
-0.00945691835371176 1.0009553270227654
0.839554489229293 -0.5451139877263662
0.4118861212360981 -0.9123326274627486
0.37056980282310836 0.9298811866231311
0.8498016667376767 -0.5289972846904478
0.8329316930907465 0.5551808666056338
-0.5653085023747041 0.8260915791501988
0.9455642928323995 -0.32849530912992386
-0.6319193583084787 0.7763239817209053
0.334484541031294 -0.9434622895543227
-0.996338084982358 0.09649570152958882
0.9971968347203338 -0.08717495525520605
-0.916149487031436 0.40332507659707534
-0.993888407781806 -0.11910849204379399
-1.0009909055880482 0.004266957935016106
-0.05144428447080653 0.9996771906947195
-0.787880319267321 -0.6174508907688322
-0.4084773006067644 -0.9138639367482508
0.12303721613762747 0.9934097057332905
0.9689500576694593 0.2512703439372651
0.3850548111153206 0.9239771601273188
0.7003077523812237 0.7152412543713895
-0.4982994470186458 -0.8681582005031755
-0.9919979993933074 0.13394390318217514
-0.6474541332566062 -0.7634161023510945
-0.7897918072948232 0.6150039846456093
-0.6005265565349425 -0.8008550773368954
-0.9978883249526416 -0.07886628508565093
0.3111057460277889 0.9514274616535372
0.1160640781455031 0.994248525150646
-0.9686488279808539 0.2524290950966588
0.2720813272937335 -0.9633134232107846
-0.20558878989630738 0.9796602724766235
0.9052662802112961 -0.4271931201604295
-0.2640399757548202 0.9655484924142308
-0.7400190173503656 -0.6740718462892508
-0.5604118727864615 0.8294212035148191
0.26482520009058064 0.9653334208432773
0.9990534050891904 -0.0623962641485366
-0.6281994724144353 0.7793371689187069
0.5335182117406737 0.8469706711221078
-0.9146802979802615 0.4066459793072348
0.7420578151498972 -0.6718267626218539
-0.807224422532313 -0.5919372700441945
-0.6727937861976653 0.7411811662837975
0.059922858687709614 0.9992048093392529
0.13641413589485843 -0.9916613250137666
-0.12951345216298793 0.992586150270507
-0.21684516583255206 0.9772303587461111
0.3283289292837338 -0.9456220778912667
0.25987602048914243 0.9666775336040073
-0.932133070520352 0.3648683856437832
-0.5979050484741676 0.8028141459946401
-0.8935345330093281 -0.4512172850410343
0.9611770744678426 -0.2795346696162022
0.8814750639252092 -0.47434450737628264
0.8119380214442745 -0.5854550788345395
0.9944719907538613 -0.11413351657621007
-0.9179749067127142 0.3991529414219362
-0.9052511336021792 -0.4272252159130703
0.9983919332011455 0.07221182533961741
0.9060687053846819 0.42548854405556746
-0.9119426348591742 -0.41274887125963994
-0.7446611837300541 0.6689399983898069
-0.9284490371233695 0.37414353591193855
-0.1608851634258732 0.9879863178148927
-0.4149192064601573 0.9109572174973276
0.05183988287690125 -0.9996567543628709
0.6560930531851765 0.7560045671569406
-0.938447550523563 0.34830617984228285
0.5937999762496433 0.8058551905931507
0.8579322168657744 -0.5157066135544297
0.1701256922364169 0.9864371489563235
0.60322985917477 -0.7988208416159328
0.4518990175346706 -0.8931899450571527
0.3316832337409179 0.9444507570303322
0.0008740715791812553 1.0009996183809835
0.855759958601177 -0.5193032767611927
-0.005974136171787032 1.0009821725170738
-0.7354411382205958 0.6790635700822085
-0.8592069186352942 0.5135800531263292
0.1547833573915833 -0.9889606222062582
-0.27870652576698673 0.9614175328622294
-0.5375386889036271 0.8444247497153133
0.5101553962313591 -0.8612447223037276
0.1240158570050917 -0.9932880081886083
-0.5570569496571813 -0.831678155802253
0.49575707505589395 0.8696125128653709
0.7159357091826384 0.6995977846714159
-0.9563086228888186 0.29576142038557246
0.3144402751256933 -0.9503306337159075
-0.2337120577336187 0.9733343074555204
1.0009999983524203 -5.743217400403653E-05
-0.5495581130298464 -0.8366521860385442
-0.9437943507012905 0.33354643392536726
0.8414350233169248 0.5422066963212888
-0.24794772673626939 -0.9698056118657574
-0.30443605485902975 0.9535825546337715
0.19322427564675898 -0.9821738030006631
-0.36861233597800663 0.9306588772288358
0.7571904682018555 0.6547240600926888
-0.8986691478029197 -0.4409022145410182
0.20399120153478037 -0.9799941783992375
0.9953407809569932 -0.10629077929869034
0.7600701716496003 0.6513787946875054
0.9931753273678435 0.12491504756344146
0.9828098712779002 0.18996251450935606
-0.6529731879326951 -0.7587008737579082
-0.4829769246038754 0.8767749370848726
-0.3542136584417077 -0.9362337764540122
0.09708482120670833 0.9962808527173758
-0.8473368218653213 -0.5329364974470943
0.7883355413348668 -0.6168695763840705
-0.9399180901570755 -0.3443181432853571
-0.9973176549432049 -0.08578167134409617
0.5724403336854148 0.8211656741304589
-0.974082009093787 -0.23057588677008622
0.17293210830331499 0.9859490280525512
0.8347564045622078 0.5524334756713931
0.9057931306256816 0.42607488134285376
-0.005449579874241689 1.000985165763806
0.6526705971639152 0.7589611924187549
-0.570131015014243 0.8227707005714465
-0.877959741071684 -0.48081981350329306
-0.09537009062586321 0.9964464590804739
0.774497783949966 -0.6341562762100457
-0.3119344916261768 0.9511560718062617
0.9238545276347303 0.3853489480572244
-0.90475509755555 -0.4282746939141363
0.9307569690962156 0.3683645809233377
0.5237988563487515 -0.8530156845496688
0.6735415537966656 -0.7405017051358986
-0.18168859548014354 -0.9843730259776793
-0.44392541986016404 -0.8971795927248776
0.7676493283450122 0.6424293803146395
-0.41778185860781897 -0.9096479091484773
-0.9781485566665702 0.21266499733408312
-0.35985362689426503 0.9340804928971823
-0.9846977134994731 0.17992057422348764
0.8287627200065816 0.5613852099292361
-0.8409323219260902 0.5429860310726183
-0.9468548827272306 -0.32475657199755387
0.49473515948627916 0.8701943012730466
-0.531925245679152 0.8479720119256141
-0.8960726440069867 -0.44615559691920054
0.5169203466664883 -0.8572014671022194
-0.7724413655604593 0.6366595140034372
-0.7967331175989596 -0.605984603204605
0.7055206256946839 0.7100997442045602
0.34998502729346587 0.9378227341403021
-0.9711167366926643 -0.24276178388574754
-0.6057898867536843 -0.7968811787882547
0.6917616994276709 -0.7235100214958606
-0.6101235646714657 -0.7935680410856928
0.15736613786065615 -0.9885529316403957
0.019045157593416934 1.0008188057646807
-0.9982377036306567 -0.07431343788436444
-0.9216815097989105 0.3905178542586765
-0.5999380061501451 0.8012960681150185
0.32646766327254534 -0.9462662758639155
-0.24116917251156697 0.9715134740342442
0.05168233279764604 0.9996649120963451
0.9969621370058669 0.08981924836411878
-0.8919324073231829 -0.45437603454261494
0.043733280077214755 -1.0000441991300624
-0.0754918452390911 0.9981492780653589
-0.9706550168876096 0.24460138632255224
0.9976347531901292 -0.08201157983644693
0.767561353105414 -0.6425344887389206
-0.24830034789155467 -0.9697153898113265
-0.1532226441175655 -0.9892036298607187
-0.8122445587057969 -0.5850297230507396
-0.9677223981192906 -0.2559577312335951
-0.06758437706184635 -0.9987158514698573
-0.9939328694556891 -0.11873689829021189
-0.16562629890029903 -0.9872025775455556
0.10703286075426499 -0.995261255509707
-0.22821688715458213 -0.9746373953514572
0.21627431492973362 -0.9773568543278727
-0.19267794316425357 -0.9822811258585765
0.9882169001071515 -0.15946271771988693
0.3288532731592213 0.9454398578082408
0.9351377091479419 0.35709727656415857
0.13228478562426113 -0.9922206082783925
0.5969090582498726 -0.8035549615174126
-0.4133416474728281 -0.9116741097916778
0.21469409476507595 -0.9777051936412144
-0.44819420262808507 0.8950547227575391
-0.610338956761893 0.7934023934037534
-0.9545274718677267 -0.3014602883462536
0.9892996016900583 0.152601763082515
-0.9749947603789803 0.2266852823487555
-0.5021334383819798 -0.8659463089930521
0.7299786142847146 -0.6849322759857123
-0.9493796071639687 -0.31730011267125063
0.952271684352604 0.30851197574851863
-0.21705128636433846 -0.977184598265643
0.9829261327111914 0.18936002121203255
0.5960706297657578 -0.8041770976163478
0.19011270497204483 0.9827808297927937
-0.8959383692741419 0.4464251767792574
-0.35036999963785787 -0.9376789767045903
0.4548434769010139 -0.8916941244174467
0.07194593072129148 0.9984111292712271
0.28116278085829005 -0.9607020821566034
-0.9019007655648468 0.43425339270239827
0.9949499719662427 0.1098888223814094
0.7086577721020393 -0.7069689965192066
0.6839180501394437 -0.7309289299880402
-0.43277289405889374 -0.9026121105812228
0.8466843719634894 0.53397244711014
-0.11945785728245023 0.9938464772455984
0.8203676374177619 -0.5735834198070926
1.0005734213225543 0.029220344674184624
0.9965434161304003 -0.0943515753294653
0.06964617438436423 0.9985741887279196
-0.9544154249980196 -0.3018148381472484
0.8963676150412511 -0.44556267651729914
-0.4389807306285728 -0.8996093141674358
0.9291424761894239 -0.3724181238078857
0.583324078351654 0.8134703557076886
-1.000764023782985 -0.021734044761365423
0.767532299264571 0.642569194395157
-0.002917095970285897 1.0009957495169999
0.5846908358681879 -0.8124885392740994
0.8693804954004372 0.4961638380790064
-0.8034031501459074 0.5971133714259234
0.9774744936632274 0.21574200851437628
-0.5300286718600749 -0.8491587643110358
-0.827093707023074 0.5638412895512614
0.3192927017566843 0.9487113210059829
0.22565895278609727 -0.9752328117057393
0.22750445664826954 -0.974803940392721
-0.6445556666785393 -0.7658648657253992
0.58381638515574 -0.8131171062176005
-0.6532006304741836 -0.758505066791336
-0.04273514970772043 1.0000873496747464
0.07349185292594694 -0.9982985262703291
-0.4141007511302722 -0.9113295605396241
0.0002233634495708275 1.000999975079305
0.8311931884959356 -0.5577803182239045
0.3310858558401685 0.9446603389909958
-0.3484583227528482 -0.9383910684273759
0.03355164329994541 -1.0004375478918577
0.17206169322416662 -0.9861012999306069
0.07972383599095516 -0.9978201791780357
0.9666104399679608 -0.26012546462225733
-0.009153404330014468 1.0009581485702443
-0.439604376762875 0.8993047269590683
-0.005217586339068988 1.000986401902041
-1.0008347922433287 0.01818567115211449
-0.4766488849183302 -0.8802311290258442
0.3483664797342593 0.9384251679263296
-0.5751988611466391 -0.8192357842133176
-0.982137943057078 -0.1934064652683867
-0.9727485341410178 -0.23613828433039175
-0.8720367827770048 0.49148026357518265
-0.872043022577773 -0.49146919208982126
-0.6375643400530256 -0.7716947014802875
-0.951277954887084 -0.31156259811769255
-0.8098357164122117 -0.5883596794675173
-0.9978211199367422 -0.07971206061936638
-0.7951987101983644 -0.6079967198092912
-0.9979149335771607 -0.07852888222616547
-0.8028794433002738 -0.5978173630180393
0.4725641373915993 0.8824308109145633
0.37738661860846695 0.9271355564831215
0.2268717260885382 -0.9749513936097569
0.9977696684026837 -0.08035352397747421
0.9263282502833194 -0.37936390540883547
0.8369773268800041 -0.54906279630731
-0.015215267627960822 -1.0008843567720547
0.9972890657403899 0.08611340984225542
0.7868206731653035 0.6188006369418981
0.8518480519282656 -0.5256956309748244
-0.7588555049551381 -0.6527934762229801
-0.04479897040768985 -0.9999970261207834
0.11665542991856001 0.9941793151491918
0.9674899085152427 0.2568351162149898
-0.9311583397912769 0.36734880731690545
0.5382872617331523 0.8439477613311293
0.28623636973385647 -0.9592026587961394
-0.983119613921056 0.18835292597598205
0.49654865563480477 0.8691607633730759
0.5742730427599988 -0.8198850360624791
0.18444348582693607 -0.9838605594981481
-0.8270400923651134 -0.5639199283769856
0.3982192437562713 0.9183803318354457
-0.2211720464759527 -0.9762601732415591
0.9017446120110295 0.4345775589110393
0.286336392367354 -0.959172805289041
-0.9482018078262303 -0.3208026365774891
0.24752216768636476 -0.9699143140009034
0.22245608272265294 -0.9759683864038282
0.9991067321478116 0.06153647517465596
0.6304812080136969 0.7774924091858322
-0.8096745680745934 0.5885814249644824
0.07906215589043565 -0.9978728253169121
-0.9991820491751318 -0.060301182460914794
-0.6997084408558087 0.7158275614944798
0.10148957036654968 -0.9958417881906809
-0.2654984722583526 0.9651484658996671
0.9500944141527796 -0.3151533026888447
0.286517559245942 0.9591187039380205
0.693884473628288 -0.7214744189904405
0.9438197674576482 0.3334745066061135
-0.7723278555531587 -0.6367972075446461
-0.9474593979645596 0.322988682787237
-0.9081638600630523 0.4209981036481956
0.9846534522500606 -0.1801626458843162
-0.2158907473588955 -0.9774416530948625
-0.608296506784336 -0.7949694081120193
0.9969195894916569 -0.09029026574213905
-0.7549952325969306 -0.6572542877425044
0.8464306307308216 0.5343745758928127
1.0002217267065563 0.03946514188692241
-0.8868365894588542 -0.4642433236967309
-0.2282543988675276 0.9746286110091492
-0.7166669421311812 0.6988486918184381
0.7037925293777703 -0.7118125284033995
-0.5416903154149958 -0.8417675464079155
0.9932292408598479 0.12448564214788083
0.23131838951837003 -0.9739059516558196
0.548697790078932 -0.8372166596302872
0.16385336181970123 0.9874983928191388
-0.6209852148967187 -0.7850976772858752
0.8064373416730515 -0.5930091179360583
0.6894446259199479 0.7257183391579016
-0.6757094824925173 -0.738523997761545
-0.8938856289820448 -0.4505213449986294
-0.3682161967897332 0.9308156812289448
0.6269556512040457 -0.7803381391571932
-0.6677209369974613 0.7457544839256632
0.48136826846963787 0.8776591537211599
0.8653561748224992 0.5031497696477386
0.2756424320263385 -0.9623004986315893
-0.5015256628696432 -0.8662984528920532
-0.6792622401823004 0.735257648081625
0.06665498267511702 0.9987783103795256
-0.9771934575122294 0.2170113973857011
-0.9345736128360844 0.3585710002084782
0.9951890815635531 0.10770186598518824
0.9996471109344705 0.05202550913125671
0.884975654078325 0.4677810296374157
0.6859062308726153 0.7290635380062032
-0.16953481043178048 0.9865388730566375
0.973659271780748 -0.2323545189476281
0.47777616963940334 -0.8796197654240724
0.9906961081794154 -0.14325578954499532
0.48574619042644274 0.8752437594671545
0.48152590573991627 -0.8775726762504364
-0.5788635409225935 -0.8166504766364597
-0.20054534832231613 0.9807051357397293
-0.4504279360140824 -0.893932701302561
-0.6575318693188533 0.7547534967325785
-0.9552895025264436 -0.2990367307920215
-0.18375103619442362 0.983990120223509
-0.9531846555282117 0.3056795911826048
-0.6404025109542006 -0.7693410322890329
0.5214845189937791 -0.8544324996451309
0.41212104656164256 0.9122265305180158
0.5250443841476023 -0.8522496081988333
-0.5744311843164256 -0.8197742460487696
0.13414537432475113 -0.991970775046963
-0.1176332264877084 0.9940640945261485
0.3967470630703754 0.9190172838119158
0.9732144175316544 0.23421079716469653
1.0009929529232848 0.0037560881143121217
-0.41826761574331905 -0.9094246541744947
-0.4287406827005635 -0.9045343702687338
-0.4660345581629828 0.8858966026562205
-0.7363334594770546 0.6780958903094404
-0.23613786078848661 0.9727486369572755
-0.7335433720644299 0.6811131486767418
0.40469617730077473 0.9155446488719925
-0.9723683515767552 -0.23769894583675363
0.9878165029673095 -0.16192453941708604
0.49272205933643404 0.8713357402535853
-0.9464084922743865 0.3260551575284808
0.9814356065402989 0.19693945824764383
0.33931675663155564 0.941735174382396
0.1229438932153502 0.9934212596482183
0.5694102542166641 0.8232696778048575
0.7350494886373098 0.6794874901379933
-0.4678472062687328 0.8849406712240893
0.5656300950222053 0.8258714159027245
-0.8648603293276833 -0.5040015979689064
-0.2825396885234165 -0.960298039365431
-0.03428838523486916 1.0004125682127274
0.9160564151190724 -0.4035364225434843
0.9511343149002744 -0.31200082535016727
0.9552569183946722 -0.29914080273194865
-1.0009922396457045 0.003941594737730908
-0.8147112630959062 -0.5815896816353201
-0.8904166711179817 -0.45733920867904165
