1000
0.6823321765976837 -0.7324095853956769
-0.5918391738656142 0.8072963472468255
-0.9942790928028422 -0.11580192405636898
-0.000791529201774949 1.0009996870536586
-0.899893298064708 0.4383982802181397
0.26990414988593425 0.9639256972787639
-0.36248925745951366 -0.9330608437966146
0.9113883011505568 -0.41397145375726324
-0.3597501150086724 0.9341203641668706
0.9178536762048475 -0.3994316325446032
-0.06009981202668403 0.9991941816255523
-0.975657939046073 0.22381373053583947
0.13804197272452678 0.9914360361447031
-0.7136252660646663 0.701954399967786
0.5846432465679978 -0.8125227838297405
-0.14479407283228493 -0.9904724511427054
0.9923541363919348 0.13127935094986273
-0.12602550206026064 -0.993035031018775
0.7343635520702386 -0.680228765483188
-1.0004580621421193 0.03293426627139741
-0.4180122751082911 0.9095420484281034
0.6886973673698172 0.7264275161211082
-0.26044866430099795 -0.9665234054402543
0.3544206639778596 0.9361554320440025
0.9762540226521509 -0.22119919361402224
1.0004156531577446 0.034198258975616985
0.2843292846671914 -0.9597696900197689
-0.18539895866775727 0.9836809574882048
-0.4808658577671507 0.8779345230903398
-0.20364317165343737 0.9800665582698599
0.9382086023740969 0.3489493063916933
-0.7349910064221999 -0.6795507490088445
0.8025252533137943 0.5982927525832402
-0.2687547860161753 -0.9642467863536802
-0.24609764358936173 0.9702767387811395
-0.896147243482885 0.44600573762904305
0.8295959211649255 0.5601532001037918
-0.06720390801535699 -0.9987415254946915
0.7352549137235543 -0.6792651999369382
-0.22113925622955993 -0.9762676013031658
0.24936658019851501 -0.9694417510506227
-0.6874111051807368 0.7276448120300165
-0.8552276739711983 0.5201794168109825
-0.951385835458362 -0.31123301895717076
-0.6499519508111256 -0.7612906551618851
0.20433729759993474 0.9799220728249547
-0.9935141130238635 0.12219127310248414
0.9598578890005391 0.28403139425674195
-0.2786368455587027 -0.961437729807342
0.21783245272368204 -0.9770107586615333
0.1114733597867179 -0.9947736878596363
-0.9957790604161902 -0.10210319699524306
0.9911343096194983 -0.140191940906318
0.895410517965009 -0.447482965393806
0.7700157300557808 -0.6395911002090812
0.8412271300500426 0.5425291841622613
0.02580220079741723 1.0006674005052876
-0.6928318649339715 -0.7224852987653901
0.8725850594891263 0.490506181364066
0.6955410753755035 0.7198774982352818
0.025232896334144436 -1.0006819179652395
-0.8647375324959822 -0.5042122567855329
-0.7825802833992461 0.6241547084135116
0.8234202720293958 0.5691924592007837
0.9759692028896152 0.22245250057261484
0.7867310764451741 0.6189145444691194
0.3346749043787491 0.9433947786473461
-0.3529245061088051 0.9367204988617769
0.4327085890808677 0.9026429398913197
-0.7203688122189456 -0.695032211039363
0.5329825719151489 -0.8473078413626969
-0.8344212735652945 -0.5529395430077974
-0.7204697345884631 -0.6949275944600485
0.7031377549092693 0.7124593305032592
0.5489805941452462 -0.8370312462817218
-0.9965925307074178 0.09383137928318211
0.9550698685880421 -0.29973746198168155
-0.22171797883097277 -0.9761363315967234
0.9184461263633475 -0.3980674728838843
0.12880033433573237 0.9926789379628257
-0.8357164471332446 0.5509800540772659
-0.9491648619854087 -0.3179419204386548
-0.9406286454014783 -0.3423722410625311
0.008685069574281388 1.000962321751668
-0.8777905506025195 -0.48112862030118886
0.7431698428292919 0.670596439529085
-0.9963405338601907 -0.09647041301450948
0.9646771691288635 -0.26720583706484047
-0.8067878086655261 0.5925322200426559
0.6781039014808626 -0.7363260818390399
-0.13403579993642437 -0.9919855867578937
-0.5044751525921554 0.8645841893171085
-0.191125517199787 0.9825843661870028
0.9880881387268441 0.1602586350476036
0.7579320206492952 -0.6538654694006071
-0.7289873893695981 -0.6859871617895614
0.5277588767973471 -0.8505713185627661
-0.8596286921748975 0.5128737774439978
0.5437265064848903 -0.840453738254365
-0.7361623399707444 0.678281659201248
0.6177870400377508 0.787616767953422
0.3221936647863345 -0.9477300472030794
-0.04403801145860966 1.0000308262982553
-0.6162265299865158 0.7888383001228945
0.44868430224119427 0.8948091399412126
0.23671736422280604 0.9726077778197167
-0.9706187513622314 0.2447452543033729
0.9358724556518515 0.35516720956779385
0.34983376288926066 0.9378791704386769
-0.995271524006126 -0.10693733446520617
0.9985657577648633 0.06976695076814148
-0.8330080654800684 -0.5550662688771081
-0.6666348841383282 0.7467254724795972
0.9993039772234885 -0.05824569602397574
-0.701706843483455 0.7138686894720105
-0.8072028503126193 -0.5919666869403912
0.053827172605968206 -0.9995517172659188
0.18318524188741092 -0.9840956087467573
-0.3984069028376904 0.9182989381303232
-0.7372112134899464 0.6771415115798768
0.9945715599096153 0.11326258084184049
0.47396880193006763 0.8816771375038464
0.373705300061988 -0.9286255158596384
0.6326833583498838 -0.7757014683930362
-0.8845005926304433 -0.4686786763192822
0.6633199292844879 0.7496717090927348
0.847973969103656 -0.5319221256185833
0.9042144527083099 -0.4294149782126976
0.6578375752325863 0.754487060599525
-0.960432156283049 -0.2820834507330993
0.7780050482134873 0.629848509527751
0.6900252967932532 -0.7251662497561389
-0.7211816867032387 -0.6941887169666989
0.478175925793457 0.8794025153429857
-0.3421561313143792 -0.9407072774269247
-0.36814267564318953 -0.9308447616924496
-0.17011879664020343 -0.9864383381791733
-0.7985924042291045 0.6035322459550762
-0.6827326074913839 0.7320363287897781
0.6426191150724454 0.767490503487507
0.18292460452409676 -0.9841440895822637
0.8116096869541325 0.5859101603848621
-0.9982497954152194 -0.07415083245299788
-0.9823226483957834 -0.19246613844698537
-0.3436950313018578 0.9401461192061663
0.06327584501042363 -0.9989980817990678
-0.7340612762954895 -0.6805549519645251
-0.9224272467434139 0.3887531021938795
-0.4402530012476891 0.898987371931554
0.6506239533913919 0.7607164197474352
0.8799501650074363 -0.47716737849876706
-0.10305129960645286 0.9956813896269334
1.0006523052761798 -0.026381128585927838
0.3547642438244045 0.9360252834745963
-0.8418790118128455 -0.5415170629528001
0.8508321495774459 -0.5273382721227645
-0.8795873372306465 0.4778358674100354
0.9988541580186819 -0.06550855676009146
0.9806531699086215 0.20079930365460055
0.36665692866438826 -0.9314309940421768
-0.14094821643158253 0.9910270431651983
-0.9885738918856771 0.15723441188876375
-0.0022742786084858 1.0009974164086592
0.5647931707267692 0.8264439934444454
-0.6470630969244742 -0.7637475686367248
-0.998981600529771 0.06353551607547499
-0.39326020109780707 -0.920514755032483
0.2957573702182767 0.9563098754909776
-0.6823070918414041 0.7324329542169206
-0.053698526946022826 -0.9995586367011328
0.15274819894202324 -0.9892770025225331
0.9617130275508948 0.2776851682011333
-0.586060678646776 -0.8115010048940668
-0.9488003130415271 0.31902815858839195
-0.9125927692064043 0.4113094183120373
0.5877651677523099 0.8102673062496716
0.8714277847797781 -0.49255925117066746
-0.5294054620241332 0.8495474423356321
0.6597171861638973 0.7528440969284343
-0.9949974444271178 -0.10945814535019524
-0.9843820038624559 -0.18163994734566494
-0.7997237792219166 0.6020322889571746
-0.1250600992920104 -0.9931570729572803
0.7993310209073031 -0.6025536648426333
-0.9990915542855813 -0.06178240975570233
0.8803763534643685 0.4763806002145567
-0.9807457823287545 0.20034647599685726
1.0002391460671103 -0.03902115676063421
0.9736716468613494 -0.23230265624462323
0.6849024833053923 -0.730006567341765
0.9465130255373388 -0.32575158094497864
0.9909811724531045 0.14127036434960635
0.5079618454465813 0.8625402967806799
-0.013767049059439939 1.0009053243739865
-0.5821673634812781 0.8142985698730273
1.000875000434355 -0.015818770670622623
0.12088361392737308 0.9936740672292187
-0.029945934213332904 1.0005519681776107
-0.9207413519027164 -0.3927293761566073
-0.94847719800904 0.31998750734508424
-0.6414705866211913 0.768450705315484
0.5493255847676107 -0.8368048768498678
-0.7539526508147191 -0.6584499983517793
-0.9806383195622287 0.20087181536036428
-0.392487447113647 0.9208445057979181
-0.8886658445681945 0.46073204435756093
-0.8698603595844674 -0.49532207181144394
0.7301710673155121 -0.6847271080184616
0.041747945935591495 1.0001290461786214
-0.1408065119883651 0.991047186657462
0.7325581574856213 -0.6821726657535258
-0.683309079514369 0.7314982582708079
0.6429817847409848 -0.7671866946782235
-0.9486577855302247 0.3194517271089486
0.673212792128424 0.7408006050987347
-0.6512820106773985 0.7601531046887889
0.992267912737183 -0.1319294862879196
0.8380324604882678 -0.5474509979605298
-0.7470975910461181 -0.6662178243285656
0.47225482925610124 -0.8825963835436279
-1.0009586985859724 0.009093059170388149
0.5186308116911255 0.8561676711746388
0.27736756459243744 -0.9618046756551248
-0.7119518792207734 -0.7036515626885294
-0.49121920846325645 0.872183862059332
0.6150962237586136 0.789719972849803
-0.2553363681106014 0.9678865321514126
0.6329710102117893 -0.7754667628154458
-0.10255475606640292 0.9957326558912089
0.5306138684747567 0.8487932154431099
0.2715057745095629 0.963475798558512
-0.8005050326812884 -0.6009930886889877
-0.9994046359748707 -0.05649224364402791
0.9729825180501961 -0.2351723188827716
-0.9248938436125995 -0.3828477217478411
-0.993404714848778 -0.12307750613421578
0.8565697868576341 -0.5179664084114599
-0.9647735834171902 0.26685751392897644
-0.2908326840895418 0.957819059042611
0.9882828715975558 0.1590533423317127
-0.47010000017799447 -0.8837459984818317
-0.05807965125201386 -0.9993136415112346
-0.7269167929063091 0.6881809182117782
0.7375839413248358 0.6767354944878545
-1.0009993402125432 -0.0011493015501838671
0.038396689905779796 1.0002633124354203
0.8416521462008559 -0.5418696012838264
-0.9194965518820649 0.3956350478370099
-0.5682533664265915 -0.8240686327878557
-0.3010181622795113 0.9546669921904003
-0.5826431031966295 -0.8139582386691603
0.9684895519331762 0.2530394984904048
-0.9526803010115561 0.3072478544506548
-0.7669847268562121 0.6432226898744337
-0.32242012414041654 -0.9476530290930739
-0.011797053776005659 -1.0009304818628546
-0.43130219840741685 0.9033157884421866
-0.8222378961716111 0.5708991523021232
0.10701851934928223 0.9952627977154009
0.9296131823369835 -0.37124160761599206
0.9509885382065055 0.31244487545782174
0.8558448190860147 0.519163409384393
0.8809983746304866 0.475229275085659
0.2831493959003614 -0.9601184404026726
0.968996165817456 0.2510924742621122
0.4536217196270716 0.892316275477803
0.7262655684723432 -0.6888681470728228
-0.9723997340004703 -0.23757053124454333
-1.0009607270598686 0.008866954594393512
-0.9370951672559653 -0.35192846930237753
0.8232861126082064 -0.5693864915735776
-0.6167850526248516 0.7884016735513435
0.9644629157886447 -0.26797814102733375
-0.40242098279329125 0.9165469723956768
-0.7184844135950502 0.696980019384327
-0.6006928055656643 -0.8007303874224151
0.7540250312502238 -0.6583671105455519
-0.887574075946644 0.4628317833808101
-0.9638027937052928 0.27034269889507456
1.0007894226062695 0.02053123472686589
-0.7537296883908751 0.658705212396406
-0.5558893598153021 -0.8324590197986527
-0.9308691847112225 0.3680809163146931
0.8322959041908992 -0.5561335521860317
-0.8060667546502924 -0.5935127522198199
0.8234506304825189 -0.5691485387470852
0.37586534467487265 0.9277533307255971
0.9264375407085883 0.37909693109523146
-0.9843051309467622 0.18205606057442122
-1.0008983054540495 0.014268221305141049
-0.5697863449341942 0.8230094295489764
-0.10151909788458234 0.995838778500165
0.8151764677221984 -0.5809374548709693
-0.9997218324291416 -0.05056933620801481
0.9150729377388076 0.4057616524735529
0.9992507035600139 0.05915261139473997
-0.12593543004808844 0.9930464578551211
-0.8988311039260224 -0.4405719539588601
0.6036996658690722 -0.7984658498831184
-1.0009441986724779 -0.010569349266202992
0.5484046007501506 0.837408737640149
0.9994739311098932 0.055252701578623706
0.9798786651056126 0.2045453535792065
-0.6056921964107601 0.79695543363924
-0.890739498545412 -0.4567101331600471
-0.17177493510276504 0.9861512924853066
-0.9909804991484472 0.14127508735617342
-0.06115651840172796 0.9991300617321947
-0.9892841859148463 0.15270166829082057
-0.8701332109360271 -0.4948425964144148
0.9922401356004781 -0.1321382355851055
-0.9610929922246445 0.27982362355004875
0.9686127114747785 0.25256764473993415
-0.8516387753346971 -0.5260345961497375
0.7464879565818214 0.6669008402141181
-0.9882811388176627 -0.15906410863945264
0.6686740362047572 0.7449000156434681
-0.6741427621711532 0.7399544149555755
-0.4396727456392098 0.899271303190577
-0.9659905623986113 -0.2624180507450177
0.8199043433142941 0.5742454769646479
0.9841867376794953 0.18269500643365297
0.3815032367627431 0.9254492316381003
-0.8849212676077677 -0.46788390668568824
-0.7047809642630872 -0.710833871176939
0.8293066797680209 0.5605813329858044
0.9913566419060605 -0.13861099721428613
0.8603817713973527 0.5116094286144004
0.9896398031221799 0.1503797196309831
0.8572939723754558 -0.5167669154741926
0.7866266950070713 0.6190472055524134
0.98058196967783 0.2011467144716695
0.06776889646146592 0.9987033476825814
-0.6070640493402591 0.7959109497918768
0.7836947383229619 0.622754813008221
0.4902505247807481 0.8727287224287975
-1.0001272586697585 0.04179074617321447
0.06045616744806846 0.999172683682601
0.777355382030261 -0.6306501486787955
0.47726234560446334 -0.8798986609082468
-0.9869198256283576 -0.1673028923291294
0.9994174279632695 -0.056265483942493845
0.9700369312030495 -0.2470411951520845
0.16428731751319176 0.9874262895549822
0.9980216187224155 -0.07716118559670784
0.9423296881190629 -0.33766219641741024
-0.45726154593697266 0.8904565562717419
-0.8763788834595407 -0.4836952063295735
-0.892247234413608 0.4537575042699218
-0.6710295389070858 0.7427788082021078
-0.9174715685029051 0.4003085322458404
0.7970613455062752 0.6055528147896979
-0.8648476878621812 -0.5040232899375179
0.9896533664944884 -0.15029043278308124
-0.968687757946466 -0.2522796614962232
-0.24875136953496477 -0.9695997917463057
0.9212411343531135 0.3915555801872686
-0.5742754951040911 0.8198833183587472
0.5767208318832358 -0.8181650701856616
-0.745544017175053 0.6679559255328785
0.36944847072728726 0.9303272690173435
-0.8709535457426967 0.49339732585232404
-0.11453493112496359 -0.9944258391414615
-0.6042896496053164 0.7980194354650041
0.18652398764018663 -0.9834682516659109
0.9937128456151108 -0.12056442451867404
0.0682357863433603 0.9986715563497858
-0.9944895589731075 -0.11398033643341379
-0.8643204227792176 -0.5049269321067698
0.8377244995095388 0.5479221321697936
0.3093068517918735 0.952013797922383
-0.6060719747377245 -0.7966666564112715
0.8678669380097529 -0.49880655359525466
0.5620581847154269 0.8283064632093601
0.9349753476135654 0.3575221662427276
0.5512009038162425 0.835570801088787
-0.9966063176878517 -0.09368483092081005
0.0015000218340146263 -1.0009988760905266
-0.9708858769131885 -0.24368342990550038
0.6717576218296931 -0.7421204063450317
0.48658334885133286 -0.874778626065259
0.597420509016833 -0.8031747850910586
-0.9744547820171034 -0.22899536633739856
0.6499680304570857 -0.7612769268694125
0.49561808448283395 -0.8696917352335634
0.7728099246007765 -0.6362120876237279
-0.3772022078805656 -0.9272105987153223
-0.9934991195292319 -0.12231312069700886
0.08099376964934622 -0.9977179006502733
-0.8584462554617741 -0.5148504894468474
-0.7739780500754144 -0.6347904992999338
0.9941359169638458 -0.11702469227668687
-0.3496799459206302 0.9379365305930594
-0.9890007113953213 -0.15452699718673224
-0.04470024457439955 1.0000014440664518
-0.5305169128390712 -0.8488538185056961
0.7201292133566882 -0.6952804585706961
0.5609553036879739 -0.8290537662084004
0.12646750653984093 0.9929788365265371
-0.4165592808997434 -0.9102084187131477
-0.9358366690132865 0.35526149373400484
0.08436053608886596 -0.9974388702826851
0.9356591957008003 0.3557286458812833
-0.23735030534369947 -0.9724535117697157
-0.8086715385802393 0.5899587635506982
-0.4000862226096344 0.9175685339406284
-0.28859461923669444 -0.9584957724203207
0.5243689988917125 0.8526653229733828
0.9782777683182837 0.2120698187253391
0.10930610100877683 -0.9950141588350686
-0.5036733701960507 0.8650515222548031
-0.9793795472345936 -0.20692197190864542
-0.9509196956408587 -0.3126543337974014
-0.682941429314262 -0.7318415157164786
-0.31552548530989216 0.9499708775114935
0.962988546092645 0.2732289517865444
0.5983925796762731 -0.8024508212896134
-0.9892621123249387 -0.1528446044791913
0.4450790665299055 -0.8966078432273877
-0.3662484249144156 0.9315916977129571
0.9947604896306035 0.11159107612117607
-0.7039161252824883 0.7116903038311596
-0.6507833485202932 0.7605800636939641
0.541674812611161 0.841777522497877
-0.34111999774315854 -0.9410834963698532
1.0000878289003856 0.04272393340170398
-0.642339588342424 -0.7677244644063945
-0.7519157561420973 0.6607750719157451
-1.0009999348256498 0.00036121883250644064
0.10578028023139671 -0.9953951638993266
0.5510964630493388 -0.8356396881518426
-0.07612179114233085 -0.9981014341805563
0.9363663751999041 -0.35386298392879767
0.9359427451423821 0.35498194012560974
1.000680659479407 -0.025282755859656593
-0.9626166184205223 -0.2745364200623273
0.7717044352423518 -0.637552558325416
-0.7756604284905448 -0.632733671993094
-0.10400615799576389 -0.9955821006320675
-0.8919586984986251 0.45432442172156995
0.5100348866640566 -0.8613160943495616
0.9015457669684311 0.43498991949389276
0.6498677526971358 -0.7613625312585156
0.9966024541088462 0.09372592205054682
0.7686524982611178 0.6412287711238028
0.8952145005025157 0.44787498042426
0.9066802399163008 0.4241838546495132
0.9946686506795871 -0.11240674070201342
0.7095832698836263 -0.7060400718806694
0.9635607877271354 0.2712039976745593
-0.9996825403843818 0.05134022254167894
-0.9446011603718876 -0.33125465706021956
0.9966197536307815 0.0935417910504204
0.3280366759727604 0.9457235004041837
-0.77699860532138 0.6310896666311614
-0.7988382785724019 0.603206767773275
0.35193274558814946 -0.9370935612748531
-1.0005243402178956 -0.030855220490940805
-0.9912150438199135 -0.13961997315959773
-0.9811781361560753 0.1982182260269986
0.7766332530069929 0.6315392231079366
-0.827717448998603 -0.5629252389289763
0.6164303431078684 -0.7886790425109036
0.9869139237535296 -0.16733770376520768
0.8212470705344032 0.5723235528428487
0.35709809385919977 0.9351373970503619
-0.5744339877410892 0.8197722816293987
0.253334551949123 -0.9684124146192763
-0.04036846499996096 1.0001856762789332
0.5762480538085638 0.8184981249104011
-0.8541708081132021 0.5219130488570286
0.7616484274995262 0.6495326572909933
-0.5325010764269528 -0.8476105258927219
1.0001044635090461 0.04233275409518095
0.8256524470239696 0.5659496768470951
-0.7942362301587157 -0.6092534864104363
-0.9493732696832969 -0.3173190741365007
0.9976522166489521 -0.0817988668346472
0.9489125788590704 -0.3186940816567332
0.3617857989954137 -0.9333338286193479
0.5307550183508573 -0.8487049608052148
-0.31175558079777105 0.9512147275150046
0.766856632616987 -0.6433753997561108
-0.21571825230014371 0.9774797366823373
-0.1989030261681416 0.9810395436378473
0.37456629867483254 -0.9282785615843102
0.30848774850641225 0.9522795330266447
0.31289064325332194 0.9508419665562319
-0.9279368433462436 0.3754120599562685
0.8045679785696664 -0.5955429185712151
-0.6327062590658452 0.7756827893790758
0.08529476335869299 0.9973594153280875
-0.6641178096321524 0.7489649757694897
0.1293259279888022 0.9926106005628971
0.8373136808461291 -0.5485497241526118
0.09927910781966197 -0.9960645856321426
-0.8560670396100964 -0.5187969002347697
-0.6611419366282439 0.7515932008949091
0.46668016377838656 -0.8855566750557404
0.9122035174879184 0.4121719819234064
-0.992326362939168 -0.13148912280459796
-0.8486884341778936 0.530781444374872
-0.583454903499307 -0.8133765275581871
-0.17561648136385588 -0.9854744296395409
-0.4520863391794653 -0.8930951471860709
0.8678108251693772 -0.49890417087737843
0.4975879641261277 -0.8685661851331857
0.9200579887162874 -0.3943276523391934
0.9830254543560069 0.18884373457482334
-0.8749983320005165 0.48618815184690994
0.9621516883214428 0.2761614177617815
-0.995481856342573 0.10496129616551413
0.9639724891442029 -0.26973698332473733
0.9463632032909257 -0.3261865838089268
0.1442767475032243 -0.9905479393395813
-0.6952670459155391 0.7201421629538709
0.929480309878371 0.37157415619013034
-0.8458335813994027 -0.5353191128449086
0.872986483089552 -0.4897913845127692
-0.409800226543426 -0.9132714680339886
-0.6179605718851177 0.7874806229967937
-0.8986396705397535 -0.44096229150824606
1.0009408218711588 -0.010884443572779534
-0.8261725231904671 0.5651901997780014
0.6662653352350075 0.7470552208934645
-0.06646861914156961 0.9987907301679431
0.3452581122053898 -0.9395732201145212
0.9666587678811351 0.25994581450472654
-0.9714110817325701 0.24158127056367237
0.4739158529976882 0.8817055995498008
-0.13310532316665086 -0.9921108672646931
-0.18127431582690567 -0.9844494006405241
0.8522723325378655 0.5250074963183535
0.9365335469199937 -0.35342030996174506
-0.5245938212152044 -0.8525270217083036
0.8911693249114807 -0.4558708526949444
0.6358446869020188 -0.7731122390303193
0.16041940611882502 0.9880620497420611
-0.9285036442613875 -0.37400799803389584
-0.9741214156768256 -0.2304093477265562
-0.5763002555591836 0.8184613707698242
0.9124811705953598 -0.4115569381129687
-0.9787177397264705 -0.21002996439724703
0.12248157054681684 -0.9934783665870058
-0.9965481649932987 0.094301404276337
0.38022793237026575 -0.925973930219114
-0.9578202469060861 0.2908287719892309
0.4453252160627539 -0.8964856116740868
0.20359574779977896 0.9800764110404091
1.0009427310714205 -0.01070743271219089
-0.24567318068711508 -0.9703842992809993
0.5343539279590533 -0.8464436659782687
-0.6057916501192487 0.7968798382728715
0.9187357837661216 -0.39739848971485814
0.002596724853708444 1.0009966318724726
-0.06347770787390192 -0.9989852754686005
-0.2875765063533314 0.9588017276755463
-0.5487188181703284 -0.8372028777935239
-0.9818625838828201 0.19479955433971655
-0.9294678315524219 -0.3716053687841964
-0.5576931848833782 -0.8312516535530226
-0.9994691710179665 0.055338740360247225
0.8347293226247343 0.5524743957419677
-0.9560714418066428 0.2965272300510818
-0.15566387431038967 -0.9888224098566331
0.05599161179017909 0.9994328088516696
-0.19327730300683557 -0.9821633693751788
-0.4549364620240797 -0.8916466876072682
-0.8655469154253235 0.5028215759071084
-0.017534902213668328 -1.000846405401127
0.27428455293362314 0.9626884148165503
0.8231292178957147 0.5696132816625584
0.9840438200606852 -0.18346323937065362
0.6909981823230552 0.7242392643500032
0.3033698899810562 0.9539222766310061
0.9982397790153325 0.0742855543926283
-0.7743084270608839 -0.6343874681789512
0.9960693508545654 -0.0992312868412207
-0.9847903410854706 0.17941288723155405
-0.8064560168586161 -0.5929837205796932
0.09581995075620206 -0.9964033003945134
-0.06703884369495156 -0.9987526187380155
-0.6952739060836025 -0.7201355396862801
0.038407276294940576 -1.0002629060040185
0.9853011636419041 -0.1765860043319112
-0.3860622383795884 -0.9235566837489413
0.6523560481351665 -0.7592315763069054
-0.0892814605130915 0.9970104416748349
0.48072651445851083 -0.8780108303982196
0.9217315239018827 0.3903997923225794
-0.35541740925473464 0.9357774656394823
0.9988503157494419 0.06556711620347769
-0.9548849077828009 0.30032617749478957
-0.3062550899254644 -0.9529999055061578
0.23869281383356958 0.9721248585568691
-0.3313182700391776 -0.9445788500375427
-0.3968485565925064 0.918973461602915
-0.6658147041765582 0.7474568748110371
-0.7983393837719042 0.6038668961937691
-0.5088118936291449 0.8620391272451173
-0.7898355460981509 0.6149478108911649
0.740497214274313 0.6735464910843069
0.8735031238503613 0.488869402421199
0.6258649036830367 0.7812132374312556
-0.5350133704334394 0.8460270051584945
0.20232604198717394 0.9803393151015644
-0.06205930493019191 0.999074392961596
0.48794072098110397 0.8740222267244926
0.9772408676411479 -0.21679780121573292
0.9347469579419686 -0.35811886939706966
-0.6241281684332263 0.7826014498888858
0.8311636507278212 -0.5578243323025632
-0.7570553189149332 0.6548803280772822
-0.30538829448081706 0.9532780232409104
0.7088031254208594 -0.7068232660245568
0.4830967614813268 -0.8767089135204763
0.9569631238344939 -0.29363681584727586
0.8487777793568337 0.5306385599163351
-0.856582350392757 -0.5179456313124188
-0.7491102614502403 0.6639539262553936
0.9080716328303989 -0.42119699624846935
-0.9974650739435894 0.08405014136043798
0.8464929702780045 -0.5342758194696081
-0.7868331819990824 -0.6187847313122706
0.027649206874310456 1.0006180696745495
0.9425258332282618 0.3371143036083917
0.16867813667075254 -0.9866857079178166
-0.534298478655345 0.846478668193466
0.9988780464298211 -0.065143290986441
-1.0009453167158333 -0.010462931933266851
0.026009949540287812 -1.0006620221258082
0.9043194355337487 -0.42919384724844567
-0.33555755947273624 -0.9430811864737315
0.7941889576408964 0.609315106953099
-0.9916548104932453 0.13646148476989986
0.035869064884535604 -1.000357141317194
0.9906284999985739 0.1437225625661308
0.7088579418691128 0.7067682917683032
0.772091369053212 0.6370839174186841
-0.9598344539033818 0.2841105790004956
0.9959301484178747 -0.10061878290036144
0.04640083576040859 0.9999239783307208
0.11647987990080347 -0.9941998981986944
-0.8952409266551243 0.4478221558182156
0.2217032904456496 0.9761396677758629
0.7512094594289669 -0.6615779228967962
-0.5754863677893753 0.8190338457527819
-0.5714220471387599 0.8218745914333578
0.9818428315538097 -0.1948990870332574
-0.9162795197297334 -0.403029579217021
0.05999691909566816 0.9992003651415605
0.5506066167012736 0.835962531244539
-0.9463375804807447 -0.3262609136409848
-0.8597039912975922 0.512747547382715
-0.5533118966150065 0.8341744092600207
-0.8711286126721287 -0.4930881667449873
-0.9984732323589763 -0.07107885946339972
-0.7791648716118772 -0.6284131625340504
0.9268443802408464 0.37810117008012734
-0.6354306978545475 -0.7734525377966529
-0.7794770180214278 -0.62802593766215
0.7491745565948512 -0.6638813777708396
0.7580412976696663 -0.6537387788920652
0.9243650502752396 -0.38412270673530036
-1.0009993404551345 -0.0011490902425809778
0.7562911446266143 0.6557626892095689
0.925747787390366 0.38077819546534136
0.12205547154092417 0.9935308056959897
0.920956473247926 0.39222464785214894
-0.5000857137099571 0.8671304855344453
0.4483140986837097 0.894994675359252
-0.5142260111992271 -0.8588204756560782
0.170210182911877 -0.986422573562216
1.0005692235376549 -0.029363734593107215
0.7360581602129286 -0.6783947116420932
0.5087974417489197 -0.8620476571917325
-0.15167143181274312 -0.9894426596684986
0.40869658854146373 -0.9137658882419334
0.4499654847289892 -0.8941655677516362
-0.20419527990335717 0.9799516761887749
-0.8943635154803942 0.4495719099071367
-0.9873006644563543 -0.1650405948972593
-0.9159360482527916 0.40380955351633224
0.7102506734876844 0.705368684313594
-0.9917549980886212 -0.13573143985915329
-0.24584780072246565 -0.9703400738297511
-1.0008404464688696 -0.01787178536111708
-0.4778941040201689 -0.87955569769217
0.9377340211781768 -0.35022265135911274
0.9882632285472548 -0.15917534702759803
-0.5711082552222642 0.8220926716721061
-0.9198880793225495 0.3947238547646582
-0.4108033672502367 -0.9128206797919662
0.02825561602959897 -1.0006011294031143
-0.26328524153713845 -0.9657545659165846
0.9953928725308705 -0.10580183984573337
0.6620984844528314 0.7507506889009585
0.37901823243531013 -0.9264697401867009
0.7666200345625102 0.6436573021471719
0.05876818829916162 0.9992733860380923
0.8124428433419018 0.5847543298706954
0.740197979835318 0.6738753227769319
-0.1206516142589119 0.9937022632442369
0.8896391171683581 0.4588499114132033
0.6239186434564256 -0.7827685011211768
-0.20137995435956083 0.9805340962873965
-0.9451364669916084 -0.3297242162211026
-0.5756784273470525 -0.8188988632836318
-0.3443526878511971 0.9399054348016379
-0.6219121635786067 0.7843636024147069
-0.6898200345943849 -0.7253615097812963
-0.5930372801836802 -0.8064166319665929
-0.27090689374387467 -0.9636443612256781
0.9804326977736499 -0.20187304212371385
0.7136776820352321 -0.7019011085365361
-0.4174097945092967 0.9098186981194147
-0.21452216533256288 -0.9777429317469027
-0.1773357956131686 -0.9851664913070504
-0.822468040490699 0.5705675440921872
0.986472061035492 0.1699231379076689
0.9590520182288251 -0.2867406952827194
-0.7416870406020051 0.6722360699955332
-0.1735708073422396 0.9858367891484691
-0.8873167798813538 -0.46332486674145296
-0.4724606846662666 -0.8824862046766978
0.15422159298543883 0.9890483811508078
0.9752262160494943 -0.22568745541076285
0.9470587231462386 -0.3241616493550958
-0.39176400778777676 -0.9211525184257267
0.13316618655600582 0.9921026997030756
0.9323176800747264 0.3643964097244651
0.7178534144329032 0.6976298985759014
-0.8106044782405532 0.5873000764995359
-0.6487105303993458 0.7623487704122041
-0.9982464691416216 -0.07419559856410299
-0.6966090668857234 -0.7188440776222628
0.09199233407489533 -0.996763969288343
0.26731479218515614 -0.9646469830352484
-0.3706822379627413 -0.9298363718735322
-0.8465060439962266 0.534255105242672
0.9284934474958869 0.3740333112935298
0.4349961408898649 -0.9015427651592157
-0.006543836668544232 -1.0009786102618055
0.13615034769866494 0.9916975762910448
-0.5995673413920771 -0.801573454610391
0.844244675256952 0.5378214650795221
0.8561229179131976 -0.51870468421231
1.0002881422239234 -0.03774430455329895
-0.434836146785904 -0.9016199451256542
0.21092951724158016 0.9785242657983674
-0.325306691207589 -0.9466660217075347
-0.6827429718145706 -0.7320266623817799
-0.3243919894566101 -0.9469798504595452
-0.08482913536543174 0.9973991266254214
0.5313596081931807 0.84832656847513
-0.08998190622659641 0.9969474693040893
0.8849461230914499 0.4678368938266972
0.3405519103812609 0.9412892203439247
0.9896882644863108 0.150060451612256
0.36927381357836897 0.930396609304488
-0.9981864575008101 0.07499864040089838
0.45427239127180247 0.8919851986037652
-0.9320610691171989 -0.3650522749362126
0.1448227808311728 -0.990468253985117
-0.09630835913618097 0.9963562113825037
-0.8804614192338027 0.47622336066261817
-0.35814130755547646 0.9347383611591287
-0.33658087670313896 -0.9427164544218725
0.10540409495612588 -0.9954350690861158
0.8489546169572996 0.5303555961304499
0.9969919872684659 0.08948730257681882
-0.7392875914467175 -0.6748739564784755
0.09340711007591566 -0.9966323854798548
0.6003178600141406 -0.801011527350289
-0.6442925128836989 -0.7660862600530104
0.4228958331473597 0.9072817171676064
0.7309244954357048 -0.6839227894814299
0.6369367134563427 -0.7722128094323693
0.9939494287725108 0.1185981999981429
0.9109524653707387 -0.414929639619747
0.5501525274610558 0.8362614402973584
0.27106246605358436 -0.9636006120260351
-0.43336364072541683 -0.9023286291020649
-1.0008718316779097 -0.01601800717024318
0.9606669722128246 -0.2812827198735183
-0.6249043844888962 -0.7819817838329445
0.8729468823027374 0.48986196083991945
-0.9923471149605848 -0.13133241576017674
-0.45669871094056136 -0.8907453549838077
0.9686351255228693 0.252481669836238
0.9817813875553313 -0.1952083682886787
-0.031734163589191525 -1.000496848001679
0.9590380777864471 -0.28678731728526036
0.9626641370963839 0.2743697489674739
0.03888006242216467 -1.0002446404485499
-0.5226727169605309 0.8537061736599406
-0.7399243297095416 -0.6741757829408334
-0.9751316820873831 0.22609556074684636
0.33955008982973167 0.941651069397057
0.5006883347809771 -0.8667826667707726
0.18039335192849468 0.9846112118902578
-0.0073097564324163 1.0009733100642089
0.5093717102764044 0.8617084546237729
0.7837531964074139 0.6226812403799891
0.13142130445866174 0.9923353469137254
-0.9188785586614405 -0.3970682490860654
0.4819597076358326 -0.8773345087340306
-0.5307952091694763 -0.8486798253303374
0.40986588446517735 0.913242003387699
-0.9795558790719614 0.20608561273305095
0.4277786418027958 -0.9049897422718974
0.849914814520331 -0.5288154763798724
-0.988647588504573 0.15677035990292418
-0.27798291673737746 -0.9616270056535332
0.8402165464747198 0.5440929654297094
-0.7608945881354195 -0.6504155792616213
-0.9031592528234833 0.4316298924302248
-0.12727226081630225 0.9928760101980042
0.05033346436176448 0.999733735734342
-0.99827765986173 -0.07377475056540764
0.9991306253922341 -0.06114730904400779
-0.8843982594426674 -0.4688717507962922
0.6693497841897811 0.7442928633307547
0.9890558557091081 0.1541736497833654
-0.7148858504506584 0.7006705508478566
-0.3225129202635933 0.9476214519854693
-0.9501234723236966 0.3150656873408489
-1.0008975363075099 -0.014322074345467973
0.5769429132544738 0.8180084809129065
0.19025662976557953 -0.9827529775229598
-0.1879897621782753 0.9831891218459221
0.32691689517538763 -0.9461111687581353
-0.4025720568310957 -0.9164806266685516
-0.5398310966881258 0.8429610827603463
-0.795489705317577 -0.6076159385119473
-0.7807005914066398 0.6265042590256853
0.2767980678869421 -0.9619687259022799
-0.22382548023559373 0.9756552436169786
0.35024460094886567 0.9377258232053598
0.9760211825455627 -0.22222432635146308
0.9366934009465031 0.3529964201281278
0.43402991830835197 -0.9020083314544524
1.0008146008435939 -0.019264857598176276
-0.421602307010737 -0.9078835248660614
-0.9964538145380876 -0.09529320800820174
0.8677787272294175 -0.49895999896594123
-0.30195106322246384 0.9543723358411138
0.43490731908238056 0.9015856164605647
0.3994805019877514 0.9178324076494653
0.303976574998144 0.9537291239405441
-0.9724345116837676 0.23742813752028724
-0.9891493802709009 -0.15357246989513684
0.969103137113684 0.2506792963856732
-0.05711300680753089 -0.9993693533691149
0.8459223034908306 -0.535178901356142
-0.03512412026282278 1.000383574523174
-0.7664768107942735 -0.6438278485081547
1.0009433780618526 0.010646779519046228
0.8297960382428827 0.5598567092715925
0.8073844671888406 0.5917189553683335
-0.7055517780711877 0.7100687913579821
0.9975154209554342 0.0834504940434925
0.24908832209618006 -0.9695132839705238
-0.5300111675003925 -0.84916968994711
-0.4710306700263005 -0.8832503087429828
-1.0002562458280588 0.038580340614849225
0.3965189251941194 -0.9191157391552492
-0.9286063818200403 0.37375284298998135
-0.9787513868209651 -0.20987311117920154
0.7209347264228174 0.6944451887929367
-0.9243132161452163 0.3842474182857791
-0.18463820223460456 0.9838240362359385
-0.48967952853694896 -0.8730492307606894
0.9650419441975534 0.265885400011746
0.7409439732681145 -0.6730549966218657
-0.9052541603767444 0.42721880239591
-0.8101261168811983 -0.5879597560607281
-0.9992521840397344 -0.05912759670256223
-0.7857063230282878 0.6202149417366272
-0.21577566156561462 -0.9774670653663586
-0.9600801288995287 -0.2832792722601927
-0.761384049149754 -0.6498425422364444
-0.5800446825770895 0.8158119674373768
-0.27301444015517756 -0.9630493837113209
0.7504132901678874 0.6624808630741013
0.47957093209863366 -0.8786425445458738
0.629384021959087 -0.7783808533761627
-0.8732710577210803 0.4892838233037196
0.4392451740055747 0.8994802260821593
-0.7946486890755932 0.6087154186895887
-0.9599400369358564 0.28375363519713154
-0.4987105975075618 -0.8679220817179677
0.7003316950648745 -0.7152178108014086
-0.45662387652412484 -0.8907837197592247
0.9357346424705336 0.35553013779501547
-0.8698175421530036 0.4953972581301879
0.8815078277277623 -0.47428361731635005
-0.41018177000078404 0.9131001673195684
-0.9944055426873758 -0.11471101373724167
0.3818444078034159 0.9253085151608942
-0.8826032221409252 0.47224204838880723
0.8067522866265932 -0.59258058356882
0.9023526447723627 -0.4333136329176851
0.08500190681909409 -0.9973844172820819
0.2430080605249486 -0.9710551387639648
-0.2785243198272865 -0.9614703340533952
-0.7134536618803244 -0.7021288146412706
-0.17735768259182663 -0.9851625512704271
-0.39078315541166936 0.921569056254874
0.37110610231948676 -0.9296672850118146
-0.06712147026991823 -0.9987470691966032
-0.6094028073160764 0.7941216647562797
0.59288926377788 0.8065254620264158
0.9830584371069251 -0.18867196196809374
0.3597543957049866 0.9341187155661426
0.8795290340409093 0.47794317473844605
-0.8337917038619679 0.5538884315193416
0.7527881319135977 0.6597810458402361
-0.2743002404853396 0.962683945056572
0.9960051734114204 -0.09987339254118921
0.9883429283783117 -0.1586797275160986
-0.16497302936090838 0.9873119565686849
-0.5412072232268358 0.8420782276766796
-0.41535975638873646 0.9107564288945148
-0.7965796785703109 -0.6061862879419331
-0.04955460124151142 -0.9997726449027272
0.748830522469148 -0.6642694096664264
0.8476777141965366 -0.5323941142185316
-0.6019061332994953 -0.7998187336493502
-0.9537184724812273 -0.3040099920201218
-0.1146056249735732 0.9944176942937091
-0.8652343606956533 -0.5033592167345148
-0.5602181694213708 -0.8295520493918198
-0.5925832794420203 -0.8067503064305217
0.8602395742073322 0.511848488292764
-0.7707307943594854 -0.6387292404657835
-0.9025314088644859 -0.4329411692286679
-0.9863623204040193 0.1705590011907866
-0.18106170445180714 0.9844885266883543
-0.9291778538603248 -0.37232984824684795
0.28154705058074786 0.9605895368518657
-0.9415176092879679 -0.33991997793696876
-0.8400490168929092 0.5443515860335641
-0.5032448111527987 -0.8653009072269507
0.6018781209136285 -0.7998398136911413
0.9952160026337944 -0.10745281802545394
-0.03740009362698628 1.0003010711764198
0.46157039227719315 -0.8882306980582679
-0.15071795562293255 0.9895883476743468
-0.8345003254561462 0.552820230105218
0.37935381761305664 0.9263323815253355
-0.12581824153399931 0.9930613123555324
-0.9959038143294456 -0.10087909894552513
-1.0004765635290858 -0.03236735746135658
0.9865436535294156 0.16950699006481182
0.09298335399805518 -0.9966720101815202
1.000985727274919 -0.005345445902973037
-0.983065125994359 0.1886371067783197
0.9830081115138308 0.18893399031940217
-0.49993270945423895 -0.8672187071424045
1.0006225251259364 -0.027487491893489927
0.9983766594302658 0.07242268915790816
-0.5874103950274954 0.8105245386869183
-0.3298925864531233 0.9450777118328781
-0.16707582773545845 -0.9869582908038776
0.1657134799858876 -0.9871879469234655
-1.0006179312048091 0.027654217606140553
0.9773337081047901 0.21637888760722707
0.18245745017083784 -0.9842308056940487
-0.9576756092608238 0.29130469860081193
0.9163635316779922 -0.4028385257279118
1.0006648607628152 -0.025900510314188156
-0.9970037261767488 -0.08935642108812646
-0.5363990619362549 0.8451491266953459
-0.9075697161248831 -0.4222774092619674
-0.027589634385627646 1.000619714014504
-0.35726137288097 -0.9350750298490514
-0.9995384358727165 0.0540732393437213
-0.3935042056422621 0.920410473724551
-0.6325731456735647 0.7757913478330697
-0.495223926191065 0.8699162390298888
-0.37918590051067214 -0.926401129562087
-0.9167291683538936 -0.402005761014912
0.8164684012945594 0.5791203240152311
-0.5198073414906322 0.855453872358084
0.807377919505967 0.5917278894003697
0.988264623815856 -0.15916668405826884
-0.05991630647280616 -0.9992052022576027
-0.9311439682007564 -0.3673852344383874
0.5077247618333262 -0.8626798747051494
0.8501982417968377 -0.5283596782927004
0.5387646357457329 0.8436430923499391
0.9563529957319992 -0.29561790804082005
0.18797510493148298 -0.9831919242579232
-1.000686275775992 -0.025059478717147487
-0.608329627768721 -0.7949440634275907
-0.320585073041238 -0.9482753877134764
0.8947248383252346 -0.4488523851823477
0.9803585205463878 0.2022329626744802
-0.9464110666535615 -0.3260476850334441
