1000
-0.34699821326797814 -0.9389319677105635
-0.006538769437714839 1.0009786433756918
0.34026266838662966 -0.9413938158403264
0.3144669978413679 -0.9503217914310063
0.246477423621758 -0.9701803335693734
0.8968346245451683 -0.4446219250294875
1.000916406812857 -0.012936250339227835
0.8604473719663807 -0.51149909098272
-0.9850903960606004 0.17775801413486117
0.28594830511875835 0.9592885732665168
-0.2829214323877618 -0.9601856399132707
0.8333702075300822 -0.5545224045981081
0.12148920696678954 0.9936002076240628
-0.5388737091664803 -0.8435734263057127
-0.3463166196284093 0.9391835810794138
-0.791062431726857 0.6133687545925303
0.93426668261788 -0.3593699566605163
-0.08227002030738588 0.9976134741264385
0.3215855627482866 0.9479365621347601
-0.774062277228806 -0.6346877901546201
0.7301484799293071 0.6847511936878404
0.5555051082975434 -0.8327154824160139
0.1808480261074977 0.9845278012595793
-0.929439450017632 -0.37167634946404887
0.6985211356842009 -0.71698620837674
-0.772773307137026 -0.6362565644270428
-0.501731137771588 -0.8661794648861332
-0.9336936954062177 -0.3608560421534896
-0.1392634233523435 -0.9912652011022004
-1.0008531387294886 -0.017146273511501955
0.19336692567711833 -0.9821457285220864
0.5880172255346662 -0.8100844045372763
0.48028936930314636 0.8782500337229632
-0.7710398683304952 -0.638356108645396
0.9218877400016227 0.3900307613954322
-0.7132899781483495 0.7022950997074713
-0.9990887507222447 -0.06182772986504124
0.17937953720259006 0.984796416338415
0.9240309269877157 0.38492576683072666
0.4300491038466941 0.9039130313700845
-0.4337390964276673 -0.9021482118976408
-0.73197232303853 -0.6828012289865755
-0.40701854895727324 0.9145145711276097
0.8266684878333491 0.5644645349562041
0.46097005359950893 0.8885424073641426
-0.928645534743751 0.3736555510098742
-0.016618542239884217 1.0008620404700246
0.9968509308274607 -0.09104516301498486
0.8415970747814987 -0.541955130725067
0.6004555871189455 -0.8009082893175988
-0.9990248051274823 0.06285251578096201
0.38010468543708065 -0.9260245288915289
0.1250475207914454 0.9931586567834533
-0.9973169640781251 -0.08578970312334505
0.2870206835780166 0.9589682618306031
-0.9187180344965196 -0.3974395212995957
0.34528131519657423 0.9395646935555444
-0.7893644730546064 -0.6155523768772431
0.8538152241598125 -0.522494557859629
0.9994877072680627 -0.05500293646735023
0.7478296351344247 -0.6653959999990331
-0.0664870307206669 -0.9987895047235673
-0.5821805872775734 0.8142891156076812
-0.710476943058546 0.705140775577603
-0.11710131805932654 -0.9941268939671477
0.9733721530427757 0.2335543869869952
-0.8431460842038991 0.539542102797948
0.5881050535929582 0.8100206453778964
0.9356771595385183 0.35568139270691457
0.27392396200990604 -0.9627910796412665
0.43161803803677723 -0.9031649180749234
0.9941591580346875 -0.11682708802226228
0.30788871855282984 0.9524733786242513
-0.12125945672075375 0.9936282726230105
0.7701630399167416 0.639413709538827
0.16584910916583787 0.9871651700647152
-0.9125292588669454 -0.411450302845609
0.5785292044700822 0.8168873603962874
0.8969154123619394 0.44445893293712996
0.8259274543891764 0.5655482650368711
-0.9758612281266584 0.22292569039733826
0.8445259061338612 0.5373797482867962
0.9957915204822514 0.10198160488855743
-0.8897137893996069 0.4587051045630427
0.5546069647728235 -0.8333139352161802
-0.9783444539968313 0.21176196385007814
-0.9548379710307238 -0.3004753718325858
-0.8599223277546044 -0.5123812937931114
0.9895323026534466 0.15108547913471948
-0.5906903526654651 -0.8081373071873049
0.9895976912832511 -0.1506565943026029
-0.8865143435427892 -0.46485838563254683
-0.9932424703735372 -0.12438004279735988
-1.000703582967928 -0.024358551581553627
0.6226189403054925 0.7838026889293412
0.6530288899504089 -0.7586529304564353
-0.5576184967502598 -0.8313017575357222
-0.8662479432330216 -0.5016128994000851
0.04434411094231939 -1.0000172997627268
-0.901295601213737 -0.43550802430353486
-0.5479408867835286 0.8377122325661004
-0.25367137662230704 -0.9683242394376709
-0.8709562516528939 -0.4933925493020147
0.10023360983760632 0.9959689871973537
-0.9934755676997588 0.12250427087919112
-0.07977443828724896 -0.9978161348645119
0.330749152720122 -0.9447782797963348
-0.3950923396000446 0.9197298751206047
-0.017515424889097738 1.0008467464556972
0.8050548483780241 0.5948846031820261
0.43082851600859967 -0.9035418030140209
-0.9684004149637893 -0.25338041814228796
-0.9906727536239945 0.14341720687230072
-0.13637179624406662 0.9916671483865777
0.5560004017365404 -0.8323848588656605
0.6528317809247145 -0.7588225522575522
0.3520878005314089 0.9370353145516741
0.2638988410755705 -0.9655870761764425
0.10274788177337728 -0.9957127461226376
-0.9570751330965213 -0.29327152880611523
-0.7942877608383403 -0.6091863040010136
-0.9528262319276664 -0.30679499955267353
-0.8490628490837975 -0.530182306669795
0.9308405362832628 -0.36815335936520766
-0.6047108000017632 -0.7977003499818885
0.43660297884075766 0.9007656958762233
1.0009513272089703 -0.009871198437923941
-0.3273329279304844 0.9459673114291298
0.31525782564562815 0.9500597367372173
0.5832428030484864 0.8135286305300783
0.06672744836549667 -0.9987734716313955
-0.5695018714296971 -0.8232063036918952
-0.8422658572907407 0.5409151741653156
0.04425848291296932 -1.0000210931226612
0.5568849000322071 0.8317933686415868
-0.4696288507499893 0.8839964607074194
0.5816786552446667 -0.8146477410714131
-0.6500009027702522 0.7612488597021719
-1.000258330966544 -0.03852624212175133
0.10682321331067517 0.9952837791795776
0.9763440117935374 -0.22080165451123995
-0.6361143888664385 -0.7728903442772963
0.40141841211080886 0.9169865093982773
-0.9907168111864607 0.14311254323968567
-0.9858264956960799 -0.1736292613115275
0.6121190446799211 0.7920298448544353
0.41480398087429005 0.9110096911947981
-0.6360874994808171 0.7729124743489664
-0.8587629007927194 -0.514322156067648
-0.7138489487275537 0.7017269258055918
-0.9901299237902755 0.14711809547116633
0.025048235807711153 1.0006865572610242
0.3967319759949993 -0.9190237968753058
0.24342102071805735 -0.9709517015138184
0.8929953252132645 -0.4522834831687489
0.9701002278779638 -0.24679251988486764
-0.9889749733736639 -0.15469163532835467
0.6558006766265053 0.7562582049381136
0.05459419323581148 -0.9995101170398081
-0.999177644890088 -0.060374116572395366
-0.8546986865818996 -0.5210481313229859
0.5403246046522118 -0.8426448371689172
0.8031910086593288 -0.5973986973611595
0.6422388057455619 -0.7678087759296024
0.7441737647182395 -0.6694821938670829
0.9700001375919378 -0.2471856247268877
-0.43471363049631423 -0.9016790224135826
0.23899000835373502 -0.972051838076078
0.7940342741125861 0.6095166704319895
0.11375849502375017 -0.9945149595707102
0.9983511025916314 -0.07277414344445285
0.8018124304940677 0.599247716979544
-0.7689634452754882 0.6408558494935123
-0.4286814552435782 0.9045624411450257
-0.9706421370196262 -0.2446524920003334
0.9959521948741827 -0.10040032632067492
0.7493329645276887 -0.6637025751585914
0.24147155038960724 -0.9714383615816493
-0.6582094522317671 -0.754162659505731
0.9158510815813529 0.40400222321945983
-0.9928860102308166 -0.12719422427111518
-0.85734485564655 -0.5166824929261646
-0.9890235946964017 -0.15438046875757255
-0.735245403734112 -0.679275493660608
0.9797156428506533 -0.2053247650765279
-0.9936317541159776 0.12123092514868279
-0.5674855412439571 0.8245975748685253
-0.7760405668745436 -0.6322673790138449
-0.9800043251427085 -0.20394244948412377
-0.6226415048842472 0.7837847640746023
0.039136625479211366 1.0002346347463178
0.07666404216955265 -0.9980599303840552
-0.37799670097271715 0.9268869909831199
-0.14202012489955412 0.9908740001248973
-0.9898193581873832 -0.1491932912617614
-0.09867316634084677 0.9961247945133539
-0.23674751092940893 -0.9726004400928109
0.2743511968438023 -0.9626694244601172
-0.6800820647679365 -0.7344994112870209
0.43639029123299133 -0.9008687549901956
-0.5080495240034016 0.8624886556702743
0.532421645334464 -0.8476604223268551
0.49377646292756217 -0.8707386546253393
-0.5238603380916227 0.8529779283044379
0.9906474243953008 -0.14359206293857854
0.9995443390754968 -0.05396400858098199
-0.8225106492607431 -0.5705061190317514
-0.24672292662233258 0.9701179296760323
-0.03913997155768862 1.0002345038172116
0.18643496790904543 -0.983485130920012
0.9634633145236821 0.2715500719334106
-0.658930847925577 0.7535324396813187
-0.8244180162923327 0.5677463645084967
-0.9638688877637451 -0.2701069551142303
0.5776576903542728 0.8175038793636192
0.148342074060161 -0.9899472860024062
0.2510246186920651 -0.9690137464507422
-0.11113924555641094 0.9948110715593951
-0.6415579935437471 -0.7683777332276889
-0.866816117783944 0.5006304205199398
0.9248527446547978 -0.3829469946408865
0.9018672192444053 -0.43432305816334904
-0.26161201259745687 0.9662091672431535
-0.48515558849130436 -0.8755712734870053
0.7125122853569033 -0.7030840939855509
-0.30794985913110123 0.9524536126558264
0.9268868533980953 0.37799703834524656
-0.8625528063799099 0.5079406030296668
-0.805679523524526 0.5940383029513273
0.8065964277060246 -0.5927927148775363
-0.9630409258951381 0.27304427306031376
0.26440507534504815 0.9654485776734976
-0.8959495706434213 -0.4464026958519281
-0.8940871425729713 0.45012129641431026
-0.8053015893101907 -0.5945505447432379
0.835050564409177 -0.5519887271311933
-0.8420476218044053 -0.541254840729896
0.08708463722211861 0.9972047262021435
0.9551739344656867 0.29940566948095715
0.21104728126741645 -0.9784988733103539
-0.1687256891807415 0.9866775774337248
0.8704538851856483 -0.494278295867025
-0.6571017944270457 0.7551279572104032
0.36419825963783653 0.9323951027739105
0.9509730792660448 -0.31249192391365377
-0.2868399545985421 0.9590223357388015
-0.9994406445293633 0.055851571712269274
0.9962350149837998 0.0975540615260486
-0.74752961190373 0.6657330390832792
0.872983342134277 -0.48979698279600287
-0.8905742741186852 -0.457032233303054
0.8757528691402712 -0.4848277139279304
-1.0003342549505352 -0.03650175848582998
0.05752705364007056 -0.9993456049332946
-0.8001340339025336 -0.6014869306899855
0.518125726864766 0.8564734270021795
0.6429424305077337 0.7672196758769994
0.04368929344655977 1.000046121755462
-0.7166521213522927 0.6988638901540546
-0.9143850875594643 0.4073093562009971
-0.613201229779138 -0.7911922976099759
-0.9972846895989235 -0.08616407541184858
0.864896590986632 -0.5039393682772785
-0.5878189015343139 -0.8102283252262861
0.9646001977202869 -0.26748356689333896
0.9924011369052946 0.13092357873614158
-0.9646559878100424 0.2672822949284732
0.8999044284822549 -0.4383754322473218
0.7419743562307526 -0.6719189346163422
0.6503311595570621 0.7609667423147788
0.46959731521549847 -0.8840132134433262
-0.5457131181417949 -0.8391651760457886
0.055477574363310266 0.9994614743664527
0.20872754888755693 -0.9789963280500048
-0.9894095513229377 -0.15188726000209127
-0.737238457462781 0.6771118495772313
0.8963289171415667 0.4456405191360257
-0.7445377647737458 0.6690773623623163
0.273375931793644 0.9629468313027241
0.8504848526438333 0.5278982055504614
-0.985350691746087 -0.17630942764216495
0.18208854306545583 -0.9842991224644567
0.9562556886846203 -0.29593252247480767
0.25453988793806526 -0.9680962996770915
0.6595143089191448 -0.7530218299165722
0.9343283910340646 -0.3592094900022773
0.5301686354506551 -0.8490713856822584
0.7190127334252626 -0.6964349856033456
-0.4151429070939655 -0.9108552940448724
0.7353451316655257 -0.6791675325984088
0.7034359454283621 -0.7121649181750715
0.7435296828600477 -0.6701974415842221
-0.1450007967427326 -0.9904422087855367
-0.5665797101991261 -0.8252202324171858
0.7936996711149235 -0.6099523195070763
-0.9452356072664856 -0.32943989854836686
-0.04955498058774069 -0.9997726261000291
0.3015727216904688 0.954491955718959
0.8890579522889395 -0.4599749530917936
-0.9743174423340962 -0.22957900941406903
0.1926576460565972 -0.9822851069908018
0.37210040542541317 0.9292697607703821
0.10702121561039703 -0.995262507788409
0.9829316977821299 -0.1893311318699059
0.9608077004940981 -0.2808016429283196
-0.506842828749859 -0.8631983242249959
-0.715213574392993 -0.7003360214953952
0.9972569266035661 0.08648480988710965
0.5370199563512326 0.8447547374714867
-0.9972810028112159 -0.08620673658047634
0.38524870943580597 0.9238963317808151
-0.4099018329310146 -0.9132258687530673
-0.9408081142163911 -0.34187876831502395
-0.11788538963493814 -0.9940342222029476
-0.9997983482970345 0.04903328198806952
-0.04941261331325651 -0.9997796725506849
-0.9926066346084349 -0.12935636409283072
0.6294994180367881 -0.7782875321443515
-0.23203474610272715 -0.9737355270303343
0.6259828584230316 0.7811187239853689
-0.912518244524644 0.4114747299770208
-0.5582322173879289 0.8308897589151981
-0.39807352145837144 0.9184435048024083
0.9257400761554464 0.3807969424768382
0.1928966625103132 0.9822381979908857
-0.7896666283489058 0.6151647064584176
0.84194521302942 0.5414141282390444
-0.33784214042763083 -0.9422651899286512
0.25156437624409905 0.9688737609229169
0.8913820460978825 -0.45545477041562804
-0.9888967209330504 -0.155191092939836
0.4409381925552326 0.8986514954898392
-0.49873028361690014 0.8679107697242882
-0.18249007881688648 -0.9842247564115661
1.0009947064371663 0.0032554085413976854
0.11300260126175916 -0.9946011321670994
0.9477492899746043 0.32213705678272003
0.8155177850943485 0.5804582174410213
-0.9455307094821493 -0.3285919619013577
0.08286011416102487 -0.9975646352398534
-0.9902213297052832 0.14650159793224393
-0.38022436368776874 0.9259753956008935
-0.7488841048211494 -0.6642090014040954
0.5236227688905594 0.8531237869731355
-0.3565381997234298 -0.9353510101229248
-0.47763209227753906 -0.8796980075154089
0.7358833359081332 0.6785843469552754
-1.0005554490927884 -0.029829403123911632
0.960384461063576 0.28224579172704173
0.6803454268040127 0.734255473406134
0.9975961449733153 0.08247988563510592
0.34340494204796035 -0.9402521181986442
-0.9967263527147194 0.09239901408571714
0.4145007126551889 0.9111477153614229
-0.07755447047166078 0.9979911342841982
-0.750376420857346 -0.6625226237807424
-1.0009977584151653 -0.002118406904835355
1.0005622035564767 0.029601973147201893
0.8804158848812451 -0.47630753683809596
-0.6622746757444994 0.7505952663503269
0.8511163205050718 0.5268795013757014
-0.985497740134889 -0.17548562388135014
-0.6546303656398466 0.7572714733714989
-0.8128974055878189 0.5841222543171876
-0.9979266834272302 -0.07837942653482988
0.01851088926166274 -1.0008288300097787
-0.5477824949150971 0.837815814045421
0.9940389872483006 -0.11784520283139574
0.9783891601065164 -0.21155531519218648
0.9964168471478252 0.09567897741921995
0.6596691450155414 0.7528861926708874
-0.9682060526018119 -0.2541220960586021
0.8003605293426254 0.6011855146877647
-0.2246651543812649 -0.9754622332037476
-0.9011621686108999 0.4357840587544478
1.000365436420569 -0.03563696977977154
0.8001694156884117 0.6014398608313767
0.9599884219731206 0.2835898969948643
-0.9327273624501631 0.3633464838645919
-0.8845721935310206 -0.4685435245862635
0.8898726926918906 0.4583967613337643
0.9777609439283895 0.2144400534607862
0.10561102704839874 -0.9954131358213947
0.9508064990248436 -0.31299840480762864
-0.8695658828877099 -0.49583886023356183
-0.4468635959143313 -0.8957197813191987
0.06050779671179356 -0.9991695584519598
0.22663850537295815 -0.9750056347951593
-0.35115279463282156 -0.9373861076533829
-0.21987598123247587 -0.9765528930257981
0.760486729673364 -0.6508924135298488
0.7912236909736124 0.6131607218683315
-0.9791603346632948 0.2079568200902884
0.3978213106557546 0.9185527773558456
0.894601911653005 0.4490973387438286
-0.615289390852138 -0.7895694811128435
0.10196858115230065 -0.9957928541909641
-0.5345633324111144 -0.8463114341904665
-0.2548813739596028 -0.9680064489498327
-0.93387068407339 0.3603977600212003
0.917608555811847 0.3999944228372399
0.9639265291600512 0.269901178918242
-0.8058404837145305 0.593819934665999
0.8296693626302407 0.5600444167320394
-0.8355843448820842 0.5511803720997132
0.4000951168717853 -0.9175646557356885
-0.9976593350112485 -0.08171200196368668
0.06284239130689867 0.9990254420458122
-0.14437866290927678 -0.9905330896525009
0.972256437741948 0.238156291685392
0.9068886130325615 -0.4237381780673968
-0.02753077296812671 -1.0006213352411477
-0.7777873984165617 0.6301172612017518
0.8825873181935127 -0.4722717710852336
-0.19466807267476624 0.9818886604300366
-0.6165709762718641 -0.788569103642262
0.7916145781932008 0.6126559879671469
0.24159493903441612 0.971407682403715
-0.32063303314310404 0.9482591724088163
0.6098946469735678 -0.7937439886972292
0.4029617123707652 0.9163093682611897
0.9008579946875463 -0.4364125037250109
0.7551727395780377 -0.6570503279035795
-0.17097297232885722 -0.9862906482031734
0.20138514839047889 -0.9805330295343165
1.000347851559617 -0.03612721799500625
-0.9106913253414499 -0.4155024788708647
0.9483919962729617 -0.3202399434882953
-0.7156248601622776 -0.6999157517285353
-0.09512104504994963 -0.9964702638757493
0.19043606933632626 -0.9827182218193219
0.963431677814665 -0.27166229437155914
0.8418212313667677 0.5416068818064805
-0.8233724261935392 0.5692616689925336
-0.47460389193365843 0.8813354331702682
-0.43982222795643927 -0.89919820273143
0.17714444394381973 -0.985200916554504
-0.7535899407558051 0.6588650857282257
-0.3274304718806386 -0.945933552679057
-0.5145308969090833 0.858637849227446
0.12800845827324264 -0.9927813629447864
0.999463763104839 0.055436325999421956
0.7781723205860186 -0.6296418342786403
-0.9965402509224749 -0.09438500035159576
-0.9636504117270721 0.27088537055043127
-0.9820580714430271 -0.19381162068772412
0.8050402117192315 -0.5949044104014148
-0.9819222983641644 0.19449832897800615
0.7021265864729138 0.7134558546734996
-0.30985410894380266 -0.9518358215420567
0.9128742497442788 -0.41068431203762834
-0.6124502564639006 0.7917737576841648
0.7537091340934926 0.6587287311056333
0.972364889653709 0.23771310727162323
0.9887293783647938 0.15625369230315317
-0.6893150793631722 0.7258413885709079
0.6438249975363021 -0.7664792055544498
-1.0008771376323542 -0.015682964160692828
0.10995563806079728 -0.9949425901320351
0.9043267312488539 0.4291784747034306
1.000883024813075 -0.01530263510084457
-0.7593474505360631 -0.6522211659892533
-0.5667642073673956 0.8250935299996042
-0.768973033552186 0.6408443443376469
-0.09464366121185613 0.9965157185877277
-0.7962535431170112 -0.6066146182491863
-0.9995582271077638 0.05370615068299099
-0.8575876057146218 -0.5162794771484358
0.48579636458178704 0.875215911737852
0.5009803021603911 -0.866613949141879
0.9921014889634374 0.13317520638816616
-0.6905229684051505 -0.7246923692884725
-0.8715784199687956 0.4922926546727036
0.9346882164976531 -0.3582721562449925
-1.0002462751753232 -0.038837983957614404
0.5448044674520109 0.8397553764307382
-0.03467990986980965 -1.000399072296362
0.9938500231964357 0.11942835254848072
0.32827405843453633 0.9456411277852284
-0.9763875809227013 0.22060891146985773
0.3568624348403885 0.9352273534279189
-0.8117350803152178 -0.5857364248411113
-0.19507289804059685 -0.9818083134960933
0.5666233038809532 -0.8251903001726528
-0.9999854263342706 -0.04505715391663201
-0.9765198295849178 -0.22002277706511025
-0.9625294906089112 -0.2748417357465016
-0.7604942596221618 0.6508836156193671
0.7546108629782138 -0.6576955568310275
-0.7726870460598607 -0.636361319417897
-0.9752223821824413 -0.2257040214316183
0.09494781822121695 -0.9964867845661731
-0.1654919512805439 0.9872251080991397
-0.884978319708607 0.46777598660654934
-0.10201831472053506 0.9957877602489307
0.9926960918539518 -0.1286680582657964
0.9253382763620096 -0.38177228068494595
-0.7135651538746054 -0.7020155063642901
-0.7304121513816753 -0.6844699329510338
0.3812123908163215 0.9255690752656466
-0.8554953908457563 0.5197390078122543
0.7453074038681432 -0.6682199291695275
0.9180448403941707 0.3989920688756127
-0.8165354708628412 -0.5790257548872918
-0.963867880244347 0.2701105503923703
-0.9288632769467109 0.37311394069348003
0.4122562119968236 0.9121654541090832
0.6365707213922513 -0.7725145413946256
0.7757992234297317 -0.6325634868737091
0.6161585838322137 0.7888913737453852
-0.6867188842777412 0.7282981353651362
-0.35570734102607493 0.9356672953246573
1.0002291676926731 0.03927610083526941
0.43280086531286605 0.9025986987495797
-0.25810531341507875 0.9671518222010979
-0.8507807550635427 0.5274211854045193
-0.4308904026078326 0.9035122915270494
-0.9731202188631183 0.23460187475763464
-0.3371926122428515 -0.9424978208191476
0.6295738498417897 0.7782273238555606
0.5112636070231297 -0.8605873134863764
0.05242894143472211 0.9996260331244052
0.1405382182416897 -0.9910852683868585
-0.5272832948036726 0.8508662215771543
-0.43837577081594903 0.8999042635533642
-0.8612674696426745 0.5101169922040477
0.34165752292574914 -0.9408884827801014
0.7535453546947855 0.6589160784332934
0.6708999980024238 -0.7428958154952467
-0.056088972924297056 -0.999427349593905
-0.2891263120998756 0.9583355235258293
0.13073734635435919 0.9924256880332252
0.8509006254649363 -0.5272277739112197
-0.44422875024064395 -0.8970294406872249
0.5565238127015174 0.8320350028070732
-0.16736764924682132 0.9869088458340989
-0.8438228939513793 0.5384829836155636
-0.13423618885284297 0.9919584898584536
0.972725780826312 0.23623199469132372
-0.6251194211861927 -0.7818098932962152
-1.0007425811577895 -0.022699917569124713
-0.8586491217544129 -0.5145120850965265
-0.31312021539940477 -0.9507663912382633
-0.2760635738020674 -0.9621797665819161
-0.9448004621108506 -0.3306857825717992
-0.8747218329582047 0.4866854373681615
-0.43256914794306467 0.9027097718800938
0.29318982924955467 0.9571001640500417
-0.9966645007462319 -0.09306381118492986
0.06771314315207623 0.9987071293649937
-0.17913068906747018 0.9848417112583185
0.9626229611091128 -0.2745141794981156
-0.7601893944127207 -0.6512396522190743
1.0007255018705161 -0.023440774432677676
-0.28116281562128537 0.9607020719827304
0.9526139248537848 0.30745359027773245
0.9272785650154217 0.3770350950016991
-0.4372270402937917 0.900462944954389
0.9626873897878632 -0.27428815057058303
-0.9244008058258024 -0.38403665214222354
0.9193223329436344 0.39603970527091525
-0.2526342065523576 0.9685953529104198
0.9666633581249843 -0.25992874419449724
-0.5532130331348675 -0.8342399774463701
0.7214792935093548 -0.6938794052551511
-0.015160488402865581 1.0008851880167808
-0.9970212700362401 -0.08916045701611765
0.3651761792670724 0.9320125310830875
0.15108889181049664 0.9895317815873708
-0.9753972333205483 -0.224947187647723
-0.7445361343340854 0.6690791766830416
-0.8904372823127693 -0.45729907748370713
0.6255879223690308 -0.7814350589690736
0.989599926023217 0.15064191453524262
0.0924846100289628 0.9967184140507241
-0.5111365659165091 0.8606627742519587
0.06194526775381393 0.9990814700528222
0.05748401000160892 -0.9993480817983967
0.7579921755619616 0.6537957339925401
-0.9889369400153839 0.15493459482313504
-0.8622768389682766 -0.5084089426621811
0.02975195038833771 -1.0005577551786253
0.8552246041468407 -0.520184463879766
-0.26286864827002515 -0.9658680415857488
-0.9552308898575596 0.2992239079049917
0.9336388801654104 0.3609978413280036
-0.030770644041983798 -1.0005269448971585
-0.9321305263491155 0.3648748851978181
-0.9655919248090639 0.2638810996330113
0.8932259884049157 -0.45182776988368173
0.9206240356726184 -0.3930043065182128
1.0001986621152177 0.040045427990326295
0.4928692073151185 -0.8712525147628366
-0.3987787983163509 -0.9181375006029147
-0.3757914847720297 0.9277832505347535
0.07246457402571817 -0.9983736202000086
0.21268066096491015 -0.9781451510136565
-0.974050774697819 0.23070779854738066
0.38883206606377885 -0.9223939637706727
-1.0002334960049224 -0.03916571804232203
-0.9890728751694632 0.15406442679610213
0.6150510227935885 -0.7897551768494847
0.9906519441911091 -0.14356087722766092
0.2600844309896201 -0.9666214816342567
-0.9446592863839439 0.3310888591429465
0.9640488607766179 -0.2694639011728755
1.0009834122232275 -0.005762677671394452
0.9300517662479919 -0.3701414757886374
-0.3453270782357457 -0.9395478747978536
-0.39628257255795274 0.9192176688286898
-0.9989112922587614 -0.06463149540225151
-0.3528040268916113 0.9367658824962954
-0.3124915711104233 0.9509731951979189
0.06894254973793462 0.9986230143731079
0.5829900648767682 0.8137097665967772
0.4614662199577981 0.888284823599875
0.5394534009758594 -0.8432028392833949
-0.014594333816020686 -1.0008936034466733
1.0004074717076417 -0.034436761629459293
-0.8625853829319686 0.5078852795190161
-0.9598792433927974 -0.2839592190855423
-0.5018682345370011 0.8661000376184691
-0.7259953077271034 0.6891529678948124
0.752069432821179 0.6606001575961287
-0.9026397127595983 0.432715320908874
-0.7204701314204559 0.694927183042217
-0.8677293654996753 0.49904583782407297
0.9387743875652065 0.34742430722615175
0.673380835982269 -0.7406478581160013
-0.01632488006039156 -1.0008668734107518
-0.2858447981497714 -0.9593194209285646
0.42240722777226863 0.9075093023907504
0.11134283996930777 0.9947883051119816
0.9925981708224442 0.12942129376550815
-0.14372682174347642 0.9906278820584039
-0.9136005476064347 -0.40906605751788144
-0.11415649261205785 0.9944693535723025
-0.8672403228132902 -0.4998952115060718
-0.560674110254653 -0.8292439581270118
-0.6696960411827246 0.743981325319518
-0.34112109216030534 0.9410830996693971
-0.9443947259690386 0.33184273618969623
0.2475707314652998 0.9699019192277828
-0.27324667739745573 -0.9629835166248958
-0.9930834624528486 0.1256432911168029
0.11173023632159731 -0.994744868944555
-0.7887337165283029 -0.6163603851736829
0.9680724687975386 -0.2546305071200988
0.6940081713960942 0.7213554311401902
-0.5606305655737317 -0.8292733981893292
-0.9945516548926471 0.11343723264562153
0.47474271104359345 -0.8812606642253921
0.7093448802516857 0.706279576981185
0.3109517423446014 -0.951477805276012
-0.5448366491839489 -0.8397344971513356
0.8941886205296118 -0.44991967162522467
-0.1223827700819505 0.9934905422735884
-0.06707937139512138 0.9987498975885982
-0.6925412765501735 -0.7227638482064914
-0.5625849561497078 -0.8279487708270551
-0.17712101432787394 -0.9852051290383466
0.9326431532630572 -0.3635625787557645
0.9701909580572365 -0.24643559991198835
1.0007690370779583 -0.02150196330700907
0.3370203519441117 -0.9425594317471271
-0.573288314748345 0.8205738895267157
-0.5265969512776741 -0.8512911669370585
0.9469061549777839 0.3246070450023986
0.7800874945816572 -0.6272674874384236
0.32512596019125345 0.9467281077530737
0.019974410068871636 1.000800690918227
-0.7330131866980103 0.6816837009396864
-0.705592511872053 -0.7100283143580168
0.9843535599994646 -0.18179402882487747
-0.43797912285871715 0.9000973769209134
0.981233854418906 0.19794222122179284
-0.9984025334598291 0.07206511764366184
0.5495288471856609 0.8366714086849142
-0.16781841965986666 -0.9868322947810662
-0.8444476984775975 0.5375026367711033
-0.9575554252234589 0.29169951598369304
0.9859836077766948 0.17273484071157436
0.9958580986096168 0.10132940063791329
0.4891823702229209 -0.873327892983549
0.35159188983975737 0.937221501566683
0.6807246370959357 -0.7339039231742849
0.14382632868246573 0.9906134398329771
0.6166892571786048 -0.7884766071866055
-0.23968702023659394 -0.9718802047218076
-0.8038566207311455 -0.5965027521367385
-0.941009109176477 0.3413251476918939
-0.23001967915364377 -0.9742135018578088
0.5130855422778725 0.8595023131472198
-0.9972960543587233 -0.0860324355143016
-0.9838886788400383 -0.18429342812592084
0.4319822076792941 -0.9029907930031863
-0.5593867519546264 -0.830112921076195
-0.9590525152268988 -0.28673903298462683
0.5903067214061565 0.8084175744395432
0.8487856330717176 0.5306259973757823
0.950351620869552 -0.31437683869937894
0.7534637962379358 -0.6590093381422742
-0.8000116893936994 0.6016496462505726
-0.7414464086162306 -0.6725014670244919
-0.6693858772300927 -0.7442604029268918
-0.3360181155644944 0.9429171893716256
-0.19966690963354358 -0.9808843587280767
0.09439514392769499 -0.9965392901450849
-0.9224670370971804 -0.38865867476379506
0.06172647415881066 0.9990950116920421
1.0008504717854296 -0.017301246396808523
0.38140753200777294 0.9254886787680008
-0.46445498103339833 -0.8867257583905328
-0.7542804526269207 -0.6580744629484778
-0.8405789370719061 -0.5435329341917235
0.46704277622303797 0.8853654867781312
-0.7593682338408826 0.6521969682798123
-0.7349979340201098 -0.6795432561553166
-0.9952815010141602 0.10684443709898997
-0.46392291114050566 0.8870042460546164
-0.9668607641020138 -0.25919348533493297
0.8165831350041302 -0.5789585335987599
0.7140329679596062 -0.7015396786118344
-0.23541981860908653 -0.9729226634250354
-0.7155690529445085 0.6999728069490265
-0.1999096715520163 0.980834911297495
0.6867965551574834 -0.7282248909669415
-0.14501973372268617 -0.990439436225659
-0.4210797109676838 -0.9081260248508309
-0.9886913748181257 0.15649397867088832
-0.8739201804496534 0.4881234661464713
-0.9945113937763993 0.113789664068946
0.12332607145706792 -0.9933738873651583
-0.9999214664526175 0.046454934369202845
0.3163272150521722 -0.9497042134356027
0.599275947626297 -0.8017913310809762
-0.9697944370265756 -0.24799143112677774
0.5527369509426183 -0.8345554883065941
-0.4774290699393763 0.8798082081776812
0.4363411279999265 -0.9008925685206598
0.7696501204958579 0.640031008639981
-0.14954820347024955 0.9897657979738544
0.6188201901404019 -0.7868052950219621
-0.5646520843323178 0.8265403944509724
0.5121220754972489 -0.8600767290122378
-0.998937333041819 -0.06422775611289748
-0.9808516291877352 -0.19982762952045882
-0.7466862195102751 0.6666788504170903
-0.7245594557207123 -0.690662432108266
-0.8134748096304737 -0.5833178671159187
-0.19900822722420103 0.9810182085451221
-0.6640073884840384 0.7490628732213387
-0.9603302393211882 0.2824302240294217
0.8417656977618915 0.5416931881346081
-0.970001835156644 0.24717896308695647
-0.40148689751171335 0.9169565263012304
0.9730206763285972 -0.23501438985100315
0.18817711883953503 0.9831532799849937
0.9234253603273995 0.3863762465579535
-0.23499298751007688 0.9730258454024173
0.220795704031355 0.9763453574843782
-0.11648417101560866 -0.9941993954448004
0.26769844298952084 -0.9645405868189199
-0.9919473262602547 -0.13431865814223934
-0.7929589301036485 -0.6109149983171775
-0.3054854439278663 -0.9532468953782092
0.9729487143016207 -0.23531213172895166
0.6786585649094705 0.7358148899519621
-0.656324555168022 0.755803597691555
-0.29984446068502746 0.9550362817173519
0.7555786460611956 0.6565835130555217
-0.07351813066553785 0.9982965914313465
0.5037151332691344 -0.8650272044945513
-0.9447478763704444 -0.33083598669663394
-0.266611436351064 0.964841614984979
0.8875274541808889 0.46292117911712594
0.8046817498343402 -0.5953891848896353
0.3603176809873746 0.9339015840911079
0.12279044610022706 0.9934402379340729
-0.2370715310816302 -0.9725215108935183
-0.31255304674518597 -0.95095299198767
-0.9867475544303129 0.1683159642630388
0.994221559439701 0.11629484401850805
-0.6030648500455085 0.7989454215649454
0.8811794577508169 0.4748934230308694
0.29277324058894805 -0.9572276790790403
0.17436077623861665 0.9856973773473616
-0.33190859061551425 0.9443715833693975
0.6473531335456434 0.7635017488445173
0.8794118020379448 0.47815884644788775
-0.9980198537317788 0.0771840110204103
-1.0009937527203483 -0.003536525814126158
0.9697541395715127 0.24814896490599167
0.40384373274680385 -0.9159209788628755
-0.8324565672334742 -0.5558930325789849
-0.02332096617302065 -1.0007283010571635
-0.9999326447301847 -0.04621369929899758
0.7646298870155793 0.6460202286945373
0.3509756144560398 0.9374524617585712
0.8019818916871521 0.5990209056501259
-0.9984693885510004 0.07113283437760219
0.36348574436596287 0.9326731011682078
0.9802534847945862 -0.2027414746618707
0.0018906013603693188 -1.0009982145970573
-0.7745267767702116 -0.6341208655027422
-0.45341194835651855 -0.8924228846727015
-0.6825231839809792 -0.7322315913209881
0.994303576187221 0.11559151517868099
0.5635362420770426 -0.8273015797553422
-0.03017210066110088 -1.000545173563741
0.10533477891249393 -0.9954424063457695
0.7160399589473765 -0.6994910844254124
0.4560882758756937 0.8910580702786643
-0.8835554490899835 -0.4704580410444673
-0.5626777574133723 0.8278857054643823
-0.9999106635363484 -0.04668688195092359
-0.5699158463263914 0.8229197579995713
-0.6862812839995456 0.7287105044061978
-0.05025827153653428 0.9997375186228433
0.1335495923779272 -0.9920511611684598
0.7584772476104541 0.6532329330776809
-0.6395816025961962 -0.7700236188718379
-0.9960460684123073 0.09946471535366443
0.6282500663955981 -0.7792963839733421
-0.9974385169494598 -0.08436471362875692
-0.9680695222685164 0.254641709181364
-0.4752236977838167 -0.8810013831230208
1.0001418387902612 0.0414403462972427
0.9879312034805465 0.16122325263273576
-0.7487758564960197 -0.664331029479018
0.9650383035763271 -0.2658986134422754
0.9888002922714821 0.1558043067563654
-0.28079986811092067 -0.9608082191930342
0.6602905561105884 -0.7523412666544153
-0.8428037176397738 -0.5400767478169899
0.07072001318864919 0.9984987129358742
-0.8252058120764076 0.5666007127733927
-0.6226615448535615 0.7837688438312512
-0.7416646483918353 -0.6722607747933947
-0.236309109965746 0.9727070497057153
0.9987736858611567 -0.06672424170659079
0.9533871230385954 0.3050475268285095
-0.004040580898076409 1.0009918449747761
0.720460084952496 -0.6949375986304397
-0.7042375588784151 -0.7113722377665372
0.734227660595587 0.6803754422495947
0.10942963868717542 0.9950005799881698
-0.4588312571844563 -0.8896487382279207
0.2624625286950212 0.9659784785547839
-0.5660356066814112 0.825593539200015
0.9208869611307056 -0.39238782450460197
0.9693336436410839 0.2497864834323513
0.9387096265818703 0.3475992476437853
0.6331837190498097 0.775293091630676
0.1289943170135016 0.9926537493900984
0.911687277488634 0.41331260332266995
-0.09855911603635502 -0.9961360854050677
-0.4188945138866828 0.9091360658535331
0.9677333614884363 0.25591627744692524
0.13389278825241768 -0.9920048998135006
-0.6240386281203393 0.7826728503108338
0.6559300812325977 0.7561459703881241
0.40357858609154934 -0.9160378402928264
0.8234578192583235 0.5691381378034036
-0.9200550632116615 0.3943344781509544
-0.4760532845062262 -0.8805533886771626
-0.7643932978210475 0.646300151822869
0.21365406622495345 0.9779329936072018
-0.9878046699386553 -0.16199670998938226
-0.0499412934386374 0.999753403199847
0.5019663125711283 0.8660431981395295
0.8051287908488075 -0.594784524131502
0.6275285000940796 -0.7798775426755631
0.49442237915933906 -0.870372053197033
-0.5125670877897791 -0.8598115959410554
-0.8022594635168256 -0.5986491069046167
-0.6645252590712016 -0.7486034865376678
-0.1806519930396391 0.9845637904223404
0.13380236043209334 -0.9920171008318356
0.9261882987770489 -0.37970545849181025
0.8686292098225276 0.49747793503138543
-0.24244098478700193 0.9711968744263486
0.8142128376619643 -0.5822872615697959
0.6690696343530498 0.7445447094612091
0.5812720160882935 0.814937938319631
0.43904397412831786 -0.8995784505987308
-0.9442336385928289 0.3323008211692336
0.6467788271754856 0.7639883171341714
-0.6417823247203704 -0.768190372028
-0.09821341545648542 0.9961702289389961
0.13498489638705716 0.9918568837021677
0.03864045813383579 1.0002539252585851
0.7239733705607757 0.6912767598573453
-0.9999723216486425 -0.04534706094802446
-0.45876521341825616 0.8896827968199126
-0.0396095352756707 1.000216019025513
-0.9385960175683221 -0.3479059007905528
0.7012063393456635 0.7143603220094563
-0.8543335359279899 0.5216466326822958
-0.4734312718266505 -0.8819658898486948
0.3669228738846793 -0.9313262611030614
-0.9439860899386543 -0.3330033963825756
0.18124776570774723 0.9844542891500598
-0.9138858996304023 0.4084281607048297
-0.995628650234773 -0.10355960038395393
-0.43941725482315225 0.89939617308708
-0.9687755096982197 -0.2519424771826986
-0.9990860464966809 0.06187141258797964
0.2987274032726964 0.9553862771329468
-0.7253093722241029 0.6898748542771203
0.5073530168499892 0.8628985550417931
0.5418342561723661 0.8416749009196715
-0.8691065907730775 -0.49664346756480987
0.5447533574707685 0.8397885326225437
-0.8130000469033525 -0.5839793863957414
0.46465609797637025 -0.8866203869827118
-0.9750756565718629 -0.22633705830232623
-0.3153373948907728 0.9500333296171776
-0.1346296757161776 0.9919051620072137
0.7209409888619989 0.6944386874150109
-0.7038864941517502 0.711719610064777
0.18309979336852178 -0.9841115107895063
-0.81367157599339 -0.5830433658146132
0.03424312449974128 1.000414118465196
0.3994516735201615 0.9178449545113502
0.9542644450773873 0.3022918603951256
-0.9952097265428095 -0.10751093058190063
-0.8299893089391993 0.5595701448850093
-0.9759641455662751 -0.22247468747947577
0.09143302409229762 0.9968154303106154
0.5771909569303967 -0.8178334789171772
-0.8051730508053683 -0.5947246070718579
0.17584676517625616 0.9854333641485084
-0.749985546877583 0.6629650665568532
-0.9613811420359595 0.2788320278189618
0.4576041664603168 0.8902805326626876
0.29624092196005186 -0.9561601937731242
-0.9808156465911063 0.20000416846173483
-0.8511400424197004 -0.5268411792844125
0.9839402896938626 0.1840176793603206
0.3269044943281476 -0.9461154536250098
-0.7272742650792492 -0.6878031283393803
-0.9340030366862263 -0.36005461733035415
-0.8139385710389422 -0.5826705780928747
-0.5139980568851278 0.8589569241343322
0.020388233471600202 -1.0007923460618129
1.0009695634130966 -0.007805966986521408
-0.9276532984383067 -0.37611216132495634
0.33698038294133564 0.9425737220571719
-0.06315022026145396 -0.9990060308531326
-0.7101481252938837 -0.70547192725266
0.15108051751387247 -0.9895330601994763
0.7259060032075464 0.6892470344566204
0.5044319739175187 0.8646093821429859
-0.8623463921929329 0.5082909598564905
-0.868723148680787 0.4973138756822889
0.966538261142933 -0.2603935286192715
0.4381196576151162 0.9000289804285267
0.9575927659614102 0.2915769102284608
-0.5281396130713264 0.8503349628851383
-0.8667068486088247 -0.5008195668846813
0.6285548915917801 -0.7790505428122398
-0.3536938990602235 0.9364302567557161
0.7998368646130501 0.6018820399430151
0.8224279510370043 -0.5706253283487115
-0.06834286152291826 0.9986642345047004
0.9040613706914351 0.4297371731925499
0.9810790864155912 -0.19870789163480382
-0.5401372385420848 0.8427649515375748
0.3562071434983651 0.9354771354344985
-0.0020341319308206343 1.00099793321829
1.000998572511008 -0.0016905120302926166
-0.3789109435144328 -0.9265136247703012
-0.19088800492572852 -0.9826305356416902
0.5317044799278657 0.8481104562641814
-0.9138319274384359 -0.40854890575566755
0.9727303678500453 -0.2362131060341816
-0.43726669553170056 -0.9004436889549434
-0.5352951429035657 -0.8458487512456653
0.9384582959854199 -0.3482772267836962
0.5008984641942482 0.866661253644031
-0.991422071806659 0.13814222936738765
0.5513424770777651 0.8354773922553226
0.13173729386982175 0.9922934472240842
0.654276878203324 -0.7575769047750286
0.1528615295940825 0.9892594971847162
-0.6508778432465492 -0.760499199980329
0.05345797859354515 -0.9995715304692766
-0.9641834140408865 0.26898205161025246
-0.374308875042287 0.9283823921556125
0.8305819276609899 0.5586901300747616
-0.9838518262863511 0.18449006453739308
-0.0210204662061525 -1.0007792663721986
0.9079807228247002 -0.4213929365553425
0.9394059701493831 -0.34571292027880063
0.27659909918675657 -0.9620259551223526
0.4362466587859922 0.9009383179208542
-0.45051748380250073 -0.8938875750273428
-0.8931270135495346 0.4520233817714405
-0.9992124565808096 0.059795205608339654
