1000
-0.13212986645668118 0.9922412500950258
-0.9990929267723502 -0.06176021108658184
0.288198542199992 -0.9586149384783232
-0.8604114676011102 0.5115594847332063
-0.4509010314896719 -0.8936941645784366
0.8730258788717361 -0.4897211602741224
-0.9997040705669188 -0.05091926248418345
0.18827426162212046 0.9831346817250652
0.477680828107907 -0.8796715446450136
-0.936290497356467 -0.35406370127419107
0.8969532575753877 -0.4443825533534145
-0.998741198564451 -0.06720876646720998
0.08753863264472656 0.9971649752145788
-0.006394249029869941 1.0009795770041185
0.03710858428624461 1.0003119278366477
0.805945337490163 -0.5936776170430104
0.009457933905999192 1.0009553174274213
-0.7084399088474135 0.7071873129180617
-0.7481382487326215 0.6650489912655204
-0.7039160166397009 -0.7116904112871666
-0.9958230792630194 -0.10167297972971139
0.8469663877317906 0.5335250116466539
0.4640705626864043 -0.8869270053662387
0.2691726598327658 -0.964130219004961
0.6886716319160286 0.7264519140274283
0.2870306831141796 -0.9589652688971626
0.00652417059093411 1.000978738634393
0.9766465076169307 0.2194597893912515
0.8249125549499772 -0.5670275801809828
-0.8372274247319571 -0.5486813640690698
-0.966424222196527 -0.26081645414321125
0.8781748088073235 -0.48042689888912443
-0.7718116097337937 0.6374228102916699
-0.9980019487854941 -0.07741518081330069
0.9970571933466322 0.08875783455975221
-0.759334014714896 -0.6522368082966171
0.5755538738558458 0.8189864090993996
1.000098863790203 0.04246484010973019
0.016236711645176826 -1.0008683076184157
0.10443534939631972 0.9955371704745477
0.22100563289471176 0.9762978593794047
0.20378781767855367 0.9800364918541618
-0.5513487261955202 0.8354732683470951
0.7197215370644923 0.6957024572944419
-0.2719743463911345 -0.9633436328253356
0.8461709186598594 0.534785729441549
-0.8894618718010961 0.4591934000092883
-0.017101504293444883 -1.0008539046988334
-0.7803745653667007 -0.6269103107532471
-0.9784979488855334 0.21105156722186202
0.4702124437059071 -0.8836861760739042
-0.681212083907341 0.7334514958322861
-0.07296814847730093 -0.9983369417725634
-0.9947943069405608 -0.11128920378297821
0.14624097312415346 0.9902598536645321
-0.03411131429761213 1.000418621496466
-0.9739657548076547 -0.23106645897220904
0.21724858927189433 -0.9771407526346303
-0.6437842115886604 0.7665134629666767
-0.9533611264036075 -0.30512876406927736
0.8712179783076339 0.4929302529502111
-0.7803740849779289 -0.6269109087381237
0.14714623487064857 -0.9901257422991243
-0.7029807075825559 -0.7126142889156301
0.7514113414873227 0.6613486190234483
0.679482739498741 0.7350538801498064
0.9470713017474292 -0.32412489785024234
0.8867413419671674 0.4644252280467408
-0.9757558005528066 0.22338669988956714
0.6120574431755602 -0.7920774496559007
0.9223022115359745 -0.3890496505535645
0.6617471971690998 0.7510603484666466
0.5635862612302635 0.8272675057999639
0.8198411702860794 -0.5743356644889396
0.7876911381189193 -0.6176922137512514
0.8669532738612964 0.5003928665970169
-0.23101744549775421 -0.9739773816037476
0.5385268659909793 0.8437948889427654
-0.48351271086343817 -0.8764795824395963
-0.8612792880483937 0.5100970378063885
-0.14337373067414838 -0.9906790465900532
0.9810509215696267 -0.19884689911433412
-0.47833123323569365 0.8793180490079915
0.2157316003368414 0.97747679083245
0.9205180622545711 0.39325245970380096
-0.9857155562692753 -0.1742579757966709
0.7300176847721277 0.6848906335466579
-0.7798123824989609 0.6276094710098744
0.45459904167907017 0.891818765952181
-0.5782845136067435 0.8170605983172926
0.2306772663503832 -0.9740580058646992
-0.17793983505804262 -0.9850575694341507
0.1926440040672443 0.9822877825245204
-0.6139914682218367 -0.7905792034646455
-0.38834135941485315 0.9226006658180037
0.9926785843320666 -0.12880305977920034
0.33913714247175436 -0.9417998718390723
-0.7808610308484311 -0.6263042794858787
-0.3334395771946381 -0.943832108142259
-0.569844123454228 0.8229694252915369
-0.3165715130981386 0.9496228078004209
-0.4399117081821958 -0.8991544300086736
-0.7863781639034537 -0.6193628850163956
0.876904499992799 0.48274164714925843
0.39698601944891687 -0.9189140875849625
-0.9623602497110372 0.2754337484334666
-0.6809540678011738 -0.7336910504735861
0.5263778603165711 0.8514266546030541
0.09485311688573907 -0.9964958034116653
0.8581849052001023 -0.5152860064922116
0.6238224516438812 -0.7828451627397448
0.9827878481634372 -0.19007642016378723
0.7209912008546034 -0.6943865553783691
0.1791792675525197 -0.984832874186957
0.6896194965672697 -0.7255521690094417
-0.5143957411191133 -0.8587188256458095
-0.999026664598072 -0.06282295298735507
0.7584419358005199 0.6532739318380615
0.6496243861318001 0.7615701917373617
-0.43109521992007926 -0.9034145844306802
-0.09184951181585256 0.996777140176875
-0.4008002651760963 0.9172568601186752
0.9499909420817484 0.3154650693224722
0.6700150584784843 -0.7436940374993424
0.9566582000828082 0.2946287294449094
-0.7438815433397302 -0.6698068747620474
-0.247328617547256 -0.9699636874348251
-0.5071202260406128 -0.8630353853351077
-0.07869651187134025 -0.997901728137237
-0.3829122539903563 0.9248671286968874
0.1096044693786647 -0.9949813366552266
-0.39729920130764085 0.9187787245252856
-0.9892960636786563 -0.15262469783726335
0.5976617842844337 -0.8029952625052946
-0.8630230629320387 0.5071411961647392
0.9701357507501285 0.24665284331725168
0.9702250957839922 -0.24630116425007648
-0.7671489999607571 0.6430267582762091
-0.9527892272432041 0.30690990282051483
0.08176864683399634 0.997654693967275
-0.9560621218041359 -0.29655727819659655
-0.10407424296861581 -0.9955749855990303
0.25673119377565523 -0.9675174903548396
0.456014664229499 0.8910957445794796
-0.7350066621236779 -0.679533815666159
-0.7847096962058329 0.6214754159904875
0.9510166481510132 -0.3123593042309002
-0.2774553044078527 -0.9617793686994672
-0.007538324565169494 1.000971614813702
-0.8454077598424915 -0.5359913428387628
0.6564111486549334 -0.7557283929570933
0.4606685538061165 0.8886987585983122
-0.9348438801816045 -0.35786578445976347
-0.8537420910368919 0.5226140468758519
0.5994340370338208 0.8016731473894683
1.0008701064305292 0.016125447396619755
0.48743861239697583 0.8743023499593895
0.7657752380353945 -0.644662147804441
-0.775258187613464 0.6332264543891758
-0.7334241597727592 0.6812415150749564
-0.933987024332775 -0.3600961515734487
0.2060302647153581 -0.9795675219306321
0.07975313559359597 0.9978178377654858
-0.6744346232076269 -0.7396884067083831
-0.9836149346997767 0.18574891718541445
-0.46400845313152544 -0.8869595004409666
-0.890504104764431 0.457168939668586
-0.9981686867049894 0.07523478505077898
-0.200718657514823 -0.9806696796197214
0.1179771301486909 -0.9940233381374297
-0.9158421805177496 -0.40402240084492075
-0.49835029501766004 -0.8681290131402194
-0.9873221472185674 0.16491202991812823
0.5561209747137162 0.8323043082211374
0.6423088300777219 0.7677501981791918
-0.602431715841267 -0.7994229342147665
-0.8587370798556799 0.5143652667909641
0.7642492331419989 0.6464705017569377
0.13022174148076426 -0.9924934750645553
0.11224855344278001 -0.9946865145612478
-0.1549192018645885 0.9889393514739105
-1.00022528828978 0.03937477194380284
0.30843717072209004 0.9522959160455076
-0.2727781205664308 0.9631163465232255
-0.47552034032071255 -0.8808413057647068
-0.34329205690521813 -0.9402933391584695
0.5461041401913614 0.8389107628740102
-0.24696860003844126 -0.9700554162495318
-0.9225255308125608 -0.3885198128783175
0.9987943736062297 0.06641384834911648
0.9754657911305032 0.22464970584031804
-0.8135485981467879 -0.5832149504714331
-0.7674662137854378 0.6426481235465057
0.7022305938720662 -0.713353483926507
-0.9037445901340565 0.4304029690922522
-0.7030199167111669 -0.7125756077129106
-0.9932975035757596 0.12393978130593741
-0.7516283679121758 -0.6611019562440267
0.7626434037040729 -0.648364125153965
-0.11909062459397414 0.9938905488703558
0.04279937706234436 -1.0000846030826969
0.9222635886105334 -0.3891411994677778
0.5605937837833206 -0.8292982633428697
-0.8760141526080134 -0.48435545256605106
-0.9292964770682254 0.37203367819135025
-0.8506415143222417 0.5276457278435633
0.6359904076620109 0.7729923682429919
-0.7285142298199028 0.6864896335341955
0.6522369046129294 -0.7593339319831194
0.9350919251531875 0.35721714896307216
-0.0015348495397582258 -1.0009988232944582
0.7459377437659637 -0.6675162038672496
-0.8472453376049701 0.5330819241979982
0.36895789835821413 -0.9305219337764639
-0.4555193284980904 0.8913490569718739
-0.5187978841949316 0.8560664433061621
0.9989514711068382 -0.06400748685492837
0.12172956667431145 0.9935707889210936
-0.23911782332203543 -0.9720204043998932
0.9917613401677091 0.13568509184412839
-0.4628934792599722 -0.8875419014664028
0.999999788183415 -0.04473727342077651
-0.5379952905199209 0.8441339155479928
-0.5313208436262457 0.8483508478974336
0.8563452003723978 0.5183376291560916
0.01895529312149594 -1.0008205118115228
-0.8991344280453815 0.43995258869962867
0.6249626783688003 0.7819351959376784
-0.7868592448833817 -0.618751588880024
-0.917745672231023 0.39967972315496286
0.8659728695609858 0.502087630981198
-0.12262564489152683 0.993460593690025
-0.03632722596762192 -1.0003406083197348
-0.8090446642963766 -0.5894469706203972
-0.2722258199236305 -0.9632726005482078
-0.5906955096814083 -0.8081335377536446
-0.9760545250562851 0.2220778334664442
-0.2986988440178653 -0.9553952064891214
0.7465749349013546 -0.6668034692299061
0.49911275052320053 -0.86769087944104
0.18753845693239815 0.9832753058891569
-0.8834225349065731 0.4707075788844328
-0.5968063289577434 -0.8036312622813909
0.9900069986401819 -0.14794303850961948
0.5073406941827873 -0.8629058002042446
-0.913015512270423 -0.41037016747514327
-0.8106301463169512 -0.5872646472265791
-0.38338169549757617 -0.9246726315607073
0.9966083492946706 0.09366321645209456
0.26576163806858216 -0.9650760341709371
-0.12542731865304288 0.99311076307505
0.9815083186905053 0.1965767543259825
0.3170095602132666 0.9494766657129554
0.7667900080840351 -0.6434548029990028
0.8824980265497991 0.47243860250376446
0.060141349042710825 0.9991916823789732
-0.20722785110280126 -0.9793148715950939
0.6466855205670355 -0.7640672990574471
-0.9675583799369913 -0.2565770477141411
-0.9473879289834013 -0.3231982549713748
0.599923363374896 -0.8013070310916737
-1.000929855862974 0.01185004819087747
-0.055475400202555196 0.999461595046236
-0.9064972109677434 -0.42457485383345844
-0.6551632839343088 0.7568104593518857
-0.4065510167152983 0.9147225102771643
0.9998663439069851 0.04762661359028617
-0.11179861352323628 -0.9947371864036662
-0.8006034845125544 0.6008619313838715
-0.4963970967091197 0.8692473309586616
0.28371902441572366 0.9599502670370951
0.5361746281481868 0.8452915284859736
-0.9255703830340819 -0.38120921558921284
0.21925335693686068 -0.9766928716192811
-0.06981453211952957 -0.9985624322519505
0.8804563104465309 -0.4762328058784715
-0.9302676364326615 -0.36959859930198524
-0.044990662597317245 -0.9999884200724798
0.5531079069966087 -0.8343096806449215
-0.8909714751862641 -0.4562574168212637
0.6595872800758277 -0.7529579138053943
-0.5530377974003469 0.8343561557551864
-0.645101907466136 0.7654048137969559
0.6826453263377487 -0.7321177217013864
-0.6889413591898945 0.7261961192388602
-0.9701429706901358 0.24662444408557382
-0.6199553009279356 -0.7859112067220779
-0.39909179126352484 -0.9180014935423968
-0.024071314885142883 1.0007105334709434
-1.0009990277323373 0.0013951626841903462
-0.993619446469604 0.12133175840412852
0.9677567179272215 0.25582794004317083
-0.9913966185689778 -0.13832477973955587
0.7841721884072897 0.6221535010980184
0.6513050562523303 0.7601333591549242
-0.5534250616739718 0.8340993352779754
-0.8889090585290463 0.46026262683929103
-0.9946421282536964 -0.11264118564254075
-0.02767774372190339 -1.0006172807334803
-0.2730830946038886 0.9630299182484227
-0.11209007144422925 -0.994704386178943
-0.5738198162504109 -0.8202023033851737
0.9149875936264483 -0.40595406576321097
-0.3983361531323103 0.9183296298757612
-0.8382759224965803 0.5470781276586619
0.9846992689858507 0.17991206090401896
-0.9632115490988048 -0.27244175833135587
0.9962580203736731 0.0973188411415291
-1.0001921536059875 -0.04020765928298724
-0.35118203902904926 -0.9373751519340585
-0.04160067176462744 -1.0001351829171552
1.000791955856852 -0.02040737837686797
-0.5671835995204383 0.8248052888015687
-0.9292293933841534 -0.372201201597897
0.4102695743121236 0.9130607188975709
0.7399131752698168 -0.6741880250064795
-0.6716660179606108 0.7422033146766029
0.8054877026198851 0.5942983770196073
-0.10726765946316388 -0.9952359766574432
-0.7852239151191485 -0.6208255818866973
-0.79537925272147 -0.6077605156146916
-0.9985110727372909 0.0705452877308232
-0.46024079929713935 0.8889203601348832
0.45244577568794914 -0.8929131089093327
-0.8689000996636868 -0.497004644650767
0.8628632357608548 -0.5074130825789848
0.33522530241690507 0.9431993408710031
0.2908392279284027 -0.9578170720435143
-0.6431245060938234 0.7670670568220067
0.1443697793056188 0.9905343844729707
0.22548258711454627 -0.9752736041276474
-0.2173303909549113 0.9771225619989468
0.3983929977942554 -0.9183049707523674
-0.6729701656775035 -0.7410210227166254
-0.9498074903535583 0.316016979398695
1.000931705676122 0.011692757257770352
-0.6470932899964118 0.7637219874022351
0.8694837599720747 -0.4959828536802694
0.4749392293083516 -0.8811547698696234
0.9957878124063629 -0.10201780561720694
-0.9803664835361376 -0.20219435689204607
-0.9653761204106421 0.26466950360949687
-0.7675439138225729 0.6425553208509963
0.5995608934137342 0.8015782775805024
-0.9675051095923529 -0.25677784739476484
0.7907135624320165 0.6138184277016043
0.11096564407575703 -0.99483045079795
-0.6612065069676912 -0.7515363964197507
0.9697072868424889 0.2483319911823263
0.6412592158057673 0.7686270995379829
-0.9785618041580814 0.2107552975440493
0.16297265457237348 -0.9876441230836307
-0.9812195656368186 -0.19801304000366518
0.036195206746888524 -1.000345393855817
-0.12572828275634004 0.9930727057547911
-0.2747183569576158 -0.9625647117729321
0.9940108036334967 -0.11808269246544918
-0.07205593023515247 -0.9984031965683737
-0.7226370641282761 0.6926735692576018
-0.8974945417655218 -0.4432883344969682
0.19285535509063628 0.9822463092386067
0.016473555329359443 1.0008644373614293
0.7670128314323861 0.6431891762289492
0.20316382855964088 -0.9801660363249631
-0.2897244523493357 0.9581548631149756
-0.8524603685408031 -0.5247021250836308
-0.27997167425781433 -0.9610498746752306
0.4299577787083803 -0.903956474908032
-0.12145704522482309 -0.9936041395672902
-0.3631780118175457 0.9327929736722155
-0.7737727694705006 0.6350407083218772
-0.8664760487090702 0.5012187716092813
-0.8260801147248926 -0.5653252551019708
0.6131155603311674 0.7912586869537666
-0.710477452776228 -0.7051402620022507
-0.15883622823123703 0.9883177892769484
0.9992007289629288 0.05999085963671176
-0.0760263775015135 0.9981087064663835
0.9408777487984662 0.34168708172234197
0.9868466838497848 -0.1677337848338339
-0.012229407678710563 -1.0009252927106138
-0.3851769794589327 0.9239262386656703
-0.2889014149460589 -0.9584033453834377
-0.2908043550145239 0.9578276604403251
-1.000828985167254 -0.01850249845519587
-0.8517667361747672 0.5258273739034369
-0.946080247717506 -0.32700636825417073
0.5882730621355259 0.8098986383280885
0.7321432397672882 -0.682617957911348
-0.0353700618465761 -1.0003749090840741
0.5259212914167297 0.8517087502395166
0.3589611410142016 0.9344238327663644
-0.6170938201850021 -0.7881600199765783
-0.9150413537772331 -0.40583287308635885
-1.0009923223915032 -0.0039205246160305355
-0.6829359525851495 -0.7318466264639159
-0.6935153791291213 0.7218292172746895
-0.6423552554692269 0.767711355765345
-0.8917506903964422 0.45473256555635955
0.16246375547668093 -0.9877279626275715
-0.8764049901506847 0.4836479021343711
-0.3495008065542324 -0.9380032975517416
0.4180764497166737 -0.9095125519707256
-0.9466412187188631 0.3253788607492281
-0.6011233907927904 0.8004071895240435
0.7230301314068089 -0.6922632657290523
-0.8522692944421622 0.5250124281872374
0.5947458849058749 0.8051573339338888
0.45687178494003694 -0.8906565960715188
0.919506860361401 -0.3956110890108102
0.10695307361083409 0.9952698327816409
0.9003909499589662 0.4373752819170173
-0.7525443256077624 -0.6600591170460096
0.03634276999569266 1.0003400437196543
0.8010827716481409 -0.6002227861124005
-0.5181661164257181 -0.8564489919360575
-0.9102500187494862 -0.4164683701874132
0.7208620733891333 -0.6945206052732485
0.746882000483799 -0.6664595091626485
0.2410912666662201 0.9715328101187719
1.000044293790064 -0.04373111544349139
-0.055922027506212404 -0.9994367047690387
0.7041745612445021 0.7114345980454654
-0.47842886846274707 -0.8792649303943922
-0.548524950362363 -0.8373299103877557
-0.8428567521390352 0.5399939771642244
-0.9392152878001147 0.34623062135309124
0.4955036242268822 0.8697569536244161
0.9461970737344103 0.32666817668153564
-0.47750158546787513 -0.8797688536630889
-0.6140981172257668 0.7904963645835243
-0.06933404245668931 -0.9985959095433017
-0.013911423081135013 1.0009033281530528
-0.9615981687281902 -0.278082652998333
-0.3749051704263588 -0.9281417527444733
-0.021714306021163816 -1.000764452263378
0.9744218031847948 0.22913565736936925
0.9434311217801904 0.33457244126881047
-0.5608833117717088 0.8291024729042847
0.14984666507238284 -0.9897206560270858
-0.8841869751639312 -0.4692700639828391
-0.9998262118699588 -0.04846179998481555
0.3355754255150186 -0.9430748293695544
-0.9984796741839671 0.07098831059744276
-0.45076340299371537 -0.8937635898387926
-0.7362803492945214 0.678153557273526
-0.7523562117573379 0.6602735271311032
0.8078365353672983 -0.5911016258865812
0.669774095721194 -0.7439110569825247
0.35648007774165213 -0.9353731630602332
-0.8319914204063582 -0.5565889653687094
0.6964247557468776 -0.7190226419125492
-0.7120997773806436 0.7035018884512236
-0.20883609794654615 0.9789731784857338
0.9225185973328341 -0.38853627575177596
-0.32095544103483387 0.9481500961715583
-0.982235103726662 0.192912417970108
-0.40250782323785533 -0.9165088391457681
-0.6588610105749892 -0.7535935036504122
-0.2004673680450581 -0.9807210787726994
0.5974101117074531 0.8031825187525488
-0.2750374088036883 -0.9624735963955339
0.1520779840258141 -0.989380253883533
-0.7314687682605193 0.6833406478905222
0.026743278912871295 -1.0006426919899971
0.05935171447950902 -0.9992388973555537
-0.9493787996088632 -0.31730252891087074
-0.14879972567856423 -0.9898785994443885
0.1479031987441067 0.9900129513300627
-0.45320222143138444 -0.8925294093135857
-0.5371672886255903 -0.8446610586682873
0.21784546674364944 0.9770078569895134
-0.9206741108843927 0.39288698317357507
-0.8039182364684475 0.5964197088237958
-0.07040497528368125 0.9985209759716139
0.024660674996595175 -1.000696183218819
-0.525557384876834 0.8519333513846158
0.932341631201439 -0.36433512420385705
0.9835517194244154 0.1860833555621673
-0.2883666568016742 -0.9585643803339583
-0.8472542102728193 0.5330678223031112
-0.5400730266950402 0.8428061021590069
-0.23862288094053885 -0.9721420270164424
0.37238590185664966 -0.9291553907169725
0.6836898392651892 0.731142396312469
0.6132705549325775 -0.7911385633709739
-0.11307098174833075 0.9945933606688054
-0.5216080178410117 0.8543571125261209
-0.24306439631149798 -0.9710410389091324
-0.8393818944101535 -0.5453797166529222
-0.23324029438947952 0.9734474639512442
-0.9691478052799246 0.2505065498566962
0.9773258434521126 -0.21641440737764367
1.0009644957017094 0.008430797389487384
-0.8122010759292281 0.585090089011431
-0.5190693411091795 0.8559018747032175
1.0004615510022146 0.03282811243801754
0.7230716968056663 -0.6922198503933376
0.9574141799052813 0.29216277674662405
0.9989760994103929 0.0636219522397475
-0.8645685070230071 0.5045020284042557
0.9979285940669697 -0.07835509647445557
-0.8329509856790909 0.5551519210596599
0.922515649174061 -0.3885432756192813
-0.3410754161279872 -0.9410996549319952
-0.946247259957763 -0.3265227756565008
-0.9158110347857434 -0.40409299494629447
0.9035345295453935 0.43084376973467353
0.9649981052317229 -0.26604446413933236
-0.14420249777351565 0.9905587512287594
-0.8703437357024043 0.4944722254319079
0.3970782691918241 0.9188742286818286
-0.4002184548727061 0.9175108655374626
-0.6681506862149492 0.7453694791916907
0.24047824383811583 -0.9716847298586798
-0.14334905434768896 0.9906826175004906
0.4911087875610205 0.8722460425707557
-0.6407471172381247 -0.7690540499542492
0.989578229313562 -0.15078437607602183
0.2379117206144797 -0.9723163133436864
-0.4161406321750692 -0.9103998979860081
0.0714516078903081 -0.9984466273816992
0.9124249014353412 -0.4116816722186062
0.12327931581897232 0.9933796908993088
0.7952498869393325 -0.6079297799277305
-0.9520394307160507 0.3092279456353487
0.25322498398742493 0.9684410707340784
0.44716410532211254 -0.8955697979004621
0.3360393224203501 -0.9429096318244246
0.359638013683285 -0.9341635291071586
0.9984994231016637 0.07070998561479772
0.21099180340547594 0.9785108373930792
-0.5479686712648701 -0.83769405830065
-0.4447053895286201 0.8967932406771353
-0.17609635186192363 0.985388793756516
-0.13317474749847316 -0.9921015505626014
0.21819421907552528 0.9769300296142102
-0.6322792471985141 -0.7760308972986064
0.2666369985790817 -0.9648345510960616
0.8429422243833667 0.5398605434291542
-0.20427780895436956 0.9799344757527424
-0.49957865332070805 -0.8674227165265317
-0.6545554857476988 0.7573361975223382
-0.6136103315143153 0.7908750603343692
0.8093951084218691 -0.5889656683226543
0.40780399605946277 0.9141645917437043
-0.6568382200219656 0.755357235166498
-0.2706469957159137 0.9637173878839949
-0.8111620500524447 0.5865297337345442
0.4868435703571977 -0.8746338308125614
-0.21550290732052113 -0.9775272359051705
0.7291914084733824 0.6857702893889505
-0.6729387742972304 0.7410495300904936
0.8685203464928801 -0.49766796936098606
1.000630206451415 -0.027206431904948935
0.9413614416940146 0.34035222357400047
0.860715162860892 -0.5110483425482839
0.5740253899256578 0.8200584440884054
-0.3505614054911881 0.9376074343668798
-0.9969027102031157 0.0904764410754677
0.04240839723613008 1.0001012587952596
0.40154436242521363 0.9169313633007264
-0.8603113778777858 -0.5117277919890864
0.6814925553997679 -0.7331909007446111
-0.998405352038321 -0.07202605793208641
0.4892019720305987 -0.8733169130169033
-0.817945790673685 -0.5770317872692979
0.7862057897049668 0.6195816784205206
-0.5837214356770718 -0.8131852713441741
0.20497178596542726 0.9797895523826242
0.03403552180846369 -1.0004212029216621
-0.7731135430163955 -0.6358431014052413
-0.8070291805733412 -0.5922034293240132
-0.30467919850808384 -0.9535048956331958
0.2275913556285726 -0.9747836554041869
-0.43362355908386413 0.9022037513818276
-0.1437892661871366 0.9906188201974384
-0.13113474919316367 -0.992373255158585
0.4342876862089507 0.9018842528879611
0.09209081826011278 -0.996754875178538
-0.9859140279384412 0.17313153818469565
0.7368318745275455 0.677554269915129
-0.9205696131060986 0.39313176852766285
0.8486145307716151 -0.530899593297331
-0.8571866920351845 -0.5169448471527478
-0.9857941783183034 -0.1738126519955933
0.34610764965007673 -0.9392606107219124
0.6222593524238595 -0.7840881954991027
-0.8029444026429771 -0.5977301115589817
0.23949372781728012 0.9719278544913622
0.011228786132335652 1.0009370181794628
0.9495104843677052 -0.3169082518266223
0.47793421414742815 0.8795339032392556
0.9753746300603574 0.22504517554175874
-0.5080175284760649 -0.862507501857851
-0.9427531157988932 -0.3364781755946124
0.8569284568541563 0.517372805463869
-0.04225841852953387 1.000107607242032
-0.34445655935644603 -0.9398673729395649
-0.9432267755597671 0.3351481013926899
-0.5394450047587158 0.8432082108476346
0.39839242526207125 0.9183052191367558
-0.4216896078039747 0.9078429790829083
0.32725010073476596 0.9459959680511781
-0.558308814249 -0.830838292287901
0.3610087029265815 -0.933634680381608
-0.08640636690663885 0.9972637262820678
0.4630333358018242 -0.8874689458996495
0.7068630820039773 0.7087634184266557
0.08781030223364028 0.9971410887239763
-0.8406616811420399 -0.5434049483207153
-0.19882033551223918 0.9810563053091298
0.23747451736501576 -0.9724231864791444
0.9759659908767656 -0.22246659221540002
0.6542958398461806 0.757560528248391
0.8817433782027897 0.4738455602783803
-0.4610336191215999 -0.8885094270966626
0.17017653604079575 -0.9864283788401242
0.8355573208116611 -0.5512213381555896
-0.37968245223536434 -0.9261977302199247
0.04073576209534623 -1.0001707842596241
-0.9916209531999217 -0.13670729744559595
0.9714162829517492 0.24156035522454236
-0.5171640626377783 0.8570544511966484
0.9973340455000718 0.08559089721728994
0.012353442973703728 1.0009237695482585
0.9877837966352573 0.16212393748252227
-0.3860751452950459 0.9235512883350925
0.884443892154059 -0.46878566704985675
-0.8271633585820481 -0.5637391047455075
0.04943811310670813 0.999778411935589
0.8667568024975496 -0.5007331078770644
-0.08173373348355674 0.9976575548808514
0.9959453799241822 0.10046790635658953
0.8445579797254542 -0.5373293393088259
0.6659951028296364 -0.7472961414372097
0.7918806828373044 0.612311999024292
0.4090353715425397 0.9136142866806848
0.8328706719369573 -0.5552724050655509
-0.997158737642399 0.08760965667902748
0.24610386364015674 -0.9702751611277015
0.8309669602307777 0.5581172914404473
0.2675063778278525 0.9645938719592936
-0.9838733093376774 0.18437546250227296
-0.9748146508425337 0.22745855996807215
0.6707106612536436 -0.7430667593700448
-0.4389395130534178 -0.8996294258640213
-0.9437889742980177 0.33356164646658026
-0.6077058930245754 -0.7954209876431495
-0.7461517583050544 0.6672769691651852
0.9111321746844772 -0.41453487218174456
0.39437975274870624 -0.9200356572556682
0.5127687953805549 -0.8596913181392346
-0.928292360435697 -0.3745320995011268
-0.9581474982595823 0.28974880772645734
0.8612074002300417 0.510218398128696
-0.5990134931082611 -0.801987428251989
-0.8173972908445157 0.5778085054064591
-0.687554763580767 -0.727509070099745
0.5752707629795427 -0.819185296047808
0.5867976456057182 -0.8109682627030393
0.9458104649963416 0.3277858512861778
0.9507439485419251 -0.31318835277019696
0.4129991393895695 0.9118293211251077
0.947576494648365 0.3226449856884763
0.15493348812918872 0.9889371133980778
0.9498615756596076 0.3158543763911581
0.043586948785340314 1.000050587668236
0.43403555661207044 0.9020056183840821
0.968855647541776 -0.2516341277060921
-0.9674024745406593 0.2571642515059373
-0.9953368144640246 0.10632791624313885
0.0017139337614199288 1.0009985326817725
-0.5797068434898555 0.8160520667279927
0.9785955582330658 0.21059851235589072
-0.9597793525470845 0.2842966662208673
-0.19070634090215619 0.9826658086754168
-0.6322509108843306 -0.7760539837446453
0.5118221253613072 0.8602552597866718
0.35354972012427743 -0.9364847011030373
-0.8328244246773786 0.555341766537322
0.8271896879999063 0.5637004701671071
-0.9994806584398429 -0.055130875239359896
-0.8660732265350579 -0.5019145009652085
1.0007782205067655 -0.021070200742085182
0.22008881917286757 0.9765049470817303
-0.48307679015699784 0.8767199181104601
0.4793290686581358 0.8787745125681128
-0.7346163413911787 0.6799557566202665
-0.036615915217060965 1.0003300828990485
-0.7431685257368558 0.6705978991572433
0.9650026180885006 -0.266028094535783
-0.9001197265613269 -0.4379331888029978
0.5923319459479918 0.8069348584671908
-0.754892230229385 0.6573725889777465
-0.7824091221476437 0.6243692541919033
0.06392884952420616 -0.9989565066600805
0.7926085373524223 0.6113695335196658
-0.3523098246039597 0.9369518597492228
0.9758200932872076 -0.2231056824398369
0.8317579125735967 0.5569378554840864
0.9083663429018088 0.42056103847502724
0.41789787442314513 0.9095946166027025
-0.41161459844006093 -0.9124551618304471
0.13865423791550455 -0.9913505950510498
-0.6049896843881807 -0.7974888599747896
-0.3513470411841071 -0.9373133182939275
0.304012544193704 -0.9537176589394113
-0.9447340850002443 0.3308753672287368
-0.7870919968219801 0.6184554863034105
0.22852994122380216 0.9745640389241979
0.978666626864333 0.21026800389500125
-0.9779478763972482 -0.2135859336429074
0.9470198935450018 -0.32427507031841546
0.8422046562876577 -0.5410104591663533
-0.8647360372317561 0.504214821195013
0.9082941726914455 0.42071688325376555
-0.942623566367333 -0.3368409300084094
0.09715692359762738 -0.9962738239043746
-0.8489333789146171 0.5303895909278492
-0.9478326521898471 -0.3218916952062608
0.7096235577712869 0.705999579501306
0.9965051907323846 0.0947544449797139
0.10779280238090869 -0.9951792359946375
-0.47003354248374096 -0.8837813467935297
0.8256834926163251 -0.5659043824012205
0.6861704344659476 0.7288148838112547
-0.9935692840791857 0.12174184873893812
-0.922892464023738 0.387647391127805
-0.7303862552274619 0.6844975662300085
-0.45242010853845716 0.8929261141830552
-0.7577743594280802 0.65404817880135
0.990427356893073 -0.14510220783227695
-0.6221427369095865 0.7841807284744053
-0.6315983761909926 -0.7765851474197156
0.7334214888350191 -0.6812443905934373
0.9901055328438619 -0.14728215720844198
0.9960708032552036 -0.09921670677125662
0.5695744825556746 -0.8231560658960339
0.08755898127131011 0.9971631886500476
0.6581253401437737 -0.7542360616283487
0.27198345206919133 -0.9633410620338603
-0.43364974582338983 -0.9021911648577088
-0.9897362613780998 0.1497435571679185
-0.9630512324979832 -0.2730079185373852
-0.941133196384075 0.34098285391481803
0.32207605790911875 -0.9477700211136254
-0.9973701942342175 0.08516863068759145
-0.4341145475067966 -0.9019676045418533
-0.5069016893125412 0.8631637604603728
-0.9997993453950643 0.049012946734520745
-0.6887730992463327 -0.7263557102099505
0.982636524454457 0.19085717384490747
0.8269013959919201 0.5641232855561039
-0.4934260856048759 0.870937252644902
0.3937731071894617 -0.9202954634541869
-0.04117988042489627 1.000152597081161
0.7136673261651275 -0.7019116380031873
-0.06553299408454427 0.9988525550281759
-0.9735576684228278 0.2327798665157866
-0.9985838282637779 -0.0695078263942825
1.0000465574570394 -0.04367931911470563
0.9795122691629164 0.20629278843264065
-0.04236035253576982 -1.000103294931601
0.5445893462430864 0.8398949005432332
-0.5041662120577204 0.8647643786716528
0.5011879893920786 0.8664938541554266
-0.1610158646334024 -0.987965025360897
0.7195851742905178 -0.6958435003226553
0.9672177676712157 -0.2578580809304029
-0.3822608650382754 0.9251365472513716
-0.2236415586398042 0.9756974189005314
-0.15598403532046057 -0.9887719558751377
-0.8189447859760266 0.575613097073616
0.80569118314332 -0.5940224889725282
-0.6872983612992184 -0.7277513054302336
0.9268890964223052 0.3779915381770372
-0.9997543979784139 -0.049921375409930295
-0.6605208813588773 -0.7521390598080198
0.9328423489949311 -0.36305116983921026
-0.048759432320706536 -0.9998117411591857
0.256456238450049 -0.9675904080550053
1.0009996159105743 0.0008768961642851913
0.056154034069315094 -0.9994236961658164
-0.04021659820233471 -1.0001917942220042
-0.9089439091813715 -0.41931130435761754
-0.7897706823043243 0.6150311125240429
-0.8759271119165676 -0.4845128425640552
0.9697549364207444 0.24814585083695864
-0.8488977716381967 -0.5304465791271578
0.3526217599221784 0.9368345074928579
0.0509826067088671 -0.9997008421588776
0.8062843898586951 0.5932170620187788
0.8712490394829863 -0.49287535057048026
-0.9562592673622332 0.2959209583382783
0.2576887158376917 -0.9672629041423646
0.13581697502031972 -0.9917432880016531
-0.9433505665818755 0.3347995049722362
-0.09320646156822882 0.9966511704312248
0.8886995490031776 0.46066702899333795
-0.18893538043126104 0.9830078443335509
0.5049415125503821 -0.8643119048719231
-0.9335295524676378 -0.3612804653860654
-0.9560560472761187 -0.2965768609766512
-0.934467031160214 -0.3588486696012898
0.5720215839392686 -0.8214574289076764
0.7291853035746435 -0.6857767807754612
-0.43960487720344227 0.8993044823300651
0.42749961773448614 0.9051215812457839
-0.6759888710799548 0.7382682752062751
0.42009988606800847 0.9085797079649348
-0.7899994535451612 -0.6147372311795882
-0.9751302398411427 0.22610178094689043
0.6876204543254665 0.7274469814311136
0.7397323374549135 -0.6743864388638682
0.3244410437085605 -0.9469630452965416
0.8068313461027081 0.5924729352013406
-0.5715896219719537 0.8217580568841166
-0.9832067300650739 -0.18789764754978985
-0.9456749504183111 -0.32817661121921066
0.24785908714165522 -0.9698282698093026
-0.3840194148842458 0.9244079667505909
-0.8138354668162829 0.5828145785341361
-0.806119302940715 0.5934413782559957
-0.9991133127605176 -0.06142953902402537
0.8526744499842736 -0.5243541573631477
-0.4467836743192832 -0.8957596487684409
-0.8476734656788388 0.5324008786469331
-0.07643851030510335 0.9980772285461363
-0.8131963101353592 0.5837060571745311
-0.1490564807544184 0.9898399696643432
0.1055736814798391 0.995417097391236
0.5801630511453889 -0.815727794111291
0.9182526490120156 -0.3985135789184806
0.8197450346940325 -0.5744728697636464
0.9896990220649713 -0.14998948537694065
0.7636515858572711 0.6471763711830607
0.1186887840788043 0.9939386160794311
0.8970242551031702 0.44423922131730165
-0.6682134473901035 -0.745313215183411
-0.7669505652245809 -0.64326342232533
-0.9928504927098535 -0.12747116978282283
-0.7451576507434381 0.6683869205322023
0.6372021292184116 0.771993812487848
0.3174493120891985 0.9493297289425284
0.18433416981205275 -0.9838810465903393
0.678790527111618 0.735693156352247
0.9515467763639975 0.31074061915250856
-0.6993759593310384 0.7161524052251657
0.8598598712285682 0.5124860991781046
0.3374725356225383 0.9423976271725724
0.8013140910040124 -0.5999139334591366
-0.9993863903445099 0.056814107351703245
0.621997281801064 -0.784296105710138
0.41186315730877476 0.9123429945210559
-0.31780930258834966 0.9492092747062192
-0.9183852534133278 0.3982078933332912
-0.10306357506995593 0.9956801190612372
0.9948596286586663 -0.11070374548830998
-0.5152457351494559 -0.8582090843205382
0.8507560228027866 -0.5274610788150956
-0.6346481563700196 0.7740947730195153
-0.302370424465471 0.954239553994997
-0.9781622373199 -0.21260206368078274
0.23802348400277773 0.9722889596530341
0.20632472030506258 0.9795055435223619
0.44959372672645354 0.8943525484327861
0.1462522509606931 -0.9902581880948678
0.567729389008288 0.82442970643729
0.6335928457831922 0.774958776821294
0.16147718509305037 0.9878897300278128
0.9474190476455672 -0.323107022762376
-0.3085886359604764 -0.952246844970385
-0.7903987436907417 -0.6142237588795285
1.000861338998368 -0.016660735229699006
0.19986462066163818 0.980844092304062
0.9759924829227896 0.22235033905575302
0.5711333691946358 0.822075224412209
0.7516242037846887 0.6611066905462633
-1.0009894074995802 0.004605005281135765
0.4939652263923682 0.8706315840326128
0.6625218369822576 -0.7503771155370177
0.33740877981120687 -0.9424204556917855
0.6048664391846005 -0.797582341045827
0.8727790297058073 -0.4901609585695187
-0.572969335527509 0.8207966499353935
0.3915318829786476 0.9212512060297097
0.726086310797425 -0.6890570870926335
-0.9842245797549987 -0.18249103157716062
0.21039160091584966 -0.9786400636925027
-0.5633828128880664 -0.8274060708880072
0.5771472767576581 -0.8178643047176097
1.0006202500919419 0.02757018509077964
0.8667694247170815 0.5007112584869843
0.9997796494976685 0.04941307974938429
0.9892852858274802 -0.15269454229028848
-0.06544100031145185 -0.9988585863265312
-0.9766708438857497 0.21935145931472047
-0.9558551082275902 0.29722384170053
-0.8569065951168859 0.5174090134943391
0.48377563195865236 0.8763344897486385
-0.9933890685727556 -0.12320372737930123
0.8482069366378968 -0.5315505551115103
-0.9548662514293305 -0.3003854887994736
0.4099147108673744 -0.9132200883765735
-0.22890601029013136 -0.974475776226918
0.9441761640481683 0.33246409015604456
-0.924092095146098 0.38477889714548397
0.8067454573101521 0.5925898810386773
-0.4775458346100111 -0.8797448356464662
1.000993758448391 -0.0035349041520360007
0.8764668581752503 -0.48353577584332463
-0.993586981588537 -0.12159732734637052
0.9488329087062056 0.31893120160329447
-0.7850731167136311 -0.6210162650152936
0.6569768034671797 0.7552367044218963
-0.6976634214168748 0.7178208344823241
0.45726031269467426 -0.8904571895573468
0.9414241456831662 0.3401787440812853
-0.8683209667660863 -0.49801576147187265
0.8997128650481353 -0.43876845883321625
-0.3078286463695363 -0.9524927949723814
0.9551925017808932 0.29934642897746144
0.4999082391432571 -0.8672328132841193
0.9859670744462355 0.17282918766207103
-0.4536780164287754 -0.8922876539598941
0.18008275261377427 0.9846680670210881
0.1927594272708377 0.9822651389508937
1.0005746312789114 -0.029178883478814876
0.9080992483074896 0.4211374540733375
0.11005899957646206 -0.994931161745489
-0.5340709862231919 -0.8466222189823435
-0.9026523077760041 -0.4326890468531111
-0.15220921296002676 -0.9893600737295241
-0.4953856239509005 -0.8698241681988245
-0.636451962095501 0.7726123866110268
-0.940327519414018 -0.34319842108127385
-0.6285889615087147 -0.7790230532335969
0.48685071909998034 0.8746298516011399
-0.8188927084783404 -0.5756871824185491
-0.7183191778855764 -0.6971503128320246
-0.9965458207398624 -0.09432617434155845
0.05704852781774241 0.9993730361951079
-0.8449445785804306 -0.5367212117361663
-0.972077133574186 0.23888709965628993
0.4863981125786976 -0.8748816354684105
0.9939470193667729 0.11861839103574087
0.711123100216557 0.7044891314551223
-0.992344609778257 0.13135134351821032
0.9123469532898277 -0.411854387888206
-0.26940708824888615 -0.9640647389056696
-0.648409121452044 0.7626051476470562
0.6710536814134296 0.7427569970464657
-0.7663761726619183 0.643947639157152
-0.05601725052268442 0.9994313721531253
-0.46327450128030306 0.8873430770922183
0.47175612595684085 0.8828630457903385
0.7662215291390895 -0.6441316389401746
0.262137286700338 -0.9660667900934101
0.1749713376024545 -0.9855891796370372
0.12174485647718056 0.9935689155369902
0.8145497474695673 -0.5818158719880921
0.4869898130279352 0.8745524123841959
0.5781742964192031 0.8171385947072621
0.42705408957067126 -0.9053318753810478
0.8527067956060339 -0.5243015551448323
0.3986333104098067 0.9182006773204421
-0.360032061790611 -0.9340117314481664
-0.058387039679977375 0.9992957287997426
-0.9824370287780199 0.19188143340567435
0.714359411181935 0.7012072672582615
-1.0003647481538442 0.035656284875119335
0.3236863244545124 0.9472212853188678
0.48311152047782624 0.8767007806438881
-0.984757663802405 0.17959215902268508
0.9996073752469284 -0.05278347612602425
1.000990876463329 -0.0042737848771467225
0.49837488377186406 -0.868114897479234
-0.705090634028042 0.7105267044988062
-0.3124556468829466 -0.9509849992144773
0.2784058360063091 -0.9615046492230956
-0.2937157125785114 0.9569389114172844
0.9365960701020498 -0.35325458449876657
-0.9886236889116452 -0.156921004721263
-0.9940446179158497 -0.11779769773867538
-0.2680557027525835 -0.9644413617332153
0.9185156361325985 -0.39790705721302316
0.32006539647220666 0.9484509170120978
0.6764461962996223 0.7378492688291917
-0.9774715817125228 -0.2157552014307393
0.1807050562231164 0.9845540526834473
-0.8884471663341162 -0.4611535889840599
0.9999836953702005 -0.0450955540353827
-0.5005484510866852 -0.8668634541349175
-0.40915786473607435 -0.9135594352447006
-0.67995575294358 -0.7346163447942942
0.4479216367625709 -0.8951911568597735
-0.9801319912361838 -0.20332801025779343
0.760157764522446 -0.651276571846583
-0.9692422971411255 0.2501406992726179
