1000
0.6637212966680748 -0.7493163820104626
0.4401458367509278 -0.8990398447181447
-0.8573629870212506 0.5166524058649092
0.9204532869827564 0.3934040499062503
-0.7347469480877878 -0.6798146234641335
0.9398188805995911 -0.3445888443762095
-0.2296914265361885 0.9742909465738511
0.19482259015987313 0.9818580133417449
0.20333699267774316 -0.9801301277936371
0.9016521249387063 0.4347694165802324
0.1984146727699366 0.9811384293918972
0.5206929616041596 -0.8549151067421192
-0.5919486800714476 0.807216055440965
-0.8268006557641026 0.564270923961221
0.757786724174405 0.6540338528432793
1.0009998242511438 -0.0005931687613220956
0.980168539306582 0.20315175252407158
0.7487717973978484 -0.6643356045114515
0.924951819100741 0.3827076329814054
-0.032897855767188365 -1.0004592600830486
-0.7476729075969188 -0.6655721022140045
-0.9017720998348548 0.43452051730549685
-0.39009130523727936 -0.9218621228677722
0.5728344530661 0.8208907901666713
-0.49634897312823856 0.8692748109053564
0.45727213273674716 0.8904511197266174
-1.0008034603392593 0.019835165060179488
0.9168904223474643 0.4016378386151988
0.6451602165008392 -0.765355665716659
-0.8018270450410286 -0.5992281617554137
0.16268160314615032 0.9876921058699409
-0.9982471016282355 -0.07418708843745735
-0.962763809410393 0.274019793609127
0.6749542277968406 0.7392143061245302
-0.19472659606387752 0.9818770558401777
0.6412610805033312 0.768625543832431
-0.9722106988826746 -0.23834293985360966
-0.8739058010425867 0.4881492096727341
-0.9880639783525554 0.16040752688736518
-0.997995597957764 0.07749700934181344
-0.9992709417313302 -0.05880973568534717
0.9548116884655437 -0.30055887870694764
-0.008141898816963884 -1.0009668873062956
0.7243612242530614 -0.6908703328401112
0.23098853427051658 0.9739842385970927
0.8421453489628389 0.5411027732513096
0.3900705922922617 0.921870887396258
-0.7011463751117958 0.7144191771415356
-0.7406864812205837 -0.6733383521952911
-0.818438477657315 0.5763327669757955
0.9285416047298062 -0.37391374444622416
0.2268685260347729 -0.9749521382584939
0.9550255953461202 -0.2998784957841905
0.707522610603985 0.708105045515227
0.9992839598936346 0.05858811738993538
1.000999739909943 -0.0007215956112792991
-0.8007043991326154 0.600727446692489
-0.8434453119198859 -0.5390742117745629
1.0005563125417498 0.029800426722719684
0.6126415029010727 0.7916257884399137
-0.7440384155650569 0.6696326128284372
0.6387762793782424 -0.770691809288051
0.5090820767334098 -0.861879596665798
0.9886210816633386 0.1569374298591975
-0.8468363333631991 -0.5337314160661453
0.7366680585012827 -0.6777323746022103
-1.0006709893547325 -0.02566263945545927
0.6575863344265305 -0.7547060439505432
0.5932604733633592 -0.8062524485201165
0.126380455859098 -0.9929899195746382
-0.9024332420532487 0.4331457533409078
-0.7411194965728883 0.6728617181855039
-0.9613082658650827 -0.27908317394545257
-0.9600762817767089 0.2832923104671383
0.3815182986795595 -0.925443022434474
0.8841969388931527 -0.46925129009090466
-0.0009674682468015513 -1.0009995324700165
-0.7350746783571789 0.6794602396300243
0.947074271530782 0.32411622021188374
-0.5562491115642576 -0.8322186767214337
-0.01930685653248118 -1.0008137915171005
0.9189908061670222 0.39680838975566846
-0.2697528139137846 -0.9639680593181472
0.21359538822899027 -0.9779458114472943
-0.16902145404612354 -0.9866269548680161
0.9673589533151499 -0.2573279142281646
0.806956557231238 0.59230238454822
-0.42547804431233954 0.906073635974553
0.4366039825889864 -0.9007652093567091
-0.1961390006200579 0.9815958905964128
-0.6132524100687496 -0.7911526284762441
0.9480389757866892 0.3212835202579263
0.3071559276855523 -0.9527099433130882
-0.6992533048187478 0.7162721659397768
0.35271078595216626 0.9368009935269097
1.0006478958351217 -0.026547854164570926
0.5056671305992035 -0.8638875812462916
-0.3214327016907656 -0.9479884061969193
0.9864733239326093 0.16991580611982313
-0.9077692505688988 0.42184829941766966
0.226728030637501 -0.9749848204578574
0.9949918258452961 -0.10950920738021888
-0.32673853228173805 0.9461727810090373
-0.7637322110926443 0.6470812234484482
-0.9969681206006684 -0.08975280778878766
0.2911236024098798 -0.95773067619237
-0.43295496543645884 0.9025247907420132
0.2798695431080219 -0.9610796214885149
0.659952036853734 -0.7526382325211811
0.9804373706490882 0.2018503461347105
-0.27979508291464394 0.9611013014124928
-0.6671369133090593 0.746276985375042
0.31125834317619383 0.9513775506092261
-0.912981145180977 0.4104466208217967
-0.9748165727870781 -0.22745032297109466
-0.8004979910841236 0.6010024677738707
-0.9881868375170304 -0.15964890904134052
0.008500130684816894 1.0009639093285736
-0.6047303863800366 -0.7976855018042209
0.19704331075040268 0.9814147612954068
-0.5810692379160972 -0.8150825361566802
0.5869776734672378 -0.8108379683087051
-0.6172780353163283 -0.7880157530887397
-0.8770531318897776 0.4824715575475224
-0.7784260806996939 -0.6293280836626581
0.5501227317272251 0.8362810412994997
-0.6177883405478619 -0.787615747863842
1.0004483331504355 0.03322849223957184
0.6172295234512726 -0.7880537515805092
0.20667656389434697 0.9794313645870372
0.008802112033897653 -1.000961299363638
0.8988796341091315 0.4404729314995801
0.9254980964062106 0.38138467922621194
-0.6320407149734126 -0.7762251829307636
0.5162331569366225 0.8576154894119208
-0.9104773557561213 0.4159711344015846
-0.31992553885080743 -0.9484981020492453
0.5154137992088085 -0.8581081607729542
0.4817238296492827 0.8774640459574562
-0.9964793679115671 0.09502562457865653
0.9251070991391631 -0.38233212672011063
-0.6447907126684953 0.7656669882242891
0.6695949762190265 -0.7440722866914486
0.9983425665636828 -0.07289115026557433
-0.5403044657810979 -0.8426577503690347
-0.4921691680159624 -0.8716481572598404
0.8117126220163711 0.5857675471202788
0.5916013464600829 -0.8074706476811506
-0.7032640395088449 -0.7123346760713688
-0.025144382686244263 1.0006841459818017
0.9977736570980194 0.08030397998383523
0.2237265854462404 -0.9756779258364751
-0.7286028847625932 -0.6863955392597095
0.5435243495315291 0.840584488000063
0.06884793268860251 -0.9986295420046943
-0.9870567064734252 -0.16649341790543645
0.9904216749900083 0.14514098563116598
0.5571531876614485 -0.8316136876451028
0.4146322090362513 -0.9110878833733431
-0.9404837356151815 -0.3427701023183225
-0.16212521938046168 0.9877835862378141
-0.7574805000769429 0.6543884870649732
-0.6567790840661913 0.7554086541291242
-0.4669001049630651 -0.8854407331862924
0.5074792364917893 0.8628243300520162
0.7392774820960206 -0.6748850305539218
-0.7223321571787658 0.6929915257097093
0.5977734216999797 0.8029121597716018
-0.6502949506189336 -0.7609976854100929
0.9894162809791104 0.15184341583837666
0.6965233211772595 0.7189271611618246
-0.10255850831382309 0.9957322694240874
0.9969531212385037 0.08991926408064878
0.4713523036992682 -0.8830787087215911
0.5793710494147435 -0.8162905041099394
0.6203010122579571 -0.7856383736756714
0.8890716155994677 -0.4599485431386346
-0.4877528728929393 0.874127070273358
0.31137888450194695 0.9513381051373498
0.7693940994424115 0.6403387538976543
-0.3930405957389626 -0.9206085433566003
-0.5113720403045545 -0.8605228854567188
0.057211995333675186 0.9993636913506211
0.18244515947230103 0.984233084073649
0.65985534743472 0.7527230038080442
0.5066390302044168 -0.8633179559545416
-0.7948890963449482 -0.6084014501231172
-0.9613768495149507 -0.27884682751773915
1.0009337348863692 -0.011517741376836449
0.9833101088829943 -0.1873558906693725
-0.9624027376251177 -0.2752852531678348
-0.21404472233506228 -0.9778475631919865
-0.9888033278051571 0.15578504074989677
0.8876896211393477 -0.462610134477706
0.9350697529450785 -0.35727518403498143
0.18129893391620544 0.9844448672022458
0.36782962152462817 -0.9309685115668783
0.7661660550183227 -0.6441976219590232
1.000645166030722 0.02665054782455139
-0.7158434705693535 -0.6996921649148454
0.9736066570438089 -0.23257488548847927
-0.954327273484879 -0.30209345422057204
0.9201531740561217 0.3941054887646767
-0.9360908925580229 -0.35459108966515807
-1.0004321819221011 0.033711264802498635
0.9846202134650416 0.18034421320368446
-0.7210852165341383 0.6942889243650046
0.895135103228863 -0.4480336449056617
-0.9231552258618526 -0.38702122546954953
0.922376946485376 0.38887243228636525
0.4101770436954266 0.9131022904501336
-0.40639943748071505 -0.9147898650593799
0.31337064376310797 0.9506838799661511
0.3725040521560943 0.9291080298476005
-0.5380527899608233 0.8440972664423065
-0.12646716121833368 -0.992978880507222
-0.6346978732282569 -0.7740540095623352
0.9519326840011126 0.30955640056448147
0.1480469903910444 0.9899914588703046
-0.24471092536631167 0.9706274068901843
0.25669280274763556 0.9675276766157976
0.9782834280090784 0.21204370889702506
-0.8856566187338003 -0.4664904647396471
0.2556569568568597 -0.9678019014295693
-0.35625047408837124 -0.9354606350412671
0.9297217753544632 -0.3709695680669036
0.843711295132266 0.538657823173705
-1.0009967848933357 0.0025370520698272665
0.1131291605733091 0.9945867448483207
-0.7754839833736423 -0.6329499123397903
-0.9135950801313426 -0.409078268256584
-0.6502430620578076 0.7610420226542594
-0.9661652031345667 0.2617743307735529
-0.8257463606938835 0.5658126437265314
-0.07805222249494613 0.9979523288031344
0.13083797402779745 0.9924124266414147
0.13714139649343648 -0.9915610104112758
0.009358438131949092 -1.0009562526083398
0.2556773980945036 -0.9677965013904652
0.3320526852826179 0.944320927543493
0.4067069357225403 0.9146531957169238
0.9792519782853291 0.20752484917298272
-0.4110364982392824 -0.9127157263437441
-0.6098634665723599 0.7937679460272657
-0.8593273901030916 0.513378453597937
-0.7217739299429001 0.6935729190609892
0.08627088168039165 -0.9972754559168133
0.7711976534199521 0.6381654796050626
0.8675461125779047 0.49936433848540435
-0.9671464091364622 -0.25812559596918483
-0.7745655035254695 0.6340735609914168
0.42510608966787594 0.9062482069098332
0.8358707207074629 -0.5507459834297355
-0.7463110989929239 -0.6670987509506926
0.03044458441361401 1.000536919498667
-0.6477441375508254 0.7631700546198975
-0.22153884048425962 -0.9761770034972601
-0.9833683753435283 0.18704982858647484
0.3154374115662274 -0.9500001259917803
-0.7100446650058321 -0.7055760580523944
0.28810657047129784 -0.9586425841006997
0.9900677763132106 -0.1475357526371633
-0.6096218509104661 -0.7939535243907527
0.9250776127762202 0.38240346538734393
0.4962732661903502 -0.8693180345907715
1.0009925103173625 0.0038722459303140817
0.6905653555207419 0.7246519783692799
0.9659758028379232 -0.26247237632107107
0.40863951004842547 -0.9137914153828447
0.5562542698004049 -0.8322152289695366
-0.7567844155688057 0.6551933671460519
-0.762822802584282 0.6481530466313196
0.06441845696173061 -0.9989250534462881
-0.9094978074253353 -0.418108524534609
-0.9791189969890306 0.20815136255906336
-0.3221455201834979 -0.9477464132486619
-0.9503674521390775 0.31432897721126235
-0.8791934970696292 -0.478560126536338
0.5042834616298463 -0.8646960103565989
0.4359113258602873 -0.9011006136867994
-0.5435388273199555 0.8405751264435841
0.946648596920991 0.32535739417987586
-0.6562137545136766 0.7558998004941291
0.9664716812731476 0.2606405365576414
-0.6723172136043655 -0.7416134871287483
0.5024093280830366 -0.8657862710017707
0.4442524595417393 -0.8970176989285747
0.19303897699228317 0.9822102388805427
-0.885928832192163 0.4659732870998403
-0.675388097042189 -0.7388179196349602
-0.3734663573875054 -0.9287216374671735
0.9802194446411524 0.20290598893919032
0.9728069226592826 0.23589762869977451
0.0706340209876262 -0.9985047997276325
0.2455515574486017 0.9704150826499792
-0.9439276944912943 0.3331688874615242
-0.9558472925988323 -0.2972489751563196
-0.8168242892335281 -0.5786182511104724
0.8544946794527145 -0.5213826260885597
-0.561753244462746 -0.8285133024493804
-0.5046615360093409 0.8644754097559356
0.007976870890455658 -1.0009682160442444
0.988380946937049 -0.15844274591101426
-0.07899974587695067 0.9978777681416583
-0.48226930078437663 0.8771643640281725
0.6674756946347896 0.7459739922221184
-0.1590334253411293 -0.9882860768139292
0.9226830754936383 -0.38814551678153
-0.9813988570608537 0.19712250850587784
0.9333037380323841 -0.3618634170163915
0.0519161212221122 -0.9996527979039778
-0.8673077844642629 -0.4997781577937272
0.35814965001687243 -0.9347351647353339
-0.9621079224291408 0.2763138534331612
0.649519304188223 0.7616598148037264
0.9489850188239655 0.31847831016833456
-0.05439245916538188 -0.9995211155278023
0.28238502369109286 0.9603435314485025
-0.9895649641935766 -0.15087140763102033
0.9006782336046185 -0.4367833782447131
-0.5971005337559196 -0.8034126913289309
0.15422812790292167 -0.9890473621437752
-0.4330196331792454 0.9024937657852888
0.19577834447069756 -0.9816678867296785
0.46632538615626473 -0.8857435487917542
0.9322942524091018 0.36445634433352075
0.3233325010020167 -0.9473421207756894
0.7418815379685737 -0.672021416043703
-0.1826756761466522 -0.9841903257725934
-0.23265644570549565 -0.9735871703508041
0.5254518669055283 -0.8519984363632922
0.5498854295202813 0.8364370953044202
-0.4575745462002517 -0.8902957568525381
0.5461140642851127 0.8389043025220433
0.7944714241320333 -0.6089467597726577
-0.3240891741866342 0.9470835270318165
-0.16962339864771692 0.986523645246883
-0.5991713580181143 -0.8018694929542642
0.5557966602800777 -0.8325209141045717
-0.48195353109445793 0.8773379017605379
0.39701339562341226 0.918902260142812
-0.8834439875646453 -0.47066731439083276
-0.11369846773448077 0.9945218240113343
-0.9945797657633701 -0.1131905010770771
-0.11342784163033182 -0.994552725974387
1.000020176488202 -0.04427918942918227
0.879257127034937 -0.4784432093344714
0.16898801300890737 -0.9866326831497634
-0.5064886030766464 0.8634062166520851
-0.3888479940410631 -0.9223872492235793
0.33884781495839156 0.9419040069444038
0.9207070646287787 -0.3928097518426163
-0.8673681480956101 -0.4996733889944429
0.9803428463534194 0.2023089311021039
-0.9948012901479475 -0.11122676440488219
-0.9184245339649945 0.3981172885107889
0.9958669373163329 -0.10124249680932912
0.2591707566217742 0.966866856869185
-0.10463346525002012 0.9955163674946649
0.5295005290039402 -0.8494881928458732
-0.13736524690797336 0.9915300242261509
-0.979654856102978 -0.20561459800766455
0.3521282838568344 0.937020102083216
0.7277452258031305 0.6873047987034213
-0.9787897052233752 0.20969433218076822
0.831466135458747 0.5573733628236073
-0.4420029036343347 0.8981282943871756
0.2685814648237681 -0.9642950776360517
-0.9483679097599129 0.3203112669539018
-0.24266468564597313 0.9711410043553619
-0.5556683736165758 -0.8326065448711711
0.21129917232089507 -0.9784445103205928
-0.9844635103839582 -0.18119767306037435
-0.9368955617218339 0.3524595103354843
-0.5659684697369497 -0.8256395649819693
-1.0004254750453356 -0.033909716606223474
0.9109913978200926 0.4148441551929998
0.9020145276121042 0.4340170411132636
0.9310672096320444 -0.3675797208062474
0.6835070086137697 -0.7313133180626865
1.0003969762673037 -0.034740320597772364
0.8440981855550469 0.5380513480539544
-0.9853127803193689 -0.176521174195378
-0.6656783299832925 0.7475783310066275
-0.18217921032794274 0.9842823453279487
0.999481047487081 -0.055123821657496484
0.8722718426187275 0.49106296192497545
0.807307056454763 0.5918245657273328
0.9106613931756826 -0.4155680774305516
0.7290009134065296 0.6859727897318126
0.9975465829581933 -0.08307716189442442
0.9908176188154291 -0.14241294268753507
-0.4581754047287053 -0.8899866844519008
-0.3240493233468853 0.9470971629344193
0.535530943360525 -0.8456994789541886
0.8713646346716984 -0.49267095859554944
-0.948949381140681 0.31858448178264837
-0.717392563167314 0.6981037962310701
0.8391317376397015 -0.5457645342872466
-0.9987969288690881 0.06637540871194485
-0.2938746456235916 0.9568901152481452
0.975310929951717 -0.22532108182927962
-0.5502978378846826 0.8361658266273764
-0.8079713825453839 0.5909172911564704
0.7690653520803818 0.6407335516651819
0.4602756396875156 -0.8889023205674784
-0.9831247680362823 0.18832602176440177
-0.8984771832067495 0.4412932712571823
0.30336442411045933 -0.9539240148901428
-0.9961906619812562 0.09800594360214418
0.8987842684420405 0.44066749233532765
-0.8042995847385658 -0.5959053431455122
0.9787615905558025 -0.20982552002241217
0.7846428063785877 -0.6215598654983557
0.9760034007641852 -0.22230241046094226
0.9498133511568772 -0.3159993638666743
0.9954490268707945 0.10527219434393993
-0.6913066596857602 -0.7239448199097196
-0.9351704016150206 0.35701165239134836
-0.04892035763750999 0.9998038800727962
0.7861480510908458 0.6196549376597146
-0.9243888751419703 0.38406536880297165
0.995222635612975 -0.10739136633623589
-0.13915763375393375 -0.9912800577879118
0.7884324692687624 0.6167456861646962
0.6239738346204481 0.7827245069046029
-0.24157457236615487 -0.97141274749002
-0.6836851717786459 -0.7311467608421741
-0.9644517908258143 -0.26801817694492197
-0.7362012887708396 -0.6782393842974285
0.8424086865691868 0.5406927082851938
0.9608784590590679 -0.2805594177999934
0.9047663461931214 -0.4282509297086802
-0.5819312769318552 -0.8144673037811035
-0.6412280811048796 -0.7686530738913063
-0.6947086401582241 -0.7206808623028025
-0.7736914475878377 -0.6351397829843729
-0.7610783927593963 -0.6502004922135742
-0.9804803133971319 -0.20164165006432055
-0.9294708194192831 -0.37159789537623367
-0.04671854486274484 0.9999091846592407
-1.0009928554884793 -0.0037819652325668325
0.3755501691712225 -0.9278809570389221
0.7775054661517413 0.630465106174928
-0.2471680472328687 -0.9700046167040085
0.9974266362088277 -0.08450506127530492
-0.7772859668246027 -0.6307357020000869
0.9004225374537852 0.4373102491884756
-0.16012619784131837 0.9881096096915983
-0.1691094121031317 0.986611882524295
-0.29948740294471354 0.9551483107232251
-0.10981651137725355 0.9949579558096561
-0.9528645428995598 0.30667599006901886
0.9838837600490224 0.18431968617539926
-0.5989966814756428 -0.8019999847762886
-0.538904266698669 -0.843553905410893
-0.6281952968091618 0.7793405347258985
-0.8042845470566508 0.595925639124445
-0.3769871985354918 0.9272980384646361
0.9105683503036796 0.41577190793178354
-0.3749986814360688 -0.9281039752749742
-0.9870654607570537 -0.16644150978786848
-0.4471844705806401 0.8955596290987622
0.11533108358775881 -0.9943338177686976
0.20974435656765522 0.9787789867421656
0.025573659240121897 1.0006732673320848
-0.4987063913970748 -0.8679244985479484
0.5093337986680031 -0.8617308637471576
-0.988145669016555 -0.15990352342529793
0.8009138375621914 -0.6004481866084731
0.3617686390697926 -0.9333404800958706
0.49115292239323166 -0.8722211914558073
-0.6902138224900833 -0.7249868131515412
-0.6083542909118215 0.7949251893915396
-0.2000363084164205 -0.9808090921862066
-0.9888861164444621 0.15525865097761746
-0.9356350162352298 0.3557922376816299
-0.8936298400302287 -0.45102850132508016
-0.7894052036399962 0.6155001417271131
-0.89469717510059 0.4489075237362638
0.015115128596804205 -1.0008858740573283
0.6095880042196127 -0.7939795117706436
0.8251725163796912 0.5666492020744476
0.9878963229490548 0.16143684555805926
0.30501980565556464 0.9533959923126599
-0.13760060047389525 0.9914973901878025
-1.0006670445615733 -0.025816001402357285
0.9669670875806289 -0.25879654467522617
0.9411209063568384 -0.34101677322102913
0.398201979318413 0.9183878176821044
-0.5568155467331038 0.8318397964249574
-0.509756440654861 -0.86148091749666
0.42341701731685705 0.9070386041654988
0.1804914528975958 -0.9845932334882842
0.8346878957647956 0.5525369821683773
0.3476793197622857 -0.9386799724131939
0.7772178275817704 0.6308196640000004
-0.2313011684059824 -0.973910041787242
-0.3778527598333925 -0.9269456790374981
-0.9993099247333559 -0.05814356653504054
-0.16443261153851788 0.9874021046476572
0.9475825674105732 -0.3226271500348143
-0.8358648671249662 -0.5507548673467739
0.6754540437838276 0.7387576292236007
0.4270616668294489 -0.9053283010736232
0.7392340032135349 -0.6749326547833431
-0.7816133951853035 0.6253650937387716
0.9735223459451682 -0.2329275465577576
-0.9861354627307738 -0.1718657881742684
0.9793099545965236 0.20725108643419662
0.9981767971134091 -0.07512710366050368
0.5927203822044006 0.806649582234733
0.23436939891357958 -0.973176235248728
-0.9805860663277466 -0.20112674243838427
-0.014847791258030731 1.00088987560808
0.9020307361208417 -0.43398335347486827
-0.7912526362275658 -0.6131233690399736
-0.15504434504406317 0.9889197394479784
0.9213708464842786 -0.3912502565479595
-0.10939048152462413 -0.9950048856924326
0.8737138953226281 0.48849260907424147
-0.07763118404298439 0.9979851698617993
-0.47142710291987566 -0.8830387798010759
-0.43235147739627605 -0.902814045079748
-0.9806998204399614 -0.20057133940079178
0.4839218606700194 -0.8762537490736723
-0.14963969380672265 -0.9897519699588531
-0.10138142280948051 -0.9958528039369701
0.961116058322642 0.27974438767265364
0.27963883037801607 0.9611467757553033
-0.43343127388551733 0.9022961436346593
-0.28748985804406213 -0.9588277121161054
-0.12207503041308258 -0.9935284026889443
-0.3732393176061155 -0.928812904622304
0.9881989739813946 0.15957376921699562
-0.9996791918835437 -0.05140538216048053
-0.9613998294557482 -0.27876758764687554
0.8775730809171355 -0.4815251682410866
-0.821145036982201 -0.5724699365377188
0.9241693056903203 0.38459341442602907
0.9157378624226679 0.40425878756752226
0.5369282850528052 0.8448130069490251
-0.9083403776751569 0.42061711601521085
-0.9099566783460884 0.4171089108774272
0.7364697957211558 -0.6779478150937865
-0.6120980435948378 0.7920460750659472
-0.8502371782123904 -0.5282970194743027
0.4184695168929744 -0.9093317675256708
-1.0008055614920104 0.0197288643023875
-0.5806978621119703 -0.8153471609925352
0.4271571061824042 -0.905283274250593
-0.9029936520478071 0.4319762312458453
0.8721497551086999 0.49127976211506497
-0.769520881080863 -0.6401863897182852
-0.8289768801308532 0.5610689193036066
1.000195985143402 0.040112233832331326
1.0008103413998355 -0.01948487996229129
-0.8178018169483678 0.577235816799294
-1.0006441417681369 0.026688977970479182
0.016635482714628537 -1.0008617590431015
-0.11699471708819535 0.9941394450344746
0.2528880766598192 -0.9685291016192015
-0.07797725880806093 0.9979581890584297
-0.9536229721084387 0.30430942651693865
-0.9189546280215376 -0.3968921662590451
-0.2191944356977849 -0.976706096714426
-0.8392931965182633 0.5455162053304703
0.5808133524079456 0.8152648953957502
-0.959988123156616 -0.283590908525358
-0.9956779276288628 -0.10308474393766129
-0.8355328209516247 -0.5512584739599203
0.959346537394366 -0.28575377720940126
-0.9934864188967991 0.12241623857811391
-0.9966829270034551 -0.09286626416425661
0.8069649497666367 -0.5922909503344869
0.805370335823923 0.5944574183024899
-0.6921219450244798 -0.7231654120708008
0.36683120860850504 -0.931362370074518
0.7676613622962564 0.6424150004766823
-0.07789196225368733 0.997964850190762
0.9272551640236733 0.3770926421868118
-0.7477148320941095 0.6655250031865653
-0.3891909097395621 -0.9222426122100909
-0.12123324609512454 0.9936314709394217
-0.36124747213775715 0.9335423203444396
-0.6633453616995456 -0.7496492053698843
0.972005008674841 0.23918039867644295
0.6634434598539309 0.7495623893826621
0.9312247343497231 0.3671804653508784
-0.829774546703473 0.5598885618076564
0.5542533763464582 0.8335491556042458
0.8557004994362966 -0.5194012468838254
-0.978076437641801 0.21299643689490252
-0.7637725491516252 -0.6470336105353635
0.764723955521321 0.6459088727148936
0.21320021591095148 -0.9780320382970712
0.0826419805438632 -0.9975827299285949
-1.0006758294038351 0.025473210377700093
0.9775523835705188 0.21538880513062275
0.9877742406262658 -0.16218214931121072
-0.25028928887993057 0.9692039371938078
0.6341573110177677 0.7744969366516011
-0.8386901352528837 -0.5464429128733391
0.36095592860195724 -0.9336550849254229
0.9207022676285662 0.39282099534471954
0.2942626105413184 0.9567708795931282
-1.0008785730854817 0.015591085221055923
-0.11887168740812497 -0.9939167580500619
0.13327804213306355 -0.9920876793334232
0.28257886158186263 -0.9602865129674052
-0.8818244521687032 0.4736946649027901
0.8999622829255365 0.43825664776641604
-0.3598371465202649 0.9340868417787254
0.7625932604600342 -0.6484231019179796
-0.992522602995747 0.1299995482397799
-1.0009999742099753 -0.00022722594197266028
0.2961212668756522 -0.9561972575279427
0.550269000860523 -0.8361848041503516
0.9487142704035072 -0.319283938106415
0.9035834975296234 0.43074106257951905
0.21274003128440672 0.9781322400826534
0.9932343018908105 -0.12444525522282536
-0.5719223687904941 0.8215265084445359
-0.8011004783927621 -0.6001991532140708
-0.5760031059390753 -0.818670520996413
0.8775344724740426 -0.4815955249166086
0.24804277310047498 -0.9697813066421863
-0.9719721548595859 -0.2393138737675128
-0.9471209742159784 -0.3239797218965656
0.9409470767538323 -0.34149611820402526
-0.8029150886195635 0.5977694877350621
-0.9712884781284281 -0.2420737330958527
0.9986489871277537 -0.06856530105462662
0.110400924935539 0.994893278584883
-0.21647197624861628 -0.9773130938952054
0.9994727667287653 0.0552737602081428
-0.298079853904441 0.9555885101320061
-0.8681447972182209 0.4983227980565751
-0.6398853578061856 0.7697712185222632
0.7103215246359034 0.7052973356244342
-0.37850312887090165 -0.9266803016331672
-0.9473526929041299 0.3233015237317839
-0.9158150236232937 -0.40408395477408654
-0.9140634453741822 -0.4080306579543741
0.846629273877088 0.5340598024700555
-0.9732477791622526 -0.23407212639642375
-0.8519517613969338 0.5255275409078596
0.6048642504529851 0.797584000920247
0.7615245155001288 -0.6496779296638406
-0.8824373472361189 0.472551931752354
-0.7308151505989141 -0.6840396301787539
-0.24895762666434793 -0.9695468529811517
0.918450970304687 0.39805629645362844
-0.9916442830866498 0.136537964762788
0.8548502385496622 -0.5207994524301898
0.22187400708333116 0.9761008784858182
-0.9812526348996282 -0.19784910033289707
-0.3777995414582061 0.9269673707709292
-0.9307887949590372 0.3682841554814753
-0.517889546368175 0.8566162605055814
0.7297338801172613 -0.6851930123760798
0.8963271161377862 -0.4456441415256346
-0.9144495956494606 0.4071645085423556
0.6126240043191009 0.7916393303342314
0.7236743426914607 0.6915897958545095
-0.6302250862126747 -0.7777000326014053
-0.7499106820212581 0.663049748503392
-0.8508448863660899 0.527317721440002
-1.000917770118949 -0.012830333593124178
-0.6581295761206655 -0.7542323654121674
0.06355712908611563 -0.9989802257013554
0.9458867616598154 0.3275656180320326
-0.7403290932664918 0.6737312770409387
0.900917210059202 0.43629024813665473
-0.02209334380413874 1.0007561561936815
-0.6111171761506634 -0.7928031262637899
0.9834440011588493 -0.18665180573643833
-0.5590018109964635 0.8303721908293137
-0.8697131147311743 -0.49558056667367345
0.7531596120670171 0.6593569585217558
-0.25859264023596756 0.9670216369946391
0.5793116117774336 -0.8163326873645523
0.5212761454640127 -0.8545596410843315
-0.06963456781017474 0.9985749981678343
0.32375533527932077 -0.9471976999962439
-0.9942865012264303 0.11573829737344539
-0.9996163732204183 0.05261279682413157
0.8761725281340617 -0.48406890102873473
-0.5503438357578422 0.8361355526727381
-0.6138080545334837 0.790721614849259
0.8969970696077704 -0.4442941110515338
0.983546042756554 -0.1861133573334349
0.8860305936604376 -0.46577976243900154
0.4711680194783574 0.8831770476075803
-0.0777443125606938 0.997976363379647
0.31172006619790005 -0.9512263665025149
0.8689578044275872 0.4969037473438766
0.9413836853177041 -0.3402906948737476
0.9321704229693965 0.36477294655861797
-0.8250661980807947 0.5668039950322358
-0.25558635018637815 -0.9678205503079618
-0.26740443050424256 -0.9646221387396734
0.5754595649334632 0.8190526778703487
0.7958025360777481 0.6072061623305749
0.009744295496716272 -1.0009525706572078
-0.5953736667799563 0.8046932315516203
0.05071272721905286 -0.9997145689135504
1.0003840225344884 -0.03511135795887369
-0.5418429518379784 0.8416693029590103
0.9199839836984033 -0.39450027850232994
-0.15629615883342832 0.9887226662385745
0.25239389798612405 0.9686579996362855
0.05270928572222917 0.9996112900516142
0.8508604768392268 0.5272925648564786
0.11264954009740115 0.9946411820932431
-0.30354293265872206 0.9538672276752895
-0.2635902964677336 -0.9656713496879009
-0.780717509667619 -0.6264831762293311
0.20026103802882614 0.9807632316964259
-0.1888206197121159 -0.9830298945462099
-0.5643455601991167 -0.8267497134463035
0.9751835082712428 0.22587192210584944
-0.9221325366511063 -0.3894516463559963
0.38618333319455517 -0.9235060547515339
-1.0004329626593758 -0.033688087279992264
-0.021189613534730693 1.0007756992844343
0.19995141511128559 -0.9808264023745458
-0.8892222920600762 0.45965717149134594
-0.2724786943506908 -0.9632011010816707
0.44541599303986923 0.8964405128865536
0.5990271584753026 -0.8019772212532004
-0.8470956618780702 0.533319734893951
-0.5131501156986386 0.8594637623300204
0.3357211709284733 -0.9430229559191096
0.7574465506274713 -0.6544277828321056
-1.000201591063278 -0.03997220577460409
-0.9436586267687371 0.33393022643202175
-0.578555358219447 0.8168688373757242
0.10051228067816315 -0.9959409025805066
-0.8899347594954917 -0.45827625275776757
-0.9884309497894005 -0.15813050780423024
-0.06556862276529132 -0.9988502168536897
-0.5135144372056286 0.8592461363203133
0.3684230532539428 0.9307338254469117
-0.6036753656893413 -0.7984842220481504
0.9144005990608141 0.40727453202627883
0.07177397393856264 -0.9984235056653397
-0.6930097420575015 0.7223146803252687
-0.8783794511690528 -0.4800526427007289
-0.9849389638084438 -0.1785951779078851
0.5815129523767185 0.8147660315809148
0.9123614385852197 -0.41182229830681627
0.6386253060754232 0.770816916290809
0.8926568643767034 0.4529511259298863
-0.4817807351650439 0.8774328026828208
-0.25765087341088955 -0.967272984958541
0.9254860181042887 -0.38141398806738624
0.9925844762939274 0.12952628080937784
-0.9548839204868822 0.30032931657698964
-0.5354958280504718 -0.8457217143603086
0.6962966855391395 0.7191466649489577
-0.25948097335307974 0.9667836492554776
0.029159333410581165 1.0005752012093097
-0.9779200181611215 -0.2137134485233715
-0.9029953113961652 0.4319727625632695
-0.9787984796562239 -0.2096533715986095
-0.9346856176628435 0.3582789362134322
0.9758847228714567 0.22282281675380572
-0.1436521416778967 -0.9906387142603269
0.6921905288533924 0.7230997661219792
-0.0873600311001687 -0.9971806380822773
0.9917036683023034 -0.13610596708357417
0.7924091559042076 -0.6116279339918848
-0.22037140873041478 0.976441212881847
-0.744482543764151 -0.6691388062505857
-0.3829854062782943 -0.9248368388952993
0.8910732582609989 0.45605860194949416
0.6569875749905635 0.7552273341901887
0.406086268775249 -0.9149289274649677
-0.5571380008045463 0.831623862127292
-0.26868554587234944 -0.9642660822818967
-0.7663916277027379 0.6439292453268046
-0.15668532524119652 -0.9886610687460392
-0.9526637918553897 -0.3072990395164143
0.9820556444102281 0.19382391824027215
0.15484931689241616 0.9889502965558744
0.9985572393722557 -0.06988876660279282
-0.9699684131981259 0.24731008349420347
-0.995537610188561 -0.10443115770711733
0.25374108053131417 0.9683059764613668
-0.802534909861243 -0.5982797994701197
0.1427143787947781 0.9907742457720733
-0.9064288583214154 0.4247207609737666
0.9704399714794807 -0.24545317629826013
-0.9816702619530736 0.19576643429603524
-0.6303284185555829 -0.7776162837551809
0.3958182161680939 -0.9194177177700613
0.5575262781854308 -0.83136360825616
-0.8584229110948032 -0.5148894111433286
-0.33967018214706135 -0.941607756637647
0.8396637987920408 -0.544945598200517
-0.7637172970369873 -0.647098825687791
-0.49324828288516304 0.8710379621066111
0.9510038801920293 0.3123981751862588
-0.044748596392504156 0.9999992815601922
0.051467983658741 -0.9996759708316009
-0.8724333112192348 0.4907760359624761
-0.5182961971088013 0.8563702774282598
0.9954045043799509 -0.10569234910864873
-0.4631859530608096 -0.8873893017650988
0.45864840615794833 0.8897430188142943
0.8170307983198356 -0.5783266158468345
-0.975548741082158 -0.22428921902984245
-0.072023092421521 0.998405565969081
-0.11456990137585503 0.9944218107517186
0.23903151171893813 -0.9720416330617527
-0.014286195575287422 -1.0008980490619335
0.6150428332267616 -0.7897615547090133
0.9924683163831511 -0.13041334661603265
-0.999335173308131 0.05770798375621664
0.10397088997425843 0.9955857843691626
-0.10324583905107573 0.9956612359224594
0.005167449067407454 -1.0009866619841323
-1.0009428363176576 -0.0106975896520123
-0.5661613427050486 0.8255073191840376
0.13862502616034922 -0.9913546802845299
0.822075795558912 0.5711325470993418
0.9977854760367524 -0.08015699476721605
-0.059725283170892596 0.9992166384474173
0.29103935929631064 -0.9577562797185895
-0.506040114347279 -0.8636691511634491
0.5028970029427776 -0.8655030932533817
-0.9990165020621585 0.06298435208438116
-0.6592845081838258 0.7532230328852211
-0.0039553489896058175 1.00099218539126
-0.6669961962271032 0.7464027560362941
0.5961371332031492 0.8041277998031972
-0.4341053894574679 0.9019720122287499
0.5308207176683063 0.8486638708547125
-0.9928943361796367 0.12712921451184428
0.9990241997132435 -0.06286213794736437
0.5875924081541789 0.8103925973746139
0.7595873750347084 0.651941730285676
0.8866192450044524 -0.4646582770033638
0.18138443772683369 -0.9844291166714444
-0.9095398579006969 -0.4180170413870469
-0.2692684916051685 -0.9641034588822288
-0.7022755898136244 0.7133091867850336
0.9439952195447182 -0.33297751497168576
0.7146608137955197 0.7009000793444994
-0.15131676083608678 0.9894969620418622
0.9069092140676889 0.42369408473464304
0.9090534606149048 -0.41907374738113307
0.004541051612199383 1.0009896996724068
0.9724546527404145 -0.2373456305970677
0.0821275995858924 -0.9976252088766899
-0.43830677534458673 -0.8999378704594168
-0.7911037287995301 -0.613315490004516
0.9447170849634203 -0.33092390270002814
-0.7590455026917504 -0.6525725437401025
-0.8375711289409133 -0.5481565505990456
0.2380175861234817 -0.9722904034782771
0.5237001668668262 -0.8530762774943741
0.7697874373334809 -0.6398658463487109
0.5236580475062138 0.853102132972354
0.6749466914468376 -0.7392211872673614
-0.33080219123990384 0.9447597103342618
0.7646352198942536 0.6460139166436483
0.7446898791119128 0.6689080534335679
-0.1595143718070661 -0.9882085636073982
0.1481489223541319 -0.9899762102218969
-0.5273895466059202 -0.850800367965836
-0.6976661696564485 -0.7178181634069312
-0.4182370487253675 0.9094387121040618
0.6627623612345278 -0.7501646836067619
-0.08874871237894452 -0.9970580053593067
0.48322235933139435 0.8766396930565036
-0.9236284215477716 0.3858905789329044
0.9693241428150567 0.24982334990119606
0.9913600330944764 -0.13858674100691795
-0.7404455942279168 -0.6736032378102611
-1.000808714090267 -0.01956828559138626
-0.6521347956272968 0.7594216275114528
-0.992987159882915 -0.126402137274898
0.8483789871755043 -0.5312759114801512
0.8835353942313047 0.47049570363663573
-0.9296796146594273 -0.37107521351701583
0.9551721944752464 -0.2994112203998743
0.9446240192371359 0.3311894658353118
-0.29082994682328617 0.9578198901833082
0.4612978305563913 -0.8883722820552018
0.9132047735817883 -0.40994882791323445
0.5605702871563885 -0.8293141462421849
0.8779554813969789 -0.48082759143480835
-0.5945582091258944 0.8052959306745622
-0.7304350040719215 0.6844455455523485
0.0786179636329496 -0.9979079194966879
0.8436738511123446 0.5387164680509271
0.898425531975368 -0.44139841809274405
0.7646229931449672 0.6460283881951564
0.8789643877144772 -0.478980798289153
0.46864680234264633 -0.884517481259705
0.7615215176266326 0.6496814436257436
-0.6695514921388189 0.7441114159685235
-0.9916603852577844 0.13642096726816852
0.31087650937330685 -0.9515023888145884
0.9408515432949346 0.3417592332030547
0.6166692875799717 0.788492225551787
-0.9316462863490313 -0.3661095425307278
-0.7509890371902546 -0.661828124228681
-0.8639664739871875 -0.5055323252039838
0.6734443610289313 0.740590097556222
0.21616945974134819 -0.9773800512979246
-0.4488143540219543 -0.8947439162262327
-0.8399871436826843 -0.5444470575251604
-0.19268348868651103 0.9822800380683684
0.3964936063138509 -0.9191266616480217
-0.968730367140389 -0.2521159966762272
-0.8493394163518082 -0.5297391394178551
1.0002955479261064 -0.037547527205007376
-0.2195772471296585 -0.9766201065629158
0.8644210178300699 0.5047546967920418
0.9505253091835644 0.3138512969568382
0.8201331559331991 0.5739186410450969
-0.002587372064904315 1.000996656091217
0.12298488985885045 -0.9934161851240427
-0.3611417731168025 0.933583215203686
-0.9982924210738487 -0.07357473769245482
0.5397732666990803 -0.8429981142072641
-0.9770539321764261 0.21763872270022094
-0.23992437854581197 -0.9718216361963783
0.992315791169444 -0.13156888156308164
0.8084983971520587 0.5901960198125297
-0.9993183038516233 -0.0579993757476295
0.5352411764189416 0.8458829015092263
-0.6574092467438084 -0.7548603064777869
0.9915030619797068 0.13755972551901102
0.9822743541613456 0.19271246238090478
-0.4590628608187019 0.8895292518051046
0.004248568644505056 -1.0009909838077828
0.6348745584453441 -0.7739090999845067
0.6498921891645391 0.7613416726167845
-0.45479103728838444 -0.8917208713505338
-0.9382241345021509 -0.34890754282143266
-0.8409298751777934 -0.5429898203773813
0.7275304661907576 -0.6875321234417042
-0.36530669544158495 0.931961382389608
-0.9628400056690994 0.2737519378618691
-0.9898817496088863 0.14877876794506084
0.9723725843557705 -0.23768162990286007
-0.5879728839374259 0.8101165889884655
0.9256920277935471 -0.3809137299697542
0.8954814281697756 0.4473410464098049
0.6451543674684362 0.7653605961482481
-0.9215930006180112 0.39072668351661183
-0.997800323960387 -0.07997195448747532
0.493888453947102 0.8706751374983331
0.8081821374179115 -0.5906290144910052
0.7864095291205795 0.6193230598874456
1.0007361715292549 0.02298075266325378
0.9992481905899594 -0.059195047112847426
-0.3976566695102208 -0.9186240652160377
-0.6812946120841719 0.7333748370002052
0.7843408553598509 -0.6219408513784711
-0.7244844502939937 -0.6907411101724072
-0.5005402913593051 -0.8668681657126082
-0.6255378685674144 -0.7814751275556607
0.8725028865588887 -0.49065233408841213
-0.3936068149369796 0.9203665982830789
0.7418798608158906 -0.6720232675404884
-0.6135217038027266 0.7909438153010613
-0.6333615660937484 0.7751478095145948
0.5976534444528393 0.8030014696958262
-0.9730094105209509 0.2350610283259891
0.9358866568411819 -0.35512978690421865
-0.8575936733360244 0.5162693981382436
-0.3007521432341771 -0.9547508304997954
0.6174213504633705 0.7879034687015839
-0.38746025045883525 -0.9229710473868488
0.5098298530351282 0.8614374736184742
-0.5249345879527486 -0.8523172404515106
0.0684194707669634 -0.9986589888545382
-0.8877936766312055 0.46241041049445103
-0.9348007102266954 -0.35797853589239914
-0.4478196948822542 0.8952421576733106
-0.03234410917415684 1.0004773153858764
-0.97807691956489 0.2129942238992782
0.3358518953605359 0.942976407118829
-0.6180095813605689 -0.7874421612706133
-0.024002826482427703 -1.0007121785612756
0.9558886087330642 -0.2971160845433429
1.0009559700776771 -0.009388608302421757
-0.9861879739678804 0.1715642153863313
0.10447715788099005 -0.9955327837299537
-0.38656585187263093 0.9233460034927249
-0.636754959304751 0.7723626879910791
0.8100498283216878 -0.5880648566578384
-0.7079518011435176 0.7076759479151805
-0.9516635259753015 0.3103828818222047
-0.37885356780277574 0.9265370873111921
