1000
0.3959672048909943 -0.9193535623745706
-0.36277827062533186 -0.9329485121710058
-0.6990734588922448 0.7164476945823979
-0.9773424940036466 0.21633919990314274
-0.9792589159520277 0.2074921095571092
-0.9607233056120481 -0.2810902525059507
1.0009766452599482 -0.00683780989351357
-0.9432189621626081 0.33517009027789485
-0.5677287277569716 -0.824430161796286
0.7164085062036515 -0.6991136189769533
0.9883351895290006 0.15872792173614098
0.1679989245243337 0.9868015815546037
0.41028292148427536 -0.9130547214369618
0.8417046868355721 -0.5417879845096526
-1.0009718445167741 0.007507761629614602
-0.7036398091420957 0.7119634955462781
0.9830055692320786 -0.1889472171235055
0.031989228294554396 1.0004887252103938
1.00032558541539 -0.03673857867905571
0.9725233893810556 -0.2370638249644671
0.44070777187364 -0.8987645185532035
0.9408526955751378 -0.3417560609981877
-0.9933803812440742 -0.12327375292160873
-0.5660620069875147 -0.8255754382521725
0.9424284449854016 0.3373864639881066
0.8358591121124593 0.5507636014648853
-0.5959106493542867 -0.8042956533428192
-0.0798529220902137 -0.9978098570537647
0.7004350041726994 -0.7151166372904425
-0.31258413288504244 0.9509427742343417
-0.9763579580585456 0.22073997765639827
0.7245771530921159 0.690643865691229
0.9525659041545473 -0.30760233783609287
0.8993674209290682 -0.4394760996588964
0.12551567526912805 0.9930995998698896
-1.0009969042853104 -0.002489500195860794
-0.9135149756932879 0.4092571186724691
0.6550027934191398 0.7569493646295792
-0.12691031058350172 -0.9929223398975366
0.4163977089094806 -0.9102823452176448
-0.9484552197659435 -0.3200526458236765
0.14200492348930033 -0.9908761787957151
-0.14459596153790116 -0.9905013921781887
-0.024669581617008846 -1.000695963688693
0.5848156214731279 0.812398725307345
-0.400632343551615 -0.9173302160619919
0.9470527211746786 0.32417918396411
0.8961212884597052 -0.4460578845501084
0.547785281348343 -0.8378139922071705
0.23953304854732693 -0.9719181645867228
-0.2614187272688258 -0.9662614806733979
0.3963922752220118 -0.9191703673119128
-0.6783041014942932 -0.7361416615679481
-0.39231506314156556 0.9209179611845072
0.4911437629801732 0.8722263491122447
-0.8710935581194785 -0.4931500917598482
0.9970149094199027 0.08923155492550415
0.4106522665072088 0.9128886657268193
0.6420149908781451 0.767995931947387
0.051394002515189 -0.9996797769813435
0.8497751219659962 -0.5290399248522518
0.8580290609748087 0.5155454689187833
0.7613698787478124 -0.6498591445348303
-0.9984917369150729 -0.07081843907006759
0.7592580461484698 0.6523252404734988
0.5089222063943049 0.8619740064751097
-0.8952417645878322 0.44782048070366814
-0.4803235795158862 -0.878231324288223
0.747092488894514 0.6662235458443364
-0.558277062484473 0.8308596280381589
-0.8409258315370295 -0.5429960827241348
-0.866050430673703 -0.5019538340623502
0.2949664384611531 0.9565541282026557
-0.21462440500713995 0.9777204941982812
-0.6670418416053835 -0.7463619641619598
-0.857693815025434 0.5161030126506885
-0.7079060614251208 0.7077217025057045
-0.291248399221304 0.9576927325353513
0.20071318600826638 -0.9806707994849296
-0.08217573976601626 0.9976212446584666
0.8351879870579278 0.551780777369171
0.9459463481466848 0.32739350394891925
-0.6171447386343278 -0.7881201504694364
0.9141312162404912 -0.4078788049098412
0.7664293083488973 0.6438843959157815
-0.4110777307245603 0.9126971564009312
-0.3891398387636092 -0.9222641627467871
-0.910122289986616 0.41674742623022637
-0.7228220748167791 0.6924805038104442
0.7012618851473359 -0.7143057947683225
-0.22552533209828757 0.9752637205299688
0.5245100013832371 0.8525785937079096
-0.652718495036503 -0.7589199998927968
-0.7521763290452629 -0.6604784402416118
-0.6890165633577091 0.726124765738459
0.9050194067932418 -0.42771587920909443
-0.08757717079338928 0.9971615912959272
0.8282342438436766 0.5621645998501623
0.7750017838750967 0.6335402394405724
-0.36327625124397717 -0.9327547187134048
-0.8992505682439869 0.43971515269872924
-0.41221634354464287 -0.9121834717394768
-0.33212833792795743 0.9442943223091054
-0.78656550557566 -0.619124951393906
0.9445722045526386 -0.3313372155170141
0.543865035445573 0.840364101577278
0.8950711653657083 -0.44816136483511493
0.9578416523331659 0.29075826567042007
0.43339469135229264 0.9023137156818858
1.0009711524539706 0.007599470703263936
0.07383914372764178 0.9982728989878312
-0.9897862801235001 0.149412582064846
-0.9954603948341479 0.10516464385259132
-0.7760550546034415 0.6322495964604876
0.9016564263712715 -0.43476049588639926
-0.027435870860372833 -1.0006239418433545
-0.9847837498580582 0.17944906245367082
0.39223171380896144 0.9209534639070994
0.8535301057882062 -0.5229601882678772
0.9389075986123561 0.3470641457540364
0.918384054935952 -0.39821065736541783
1.0007832625779611 -0.020829338535143183
0.6002392888154993 -0.8010704064951242
0.8299660163418922 -0.559604692365575
-0.050288801844340814 0.9997359833521351
0.7195986834208594 0.6958295299992419
-0.5796411674932572 -0.8160987176482106
0.9975804330506297 0.08266970179284656
-0.3565671535208582 -0.9353399729670665
0.9003819684477324 0.43739377098237975
-0.9491224124776286 0.3180686185914073
0.9437502319240669 -0.3336712450051247
-0.22449089402987846 0.975502351866804
-0.6848573463399878 0.7300489128573167
-0.36364800351386584 -0.9326098485113588
0.3608919610108428 0.9336798126112337
0.8412692626231995 0.5424638492705466
0.3933763905542819 -0.9204651081678681
0.8721681399634904 -0.4912471227728723
0.9977430311009533 -0.08068360359752239
0.9978650952699811 -0.07915965918213291
0.5971375390388564 -0.8033851874851928
-0.3400963282585164 0.9414539221359033
0.33464987419868025 0.943403657878645
-0.10477097706267102 0.9955019047522377
-0.6454762790446275 -0.7650891276123993
-0.23298608657299186 -0.9735083376445228
-0.05085264577892085 0.9997074614192313
0.7733081252669001 -0.6356064375037375
-0.8639874278241567 -0.5054965129076536
0.8155408232243935 -0.5804258485409471
0.13918477481966673 -0.9912762472986018
-0.7171976077911444 -0.6983040823156198
0.32329233162603294 -0.9473558298294275
0.5764159035130684 -0.8183799277702338
0.9990590917658575 0.062305145533734084
0.45124864083987015 -0.893518698259958
-0.10416018050973554 -0.9955659982121624
-0.9951549730295592 -0.1080165712033916
-0.6813994681761235 -0.7332774132409208
-1.000935824392264 -0.011334701062609101
-0.7444669905800584 -0.6691561102886765
0.917757997334156 0.399651421027374
0.772334601688825 -0.6367890255289927
0.8011194293514644 0.6001738580741284
-0.2519114522744297 -0.9687835775925332
-0.16869182743569677 -0.9866833673253061
-0.9960283132704119 0.09964235627331561
-0.6958879260638993 0.7195422116585553
0.4841589388656848 -0.8761227778778806
-0.8464510496273814 0.5343422317061458
0.6564856038670254 -0.7556637161564309
0.9776269550150227 0.21505007981410917
0.6275660525118593 0.7798473246313552
-0.9255564820911081 -0.38124296512740047
1.0001525070297377 -0.04118206748246838
0.5490463778889608 -0.8369880972433315
0.3189015780578117 -0.9488428655537424
-0.7274436633942103 -0.6876239645239328
0.5871930339353525 0.8106820220640125
0.7321276808714003 0.6826346452545936
-0.2210849908227305 0.9762798916463009
0.9980708117969832 -0.07652224930640021
0.9523371034617425 0.3083099761118644
-0.554706227339068 0.8332478630943245
0.9108555963675947 0.4151422437741472
0.8337904973318161 0.5538902477559636
0.7913936837376084 0.6129413000771102
-0.3197480412353579 0.9485579529613106
0.29710426112322474 0.9558922836922696
0.501846465814245 0.8661126513045239
-0.9496470841076927 0.3164986819020843
-0.8173465511493919 0.577880277673667
-0.2623899951417368 -0.9659981834607761
-0.9936500546209438 0.12108083643498499
0.6718833057024519 0.7420066195919991
0.9606389366479564 0.2813784522593792
0.37915880842928035 0.9264122181785429
-0.6445115207397374 -0.7659020169928731
0.37936356960021755 -0.9263283878086545
-0.9999330081249951 -0.046205835801319144
-0.9025495557742857 0.43290333721471747
-0.9996313404447603 0.05232765235142572
0.09796684513565403 -0.9961945077414183
-0.6310683852260256 0.7770158899071605
-0.9293753698453384 -0.3718365527013722
-0.10147255650785876 -0.9958435219831273
-0.9041180882326072 0.4296178331152181
0.6141879530380412 0.7904265673311727
0.471103759078479 -0.8832113270232251
0.4221243755539588 -0.9076409045229178
-0.9992812427957029 0.05863444206842606
-0.962009712380991 0.27665558603549456
0.9221580264202796 0.38939128689360136
0.6131747716593167 0.791212802854292
-0.5607565709826294 0.8291881982395813
-0.6071560600760311 0.7958407621584553
0.8989389700150824 -0.4403518231916643
-0.7907327265098748 0.6137937399699183
-0.9927619946681047 0.1281585812289063
-0.507041258254306 -0.8630817820043997
0.15098834262829314 -0.989547128938466
-0.2834795485360712 0.9600210130834561
0.9984911723496143 -0.07082639860880159
0.12192380059013225 0.9935469726437989
0.8562136390981618 0.5185549191959157
0.9934000553828609 -0.1231151085989398
-0.39847926299093805 -0.9182675410609911
-0.41946070964538906 0.9088749710844647
0.5757547647478853 -0.8188451934707238
-0.6866799746279916 0.7283348216616454
0.8682517554257863 0.49813641625566846
-0.824111508387741 0.5681911841474505
0.5221780926104553 0.8540088053396796
0.9794615307226908 0.20653355619454036
-0.2576815767551419 0.9672648060386483
-0.780231905054656 -0.6270878521664904
-0.98750970975257 0.16378514323465057
0.6109961403972423 0.7928964096397924
0.9654131237376588 0.2645344977788267
0.9953154525849447 0.10652769520470531
0.28127713103561447 -0.9606686086035984
0.7125647145099318 -0.7030309578072501
-0.7804110578392829 -0.626864882412607
-0.9490497405072076 0.31828539087303703
-0.9928174103012996 0.1277285786448007
0.9133934814264665 0.409528201822096
0.9993139209293382 0.05807484340772945
-0.9684357688709455 -0.2532452597213632
0.9379222174835556 -0.3497183351652151
-0.3943236619520287 0.920059698946075
1.0009194269658064 0.012700422136352167
0.5365722927855092 -0.8450391556696659
0.9458934684724111 0.3275462506291773
-0.22650400169947044 0.9750368901811491
-0.4942993520057572 -0.870441928336801
0.38772930189313864 -0.9228580543363423
-0.9410780425741306 -0.3411350433257229
-0.6494111081483699 -0.7617520676791801
-0.944692809070868 -0.3309931970445806
-0.5207791626228843 -0.8548625993560647
0.7891524609036772 0.6158241578970982
-0.9455197531892686 0.32862348718389656
0.9825566639369018 0.1912678806103794
0.9722533798276963 0.23816877506008513
-0.601013435826618 0.8004897563091508
0.9791870826041392 -0.20783083809000685
0.3025804096391229 -0.9541729904491222
-0.40984858655260986 0.9132497665484661
0.9359123555100758 -0.35506205486306414
-0.0344353230374746 -1.0004075212268773
-0.9832574994617068 0.18763179302109653
-0.36547102030433515 -0.9318969542378107
-0.03543757076831548 -1.0003725199034812
-0.9493282282647784 -0.3174537998192128
0.5609770340989564 0.8290390625377904
0.6584857750793105 -0.7539214044038011
-0.8702220725036011 0.4946863092178086
-0.686871351732163 -0.7281543422720428
0.2553840826163845 -0.9678739434173169
0.6959318224062472 0.7194997557764142
0.7425495303942871 0.6712832449206697
-0.5927890970988661 0.8065990865112054
0.05437603019055641 -0.9995220094328666
-0.26584697027807297 -0.9650525314167977
-0.8767170620873336 -0.48308197342164866
-0.6917766797181822 -0.7234956982581772
-0.9676402662558918 -0.25626805325718377
0.43465547704808255 -0.9017070567940032
0.9572024365000551 -0.29285575896396177
0.7477506192050515 0.6654847943255068
-0.6766061402367207 -0.7377026033531174
0.4530785804829346 0.8925921800618517
-0.06990400905699522 0.998556172439868
0.8668283099719583 -0.5006093097727595
-0.9461663759653391 0.32675707948354604
-0.7484221447496853 -0.6647294887759089
0.8881504617819961 -0.4617247635079011
1.0002382501677676 -0.039044114810330995
0.1573709903159019 0.9885521591737041
0.8915325055901228 -0.4551601822174232
-0.4898851645440992 0.8729338609308273
-0.3516222790783067 -0.9372101007008927
-0.9920897880947854 0.1332623441113193
0.8567086719141109 -0.5177366622783829
0.2916368638767514 0.9575745086561844
-1.0009164349576436 0.012934072509510371
-0.8138345478333837 -0.5828158617889803
0.9321349929661588 0.3648634743133096
-0.9683148987599044 -0.25370702954312496
-0.12396962835995157 0.9932937789215713
0.953349399406575 -0.3051654021201005
-0.8616837335042956 -0.5094135288879734
0.47325636230048157 0.8820597573532732
0.5382122047578962 -0.8439956295204641
-0.2645393538262554 0.9654117931106846
-0.5141666720003921 -0.8588560027175924
0.013496360062135743 1.0009090109820538
0.7277287069393851 0.6873222891019398
-0.5595847262248151 -0.8299794781655139
0.9459725100849649 -0.32731790382371556
0.7379979588656315 -0.676283973424006
0.6663397401709961 -0.7469888557862489
0.9112041576824398 0.41437661978233686
-0.07967724544381012 -0.9978239005748893
0.18807190094666082 -0.9831734130224989
-0.1852745915033193 -0.9837043894093784
-0.761217053861792 -0.6500381503496343
0.8496523214648645 -0.5292371232532415
0.6413973730830308 -0.7685118150049401
0.9889265530778616 -0.15500087940892304
-0.9002478762261317 -0.4376696943476205
-0.742522114360027 -0.6713135703129463
-0.6009797578466398 -0.8005150408696854
-0.9648576594602188 -0.26655336610320324
0.13501082351605773 0.9918533548531838
0.6933859115789384 0.7219535841200906
-0.05713594397945523 0.9993680422675004
0.6758333050029891 -0.7384106877942225
0.685872431203019 0.7290953354093413
-0.9330123884221058 0.36261395870936586
-0.805021050347634 0.594930339197113
-0.1258721800319987 0.9930544770021392
0.2740072521828553 0.9627673788362384
-0.12136730419412953 -0.9936151052961351
0.9883360259465088 -0.15872271361170065
0.885008918889541 0.4677180918950709
-0.9736504005181961 0.23239168997783977
0.42718681065827635 -0.9052692576242771
-0.20385519704769584 -0.9800224786384469
0.013159398397109064 -1.0009134978777268
-0.9315495046417075 0.3663557293148143
-0.8268551222391859 -0.5641911084258782
-0.1138575635713285 0.9945036225261328
0.7821887390183606 0.6246453206043145
1.0008162675003227 -0.019178078806867283
0.7654200047583873 -0.6450838831622366
0.992415818992867 0.13081224030157537
-0.678618067273686 0.7358522397667394
0.4983381753675482 -0.868135970324547
0.31134859620326233 -0.9513480181522732
0.7943317847865178 0.6091288990664169
0.22803348367829657 0.9746803221167133
0.9825710871618158 -0.19119377258071812
0.9860705832200561 -0.17223764079915366
0.9783041798028642 0.211947945921269
0.33690415193535256 -0.9426009719964863
-0.2376596057950797 -0.9723779675482818
-0.6908337708889416 0.7243960939978662
-0.835598255922696 -0.551159282511824
0.9893903856550764 -0.1520120546973143
0.32253531189148604 0.9476138309369814
-1.0007196358394344 -0.02368988065376867
-0.9851090715436734 -0.17765448815710133
-0.9323361096058654 -0.36434925377307903
-0.3709148627224016 -0.9297436015437922
-0.4528794360776681 0.8926932375558657
0.7671568978664777 -0.6430173357351129
0.9972366456554396 -0.08671835193249045
0.30365197181128856 0.9538325219948817
-0.9753486997705073 0.2251575311997823
0.9952191976191688 -0.10742322230438855
0.5994660016198724 -0.8016492455568601
0.4463397754893774 0.8959809176629222
-0.8323640258896454 0.556031589394687
-0.5920015973450654 -0.8071772474127916
0.5381349830920811 0.844044868459305
-0.3297280515812777 0.9451351289632686
1.0006539177600842 0.02631989497309555
0.13976839997532203 -0.9911941254710595
-0.367211582757978 -0.9312124642037287
-1.0009999876020659 -0.000157545751688364
0.9980124606998684 0.0772795463741455
-0.5298866313143901 -0.8492474067986829
-0.8552929706286205 0.5200720473100527
-0.4801435135933271 -0.87832978223117
-0.9057907131577472 0.4260800206031488
-1.0004945413471116 -0.03180680327591141
0.4610355475841647 -0.8885084264449996
-0.22377511009679646 -0.9756667976830854
0.4661013035836986 0.8858614873655908
-0.8320898933768509 0.5564417393942522
0.20472824507634688 0.9798404694989686
-0.9769054611682265 0.2183041913012546
-0.826408418785414 -0.5648452224818687
-0.6018459117587017 0.7998640500105859
-0.904083349975904 -0.42969093113114115
-0.5261510355297824 0.8515668428320454
-0.3847601685780098 0.9240998932343957
0.995987906266761 0.10004544252665115
0.5555996239940393 -0.8326524231740889
0.5673009434343411 0.8247245840755001
0.7045555470525646 -0.7110572980551297
-0.882976513588152 -0.4715437163739033
0.10441543493277405 0.9955392593704177
-0.5986014918177972 -0.8022949918786155
-1.0009137805891548 0.01313787755785057
0.36382292063724087 -0.9325416250328925
-0.35928851844721194 0.9342980041250262
0.8352506731131131 0.5516858826035804
0.521632900146824 -0.854341920711148
-0.21827458488591095 0.9769120766951769
-0.0360798419236006 -1.0003495614067954
0.40998529051568705 -0.9131884041974951
0.4150826119304388 -0.9108827725196064
1.0005290288319604 0.030702808740797657
0.9942190999478497 0.11631586864606103
0.29886634521238253 0.9553428220797981
-0.17059885277239478 0.9863554285513629
-0.14016757578327657 -0.991137755662168
0.9285268303884263 0.3739504315398267
-0.07167762926294763 -0.998430426951845
1.0008043478694502 -0.0197903331352548
-0.9025214979758575 0.43296182936999705
-0.7062438986112219 0.7093804026574332
-0.4322146949767522 -0.9028795365086935
0.8416802237964552 -0.5418259876288225
0.11784243340324202 -0.9940393155653364
-0.9418563446860383 0.3389802737249685
-0.12169669181981753 -0.9935748161060204
0.5095470699259235 -0.8616047722302297
-1.0003644213021918 -0.03566545377155025
0.8654415400614216 0.503002923188439
-0.17445532357900798 0.985680648118316
0.978173702102901 -0.21254930843055037
0.6191621728731463 -0.7865362062124057
-0.47285102655157263 0.8822771144539134
-0.6683693476687851 0.7451734127683319
-0.8522520047750733 0.5250404940162885
-0.37830181327723067 -0.9267625035958023
-0.29795121118103396 -0.9556286285768938
-0.7222897974029956 -0.6930356762588341
-0.9081053675382744 0.42112425891674243
-0.8101779701446724 0.5878883029047766
-0.9996474535331814 -0.052018925831142294
0.5396900504061555 0.8430513919640968
-0.9173830167690018 0.40051142373695825
-0.503772924508302 -0.8649935494166142
0.8869830898265848 -0.4639633588568008
-0.7702359117719652 -0.6393259264387839
0.6217166758415342 0.7845185625468352
0.5392673894264548 0.8433218144345468
0.3226969575706863 0.9475587968958035
0.770151391018039 -0.6394277401809993
-1.000868154685667 -0.016246136036234586
-0.8829463366880028 0.4716002189664843
0.47922419570014585 0.8788317075843067
-0.6828911323554395 0.7318884487067039
-0.9781710795662166 -0.2125613772543412
-0.7924456394957794 -0.6115806638899937
0.9683306141539801 -0.2536470415600696
0.9903164099134057 -0.14585749297250153
-0.8414439899532141 0.5421927810028602
0.8858912118590561 -0.4660448055186249
-0.9999552882526355 0.045721127453167726
0.18977830620985553 -0.9828454580920228
0.6996579658556309 -0.7158768964108011
0.7704081918852103 0.639118312893756
-0.6553611579359551 -0.7566391165336643
0.5372073682473659 0.8446355684558512
-0.9925642331327151 -0.12968131363332588
0.5313907732652352 -0.8483070470581836
-0.8399699456706826 -0.5444735901492289
-0.9813961382217454 0.1971360441001208
0.9652585974238052 0.2650977934639
0.9540418200806438 0.3029937384455536
0.9611490774712714 -0.2796309190274281
-0.870026239270009 0.4950306485276292
-0.065923967976546 -0.9988268270557351
-0.5482952285357144 0.8374803534202869
0.8412026737858325 -0.542567103329686
-0.592810983558965 0.8065830011671784
0.9220674610227894 -0.3896056946747401
0.9921459587749457 0.1328435037423498
0.3308753750282374 -0.9447340822686155
-0.006014265250993981 -1.0009819322113116
-0.9194669001840645 0.395703954321798
0.7836154845018212 -0.6228545355449988
-0.5552041762324427 -0.8329161558608733
-0.7926123876005143 -0.6113645418424363
-0.9347401496488658 0.3581366396145694
-0.6503623689189415 0.7609400693183023
0.6870642316305434 0.7279723494844643
0.7079943154021098 -0.7076334145292306
-0.12452208014988354 0.9932246732512972
-0.007495603142552838 -1.0009719356373232
0.8180814196507586 0.5768394844514366
0.0014151589612698481 1.0009989996623945
0.978368932004867 0.21164884334117187
-0.8731452467850472 -0.48950830229596615
0.6659178284665884 0.7473650016761176
0.7590300423492081 -0.6525905261428175
-0.9452378218426142 0.32943354437311057
-0.8130578555148257 -0.583898898428172
0.7985393286985242 0.6036024689493164
-0.03942682999865205 -1.000223237620611
1.0009875688802532 0.0049886819101459395
0.7777565192223718 -0.6301553751314833
-0.2347896581350146 0.9730749284781943
-0.1691670262606014 0.9866020054845546
0.5439133907291412 0.8403328051346851
0.8741247690367648 0.4877569970348171
0.9243224030671809 -0.38422531825494266
0.7580998135623364 -0.6536709207825837
0.9702105398250915 0.2463584957177334
0.47542444528762756 0.880893067757348
-0.9640131319443798 -0.2695916939350836
-0.46483913986695463 0.8865244351103639
-0.8599528865568349 -0.5123300039062396
0.9463728988187726 -0.3261584528742941
0.864198863016675 0.5051349573734589
0.9835927312241994 0.1858664549694749
-0.09606058296110492 0.9963801304728896
0.699994352515402 -0.715547976341589
-0.29369262798211504 -0.9569459965269509
-0.9225197787811449 0.3885334705756861
-0.9137834706455519 -0.40865727544602687
-0.8168067350351432 0.5786430312388021
-0.9991305379229121 0.06114873825249728
0.7866032070270553 0.6190770506930068
0.024626638728890215 1.0006970214130333
0.3872418761584092 -0.9230626898262735
0.9996829101251469 0.05133302254609034
-0.9981596989286364 0.07535393443406811
0.770782846581371 -0.6386664257779007
-0.984399896317196 -0.1815429539549624
-0.9005796940541095 -0.43698651541827527
-0.5349257186151064 -0.8460824283508741
0.6826191760605929 0.7321421040169438
-0.8893893912476549 0.459333768338586
0.04054633526704884 -1.0001784814203973
-0.44699565156934573 -0.895653888216925
0.9915696207231894 0.1370791277287327
-0.8672409634866064 0.4998941000360202
0.7026639626230463 -0.7129266130752016
0.647322669744996 -0.7635275772584844
-0.7379972308656219 0.6762847678564659
-0.766245874585625 -0.6441026779019868
0.8380764395876981 0.5473836692923963
0.733636338809866 -0.6810130119004009
-0.7478777996916696 0.6653418645541155
0.4275067178608853 0.90511822773813
-0.2123508990634756 -0.9782167937972306
-0.8758317135787296 0.48468526848847615
-0.8414477021211199 -0.5421870199433836
0.9155908039709145 -0.40459174445840373
-0.27985744370976445 0.9610831447904161
0.14700000612469888 -0.9901474628555782
-0.9565659997080019 -0.2949279373044046
0.03294405177341868 -1.000457739963438
0.823498884597787 0.5690787178116932
0.7677074666219862 -0.6423599035531811
0.6765814862552499 -0.737725214735566
-0.8343820777033772 -0.552998687527733
-0.6202840858446744 -0.7856517376343264
0.9580312094379699 0.29013307592003457
0.1589584504063772 0.9882981387437716
0.5153935774004917 -0.8581203064689259
-0.49105701170629146 0.8722751923871773
0.3116954815022028 -0.9512344226378217
-0.902527814192387 0.43294866278706995
0.48056888652452545 0.8780971161008204
0.8882204316767458 -0.46159014802308695
-0.7183348736133489 0.697134140141547
0.9898384554511133 -0.14906653584944696
0.7201799969819632 -0.6952278561357128
0.9861648838800463 -0.17169688931909852
0.4979938228318626 -0.8683335490589474
0.03815035082034125 1.000272738173087
0.9701287211439606 -0.24668049053701707
-0.6714967232920321 -0.7423564848562071
0.5208214338728141 0.8548368464325026
-0.8909995226739514 -0.4562026420296038
0.9960714363117331 0.09921035109241914
-0.6822889903260984 0.7324498164924294
-0.99555701510052 0.10424600560281883
0.22857959397927805 -0.974552394289947
0.9805026969933199 -0.20153277944003548
-0.495037728113836 0.8700222110635405
-0.7103585235051273 -0.7052600712386996
0.47543565183703135 0.8808870194084467
-0.9905317754658779 -0.14438767881095568
0.7242376818393813 -0.690999840957955
-0.09216010377600974 0.9967484714169343
0.7143810592322705 -0.7011852124868145
-0.752982094574211 -0.6595596752763422
0.4669406866650995 0.8854193329359402
-0.1501112692997395 -0.9896805579727335
0.6513977277479894 -0.7600539456412
0.9048089173885868 0.42816097792079744
-0.9919432548910551 -0.13434872189991018
-0.9668498628856463 -0.2592341463580887
0.44520735961849095 -0.8965441466774136
-0.9552951540765555 0.29901867600176746
-0.9853298575573712 0.1764258252240029
-0.9984196826993463 -0.07182713413840491
0.687977700399608 0.7271091278156719
-0.0630961002014537 -0.9990094504755038
0.24573099290576558 0.9703696610702266
0.0997987950954931 0.9960126507718101
0.9846276163962938 0.18030379094670432
-0.9093234455626927 -0.41848759999549884
0.747703528531188 0.66553770247974
0.851750422894292 -0.525853798217142
-0.21943041112602213 -0.9766531086691246
0.22032300168818575 0.9764521365264699
-0.3706157883313599 -0.9298628594795711
0.06167212957246462 0.9990983677466384
-0.2736292532546887 -0.9628748785606993
0.38427369855758603 0.9243022907019508
-0.5185465401887899 0.8562187136814027
0.8491089242259197 -0.5301085122877216
0.172985666544864 -0.9859396326195784
-0.0826603578588264 0.9975812073403603
-0.8218519089494204 0.5714546699049661
0.9124681781776627 0.41158574296631945
1.0009733871379154 -0.007299194589064129
0.844669344684686 -0.5371542591750932
0.16764721863529736 -0.9868613935522297
-0.1602620692636734 -0.9880875817230604
0.11099536362122923 -0.9948271353630193
0.37200353821795784 -0.9293085427097505
0.5908327840849478 -0.80803318078556
-0.4068153077563215 0.9146049996447261
-0.8654895221368253 -0.5029203585771508
0.3415823971677542 0.9409157592181835
0.6121577485413523 -0.7919999311242284
0.1056289966446072 0.9954112291248545
0.8956857813751751 -0.44693174092062665
-0.8835181902015964 -0.4705280093500235
0.8047229279578495 -0.5953335277127821
0.9901039645377985 0.1472926997733898
0.9999652049194176 -0.04550372457796332
-0.8087680242930455 0.589826485401532
0.8103012661038983 -0.587718349339562
-0.9853407519340321 0.17636496981565294
-0.8539295199568867 0.5223077396958627
-0.9948986772355911 0.11035226338807437
-0.9694017170358502 -0.24952216536401212
0.4374836907361578 0.900338281058775
-0.04881989589641466 0.9998087906018146
0.8896720399690714 -0.45878607356508877
0.9999176736149218 0.04653650172201086
0.06832853498151154 0.9986652148279124
-0.9905731152886676 -0.14410379338276955
0.14613380699522463 -0.9902756739681544
-0.43562655515690457 -0.9012383172292046
0.9977471197285696 0.08063302718702504
-0.9828321569628624 -0.18984717864568718
-0.1782653702769331 0.9849987095220115
0.6696866409771461 -0.743989786822875
-0.7162443785033032 -0.6992817674317104
-0.4552367629417504 0.8914934041631024
0.3478401943717737 0.9386203701067896
0.8124323436503127 -0.5847689175998158
-0.9245913438699683 0.38357769335654285
0.37458713816778677 0.9282701524444634
0.5535600109703561 -0.834009780670766
-0.2362034278771759 0.9727327179955817
0.9896861820945251 -0.1500741848925475
-0.7542417930040655 0.658118771716787
0.945511254420084 0.32864793893307653
-0.812430338134026 0.584771703897711
0.983431434062576 0.18671800796287713
0.4949873280824485 0.8700508864645783
-0.2586947712465923 0.9669943202158291
0.8963716977408862 -0.44555446298866913
0.7423925643243945 -0.6714568343801779
-0.9666635935893042 0.2599278685116556
0.9827658345252018 -0.19019020608323597
-0.9496643097381522 0.31644699210066607
0.5513613076312988 -0.8354649654217131
0.48693926993520803 0.8745805551205483
0.8413885278369924 0.5422788445295453
-0.09944201457365787 -0.9960483350407914
0.6386474563149271 0.7707985641803398
-0.4554749808685634 -0.8913717192074144
-0.2806651463948083 0.9608475818771575
0.15061232631388524 0.9896044296396009
0.042377729531417274 1.0001025587607313
-0.9847298454258666 0.1797446286472805
0.41755034793674173 0.9097542013851356
0.16825487957795116 0.9867579720976208
0.3920851480827241 0.9210158720961047
-0.11619329464309898 -0.9942334324895649
-0.657581357942883 -0.7547103800041405
0.8966190214991506 0.4450565472902356
0.8384506101176828 -0.5468103641970271
-0.9099243210396866 0.4171794937199878
-0.9758696570303127 -0.22288878950620195
-0.6552875086187502 0.7567029014403417
0.10490042673847551 -0.9954882723920386
-0.8313950342556415 -0.5574794139832078
0.6195281758329378 -0.7862479502988305
0.5433660705975483 0.8406868104849631
0.4575995726216607 -0.8902828938806324
0.3474986573123652 0.9387468685253247
0.9633408855623755 0.2719840771146318
0.9711281265716898 -0.24271621656032819
0.9670238671822066 0.25858430018075396
-0.014333996960967023 -1.0008973656330218
-0.6056688198481165 0.7969731994639404
0.310741929107784 -0.9515463485791813
-0.36318272537928975 0.9327911384581606
0.0807954713772692 0.9977339784756881
-0.6803006349987687 0.7342969739964016
-0.3872636355514557 0.9230535610567078
0.9973778355659373 0.08507909920659827
-0.535653727262666 0.8456217147576175
-0.8610254430796452 0.5105254022764202
-0.827657495656701 -0.5630133833962369
-1.0004160868385452 -0.03418556997700114
-0.9214787524447237 -0.39099604702978236
-0.73216569268212 0.6825938751990904
-0.05865704942928616 0.9992799160156529
-0.9554587588325256 0.29849549438845774
0.7058753350726183 0.7097471460570438
-0.9174172468878978 -0.4004330095192329
-0.9966699780885814 -0.09300513306751762
-0.9222411884111811 0.38919428361415115
-0.5687269390164316 0.8237418702706572
0.9951468803744736 -0.1080911026909851
-0.6804961249536274 0.7341158109747379
0.6147374782157627 -0.7899992613141639
0.5344982627384832 0.8463525312359756
0.7824387450568788 -0.6243321313482244
0.747527724070341 0.6657351588629041
0.3009455010819637 0.9546899001133958
0.9892578232869806 -0.1528723620066912
0.9633180522659519 0.27206493742952725
-0.9813523986358967 -0.19735366652680172
0.9789977798053746 0.2087207395927563
-0.6972469094897911 -0.7182254153167618
0.9059174913336613 0.4258104025217393
0.7729675007590097 0.636020630774168
-0.7389711448151083 -0.6752204433595359
-0.4509238489840627 -0.8936826519617566
-0.8272858614310606 -0.5635593167327357
-0.9385816526016845 -0.3479446527818625
-0.586805663592659 0.8109624610150454
-0.9323685624720818 0.36426619897232254
0.825603623513667 0.5660208978837293
0.19860500158088823 -0.9810999201646361
0.6549335166617246 0.7570093055921482
-0.9374360930853408 0.3510193319190442
0.8119888430042309 0.5853845905357012
0.9465585117688367 -0.3256193848620889
0.9601372183954916 -0.28308571467272603
-0.8009989814036017 -0.6003345998611045
-0.7390015256172129 0.6751871926624733
-0.07180542579495681 -0.9984212441782301
0.9064353169053208 -0.4247069769461655
-0.9617155809253093 -0.27767632489194116
-0.7054436802024827 0.7101761852261574
-0.988801553589249 0.1557963016874513
0.8854971946299514 -0.4667930144105478
0.0335577544241608 1.000437342924587
-0.15955040448231206 0.9882027466211226
0.5262446751250012 0.851508979343484
0.15090338903573583 -0.9895600877043947
-0.26059312220586067 0.9664844668482787
-0.023510073584098668 -1.000723876221643
0.9943223682012902 -0.1154297539396931
-0.9922473391522417 0.13208413207231293
0.8914904887402 0.4552424721901057
-0.3456035542114259 0.9394462109756098
0.7481951463820108 0.6649849794772822
0.982704177988419 -0.1905085262241706
0.9031919572916002 -0.4315614536584196
0.9752100248936847 0.22575740817713785
0.2010253028745229 -0.9806068669982922
0.5026756267337498 0.8656316851223919
-0.9835957287924258 0.18585059133964754
-0.9886373802733007 0.15683472296129147
0.9890060989637686 0.15449251183299637
-1.000920507783128 -0.012614955377056414
-0.9930820280723585 0.1256546279278699
-0.8056255925023098 0.5941114413182953
-0.8318886988608285 0.5567424832969349
-0.36869417951582417 0.930626456743603
-0.8912260436089514 -0.45575995786503165
-0.36380264476092455 -0.9325495352338966
0.8076924142695111 0.5912985404442399
0.6883779557100722 0.7267302044723487
0.8946512519772938 -0.44899903934803786
-0.8824002787479517 -0.47262114644346703
0.07570204175576416 -0.9981333582613139
-0.9994574238495406 -0.05555049875599493
-0.5569436706480274 -0.8317540187610166
-0.11679172157887852 0.9941633134302641
-0.4958229595301244 -0.8695749495027951
-0.5806265677551339 0.8153979328014592
-0.7833236969086419 -0.6232214581201279
-0.2777106640387741 -0.9617056655126573
0.9420800043261806 0.3383581910472743
-0.6095093468010513 -0.7940398958252385
0.9845617989177962 -0.18066284651735423
0.9699350135855592 -0.24744104231267128
-0.010089975372817125 -1.0009491457596513
0.10570949684302944 0.9954026834789996
-0.3092935514888047 -0.9520181190541712
0.7860946569953225 0.6197226720424275
0.74024298040482 0.6738258899459039
0.33037225001270754 -0.9449101419825808
0.9903111910434012 0.145892922700864
-0.9929398499515159 0.12677323999275755
0.14298282990055933 -0.990735540067897
-0.7347414643793895 0.6798205502348618
-0.9993946493557992 0.05666864070188253
0.6414058333526921 0.7685047540133624
-0.898660987009589 0.4409188478926155
0.8320527105921974 0.5564973376361984
0.9964071115748488 0.09578031114517525
0.3371957153103842 0.9424967106448268
-0.20377990878045116 0.9800381363893096
-0.3162559270379168 0.9497279550552294
0.9860310725074253 -0.17246368907644502
-0.75939272256476 0.6521684544009174
0.9785641602134129 -0.21074435780304554
-0.6042628316441108 0.798039742301999
-0.9238065910738942 -0.3854638534135605
-0.6586975918515477 0.75373634812776
-0.690003627098714 -0.7251868687384093
-0.5289058296368718 -0.8498585902231808
-0.9990861446905633 -0.06186982695423323
-0.9949887186026236 0.10953743585418232
0.2155285856421707 -0.9775215745808813
-0.5002614080762848 0.8670291365286018
-0.9542750570523856 0.30225835883837204
-0.9925864952346766 -0.12951080834332473
0.9913112224241724 0.13893545370384439
0.9864245148676266 -0.1701989320417951
-0.14437322786977824 0.9905338818407279
0.8985027114380937 -0.44124129174227755
-0.9966795896615342 -0.09290207506894382
0.02086710674277558 1.0007824757939088
0.740301153190805 0.6737619776926894
-0.42486569596811385 -0.9063609327357012
0.5558250310556867 0.8325019728817133
-0.2562719066102621 -0.9676392457327995
0.3117670202350064 0.9512109782239612
-0.9985658323146637 0.06976588373784824
-0.8250086493189823 -0.5668877565699126
-0.27733812872688146 0.9618131639535153
-0.5410206744810077 -0.8421980941465704
0.9416011965238807 0.3396883670436712
0.9994408398346039 0.05584807669653134
-0.8349699064649694 0.552110727388882
-0.26542252124219184 0.9651693557181756
0.7368899433208658 -0.6774911153901363
-0.5595851862400558 0.8299791680160907
-0.5214401621878019 0.8544595702884712
-0.6887000193421505 0.7264250018812137
-0.8307311951801487 -0.5584681560792537
-0.23318728914887527 0.9734601626052289
0.9277518755035723 -0.37586893659838966
-0.9878473422833953 -0.16173629259888603
0.9694942627704626 -0.24916234558046135
-0.922232970096504 -0.38921375729408775
-0.6730406112181487 -0.7409570403546354
0.7748636264676104 -0.6337092080579733
-0.6327238095910501 0.7756684734966276
-0.9096959770212563 -0.41767718323047287
0.04122013011179696 -1.0001509390454855
0.6976485711464723 -0.7178352674376521
-0.6610163899170117 -0.7517036199600752
-0.9305825325518057 -0.368805029940574
-0.9127849354961721 -0.410882783201303
-0.020392441308680346 1.0007922603305204
-0.47194207944439986 0.8827636567336106
-0.7698364523547192 -0.6398068744753372
0.9776680225521839 0.21486329998141226
-0.455542990351705 0.89133696430779
0.8426610054163326 -0.5402993891822713
0.33379050554323164 0.9437080578278401
-0.6318017985759234 -0.7764196592798435
-0.9584123377884873 -0.28887158180549094
0.681446028610085 0.7332341441119222
-0.8940644772673576 -0.45016631425357306
-0.16620355043106957 -0.9871055565764519
-0.9593931541312094 0.28559722653795067
0.29303846944744166 -0.9571465172187071
0.6354633504692176 0.7734257108542723
0.442563420356019 0.897852225570991
-0.8283443067049759 0.5620024106260159
0.9737881207383938 0.23181392518308142
0.9958253025066826 -0.10165120209556913
-0.18775157040900506 -0.983234635175629
-0.17491842368485733 0.9855985719630507
0.11517503537538061 -0.9943519051252829
-0.9346750383985646 -0.35830653440126053
0.8230159859334599 -0.569776874660577
-0.9320050452911042 -0.36519528413155455
-0.7879693715346506 -0.6173372413221866
-0.6077140265999339 0.7954147734821719
0.7528247552171747 0.6597392575345209
0.7690567370045048 -0.6407438921035329
-0.985568659367895 -0.1750868860645201
0.3406766570627294 0.9412440785112879
0.9908095701890896 0.14246892861852956
0.1272329682219367 0.9928810461467354
-0.2286695493498559 0.9745312910318139
-0.5014685061665699 -0.8663315400717376
0.8284253425747029 -0.5618829520282549
-0.6041856544076843 0.7980981737906423
0.6737781098896609 0.7402864706541084
0.6367422110757336 0.7723731977706023
0.06595699650369041 0.9988246465782731
-0.8384847828983105 0.5467579618514696
-0.3604044391202267 0.9338681064595978
0.8485179544475352 0.5310539341537454
-0.98165384722414 0.19584872792552088
0.718955209873123 0.6964943691059488
-0.4855819234297524 0.8753349048440043
0.4851816506363557 -0.8755568318994383
0.7967441727814517 -0.605970067857151
-0.9624859572130932 -0.2749941493333918
-0.9283236017941883 0.3744546572708975
-0.5184298352189011 0.8562893821336939
-0.41485392437468355 0.9109869491002186
-0.5357210712828648 0.8455790523561588
0.5958606499493576 0.8043326959921057
-0.9998897238675017 -0.04713321656932819
-0.8587277568675818 -0.5143808312769548
-0.7238698159554171 -0.6913851962174707
-0.9734150341961874 -0.2333756011258148
-0.9720256953467045 0.23909631445456392
0.6152369090208324 -0.789610375931378
-0.18139189780797058 0.9844277420967081
-0.9964846929659288 0.0949697672135642
0.9791169924555988 0.2081607914202455
0.31324142476078265 -0.9507264642439669
-0.9084141593971565 0.42045774461502966
0.7817896674812079 -0.6251447159015441
-0.7389684348446556 0.6752234091789472
-0.4117478034954181 0.9123950604407602
-0.9360968639815554 0.35457532520452856
0.9477155974309753 -0.32223616554640383
0.2875535614849105 -0.9588086093049769
-0.8718465173191884 -0.49181770020852444
0.7276430977901325 -0.6874129197493888
0.4384793759430647 0.8998537863856442
-0.5034623900925014 -0.865174330272429
-0.22302149425028792 -0.97583933775103
-0.8959176694598264 -0.4464667171802094
0.6397697969157438 -0.769867265802611
0.08409604341529259 0.997461205000923
-0.7951840915503617 0.6080158390578538
0.5952029508217049 0.8048195122716243
0.2749252916650048 0.9625056280370065
-0.36775826730201117 -0.9309967007626947
-0.9702062215793311 -0.24637550123491944
0.29216607975754166 -0.9574131719582251
-0.6481145514368704 -0.7628555093959697
-0.8776236976704216 0.48143290839669084
-0.8193022747597433 0.5751041493273286
-0.7153207515553619 0.7002265507635884
0.24951592112503942 0.9694033242696886
0.4656466323044023 0.886100566427744
1.0000491945464502 0.04361890057069726
0.21796378525403548 -0.9769814677452857
0.18822463501809517 -0.9831441841216907
-0.7767785022302163 0.6313605613854748
0.14803248216675602 0.9899936283752281
0.9920034657240628 0.1339034129193433
-0.9642371812015714 -0.2687892452990776
0.9954351176855525 -0.10540363598258891
-0.12929361534837655 0.9926148099994005
-0.8982224287409861 -0.4418115757952073
0.3319423276849138 -0.9443597254707135
1.0009830291033808 -0.005828846113996656
0.12802209682242577 -0.9927796043056029
-0.2048480547838288 -0.9798154287677253
0.32305734641771755 -0.9474359877720198
-0.9064036644576572 0.4247745249632219
0.989880554823515 0.14878671708956487
-0.4816361892133354 0.8775121544685612
-0.545811550064425 0.8391011570819513
-1.0008799712357657 0.015501070256373706
0.8977493497615485 0.4427720689053419
