1000
-0.40053754410750264 0.9173716126850288
-0.9534263817863887 -0.3049248014080117
-0.9971870500572304 -0.08728680998958895
-0.2566429092786765 0.9675409123737234
0.4326097399555691 0.9026903194870181
0.968811984525342 -0.25180218156336215
-0.8896395571711709 0.4588490583146957
-0.18279147158024997 -0.984168825922426
-0.10003129661270332 0.995989327100437
-0.6902776062107513 -0.724926083379509
0.708558182056607 -0.7070688104001167
-0.9888262583936489 -0.15563942531125108
-0.6442322254869708 0.7661369588031274
0.7498952685985737 -0.6630671807090689
0.5570082942927843 -0.8317107430405374
-0.5140634521273377 0.8589177883749551
0.9199278089453531 0.3946312536140566
0.2842172034947329 0.9598028866583147
0.9913763591211505 0.13846990494577377
-0.3376854722858345 -0.942321347421936
-0.997644068618203 -0.08189818283037911
0.977276498542498 0.21663712838872956
0.9079472934125733 0.4214649598540578
1.0008635732659061 -0.01652597075521785
0.9619461285359968 -0.2768765894665123
-0.13453639892164046 -0.991917817848433
0.47739204931560014 -0.8798282964591737
0.9369854876163827 -0.35222037987074156
0.545193398736916 0.8395029231477935
0.902829544927789 -0.4323191099240021
0.6559983943567456 0.7560867057430462
-0.8028895858931869 -0.5978037410925652
-0.023732967065707808 1.0007186149334177
0.8102819740177835 0.5877449468790388
0.8169917406695231 -0.5783817905828145
-0.16505995841610355 -0.9872974273883601
0.8792339145991466 -0.478485865432471
-0.30863244541900847 0.9522326468015485
0.956854244952591 0.2939914180995887
0.25576313016071095 0.967773848195122
-0.5839033924203895 0.8130546281277542
0.6877477851949798 0.7273266006130946
0.10358699313509719 0.9956258006164914
0.9792365534286773 -0.2075976214438044
-0.3421824224379115 -0.9406977143453271
-0.9989654081341929 0.0637896022192128
0.8389420860495854 -0.5460560193375492
-0.8919313080493457 0.45437819239195776
-0.005427350911011857 -1.0009852865362652
0.10515979334206328 0.9954609072506336
0.8185633477857501 -0.5761554006184313
0.32921730950702655 -0.945313156113335
1.000922117212289 0.012486603832461921
-0.8561557660901188 -0.5186504643694458
0.9635641609121921 0.27119201279828103
-0.9989010554403195 0.06478951643758231
-0.4150910897058495 0.9108789092117626
-0.44376160830999994 -0.897260628240269
0.7283239023880854 0.6866915560935569
-0.9159419793883566 -0.4037961000234392
0.6267862420472621 -0.7804742191643943
-0.40287697797943084 -0.9163466268908078
0.7394767679602741 -0.6746666655816239
0.9938096819799328 -0.11976358379300771
0.35109109228398255 0.9374092195614677
-0.3084364355243385 0.9522961541668855
-0.9208693029381103 0.39242926357023744
0.22955008817770317 -0.9743242566094763
-1.0004351254128352 -0.03362379871764494
0.06644861241521854 0.9987920613962108
0.8876538760859539 -0.4626787181939342
-0.35163671259998397 0.9372046854086232
0.22896200387072538 0.9744626215425105
-0.8396402212955352 -0.5449819251890697
-0.328201400058927 0.9456663476085845
0.35683508332738006 -0.9352377897127242
0.9533792971066565 -0.3050719846993784
0.7386169368969544 0.6756078896290069
-0.9578564506852867 -0.29070951116292204
0.2610984249655365 0.9663480803936624
-0.999444638553479 0.05578005438062702
-0.9860559566405943 -0.17232135785677385
1.00096789339786 -0.008017255556001364
-0.99927957094999 -0.05866292766308149
0.9189031939599597 0.3970112342619345
0.4277044845664638 0.9050247918602757
0.9462910874147077 -0.3263957381454148
0.9323738750931353 0.3642526005999281
0.7548902853754852 0.6573748223393702
-0.606039867425757 0.7966910813424304
-0.6308621966138879 0.7771833045578761
0.7694995949173398 -0.6402119753816309
-0.4555585972882297 -0.8913289877687028
-0.31128513669850477 -0.951368784263281
-0.12514895136457085 0.993145880509177
0.5962854084394568 -0.8040178553254835
0.4446957180768149 0.8967980365300461
0.08001050245428862 -0.997797233658729
0.5794456893847786 0.8162375224488266
-0.7418111147929157 -0.6720991518888352
0.4753172321022359 0.8809509230749856
0.8372409155754178 0.5486607779734545
-0.620594315090919 -0.7854067074305089
0.8995748451366208 0.43905136145720436
0.12458560922328019 -0.9932167064515498
0.9750332067486317 0.22651985726968868
0.6808817333608309 -0.7337581789496799
0.8929431192384045 -0.4523865446769925
0.2426327393114681 0.9711489864146557
-0.9841940079942042 -0.18265583655690895
-0.766372559529661 -0.6439519392004005
0.2956019123650563 0.9563579400026548
0.4174964180750086 -0.9097789516660284
-0.9938220514647961 0.11966089596148058
0.7896689580343004 -0.6151617159064943
0.9573879542741436 -0.29224870403608355
-0.9840655747204808 0.18334651523835854
0.448933156598589 0.8946843135466425
-0.9998957952075261 -0.04700424157785091
0.6170598143801148 -0.7881866438079107
-0.9534233766647446 0.30493419753972595
-0.5859786723998497 -0.8115602229610009
0.39309159545347205 0.9205867680907889
-0.7753597145905889 -0.6331021347223531
-0.9405397106128836 -0.34261648057300664
-0.11544126871729778 -0.9943210313962692
-0.3677471320237381 -0.9310010992949016
0.0912195401179594 0.996834989103346
0.9245714983396288 -0.38362552633787783
0.8289138924037182 0.5611619721436201
-0.3407121890189834 0.9412312172117394
-0.6119792595184054 -0.7921378579005705
-0.939120994377179 -0.3464863026441575
0.6897948794073335 -0.7253854315764979
0.5784165234182331 -0.8169671507697018
0.5314170969350638 0.8482905569939518
0.8348626279091291 -0.5522729329965963
-0.5339980007412368 0.846668255696623
-0.8009678505210116 0.6003761341290562
0.971454213684106 0.24140776854814583
0.9081343239662867 0.4210618121301141
0.7743194850096571 0.634373971041041
-0.09917505932590076 0.9960749507982338
0.4517889447935879 -0.89324562655649
0.9987417046793207 0.06720124503493013
0.8647159537260667 -0.5042492631344333
-0.9721387123213634 0.2386363844977572
0.22071524772595894 0.9763635487979201
0.45563802330878106 -0.8912883886348271
-0.21966297677673713 -0.9766008276842605
0.8059654971978146 -0.5936502483168685
0.7759309958346108 0.6324018419510726
0.8865647667766109 0.46476221265323775
-0.6837553053565448 -0.7310811736030263
-0.3972239576799475 -0.9188112577918707
0.7193571212621352 0.6960792570458149
-0.9807604030824418 0.20027489045201413
-0.8431583124204682 -0.5395229932044306
-0.9424006165453687 -0.3374641876331606
0.015209512459984423 1.000884444244554
-0.684543680968736 -0.7303430350498137
-0.9575233525753499 0.2918047793865997
0.9831143446587481 0.1883804271313772
-0.638615916923359 -0.7708246951493818
0.14620879977197437 -0.9902646044715718
0.7157951602011999 0.699741587039486
-0.9777679106513738 0.21440828552191515
0.6070353573643429 0.7959328331646739
-0.2909358933654178 0.9577877144501626
-1.0009961460533012 -0.0027776944464929817
0.8530111548584312 -0.5238062329593698
0.44338380878263045 -0.8974473790197438
0.12623988490575414 -0.9930078003011769
0.11646759078091726 0.9942013379078147
0.15974693783859145 -0.9881709952488958
-0.10964901793521689 -0.9949764282965916
-0.9380168776787436 -0.34946435753853483
-0.5357256666629397 0.8455761409113604
-0.5215741460251947 0.8543777912598671
0.27289770739772606 0.9630824685856684
0.576104045335654 -0.8185994923941101
0.8190286330476625 0.5754937864547953
0.5434820121015843 0.8406118619922117
0.7490939227057392 0.6639723600913883
-0.28776040994602786 -0.9587465496509983
-0.515017442551845 -0.8583461037759518
0.011056885323976445 1.0009389318469595
-0.8422964856324331 -0.5408674794173268
0.5843425363330944 0.812739072662196
-0.26375741836915617 -0.9656257164425759
-0.9913632996094729 -0.1385633724597471
-0.11545810683142836 -0.9943190763366166
0.9000608710251761 0.438054138719635
0.7615065964094968 0.6496989330642492
-0.3780599830590747 0.9268611811967162
-0.6557246421558508 0.756324132676977
0.9955593927218401 -0.10422329664389264
-0.22986611848520289 0.9742497459956284
-0.3036533614345369 0.9538320796080967
-0.946214212658975 -0.3266185294225606
-0.8944533802356968 0.4493930913854106
0.1576428295503633 -0.98850884583364
-0.9724134010413915 -0.2375145837103773
0.34675722510575824 0.9390209938212002
0.142713548232156 0.9907743654086879
0.46545565566589514 -0.8862008985600454
0.7269627058588887 -0.6881324177004909
1.0006277916414499 -0.027295102028660874
0.9207288570648176 -0.39275866860976455
0.7723456024496278 0.6367756829345177
0.9959931439791416 -0.09999328550730147
-0.3025553726553779 -0.9541809296340844
-0.8689107046855197 -0.4969861037120792
0.8362407651698027 -0.5501839534812177
0.42075547630522164 -0.9082762956056741
-0.9236659169285288 0.38580082154471873
-0.8701495733944525 -0.4948138234947083
-0.3156022184908117 0.9499453877374625
-0.9206719037818661 0.39289215516051507
-0.039018452655476994 1.0002392515555327
0.09620658682962013 -0.996366043505395
-0.04450667145957182 1.0000100780470114
0.8029067566252789 0.5977806789830825
-0.34486511554539007 0.9397175384549683
-0.6064279418575073 -0.7963957253366368
0.9140983777092623 0.4079523941212932
0.9781435288817231 -0.21268812121698222
0.9695120242307491 -0.24909322526314423
0.7782775269428751 0.6295117878607852
0.7219476484323676 -0.6933920917655282
0.15439630718600506 -0.9890211222857299
0.5459937767011055 -0.838982595650031
0.6966611473032356 -0.7187936044777663
-0.9720640452083437 -0.23894035241706474
-0.9823616890869281 0.1922667725174519
-0.6663708776346167 0.746961078932812
0.9916325814460557 0.13662292419148367
-0.8577822807843107 0.5159559659239014
-1.0002596914271822 0.03849090419824149
-0.26660671286092447 0.9648429201986676
0.9692918807028635 0.24994849470141978
-0.6168331596793731 -0.7883640359123194
0.484480707203523 -0.8759448865925151
0.9473637374641163 0.3232691586557881
0.9708290252531782 0.2439098270385263
0.6870868082893398 0.7279510408501165
0.9896048255948232 0.1506097246509649
-0.7194785269249313 -0.6959537695091038
-0.3073082381988223 0.9526608246039804
-0.017611089562073617 1.0008450676925158
-0.7726109334631657 -0.6364537261208987
0.47735585403445546 -0.8798479349404849
-0.7104685541575227 0.7051492278612516
-0.8363432344054661 -0.5500281758821121
0.719251683355652 -0.6961882044318625
0.8505803959958119 0.5277442467214662
-0.3737926595181147 -0.9285903551568768
-0.6482512378332723 -0.762739360887866
-0.7041397388092789 0.7114690634381795
-0.9961293696591073 -0.09862696843434685
0.9694864340594742 0.24919280522247214
-0.8004659133958808 -0.6010451908894192
-0.0066229754958243865 -1.0009780897679939
1.0007920868000806 -0.020400955819277245
0.24203066260316214 0.9712992115511442
0.3759586882932961 -0.9277155084921154
-0.19837106142047298 0.981147247863905
0.5149940219048472 -0.8583601559964615
-0.8269110926105565 0.5641090718270853
-0.5027113060462945 0.8656109650259918
0.6300415728525695 -0.7778487105327491
0.20706592768875814 -0.9793491214017573
0.03185103044860184 -1.000493134338943
0.9113236554751352 0.4141137464168959
0.12774114933875397 0.9928157929674639
0.9966670042883279 -0.09303699566801475
0.33861385893566753 0.9419881392760185
-0.5808263461295413 0.8152556382152817
0.6855231237636615 -0.7294237772278276
0.29643581135697555 0.9560997906835518
0.34998235066747985 0.9378237330230373
0.6554965366525701 0.7565218373824286
-0.41682570828882665 -0.9100864403503208
-0.1654089518714359 0.9872390179894598
-0.6521691943831035 -0.7593920870654985
0.23934928031692465 -0.9719634365611549
0.5143970901005431 -0.8587180175681035
0.987882195332056 -0.1615232743164819
0.17213426141864271 0.9860886349846338
-0.6914640687318927 0.7237944747321137
0.9389775469878554 0.3468748567605756
0.12324393420750776 -0.993384081149409
0.5518858006587565 -0.8351185921958889
0.3903062466240035 0.9217711396253859
0.08011953385872114 0.9977884847472741
0.7173772811191524 0.6981195001818046
-0.20542743313141765 -0.9796941204871227
-0.0838608521282019 0.9974810060749688
-0.5487631163259411 0.8371738422575336
0.01598259724903005 1.0008723977536673
0.992339873743576 0.13138711876962458
0.755375383787596 -0.6568173487109958
-0.7731715130855319 0.6357726097851566
-0.057052448219009025 -0.9993728123939621
-0.9989573714100308 0.06391533544902718
0.9622228904020614 0.2759132276392389
-0.426389039621146 -0.9056452875662506
0.9643988664731071 -0.2682085500974682
0.994382059841284 0.11491439886195771
-0.9984537893838903 -0.07135145734286018
-0.3861919396496806 0.9235024557355641
0.6903273613377299 -0.7248787030865835
-0.751956824313119 0.6607283362842319
0.28739150547416414 -0.9588571961357403
-0.6509734264908801 -0.7604173840745112
0.13259167775269534 0.9921796445154101
0.2497000414154837 -0.9693559146758768
-0.876391949389352 -0.4836715321843238
0.07743966692202775 -0.9980000490916849
0.6283042483641228 0.7792527006610851
-0.949808128896557 -0.3160150602139422
-0.7225646455641189 -0.6927491125803042
-0.49337498635269894 0.870966200745743
-0.16126007857349903 -0.9879251930477676
-0.5638212317499731 0.8271073803490954
-1.0005976266852723 -0.028379384626883587
0.29892713095952883 -0.9553238039410012
0.16073648596936507 0.9880105171900855
-0.7422008754071058 0.6716687133884723
-0.9939595022386811 0.11851374565607713
-0.5816673491404228 -0.8146558137912927
0.018657416593764305 -1.000826109174839
0.9788549338813317 -0.2093896330198173
0.786598342152477 0.6190832319833697
0.9875169701008215 0.16374136240697776
-0.9916846985223695 -0.13624411442920104
0.968341318923284 0.25360617119051865
0.3742674414030933 -0.9283990964588354
-0.01770955788286187 -1.000843330176903
-0.2114917588015907 0.978402900628882
-0.31997260965706725 -0.9484822239078844
0.2902033371675472 0.9580099284959519
0.8606901682967161 -0.5110904364174412
1.0004513714351426 0.033136888712464486
0.9965745758941689 -0.09402188405556185
-0.9788361342943254 0.20947749807495147
0.10282860831044811 -0.9957044126210028
0.11924300370237091 -0.9938722785489272
0.18413724650145533 0.9839179205862968
0.6607943880824512 0.7518987808732894
0.7371529315101449 0.677204958314689
0.9951932286969232 0.10766353865535684
0.4627024815619872 -0.8876414893167055
-0.8080222821186606 -0.5908476890026326
-0.5129238351943778 -0.8595988246208173
0.8325617840451087 -0.5557354368290955
-0.9866643192206256 0.16880320250783046
0.5662601113722987 0.8254395715427216
-0.5911432794809081 -0.8078060553898795
0.8567324105675966 0.5176973794438552
-0.7087035999452242 0.7069230562265455
-0.8909826797286972 -0.4562355361252232
-0.697044935187641 -0.7184214350430098
0.9450880116245665 0.3298630780847157
-0.9978134219406861 -0.07980836419209691
0.48282716409891796 0.8768574169203318
-0.9784295036358022 0.2113686505019077
-0.8422642979383265 0.5409176022449796
-0.075386903977476 -0.9981572094157768
-0.4888917536696535 -0.8734906142562786
-0.9866655642994779 0.16879592478964894
-0.9791031650131972 0.20822582035170373
-0.7029615645959221 -0.712633172607656
0.3053034238255263 0.9533052078953577
0.95007676335751 0.31520650965377894
-0.6257568484621328 -0.7812997930389713
-0.7156775249055628 -0.6998619009097777
0.5323568658819221 -0.8477011073181261
-0.35935820821949327 0.9342712016247078
-0.7686355607806151 -0.6412490738421923
-0.7291526569506974 -0.6858114922205216
0.6243503565751508 -0.7824242022358985
-0.870682506294795 0.49387546328220655
-0.6313566917547039 -0.7767816474251666
-0.7869254458281504 0.6186673926336886
0.9943182546058961 0.1154651833129121
-0.09926684800896277 0.9960658075079002
0.5551539123073014 0.8329496585327933
0.8334354679890916 0.5544243146704552
0.9737104365585886 -0.2321400132180637
0.9607270994086216 -0.2810772855673268
0.989973504029274 0.14816700482901454
-0.3024205073436891 -0.9542236827589147
0.9810166308842493 -0.1990160042019646
-0.047834923067281834 -0.9998563997570588
-0.8668202794599427 0.5006232147203992
0.3504372915789071 0.9376538298705126
0.7745296172012672 0.6341173961326548
-0.9181605354236805 0.3987257593766677
0.31602664245493267 0.9498042752370943
-0.8754644074917284 0.4853484018879191
-0.12575890377269494 -0.9930688284917063
0.982428060207345 -0.19192734697596758
0.9363885769428981 0.35380422972436915
-0.3182236254767333 0.9490704527001375
0.28788031907744377 0.958710551672333
0.3861806421463706 0.9235071800648963
0.9902022758734896 -0.1466303272006218
-0.998411719367778 0.0719377413398376
-0.7297981889720705 -0.6851245166924668
0.829264719947338 0.560643402039713
-0.4334369592772868 -0.9022934125507398
0.9560324395681352 -0.2966529529490643
0.33027171886482615 -0.9449452850393367
0.7783123358819029 0.6294687504666582
-0.8031168513193234 -0.5974983875517456
0.6459741631203457 -0.7646688045036026
-0.9902323166382356 -0.14642731673179313
0.37977730982043495 -0.926158838939387
0.8782320857468575 0.48032218725010434
-0.9561587254634764 0.2962456610991299
0.9989299209190099 -0.06434293351053118
0.23143743371550857 -0.9738776690504714
-0.5886324519424564 -0.809637472280163
0.5728758104244991 0.8208619286033879
-0.2103150634573329 0.978656514862563
-0.5075369091622646 -0.862790406667816
-0.7757418335392502 0.6326338654365273
0.5474837148892917 0.8380110869976725
1.0009593818324858 0.009017534115716775
0.48671369086440625 0.8747061124315682
0.380807671806902 -0.925735662645124
0.7684465625755149 0.6414755493905243
-0.7327223088602901 -0.6819963475697254
0.5369483987084255 -0.8448002232033665
-0.5545117573197665 -0.8333772921037292
-0.30950859270834136 0.9519482291804015
0.09423459436275387 -0.9965544848252338
0.999525185040868 0.05431762576750421
0.7730072713882093 0.6359722937211615
-0.057964626524982424 -0.9993203200534948
-0.9673399134660721 0.2573994790504677
-0.003925943177233419 -1.0009923011542943
0.993876693198943 0.11920620250613721
0.36304092685347317 -0.9328463353786469
0.3943890554097638 0.9200316695489315
0.984996442411808 -0.1782778966559844
0.9460827360623466 -0.32699916899708537
-0.44654557717399757 -0.895878366468541
-0.5727011308435733 -0.8209838090550217
-0.2767093684088997 0.9619942439717339
-0.7805762438044919 -0.6266591797844109
-0.9549118305709655 0.30024056327486404
0.5761694435094239 0.8185534633522974
1.0000294481132925 0.044069296638629345
0.8641752568119777 0.5051753413558033
0.7398122567759461 -0.6742987651805997
0.9983281801542605 0.07308792451480925
-0.8400596574600826 -0.5443351650481979
-0.1076725542161108 0.9951922533202209
0.542256893459688 -0.8414026749989856
0.2789659775807706 0.9613422820995677
0.5211845986113394 -0.8546154773758413
-0.24359013219348788 -0.9709092890162082
0.9509563155590964 -0.3125429344878366
0.8002781635677968 0.6012951529129057
0.6024117370444586 0.7994379895095542
0.6584071038896259 -0.7539901097147597
0.28478995732165857 -0.9596330966618064
0.24718629263715952 0.9699999673877812
-0.013620978609117736 1.0009073228534848
0.16162472231089303 0.9878656027709067
1.000173013162697 -0.040680999754821395
-0.9680189869975432 -0.2548337513208372
-0.8123656839925038 0.5848615182001562
0.1909498513366988 -0.9826185191998432
-0.9745372280249862 -0.22864424592229743
-0.6128219370210854 -0.7914861170644276
0.5022773330450931 -0.8658628532909289
-0.7955747559319364 -0.6075045742410834
-0.9959661809622627 0.10026149001209536
0.13484198554687535 0.9918763223979975
-0.6659789888258607 -0.7473105020287645
0.9856436227509643 0.17466438941683218
0.28996686774727687 0.9580815286857551
-0.9093553870431157 0.4184181880077219
-0.9840206532907592 0.18358745571859625
-0.7234779045105424 0.6917952888572128
-0.9768568153201004 0.2185217663361507
0.7285454320978786 -0.6864565196495079
0.8329242859756519 0.5551919792575811
-0.9297711007172297 0.37084592524533855
-0.7156175082248186 -0.6999232685959953
0.4079266073035165 0.9141098856559
0.2923799269239367 0.9573478878296819
0.6565093623682323 -0.7556430752166375
-0.9505291571211063 -0.3138396429112157
0.20997597777600913 0.9787293235399709
0.6400130817349238 -0.7696650279232946
-0.7961866078338157 -0.606702468683029
-0.7143242910135956 0.7012430443633105
-0.9215710396357457 -0.39077847804695026
0.9960525001354165 -0.0994002865890541
-0.9997793843217553 0.049418444787467784
0.7063801955279307 0.7092446822965417
0.9689095032408616 0.25142667823750714
-0.9760142075545947 -0.22225495866589054
-0.581285742758483 -0.8149281473023979
0.22440753477158093 0.9755215314577848
-0.994293718537795 0.11567627793235716
0.7276012474340706 0.6874572166559779
1.000250113071992 0.03873901521034498
-0.9593883018556834 0.2856135260495696
0.9793349392355459 0.20713299300813823
-0.9966207328149143 -0.09353135796866935
0.24254657319357809 0.9711705101742187
-0.542350783671882 -0.8413421583698841
0.8944329015503999 0.44943384899686023
0.9514085938325868 0.31116344191035666
-0.46412832186207076 -0.8868967813931327
0.5407395806722208 0.8423786000928744
0.9680847629549578 0.25458376172576896
-0.22126574275397837 0.9762389415934658
0.989972627116895 -0.14817286377496125
-0.47568201473383653 -0.8807540070069271
-0.7371692960466292 0.6771871447141603
0.9987007585330047 -0.06780704171102835
-0.1662885653837114 -0.9870912384489223
-0.9547028478219076 0.3009044239633897
0.9207188403649318 0.39278214953973556
-0.25579532099501967 0.9677653402333929
0.057797739543685764 -0.9993299861925691
-0.8885565073685956 -0.4609428741318418
0.6829904406706749 0.7317957761236923
0.840303173552002 -0.5439591680617525
0.9984525435244428 0.07136888908740718
0.8247667091719104 -0.5672396984007179
0.8995103212787721 -0.43918354012071104
0.19652151310138308 -0.9815193808011857
0.7900207742227603 0.6147098309743146
-0.11804877120943276 0.9940148326941318
0.8902932305384741 0.45757946157729523
0.8740394473831178 -0.4879098732534668
-0.8787639671810653 0.47934840146202173
-0.9926041259401265 0.1293756127198533
-0.7143876123729735 -0.7011785359578843
-0.8582028279860904 -0.5152561557484558
-0.007562023433770493 1.0009714360567874
0.9599412268608625 0.28374960964354146
-0.9419689166665003 -0.33866732944608
0.585888127904011 0.8116255919949378
0.15335688190682192 0.9891828277784734
0.4630966101563689 0.8874359298910993
-0.9543451719518798 -0.3020369063080485
-0.4813487440943621 0.8776698619405706
-0.8224971536842534 -0.5705255753963198
1.0002630229148655 0.03840423139726983
0.6568889721902422 0.7553130994593218
-0.4311163229223698 0.903404514107548
-0.415244961964609 -0.9108087733234734
0.9463904463835078 0.3261075328691825
0.8195902215192791 -0.5746937173747241
0.3637006566118616 0.9325893160336444
0.5034044981638138 -0.8652080161605293
-0.6244899853349939 -0.7823127624015214
-1.0003375632688951 0.03641098066860063
-0.9951361676834395 -0.10818968420472122
0.8220991157535357 0.5710989790546422
-1.0009926894655043 0.0038256550571646813
0.25775683673011957 -0.9672447534718823
0.5685741423495717 -0.823847343050549
0.11206591461520812 0.994707108038068
0.26822629486399396 -0.9643939313079142
0.5383585518763615 0.8439022867735263
-0.5117652129849524 0.8602891181332392
0.9899197837645318 0.1485254917904082
0.2569734773921553 -0.9674531678158811
-0.6400239262909246 -0.7696560100299024
-0.16880165097542096 -0.9866645846628793
0.8205632915376455 0.5733034838381021
0.07303551721145334 0.9983320155267261
0.5152592460063988 0.8582009726194194
0.7470281852338837 0.6662956479417904
0.8556069319753159 0.5195553656308315
-0.8433150091682563 -0.5392780315491664
-0.9058908762332969 0.4258670219179568
0.4305857935117114 -0.9036574984062766
-0.25786762729691964 -0.9672152225809192
-0.6902047746100132 -0.7249954269549159
0.052961877741170574 -0.9995979389265113
0.7415688590071371 -0.6723664382989777
0.7952034159572993 -0.6079905650993629
0.5690271107039776 -0.8235345452887105
-0.8086530846178416 0.5899840580372067
-0.9727787494722296 0.23601378047742286
0.12900114330177403 -0.9926528622972056
-0.168119606019039 -0.9867810284313349
-0.3054051750304951 -0.9532726152914458
-0.8016467890077266 -0.5994692866808118
0.9999797847295545 -0.045182188218739705
-1.0000531991108303 0.04352699103078142
0.9885061683056451 0.15765961823400348
0.9860815242138742 -0.17217499122707333
0.03976004793416943 1.000210047234216
0.8811632688820271 0.4749234607525095
-0.8823475521605028 -0.4727195756432865
-0.9997174048556483 -0.0506567905486309
0.6953993388751936 -0.7200144161695262
-0.9993911352571987 0.0567305805481271
-0.9397209418095581 -0.3448558416564189
0.8742074370468926 -0.48760881556007923
0.87388643391723 -0.48818387992172263
-0.7321087434198499 -0.6826549551627149
0.729210426245536 0.6857500669010566
0.9952604031138681 -0.1070407865891345
1.000841796684151 0.01779601107104068
-0.8997011573596857 0.43879246511949377
0.3458391367351356 0.9393595113173104
0.2476331476151579 0.9698859851560953
0.7477647908089569 0.6654688705164479
-1.000727137263486 0.023370852454023112
0.9069127917963006 0.423686426589571
-0.104575094208412 -0.9955225008362703
0.8087742742815113 0.5898179153437226
0.5147901948723771 -0.8584824140675569
0.9797758466032741 0.20503729029822237
-0.86779865773441 -0.49892533472891143
0.7139172199751614 0.701657468443782
-0.3047966224485096 -0.9534673664808779
0.674078364960823 0.7400130795409927
-0.8171293057849002 -0.5781874243076263
0.8812396044868133 -0.47478180197215314
0.9735191457668719 0.2329409213198485
0.9769339150664509 0.21817682185084789
0.20280829585459925 -0.9802396620891002
0.5829903390112836 0.8137095701904388
0.27676244492230384 0.9619789753838847
0.396685920294939 0.9190436772209236
0.24371455350813198 -0.9708780646447481
-0.9877990516626526 0.16203096473934875
-0.6534174537713736 -0.7583182914231561
0.8732017398998054 0.48940752082079053
-0.4161856991554644 -0.9103792966772022
1.0005372780942163 -0.030432797173721902
0.6002357829243438 -0.8010730334352794
0.9427779938648859 0.33640846345492126
-0.2742811713271746 0.9626893782811738
0.6230582123738996 0.7834535493527619
0.3558207895566052 -0.9356241583666564
1.0002875125958153 0.03776098707497442
0.9132898499865815 0.40975925848171824
-0.5186107346900071 0.8561798326661819
-0.9987906157267146 0.06647033877038956
0.06546971800949984 0.9988567044495203
0.017743670853117066 1.0008427259787904
-0.009702645433602925 -1.0009529752548767
-0.6798359198806738 0.7347272432950871
-0.9417659203930376 -0.33923141244032023
-1.000835226396233 -0.018161762150215397
0.9661763094563343 0.2617333357548057
-0.9966190699700211 -0.09354907467254887
-0.7237716027290189 -0.6914880093559593
0.3636960715672238 -0.9325911041429512
-0.9245283319565563 0.3837295446139477
-0.6790717401397057 0.7354335943806429
-0.6824670312982662 0.7322839279889538
0.5374508195297503 -0.84448067863439
-0.928250673112125 -0.3746354065847045
-0.07395984084676599 -0.998263964060569
-0.5526380799553862 -0.8346209634218542
-0.809341756570339 -0.5890389809440781
-0.9219047073395187 -0.3899906544844845
0.8646625345589926 0.504340858279417
-0.5447017463849992 -0.8398220094074291
-0.026431938422935244 1.000650964438253
-0.5464237878816961 0.838702595701849
0.7725979250763777 0.636469517076565
0.9921701641334816 -0.13266259986650444
-0.3682517745439444 -0.9308016064367508
0.1487880562531457 -0.9898803535359264
0.039498455366897375 1.000220411721151
0.6902485581463303 -0.7249537419566244
-0.24029510540311316 -0.9717300357194413
-0.08673315059193776 0.9972353586733657
-0.572011758406685 -0.8214642708264872
-0.8824326743449821 0.47256065774497436
-0.975798415273255 0.22320047659045045
0.20740446906079557 -0.9792774817249754
-0.5442664321151776 0.8401041904862842
0.2003551318610891 0.980744014071422
0.1807299791227858 -0.9845494780082297
-0.5426250972664705 -0.8411652654600957
-0.7521454965492328 -0.6605135517313084
0.2176044866641046 -0.9770615576224722
0.07950943435815695 0.9978372862586594
-0.9451140048393998 0.32978859570402225
-0.21686390436995076 -0.9772262005193173
-0.32502421078974286 0.9467630444839431
0.6955122951208645 -0.7199053044225382
0.5382295320494495 -0.8439845797346245
0.5150802546587889 -0.8583084126703158
0.974292327407824 -0.22968556932085563
-0.9463945135781137 0.32609572930237135
0.9085623400985532 0.4201374467417072
-0.6196262595810877 -0.786170654780214
0.7130811450397331 -0.7025071391728508
0.7852725652954099 0.6207640438962023
0.9137683496023388 -0.4086910853750274
-0.7281228663997961 -0.6869047178653999
0.9987094137733274 0.06767944178653251
-0.7820189384140446 -0.6248578878127177
-0.5637599561475344 0.8271491472790925
0.21565887335737363 -0.9774928390235031
0.9718666888380323 0.23974181764347938
-0.2697371439991627 0.9639724441845705
-0.8856612379112487 0.46648169488364105
0.7498801708177155 0.6630842551398681
-0.3435275324856834 0.9402073358702844
-0.7926795042291273 -0.6112775176424085
-0.007122399704287899 -1.0009746607294574
-0.011491822507875445 1.000934032799089
0.5265691744928404 -0.8513083486457352
-0.3930801806948235 0.9205916421220242
-0.8518779630842246 0.5256471592346641
0.2623559736264366 -0.9660074239375827
0.3631944986222404 0.9327865544542006
0.3326238194661967 0.9441199048445695
-0.333980835581292 -0.9436407163027791
-0.8195343688229233 0.5747733625682498
-0.1757018656303619 -0.985459209918914
-0.33182140943468424 -0.9444022195234293
0.6739533130496513 0.7401269700729725
0.20061024608565844 -0.9806918624957849
0.1345448427091073 0.991916672558931
0.4560464396574136 0.8910794829170948
0.6847473892007155 0.7301520478522291
-0.9985661444338526 -0.0697614162020106
0.1561815072182786 0.9887407834225443
-0.3146084876944604 -0.9502749599303375
-0.5963367332095112 0.8039797886918602
0.25555437164161776 -0.9678289947789629
0.9957973127090225 0.10192503128029529
-0.9880971519471274 0.1602030533853061
0.3889742451739459 -0.9223340157401543
0.8363046733817341 -0.5500868052224767
-0.05302780950086692 -0.999594443471721
0.9880126447854303 -0.16072340757991402
-0.4473666048133601 -0.8954686599193558
0.5687614588762473 0.8237180360396165
0.6712296919869594 0.7425979400692488
-0.9903183575009448 0.1458442689879552
-0.8698850445103704 0.4952787188414125
0.9271592125946455 0.3773284968046768
-0.8667888016652493 0.5006777140114399
1.0001669002106173 -0.040831014230424234
0.3734225251585173 -0.9287392624974119
-0.46905430229952627 -0.8843014539704798
0.9593974411872376 -0.2855828248396271
0.760183848166268 0.6512461262741794
-0.9933609481272794 -0.12343025048857625
-1.0003996359624192 0.03466364617663539
0.12079909523267737 -0.9936843455499169
-0.3800495559151364 -0.9260471559530365
0.6487853767979197 0.7622850745312947
-0.542009991730243 0.8415617439407415
0.7784837781921932 0.6292567100092046
0.9112311862834018 -0.4143171793982772
0.9701637270117465 -0.24654278085289275
0.9992968551476068 0.05836775901217228
-0.877991888120257 0.4807611094868493
0.8881240745791686 0.46177551705660536
-0.673112447705281 -0.7408917820736072
0.6251536312816203 0.7817825383669067
-0.4115225602222286 0.9124966752970348
0.9705542539096053 -0.24500089840237216
0.5581126850785474 0.8309700540659778
0.16485890959001376 -0.9873310184172235
0.0199267948150142 -1.0008016401107664
0.9650582220992515 0.26582631163718845
-0.9814590532110986 -0.1968225771347735
-0.14709604533757303 0.9901331998504276
0.3480762630130904 0.9385328524494185
0.37492522426792124 0.9281336521254085
-0.33211537108543787 0.9442988829225532
-0.6010980019201534 0.8004262564956245
0.23253209324562643 0.9736168782487324
0.672636827087799 -0.7413236127665557
-0.9473526849267357 -0.32330154710750286
0.9793078891751703 0.20726084579406753
0.9639106869962325 0.2699577513138884
0.9333556441832589 -0.3617295142385451
-0.9629348355952067 0.2734181822725628
1.0009417306187927 0.010800551182977028
-0.9331748759153455 -0.36219559765460896
-0.8210117420498251 -0.572661085997915
0.9811332560639937 -0.19844025258315348
-0.8387932819116248 -0.5462845689015254
0.7752358397491852 -0.6332538138601106
0.9734721667407041 0.23313717117001856
0.24873395236440796 0.9696042599644354
-0.24691010205350747 0.9700703075055573
-0.8662945572846444 0.5015323917943905
0.1693130714736304 -0.9865769528162339
0.9876366379867083 0.16301800914718487
0.8079115958675035 0.5909990298323878
0.9529639979408717 -0.30636680405773464
0.183509255964708 0.9840352397019526
-0.9799587269145889 -0.20416143990464564
0.04067576321228172 -1.0001732261399015
-0.9317742236916488 0.3657838105545752
0.00011639484757689686 -1.0009999932328868
0.8060896827149482 0.5934816116953534
0.9988892830639023 -0.06497076404109153
-0.986673700367044 0.16874836000389604
-0.2521861200431497 -0.9687121145405285
0.9714946659383583 -0.2412449254457335
-0.33660255390007393 0.9427087146663851
0.8562281076943781 0.5185310285740906
-0.17849083412187286 -0.9849578783554545
0.9675258157045635 0.2566998168001272
-0.9988992038009837 -0.06481805802213383
0.4291741410548056 -0.9043287879139256
-0.966543820489556 -0.26037289235527744
-0.6727641870066856 -0.7412080333356037
0.7431072789144382 0.6706657677445447
0.35823065765834766 0.9347041221229677
0.9264112103643833 -0.3791612708481688
-0.2907694201032753 -0.95783826627088
-0.9800250468880719 -0.2038428499409104
0.9288423206696494 0.3731661068921186
0.5441754556927787 -0.840163123102625
-0.4634873018106955 -0.8872319432145358
0.6989111023004521 -0.7166060780381136
0.25139613645689707 0.9689174281508952
-0.9795576117289796 0.20607737698208817
0.8175721910119771 0.5775610032575565
-0.12950354575458253 0.992587442816496
0.914532264544654 0.40697879196197334
-0.21171844273372578 0.9783538730982804
0.9094881014780379 -0.41812963691883187
-0.3854406018861062 0.9238162925699439
0.8052587383174636 0.5946085808019983
0.9948351172145763 -0.11092380067713277
0.35634253571916835 -0.9354255701215535
0.7813814865435605 -0.6256548349425388
0.9674750170738442 0.25689120525616443
0.7217596696587825 -0.6935877588698096
0.47703549190580846 0.8800216698821588
-0.8325687051316676 0.5557250680285877
0.8757840914549785 0.4847713122229675
0.21554500208721175 -0.9775179548607913
-0.9863534806620164 0.170610114547541
-0.7768769640507702 -0.6312394020712413
-0.9368770986980934 -0.35250858420050285
-0.8441498373007384 -0.537970307902896
-0.5245544951319837 -0.8525512193627017
-0.8051154533638618 -0.594802577965751
0.023083871201477618 1.0007337982152664
0.8606624590211055 0.5111370967086463
-0.39372345527579106 0.9203167067731044
-0.8814928062071603 0.4743115353910609
0.6413773719160512 0.7685285074699958
0.9110487623752175 -0.4147181604108801
-0.9063033551305201 0.42498850393765064
0.1161485978254563 0.9942386550638536
-0.9946898815513118 -0.1122187129646272
-0.07686313339588301 -0.9980446176021224
-0.07875597195725097 -0.9978970372142953
-0.3065001201178907 -0.952921128093883
0.5776373438460988 -0.8175182560618592
0.9455368887435222 0.3285741803995259
0.24218318590071977 0.9712611927113002
-0.8783591449056195 -0.4800897963513378
-0.9443474702238324 0.3319771912072395
-0.9651343772667763 0.2655496823908322
0.698912946816998 0.7166042790631243
0.3362450677132505 -0.9428362818848836
-0.4682221838747047 -0.8847423277585413
-0.28928892111440857 0.9582864499305317
-0.723387766966112 0.6918895421985957
0.18490891700776518 -0.9837731915492592
-0.6115040215710771 0.7925047833309271
0.9931813344010451 -0.12486727752842036
0.8021311103251678 -0.598821076656887
0.43280233386342704 -0.9025979945703241
0.6190136570645841 0.7866530953142746
0.9298521817578779 0.37064257726294
-0.559446907739078 0.8300723808326498
0.10345064556638192 0.9956399770659567
0.18110319087764368 0.9844808958298458
-0.026186639517967004 -1.000657413858887
-0.19543288095425476 0.981736720838087
-0.3476114373908475 0.9387051126925158
-0.18121402425260896 0.9844605006876481
-0.3019486876099754 -0.9543730874509264
0.4229260754102885 0.9072676202411563
0.9790305028291035 -0.20856719428086676
-0.9412134406638457 -0.34076129345001216
0.5977288950501715 0.8029453082384261
0.7636686299220748 0.6471562590850382
0.7908131445939854 0.613690125663899
0.9950669395823308 0.10882456409402173
0.27430287448809954 0.9626831945388711
-0.07762791051892244 0.9979854244970046
-0.9290679201435017 -0.37260407909767695
0.788873971447743 0.6161808640101262
-0.9816460804801193 0.19588765320463486
-0.41008147713965426 -0.9131452141400946
-0.5603402180544029 -0.8294696136874119
-0.9016843486483996 -0.43470258269592926
0.9513196327791231 0.3114353163804557
-0.21850141759518418 -0.9768613670879277
-0.7120519635247945 0.7035502833774462
-0.1039957554803216 -0.9955831873038421
0.14341434642541068 -0.9906731677194918
-0.9797685591049461 0.2050721107060095
-0.9835084798025885 0.18631175528237995
-0.28681968039309075 -0.9590283994435229
0.39528499015860596 -0.919647093484947
0.9795432594372755 0.20614558663963317
1.0003612622013585 0.03575395204596512
-0.8786725264068215 -0.479515996957196
0.990832577152984 -0.1423088333603223
-0.7864443381875366 -0.6192788571659521
-0.9129071121478634 -0.4106112572614743
0.8947339543585578 0.4488342131766451
0.7490958425967841 -0.6639701940631176
-0.9816613500104726 -0.19581111790604844
0.1074744317091856 -0.9952136687811254
0.6741610796415837 -0.739937726228697
0.9837133041622294 -0.18522725289284345
-0.6042374701031497 0.7980589450180641
0.33978859038929327 -0.941565034313221
-0.2514691785504479 0.9688984736488974
1.0001566791513357 -0.04108061768002032
0.6771530582190682 -0.7372006075313307
-0.9925885838109509 0.12949480023603613
-0.9315352928225488 -0.3663918643010628
0.9782807181477304 -0.21205621070923816
0.6354174688088888 0.7734634059427147
0.9493287895964445 -0.3174521211826272
-0.655630966330029 -0.756405338419258
-0.9691218538745208 0.2506069279625205
0.777794994189501 0.630107885217884
-0.8693707644234575 -0.4961808883519932
-0.4606956456676346 -0.8886847146558116
-0.5389736263515587 0.8435095909931614
-0.6434884987923163 0.7667617308669045
0.9943944488259769 -0.11480714326243674
0.5732837582901663 -0.8205770728461174
-0.05664578086840604 -0.9993959453138723
0.689682043676427 -0.7254927143881645
0.9976287284413158 -0.08208483531422404
-1.0003319418741614 0.03656509354930604
0.5414205653145625 -0.8419410736235995
-0.5641422453078201 -0.826888461075042
-0.9401801455980288 0.34360194094805335
0.9087083970644158 -0.4198214490764143
0.925088234527188 0.3823777691490057
-0.6776245944784237 -0.7367672013315684
-0.5277367305180748 0.8505850593927058
0.1205391895710944 0.993715906976206
0.8522529051272759 -0.525039032551027
-0.6507210994534973 0.76063332212442
-0.7318029934035267 -0.682982707574385
-0.38785776096493074 -0.922804073061704
-0.4485008622199317 0.8949010987745952
-0.16614513563803646 0.9871153903692407
-0.9622922523549104 -0.27567121913198206
0.9999173844581463 0.046542714342631984
-0.86559553624321 0.5027378716944148
0.9874787149527495 0.16397191075079476
0.8072710705214604 -0.5918736509586613
-0.2277232775484657 0.9747528450138447
-0.1372085986684084 -0.9915517134529352
-0.9999560954471465 -0.04570347008813949
0.8356455911861591 -0.551087512044262
-0.7842241405026343 0.62208801423344
-0.5971682841999615 0.8033623344081262
1.0009414739790092 0.010824309157096049
-0.18578791117282933 0.9836075701528719
0.07797767629266379 -0.9979581564374312
0.8134791946817599 0.58331175182737
0.7375441611014255 -0.6767788489788924
-0.0716323330655573 -0.9984336777470926
-0.22112092304472336 0.9762717538635692
0.7659166163361709 0.6444941712848541
-0.9318992974910394 0.36546504529942025
-0.6870022539442339 0.7280308393712058
-0.5816774595169314 -0.8146485948492936
0.9980549692878412 0.07672860144591719
-1.0004936115452887 0.0318360370816636
0.6915196234642195 0.7237413974368911
0.7194664470128316 -0.6959662575317372
0.9984217735166594 0.07179806520964495
-0.05577943621161052 -0.9994446730539489
-0.6879207042771476 -0.7271630522976489
-0.11838914702800973 0.9939743507082969
0.46754564015320377 -0.8851000363652296
-0.8368013145146409 -0.5493310113461365
