1000
0.7921949536302589 0.6119053484345042
0.8420661709110453 -0.5412259821989427
-0.44380255484719805 -0.8972403759924649
0.5618252567170864 0.8284644717275328
-0.7879608097271785 -0.6173481694587659
-0.09186595670363543 -0.9967756247014299
0.029309567194939233 1.0005708117224115
-0.6819191178973486 -0.7327941843697328
-0.7674686796434396 0.6426451787466825
0.5833330086613743 0.8134639518786736
-0.9422490077100325 0.3378872703572288
-0.5108059073176398 -0.860859062245036
0.7489308005202419 -0.6641563490866512
0.24389997687645976 0.9708314999420149
-0.3970703242323014 0.9188776619409437
0.9812926623193051 -0.1976504765445561
-0.21333859166516214 -0.9780018636517648
0.8627399607332121 -0.5076226552805299
0.23720079489082588 -0.9724899911583462
0.24694555094553794 -0.9700612840785909
-0.6379625867830415 -0.7713655021227552
-0.9908778152969119 -0.14199350390922494
0.6503782014064075 -0.7609265372789717
-0.9953071740202257 -0.10660501556621066
0.02746693138910536 -1.0006230897196338
0.9488685817159772 0.31882505333224653
-0.7229237261159521 -0.6923743829884436
0.9929203607618567 -0.12692579400793302
0.937608930394463 -0.3505574042072868
-0.8522448640140354 -0.5250520848084486
0.9325638217279805 -0.3637660215084738
0.7334999965430349 -0.681159860143981
0.9717706319098675 -0.24013087880882164
0.06569072365786582 -0.9988421941554662
0.7395138728112035 0.6746259941032329
-0.23106646031247463 -0.9739657544896861
0.8624524435607416 -0.5081109943664924
-0.9909651578299975 0.14138265794279073
0.06506196117900362 0.9988833471469739
0.889772116026845 -0.4585919553820264
0.9584894590340692 0.28861558675958116
-0.5451637119358304 0.839522201724497
-0.02340529941823742 -1.0007263322003386
0.14176917325756344 -0.9909099361263197
-0.8848865984680574 -0.46794947147275523
0.9420436668072859 -0.33845934737909567
0.7554294820981854 -0.6567551275603924
-0.31793789541762324 -0.9491662102379185
-0.5807680955050345 0.8152971355545504
0.8083687827261541 -0.5903735352417449
-0.9678175320230077 0.2555977791548557
-0.3820191061791599 -0.9252364035823902
0.9871627219105873 0.1658636803826581
-0.37653354120925014 -0.9274823407183674
-0.42099315124574144 -0.9081661558350324
-0.9252721989751022 -0.38193239952088237
0.7191629804332946 -0.6962798342436041
-0.799842498578046 -0.6018745529331079
-0.8102024494487933 -0.5878545661191853
-0.9172286717435129 -0.40086476988085556
-0.9868830250770958 0.1675198340934
-0.3829625078837081 -0.924846321047676
0.7911296357881561 -0.6132820716258542
0.4659274129709646 0.8859529591587717
-0.1662096791217361 -0.9871045246407543
0.4160806030050171 -0.9104273347186921
0.1693595051800323 -0.9865689828923139
-0.9931708690139962 0.12495048996295921
-0.23828426249082235 0.9722250820922101
-0.5297004120374194 -0.8493635696728393
-0.140825569889356 -0.9910444787522598
1.000993645932491 -0.0035666234422726023
-0.7642069814730448 -0.6465204478342951
-1.0003710340832164 0.03547948938860579
0.7665839131814519 0.6437003216182295
0.9812909307873804 0.19765907303849406
0.8898983112219156 -0.45834702539056876
-0.9240405697570322 0.3849026181297023
0.5984404004748866 0.8024151588046285
-0.4120018010299841 0.9122803932717448
0.2922060231235663 0.9574009818515489
-0.6664560073794475 -0.746885125188503
-0.28890793081255933 -0.9584013812143665
-0.956581520403695 -0.2948775929468957
0.7434436883211482 -0.6702928332418955
0.12724425654809768 -0.9928795995363798
-0.114596467962611 -0.9944187495871618
-0.8799562678839633 -0.4771561239381997
0.9912079859597962 -0.13967007041426052
0.4493392796688382 -0.894480414400835
0.7852510429940913 0.620791268847019
-0.5777264113991598 -0.8174553159481249
-0.3998824434140039 0.9176573605923106
0.08337347573901376 0.9975218611856063
-0.27905756729199416 -0.9613156995165917
0.4991783950877438 0.8676531160997605
-0.8433726095850059 0.5391879462689955
-0.9984872489212552 -0.07088168833812813
0.7257457128456166 0.6894158108762866
-0.9380621747432641 -0.3493427490530434
-0.200650818132451 0.9806835622068814
0.8478579613673235 0.5321070168171494
0.8785523709128492 -0.4797361061702687
1.0008208277275652 -0.018938605722476992
0.3348270712120215 0.943340782741624
-0.04395924995627708 1.0000342915836844
-0.9617925230291423 0.27740970178643115
-0.800115867293892 0.6015110962439041
-0.9109361049284905 0.41496555608593594
0.13633704039900105 0.9916719273102578
-0.9302932444005164 -0.36953413837257454
-1.0005080314243917 -0.031379596161969704
0.953556991074013 -0.3045161157867914
0.986654557172085 0.1688602523140272
0.5874498441283112 -0.8104959473270812
0.9136050424968484 0.40905601856510043
-0.5108317459752996 -0.8608437298974925
0.9997282112342148 0.0504430734832566
0.352386926543589 0.9369228644884077
-0.885104019603209 0.46753809949804337
0.9907250164060254 -0.1430557299351573
-0.682158391747211 0.732571449463367
-0.9895395939705985 0.15103771702625524
0.8162179307537025 -0.5794732862834524
0.2523761284542649 -0.9686626294982358
0.5413653439769698 -0.8419765818243979
0.5707937649848881 -0.8223110590612146
-0.6627792650202939 -0.7501497489562727
-0.08237691723265936 -0.9976046529097805
0.8050999726966622 0.5948235317838676
0.14218226610602186 -0.9908507471889783
0.16397266815438385 -0.9874785891847642
0.013955429284295866 1.0009027155490644
-0.2416351446537157 -0.9713976821406246
0.9913852365829862 0.13840633181071094
-0.7275011987496415 0.6875630922452387
-0.549467085268109 0.8367119708758616
0.682969352325123 0.7318154574649282
-0.15830582335118767 -0.9884028866272612
-0.14175709798941788 0.990911663656059
-0.8902296520578789 0.4577031424372221
-0.7764400538864895 0.6317767348682168
-0.08968514411642863 0.9969742097591169
0.9814035905530735 -0.19709894076208345
-0.7702475443540832 0.6393119116804447
-0.6111952164819924 0.7927429642384285
0.49007589593161893 -0.8728267962355538
0.12478089550848333 -0.9931921909258554
0.801059997648121 0.6002531800565428
0.4152930438850345 -0.9107868508606736
-0.9970248211469293 0.08912073842228745
-0.9756726325534347 -0.22374966834891682
0.714249647782478 0.7013190719227633
0.40213171859929286 0.9166739228844569
-0.8383281521599217 0.5469980889327961
0.716574205909489 0.6989437798744512
0.6322406671192685 -0.7760623292240013
-0.5407937365535551 0.8423438338970874
-0.7126143988096048 -0.702980596182587
-0.4160871892290865 -0.9104243246747301
-0.9878282320229574 -0.16185297037249013
-0.8509192141355495 0.5271977722021773
-0.5353470257541691 -0.8458159149697794
0.9334432326115718 -0.36150343219900294
0.005654512793348066 1.000984029085914
-0.6484312367397038 0.7625863434524763
0.8864384581043775 0.46500307525169526
-0.9928116688072306 0.12777319859893066
-0.9734075242557237 0.23340692303859048
-0.32900894337036946 0.9453856965187875
-0.9993062939625652 -0.05820593480739837
0.3473910968542248 -0.9387866774866475
-0.30201357922212174 -0.954352554334845
-0.9156181059593668 0.4045299544401897
-0.0859940956346514 -0.997299361032573
-0.8640881917209629 0.5053242492978113
0.39662816263280937 -0.9190686049509698
0.284484253533896 0.9597237672847652
0.8373177462754077 -0.5485435185764863
0.9083220028678101 -0.42065679491268176
0.9957779924000459 -0.10211361247029728
-0.09709884337739838 0.9962794861959025
-0.7608744718117703 -0.6504391117892278
0.8515511363678883 -0.5261764553365706
0.9940653146730831 0.11762291513095652
0.8535825904406458 0.5228745177350267
-0.7600395904427082 -0.6514144770878832
-0.8644174439057672 0.5047608172901497
-0.9335727974044534 0.36116870288886255
0.9864163623851336 -0.1702461747555012
-0.6235085259616829 -0.7830952164667394
-0.9756490298270951 0.2238525644200842
0.38736141694049764 -0.9230125311532069
-0.9834611482153077 -0.18656143747041778
-0.8607243671381253 0.5110328402506767
0.2987244506967801 -0.955387200330791
-0.9534931645257523 0.30471590900815554
0.9904348104663261 -0.14505132269832216
0.9589395090189333 -0.2871167324321714
0.9343779441093802 -0.35908057252088665
-0.7050816974482218 0.7105355725954432
-0.36007028779570815 -0.9339969956304549
0.673519994871457 -0.7405213140135486
0.9854988443826417 0.17547942249870158
-0.9737275107691294 0.2320683838254469
0.9261889212724326 -0.37970394007990976
0.9135507337527093 -0.4091772926982706
0.7565985105169385 0.655408036175595
-0.30632249376212023 -0.9529782420471916
-0.16672367220493253 -0.9870178403283814
-0.768762335369826 0.6410970844706215
-0.5128857741354631 -0.8596215345659197
0.995431380465855 -0.1054389244247212
-0.9746254713677005 0.2282678044781776
-0.4196992677956978 0.9087648346034056
0.9008805543754503 0.43636593215807007
-0.2873476333632487 0.9588703445203318
-0.6066830100659976 -0.7962014351263509
0.5806474370471835 -0.815383071844478
-0.42946516206299284 0.9041906184949097
0.9350456608287324 -0.3573382321629736
0.7073481143603916 -0.708279355276432
0.4504209379276407 0.8939362274102021
0.4568017908865576 0.8906924967927111
-0.06691941051465704 -0.9987606282269895
0.7215355183979203 0.6938209392128811
0.990647567274912 -0.14359107720293304
-0.4418476953228842 0.8982046616099562
-0.44226522832169823 0.8979991468913299
-0.9978770389223911 0.07900895640040276
0.7814029622173395 0.6256280129901209
0.2936656510931612 -0.956954275484482
0.12991180215834866 0.9925340919383929
-0.7814189930369416 -0.625607990135302
0.22198574367272964 -0.9760754733144693
0.3483788648314747 0.9384205701809467
0.8227449544693594 -0.5701681680830768
0.9851312443164615 -0.17753149430875761
0.964929798032296 -0.26629210440670675
0.6253109889247076 -0.7816566811139045
-0.4047955312321983 -0.915500725228791
0.748335871771261 -0.664826611245629
0.7076007087461873 0.7080270030033413
0.013390828455348119 -1.0009104284166888
0.41700236759031234 -0.9100055084580939
0.6787159938649544 0.7357619177912834
-0.6640137480651522 0.7490572357173173
-0.030917218205541046 -1.0005224263445727
-0.9760858405748775 0.22194015371093795
0.563119189520813 -0.827585511227343
-0.8642565034412231 0.505036331623331
0.7843989345578817 0.6218675996258852
-0.9789341421505852 -0.20901900710676538
-0.893787724510239 0.45071554612062037
-0.770016625554438 0.6395900220999048
0.2713125331840566 -0.9635302327053626
0.9999660380868701 -0.045485411648662065
0.16242457198930102 -0.9877344068190054
-0.9753252947826483 0.225258894068892
0.4076221812718802 -0.9142456766838739
-0.5668215447112906 0.8250541415271524
-0.05630443904075738 0.999415234096572
-0.5260483583137063 0.8516302746588184
0.7558588966223834 -0.6562608691646891
-0.32192759971976675 -0.9478204579658901
-0.050535990348969134 -0.9997235186187473
-0.9447034623355232 -0.3309627898288188
0.4710563427327347 0.8832366172047332
-0.9560679273356452 -0.2965385612700707
0.8389131817541126 0.5461004243536086
-0.7922731106799914 -0.6118041501113327
-0.9316001311825354 0.36622697276509114
-0.3304703391455086 0.9448758410209526
0.9941230911823141 -0.1171335971364339
-0.41976311718466813 0.9087353440091404
0.5055215296538218 0.8639727906921955
-0.9926579372194129 0.12896208619319185
-0.5214487595667464 -0.8544543236161318
0.8290082951930582 -0.5610225008866394
-1.000582260740042 0.028916076710824242
0.9195578991291747 -0.3954924400657217
0.10603889321291063 0.9953676472169372
-0.8605363596637927 -0.5113493655971303
-0.9007082392412481 0.4367214990848635
0.9162232238955906 -0.40315754240044976
-1.0009991126529478 -0.001332842080215534
-0.6543767559879057 -0.7574906344125616
0.9515145238104714 0.3108393652318377
0.19531692218890961 -0.9817597974589566
-0.49872772214757255 0.8679122416244016
-0.2088180580224859 -0.9789770266169261
-0.9989119581440994 0.0646212029965484
0.4853159917724778 -0.8754823745398284
0.957133853356992 -0.2930798300088157
-0.6855467674392122 -0.7294015558344022
0.7726997466281297 0.6363458977323765
0.3134249926647597 -0.9506659634030742
0.4845435117644228 -0.8759101467656375
0.9917731740892376 -0.13559856620539532
0.6171714964459379 -0.7880991967859641
-0.748658820235312 0.6644629191187954
0.8236479797372589 0.5688629056940977
0.4409065273510743 -0.8986670318528528
0.7227838034699821 0.6925204498362963
0.5919546796374124 0.8072116557975165
0.13881663872852798 -0.9913278674647017
0.9117229241452955 -0.4132339647075874
-0.919873627472746 0.39475753251854684
-0.9563532287246791 0.29561715428554164
0.738059670835402 -0.6762166237873318
0.9925050332848204 0.13013361942364213
-0.02709869324699791 -1.0006331299853632
0.02991138755709336 1.000553001541852
0.9948943866264801 0.11039093920752681
-0.44239703435007954 -0.8979342203069525
-0.02019470034509573 1.0007962700160167
-0.9411134217118363 0.34103742825947914
-0.2787961197485811 -0.9613915558257909
-0.9051159410991035 -0.42751155910487854
-0.4005041660812441 0.9173861852848926
0.9656497568748229 -0.26366938966743064
-0.7005893072603319 0.7149654694826095
-0.9535988048857477 0.3043851496385356
0.00987032418690833 1.0009513358302917
0.7725069478697036 -0.6365799364518449
0.7557139100693524 0.6564278224814138
0.23803601602289567 -0.9722858916367899
-0.03145419766849793 -1.0005056888639021
-0.5457079017707119 -0.8391685682537252
0.992059821023552 -0.13348524828878305
-0.9856432575721324 -0.17466645013452062
-0.995418892001873 -0.10555675935610975
-0.7472553430025549 -0.6660408788911789
0.8860137279369544 0.46581184388898983
-0.3240734353344439 0.9470889126742705
0.7570643811082897 -0.6548698518462447
-0.5362892811374093 -0.8452187923473548
-0.9176593540737412 -0.39987786870613873
0.1646137730284696 0.9873719186453155
0.9990557239253474 0.062359125170258614
0.4336143154023443 0.9022081940872385
-0.7528402856826473 -0.6597215353869161
0.24515715089581855 -0.9705147970869095
0.5351454064872003 0.8459434933348972
0.17539969787249032 -0.985513036943824
0.11530930234014759 -0.9943363438966859
-0.9716969397103548 -0.2404289029162905
0.836543418350545 -0.5497236662309393
0.5461847441977012 -0.8388582867240996
0.8398740618077253 0.5446214835117996
-0.7270911571153347 0.6879966927570826
0.9652082212425535 0.26528115207414527
-0.6610757722654605 -0.75165139747334
-0.9913939823515039 0.13834367263169703
-0.9466763148372329 -0.3252767359129703
-0.4255836434405413 -0.9060240407604394
-0.7822805621776499 0.6245303211526404
0.9294842132635207 0.3715643918540823
-0.6467576101409686 -0.7640062785898706
-0.9115998217996225 0.4135054593290112
-0.4119115868593526 0.9123211302008795
-0.3989500356693988 0.9180631073294392
0.98692258684986 0.16728660306665477
0.7800358730995007 -0.6273316799571815
0.32039691225230615 -0.9483389787513682
0.9458563198867719 -0.32765350925978587
-0.30104045387915107 -0.9546599630906466
0.589003417381391 -0.809367638538287
0.9785770500962458 0.2106844964038157
0.036786279097534916 -1.000323832401367
-0.9751217915409238 0.22613821362613407
0.8603944525096158 0.5115881019831077
1.000999989874039 -0.0001423803842894993
-0.9994202333011278 0.05621563188579638
-0.19687852455026666 -0.9814478318132401
-0.7689544029417523 -0.6408666992413425
-0.49545482734134144 -0.869784751570273
0.9684003640064297 0.25338061289730596
0.3545256946127108 -0.9361156615821439
0.6593511655084399 0.753164683547139
0.9369963551927847 0.35219146831721654
-0.5032029296986607 -0.8653252634372145
0.6210258425583115 0.7850655404962946
-0.6796563515581526 -0.7348933553833922
-0.3861918348092431 -0.9235024995779223
0.29390072675285395 -0.9568821049712155
0.8633076677751166 -0.5066565609569157
0.9000475807373578 0.4380814449492577
0.817825412196623 -0.5772023866595006
-0.7671187834117577 -0.6430628057482914
0.04078579305863516 1.0001687453048
-0.997560652033964 -0.08290805457597226
-0.06625408916858712 -0.9988049838023642
-0.4254631450848411 -0.9060806322698414
-0.9512457287723162 -0.31166097524782466
0.09037538751148268 0.9969118764124286
-0.8582761835853788 -0.515133956063971
0.8901986924928194 -0.4577633535835683
0.5935864533075589 0.8060124828126134
-0.5684120190768835 -0.8239592080733976
-0.8525515197540012 -0.5245540069098157
-0.13196819930607226 -0.9922627647815435
1.000998216768566 -0.0018894512830185707
-0.5717888775371369 0.8216194249923872
-0.8019678727175246 -0.5990396740858891
0.23175322377941643 -0.9738025689367674
0.9739868636348361 -0.23097746527913757
-0.9555947113843827 0.2980599731164828
-0.6061272105346036 -0.7966246322136545
-0.8884595808477366 -0.4611296706999717
-0.9780733875144162 0.2130104425517084
-0.40325505479433393 -0.9161803101916232
0.8100763313058282 -0.5880283474953312
0.4897230762035257 0.8730248041343132
0.38769705132241006 -0.9228716034183242
0.28511840168907004 0.9595355631857895
0.9574736288396052 -0.29196789220172475
0.09080194944410054 0.996873114281427
-0.9909394158342425 -0.14156296883751107
-0.7117971309920671 0.7038081019080855
-0.41699180943090686 0.910010346571696
0.3832360171529894 0.9247330183121578
-0.5347457032297588 0.846196214170987
-0.7820207982549379 -0.6248555601870801
0.9297737474564127 -0.3708392893705557
0.8349309229587707 0.5521696785293587
-0.489693192125587 -0.8730415669290054
-0.94835144902285 -0.3203599992762216
-0.4439417257298261 0.8971715243787132
-0.6957483285279845 -0.7196771938518796
0.14040002819765787 -0.9911048542319308
0.25870913907102505 0.9669904763549272
0.9509966484359003 0.3124201892702915
0.4803701011027995 -0.8782058790320674
-0.9479547637294456 -0.32153190498401674
0.845313555820722 0.5361398999754887
0.17129526115593066 -0.9862347253598007
-0.19011094327685626 -0.9827811705798926
0.406964553796463 0.9145386005813236
-0.07366270002146602 0.9982859343021655
-0.7055934584984503 0.7100273736442811
-0.994200632424492 -0.1164736128345828
0.7142274613087587 -0.701341666744851
-0.7001599578846486 -0.7153859331682214
-0.7700178662518914 -0.6395885283937512
-0.9883039113616102 -0.15892255594264246
-0.39784895565809597 0.9185408039285802
-0.4319574821741825 -0.9030026210337049
0.8817432710372718 -0.4738457596945362
-0.5379960891556471 0.8441334065497165
-0.29661478824731746 -0.9560442810837786
-0.8804738390409983 0.4762003976945066
-0.7606176553384467 -0.6507394120440563
0.9989342038400091 0.06427640623531398
0.7587171969419171 0.6529542212625631
0.6779209675956925 -0.7364945089368419
-0.6927977502314865 -0.7225180117299435
-0.9745482713391185 0.22859717152654369
-0.9546030879824942 -0.3012207569446146
-0.8856083011167593 0.46658218675072394
-1.0009440383756738 0.010584518893077504
0.9977875697849353 0.08013092775372577
-0.43629068664133197 0.9009169977029156
-0.18120440633786122 0.984462271051432
-0.8291457925163424 -0.5608192710244955
0.41655888641109273 -0.9102085992518145
0.8112056973213235 0.5864693654688412
-0.7183935576136237 -0.6970736663934746
-0.17114716648238004 0.9862604358915816
-0.30245360538376176 -0.9542131924210457
0.6421001793015135 0.7679247096825081
0.6985023376693321 0.7170045217922117
0.6802814925909448 0.7343147083085264
-0.4453270392396894 -0.896484706016791
-0.9968213984638907 -0.0913679351003033
-0.8812634347564661 -0.4747375680955068
0.17815442058848804 -0.9850187827776586
-0.5450601541828185 -0.8395894403350974
-0.9979409525898828 -0.07819753924515266
0.8027642981755537 0.5979719739040541
0.8938277794008694 -0.45063610682158034
-0.9947085252783262 -0.11205333434850323
-0.8303453270398269 -0.5590417138846823
0.6608525570155424 0.7518476560354627
0.8710384694784835 0.49324738690496983
-1.0008700656816563 -0.016127976388775323
0.713355708047711 0.7022283345150272
-0.30690191339818157 0.9527918007374617
-0.9676021938804387 -0.2564117672763126
0.4970617105894723 -0.8688674558676184
0.8959516797750008 -0.44639846270832345
0.3335561807248783 0.9437909060275121
0.4476249844015801 -0.8953395296419594
0.8493108012701821 0.5297850156863642
0.5927015242366481 -0.8066634385960194
-0.1639352795045945 -0.9874847969127173
0.24553385332651084 0.9704195622876919
0.044638641416722975 1.0000041958374322
-0.9017303990153317 0.4346070495190462
-0.888568514810505 0.46091972672847625
-0.8539552740640104 -0.5222656315499432
0.7992508289332628 -0.6026600305723719
-0.11218311688594625 -0.9946938967771715
-0.9829627581340614 -0.18916980763715627
0.2651532089242985 0.9652433764585734
0.9993007885939426 0.058300376632784416
-0.8505877578620804 0.5277323812077092
0.8210766428744788 -0.5725680278586779
-0.597672185112901 -0.8029875211622968
0.9216771539119935 -0.3905281346544541
0.771295231221824 0.6380475423465504
-0.8057272285474736 0.5939735963636829
0.47382658444508674 -0.8817535754807594
0.30332304726778053 0.9539371724574882
-0.40210045811280676 -0.9166876357764792
-0.44892446554975807 -0.8946886744733411
0.9497308610144076 -0.31624720020394165
0.6781498973320863 0.7362837202794048
0.0881760254582101 0.9971088147912408
-0.15336693938274557 0.9891812684762936
-0.6995106959389548 0.7160208001636538
-0.9942629476603516 0.11594046278046725
-0.4859398061742988 0.8751362778306502
0.6795546175995486 -0.7349874296198072
0.07177368053718466 -0.9984235267571303
-1.0001342804762325 0.04162236197393077
0.6326687977209072 -0.7757133442131711
-0.17332960053173183 0.985879226670037
0.9989872010196024 -0.06344739710201298
0.3268950525066379 0.946118715937214
0.99410821011334 0.11725982511180633
0.9937126568198483 -0.12056598059170105
0.04528109360428042 0.9999753109762263
-0.6484852402016295 -0.7625404207257704
-0.9119216338431808 0.4127952685397251
0.9740149590207386 -0.23085896041485773
0.1769010997271714 -0.9852446401352901
0.9637875245711912 -0.27039712920246667
0.20535859878102358 0.9797085515124866
0.6560415372136061 0.7560492718404064
0.9853834856365121 0.1761260521184693
0.012667812638436015 1.0009198402084742
0.4861024377309185 0.875045953097355
0.9740119527012517 0.23087164398231005
-0.590726260554268 -0.8081110598745516
-0.998843513783217 0.06567065534313148
-0.1795376195064639 0.984767608718906
1.0004064670008288 -0.03446593655944513
-0.9834017269824267 0.18687440533144348
0.9548618463641726 -0.3003994912745415
0.776993930939694 -0.6310954216938053
-0.725968121701003 -0.6891816061633665
0.7347701375439649 -0.679789559329667
-0.8028609195015007 0.5978422400075163
-0.4934674574701698 -0.8709138122787617
0.2437848287228901 0.9708604211134323
-0.2139682923618024 -0.9778642901056231
-0.362567236527223 0.9330305455862701
-0.9904056187736082 -0.14525050878281426
-0.9559630608443953 0.29687644955606535
-0.8012839804414105 -0.5999541504881597
0.6902411977141438 0.7249607499569506
-1.0006314082801313 -0.027162193639709262
0.8449155640375788 -0.536766885758669
-0.9998576210843912 -0.04780938777543463
0.5505737596142228 0.8359841716350017
0.8764663587821526 -0.48353668105238407
-0.14302804905738928 -0.9907290129913613
-0.26966148723663363 -0.9639936111309696
0.6803977353330075 -0.7342070019781305
0.3923193710299235 0.9209161259933965
0.8422778437278221 -0.5408965094777469
-0.774434934631052 -0.6342330265943252
-0.937557218885193 0.35069568191847256
-0.8706992231393947 -0.4938459909976536
-0.7411203190741347 -0.6728608122453357
-0.9748742558683338 0.22720296046742547
-0.5820169688888046 -0.8144060706585433
0.6581318291204155 -0.7542303994792414
0.15472742208340007 -0.9889693750847017
-0.5586766630159642 -0.8305909861064872
0.5131080109237962 0.8594888999433474
-0.9054780147242637 0.42674414448356085
0.5270285972060254 -0.8510240053764929
0.6298813113767621 -0.7779784917195914
0.5940262244829805 -0.8056884290012459
0.630683718590794 0.777328146347788
-0.6643436932655791 -0.7487646207041638
-0.9957836126413026 0.10205879087583013
0.9132396595411599 -0.40987110686305545
-0.11496190037439816 0.9943765692444221
-0.7415261985534864 0.6724134865235939
0.5048759841759627 0.8643501840124482
0.9850900453223952 -0.1777599578271819
0.9852483415214702 -0.17688048374309806
-0.889403041618571 0.4593073367143557
-0.8810079059229798 -0.47521160518363376
-0.09894989573857178 -0.9960973437035789
-1.0005459593051709 0.03014603320663422
0.9921914849773374 0.13250304577052566
0.9628865777110813 -0.27358808172842913
-0.9993666151412595 -0.05716090045740783
0.8069546688973904 -0.592304957217735
0.9572637728547966 0.29265520528396644
-0.7559706121023083 -0.656132176956489
-0.8885517839600757 -0.4609519793008452
-0.5477599242491572 -0.8378305708116394
-0.8673948203113389 -0.4996270866326807
0.8584778316409983 -0.5147978366125576
-0.9158956044208302 -0.40390127729756214
-0.451636445968367 0.8933227416074564
-0.98496086103455 -0.17847437415516504
0.9313048786225285 -0.3669771424133624
-0.905788535898356 -0.42608464914276445
0.3560577146870474 0.9355340206597712
0.6758784261039343 -0.7383693879944295
-0.987484447150374 -0.1639373863281958
-0.23160479220887797 -0.9738378819012343
0.990444786069818 0.14498319125716788
-0.25205878850680813 -0.9687452539942997
0.8512113740803012 0.5267259217432967
0.07787366628474615 0.997966278037175
-0.8573264126763177 0.5167130945965627
0.7021402845664788 -0.7134423738389135
-0.9154054296880952 -0.4050109866380832
-0.5016486284841906 -0.8662272528268379
0.33045778039434837 0.9448802333506827
-0.8996033491755249 0.4389929545587022
-0.9916886967818498 0.13621500899356262
-0.3117942053718095 -0.9512020676473332
0.9316955380509924 0.36598418596419124
0.967008138257748 -0.2586431142390688
-0.5795265347630241 -0.8161801244244811
-0.70891824777422 -0.7067078023997823
0.20439478264199346 -0.9799100840529871
-0.0024644495410253552 -1.0009969662733547
0.5121854825525539 -0.8600389708974864
-0.5551592906097154 0.8329460739145829
-0.40391724935035744 -0.915888560730639
0.9566853946036776 0.2945404144629486
-0.9105939375309295 0.4157158656244882
0.9260674804397059 0.38000002851586057
0.3499596397362926 -0.9378322081031576
-0.4793549170526767 -0.8787604130236076
0.9364588674016205 0.35361814102909667
-0.979636815161906 0.2057005356809692
-0.3836813736141357 -0.9245483240704999
-0.18403491277813316 -0.9839370665234362
-0.1817191318089492 -0.9843673893087894
0.694291332400271 0.7210828979762705
0.47417476219898436 -0.8815663871164421
0.922574860868985 -0.38840265973931354
-0.5703581082338095 0.8226132921196629
0.3152032153385866 0.9500778563045328
-0.052069489871918576 -0.9996448210361909
0.5941555285646418 0.8055930783441918
-0.5037046311195337 -0.8650333199297785
-0.9458623671886991 0.3276360516429634
0.9868210068462183 0.1678847832503468
-0.9446814226743591 0.3310256933441102
-0.7873204661655926 -0.6181646087870074
0.05345937648450895 0.9995714557078386
0.18920518923141144 0.9829559483353798
-0.7897985849248671 -0.6149952806735005
0.7231019047496617 0.6921882947200214
0.43058834496107373 -0.9036562826560125
0.9045131856426472 0.4287853740492907
0.5103377439545916 0.8611366831666954
0.9682322685546645 0.254022192198808
1.000932718116312 -0.011605765993313581
-0.7592620011751752 -0.65232063708844
0.7623463613675627 0.6487133614391162
0.15874951527276443 0.9883317213368508
-0.9911984905544183 0.13973744066155852
-0.9904922859489619 -0.1446583266721967
-0.5650792826962239 -0.8262483913857389
0.7989777953261366 0.6030219586182464
-0.20628808614758637 0.979513259488388
-0.8960694301949169 -0.4461620515800924
-0.3935238511637842 -0.9204020744029339
-0.6661985490507207 0.747114779162288
-0.8375794825203995 0.5481437863014228
0.0024243087596162363 1.0009970642949149
-0.9493914101501111 -0.31726479529437795
-0.6471409692684462 -0.7636815867194233
-0.1828611483366153 0.9841558821797562
0.09543143426165887 0.9964405859632388
-0.34337086918700777 -0.9402645618089405
0.872533652730636 0.490597620104841
0.9856532089969966 -0.1746102849030458
-0.9508030783524662 0.3130087957158295
-0.9923810826155571 -0.13107550063522502
-0.9157891770183213 0.4041425283932709
0.9550091828382109 0.29993075983415374
0.940146163631921 -0.3436949097792709
-0.7365326529677716 0.6778795255148633
-0.8627409977513797 0.5076208927920067
-0.42017036263831653 -0.9085471184040955
-0.6016065225510401 -0.8000441187984854
-0.731454518253142 -0.6833559012162432
-0.9512229208827995 -0.3117305804492004
0.287457569992395 0.9588373926031813
0.4403716714341962 0.8989292469367387
1.000872647368104 -0.015966958081074702
-0.8482326097615979 0.5315095857433135
-0.05096971297369475 -0.9997014996284538
-0.7340041913417744 -0.680616519849987
0.7984125055932484 -0.6037702136676759
0.22064972773953836 0.9763783578349469
-0.9840085389410267 0.18365237621970978
-0.9775159644804794 0.21555402846107516
-0.9677185127939988 -0.2559724203811248
0.9093563776579181 0.41841603508095837
0.9493329973029518 -0.31743953791516555
-0.9397511249785993 -0.3447735823717603
0.5683258690859669 0.8240186323910887
-0.9723806667388096 0.23764856185676342
-0.8418207463739612 -0.54160763563154
0.960539436986381 -0.281717926291328
0.49960932727737556 -0.8674050496149122
-0.693084621531406 -0.722242831322449
-0.8475320666714357 -0.532625943757573
-0.15279351696912988 -0.9892700041809638
0.8535099714885372 -0.5229930482995317
0.22937217065766133 -0.9743661567028037
0.7719972097331809 0.6371980133084089
-0.94535707228175 -0.32909118172153734
-0.9529363566177149 -0.3064527699926291
0.9563145802933215 0.2957421571545192
-0.739906003795279 -0.6741958955286664
0.9750140604942443 0.2266022547075071
0.872720871993337 0.4902644996195313
0.15835783827156313 0.9883945543445479
-0.8480131681057574 -0.5318596306538375
-0.7313672121597674 0.6834493404617855
0.056704092546014925 0.9993926385002707
-0.01683885116715195 1.0008583581563228
-0.6267407103529294 -0.7805107827482625
-0.30208936919745305 0.9543285665942758
0.8015964536395053 -0.5995365923048971
1.0001475797349784 0.04130155869050535
0.11905528493976024 0.9938947827249686
0.2206617908356661 -0.9763756316424519
-0.27729800531587745 0.9618247326035215
-0.9523668052091958 -0.3082182154507252
-0.49592537017780813 -0.8695165479816953
-0.9263337208670599 0.3793505470993656
0.07915868023518535 -0.997865172928399
-0.9982104879244723 0.07467812127783414
-0.0806581482604135 -0.9977450892483516
-0.9288672449187029 -0.3731040623165854
-0.8480115537143813 0.5318622046798598
0.7175823637792618 -0.6979086983216122
-0.3104947142471684 -0.9516270448156512
-0.5366087505897719 0.8450160050498949
0.9954115578443916 -0.10562589885914106
0.37431764703298515 0.9283788553816215
-0.6964687297657834 -0.7189800473298519
0.6805097955034445 0.7341031386827468
-0.5659266487986125 -0.8256682313009093
-0.5651181571202882 0.8262218034480628
-0.47970330845819914 0.8785702794052721
0.8815807700589497 -0.4741480210464547
-0.9880670649662515 0.16038851308300475
-0.9583987371105305 0.2889167020179698
-0.014963754852453695 -1.0008881486163754
0.14430188976917074 -0.9905442769553747
-0.2816343346692286 0.9605639497375597
-0.77941831621045 -0.6280987886914502
-0.9978535593057846 0.0793049442391654
-0.9275346033592534 0.3764047815466649
-0.9978517005751891 0.07932832822644727
1.0005979013758783 -0.028369697957288494
0.05776895582347743 0.9993316505260228
-0.6774754719473572 0.7369043254790308
0.518004483188075 -0.8565467619441774
-0.08959981353012428 -0.9969818821901263
-0.384248828701462 -0.9243126298182637
0.995407394839486 0.10566512337979603
-0.4156829374409322 -0.9106089696024733
-0.9331183707666327 0.36234114607345497
-0.8365902645571054 0.5496523712750382
-0.9011221401232314 0.4358668243623587
0.6436097492702977 0.7666599576371682
-0.7826496413720252 -0.6240677357949539
0.9554455081357065 0.29853790543798925
0.6830064854327678 -0.7317808010987842
0.2325619647213602 -0.9736097434624106
-0.8478755315188483 0.5320790195559588
0.9983362172319189 0.07297806083380601
0.6891025435602942 0.7260431698313351
0.9558826546544613 0.29713523946300924
0.9872963005980374 0.16506669811148977
0.8019025421332264 -0.5991271258424784
-0.748375687106508 -0.6647817919797909
0.44793935041363764 -0.8951822933632057
0.5674878396246398 -0.8245959931252147
-0.8689116686706893 -0.49698441831501955
0.5170067441798977 0.8571493606557156
0.41581399234985744 0.9105491330873214
-0.8808780470691868 0.4754522754089789
-1.0004463933447931 0.03328684489998342
0.9330093444272672 -0.362621790866739
-0.9568101617897946 -0.2941348573287212
-0.9655973694252991 0.2638611759220032
0.9465673667024355 0.325593642895584
-0.35798118570324367 -0.9347996954869529
-0.522818122078603 0.8536171338640076
-0.933812087686219 -0.36054955954917645
0.41364087311393455 0.9115383854174995
0.6384135341086083 -0.7709923212762606
-0.7101024763821415 -0.7055178757734988
-0.9809778392082903 -0.19920712583196887
-0.3644978558363207 0.9322780234944534
0.9938771503157471 0.11920239125223103
-0.9928003500336904 0.12786111595392036
-0.31241762634939224 -0.9509974903995339
0.8675929015782196 -0.499283043103895
0.4192622825434208 0.9089665221758614
-0.9543871576556061 0.3019042121303596
0.9382189898988035 0.34892137652094185
-0.9825603221026661 -0.1912490873952216
0.7032505088385732 -0.7123480341927588
-0.5505360919972276 0.8360089780668746
-0.8940883809425093 0.45011883660162705
-0.9820563190400068 -0.1938205000344193
-0.01284854167603745 -1.0009175365517375
-0.2523906010687363 0.9686588586763464
0.886774107179956 -0.4643626630503273
-0.4642845458467189 -0.8868150091692777
0.8450042253582379 -0.5366273000199712
0.5343070940524347 -0.8464732300818748
0.9648628454358401 -0.2665345934348001
-0.9582632900943809 -0.2893656283277133
-0.4809082877895475 -0.8779112818134449
0.17029019892514186 -0.9864087632163634
0.713311197682314 -0.7022735473168719
0.026093126818560727 -1.0006598566610088
-0.9992905001868748 -0.05847645882118243
0.7736204436979686 0.6352262660600222
0.9901983810113919 0.1466566269979581
-0.5974181951585057 0.8031765061887415
0.945862052046453 -0.3276369614351728
-0.5890245472250503 -0.8093522612350722
-0.3826170732117854 -0.9249892838767632
-0.9009264486218665 -0.43627117045891445
-0.4168283925041531 0.9100852109568662
0.6072570447679474 -0.795763709639802
0.7276697060288501 0.6873847531971355
0.9363526166800962 0.3538993885786423
1.0007370265869464 0.0229434874837614
0.9907602708458044 0.14281136409105644
0.9202379562194573 -0.3939074814382639
-0.9982044908212413 -0.07475824037727452
0.4800151969698542 -0.8783999150034066
0.11745986151902768 0.9940845944545821
-0.9655917041088778 0.2638819072163022
0.19970598626449382 -0.9808764035545589
-0.9362118692048312 0.3542715568035288
0.6870863562095947 -0.7279514675516644
0.9230283254092269 0.38732377992093203
-0.19410812768548968 0.9819995085367577
-0.6810033065661071 -0.733645347866412
-0.37963937271113685 0.9262153889282421
0.9893934413666593 -0.151992164865953
-0.015876972608493273 1.0008740788634647
0.1244421146748712 -0.9932346953742838
-0.10213857868037897 0.9957754318846956
0.5552490349982855 0.832886252217836
0.5162629041353695 -0.8575975826771636
-0.6972398327614382 0.718232285274619
-0.9081389527857994 -0.4210518286780284
0.9285193628897251 0.37396897296281
-0.1275319055139488 0.9928426930163616
-0.9206891754466073 0.39285167966478923
0.8946058279105441 0.449089537473865
-0.2609117966650872 0.9663984863196943
-0.9927904498131087 0.12793796449797593
-0.9782851143609349 0.21203592860600862
-0.45075239520216254 -0.8937691414562898
0.8999961471455202 0.4381871005897128
-0.15675300893320634 -0.9886503397007387
-0.9119330960870883 0.41276994592753163
0.14582621087556732 -0.9903210167524844
-0.9819379729629634 -0.19441917923236526
-0.08535183602397764 0.9973545327953024
-0.7750433402882815 0.6334894006017646
-1.0004599748274283 -0.03287611242682674
-0.9947716945449329 -0.11149114642967331
-0.2774761828549536 -0.9617733454136917
-0.9956863030499387 0.10300381506888867
-0.25888518377162073 -0.9669433600907212
0.948977079054253 0.3185019677013912
-0.8023708572996295 -0.5984997972900723
0.9936428548479186 0.12113990675940849
-0.051394497431989275 -0.9996797515373177
-0.5332428664662698 0.8471440523091901
0.9390333160922176 -0.34672385448488136
-0.853336900572824 0.5232753903259416
0.7593775634209128 0.6521861054736736
-0.9334218670690918 0.36155859563458137
0.8865716518865111 0.46474907861255926
0.7798046563443904 -0.6276190707296958
0.893335166260897 -0.45161186955350885
0.7257793923881691 0.6893803548003526
-0.25528382928424664 0.9679003907975096
-0.3815787841952791 -0.9254180846795964
-0.16255391966943417 -0.9877131279881336
-0.5046436475296529 0.8644858524047502
-0.4651038675503628 0.8863855777198175
-0.34523875603064286 0.9395803325604545
-0.672238001055089 -0.7416852903607151
-0.8692729411226384 -0.49635224773541436
0.15783024925292924 -0.9884789387846148
0.4585150135960027 0.8898117679077174
0.9533995823843241 0.3050085839929696
-1.0009913170121099 0.004169324449083191
0.5381638663270352 0.8440264527726231
-0.9602002684631422 0.2828717809243434
-0.9532235754768358 -0.3055582025656603
-0.17946473012017908 0.9847808947389725
-0.3373453266341529 -0.9424431710178056
0.9978268923855684 -0.0796397691618897
-0.4593811911514019 0.889364897674919
0.6690931099880859 -0.7445236129005388
0.9886398232884435 0.15681932217745084
-0.9663391512966489 0.2611314700898231
0.40345163932923944 -0.9160937586964281
-0.26255770692541125 0.9659526129857872
-0.5521217956003058 -0.83496258767869
-0.25433283055655126 0.9681507172445273
0.940640332349802 -0.342340130801012
0.7285112064264997 0.6864928419954617
-0.12469118198762999 0.9932034580762029
0.7219140584111897 0.6934270634091846
-0.31782408416659924 -0.9492043254872274
-0.603124123117877 0.798900677251742
-0.43351634762497826 0.9022552722716
-0.24680293804006417 -0.9700975774502234
0.8825913278889352 0.47226427764043927
1.0007773798281363 -0.021110092949348527
-1.0006104964797151 0.02792193285963939
-0.01596605356072798 1.0008726617975416
0.2079497911407442 -0.9791618274649604
-0.41795238916622346 -0.9095695687468032
0.9793564824522853 -0.2070311094465914
-0.9912173396143376 -0.13960367347557534
-0.9575649679152335 -0.2916681885662162
0.9378934380325412 -0.34979551011340865
-0.8093718374611818 -0.588997647469589
-0.18904124500699115 -0.9829874911138019
0.3305447056483697 0.9448498280509092
-0.4343008285129557 -0.9018779243073645
1.0007454477841795 -0.022573186289093022
0.4296947819759813 0.9040815197439963
-0.46301181653645973 -0.8874801731574671
0.9676310191482417 -0.25630296678371683
-0.5887156920479708 -0.8095769475080665
-0.18467545963200668 -0.9838170432604363
-0.9075193925974369 -0.422385549065755
-1.0006848041374463 -0.025118176056410833
-0.8351868737429028 0.5517824625045239
-0.344411286089114 0.9398839641224029
0.35482672514333014 -0.9360015999580661
-0.6845232922670241 -0.7303621446542217
0.8353427160707202 -0.551546504573814
-0.19946181777858135 -0.9809260844979422
-0.35036247585301633 0.9376817879825461
-0.6621593094276823 -0.750697042047093
-0.9970940760144861 0.08834253549009208
-0.9217915756411 0.39025798015812324
-0.4362917518787765 0.9009164818353298
-0.9295242482122851 -0.3714642270601388
-0.9240586349855271 -0.384859245840196
0.4124940641406053 -0.9120579186919908
-0.5802768158407744 0.8156468702800814
-0.6104508441096999 -0.7933163095044466
-0.16560917122033228 0.9872054509613055
-0.9030664133262054 0.43182409974681013
0.1205055596314992 0.9937199857595193
0.013801334407456166 -1.00090485220553
0.8494416638593397 -0.5295751690741141
-0.6945817173057323 -0.7208031894939282
-0.11321871674473291 0.9945765542072043
-0.10947090757290907 0.994996040391701
0.09804185368649228 0.9961871284681992
-0.6663341723274845 -0.7469938224568167
-0.2049043771365707 0.9798036518763716
0.8010471597618526 0.6002703123072711
0.5904639103554191 0.8083027715947703
0.3555895571450374 -0.93571206407174
-0.979936204107656 -0.20426951774329496
0.9698150706069665 0.2479107275282871
-0.6368230440015271 -0.7723065522372764
-0.8160773523559911 -0.5796712473218207
0.21140282144307593 0.9784221211143516
0.6549631662751426 -0.7569836529429416
0.9406522962434004 0.34230725609022394
-0.8254261292191296 -0.5662797058012276
-0.434924655857736 -0.9015772533327523
