1000
-0.5283550924159718 -0.850201091694259
-0.553636079344187 -0.8339592865652359
-0.9238554196214768 -0.38534680955734557
0.2681325748899309 0.9644199926810392
0.6181234146975136 -0.78735280796012
-0.6685036069954263 0.7450529695492157
-0.5998480453161102 0.8013634147691306
-0.40519863484723256 -0.9153223838178214
0.9850413537185767 0.17802958030696428
-0.6199193394423714 0.785939573113184
0.21662741248225129 -0.9772786522590394
0.24583359350548054 -0.9703436732952826
0.19239146575211838 -0.9823372760441046
-0.8875795548050398 -0.4628212764038483
0.4920628439004051 0.8717081837706042
0.45314502111284755 -0.8925584517781662
0.6656333312828246 -0.7476183975032514
-0.6981688712291853 -0.7173292321149092
0.21470565759625015 0.9777026544896775
-0.7522684357387963 -0.6603735311103137
-0.6972846133681806 -0.7181888108011617
0.39580237934972823 -0.9194245355118025
0.10535945812265045 -0.9954397945552014
0.9250508930085111 -0.38246809715864705
0.10346183434270498 0.9956388144475098
-0.3776645195409642 -0.9270223895245965
0.5523238080821705 -0.8348289711225945
0.8806462867574898 0.47588141129933303
0.8418728870849479 -0.5415265847502362
-0.08139381420470244 -0.9976853446900031
-0.17608821724566595 0.98539024743867
-0.41229000749969974 -0.9121501793651622
0.6458937959893645 0.7647366895229032
-0.9961002886037859 0.09892024587239207
0.6339620725419692 0.7746567566208217
-0.5660827467145356 -0.8255612175194078
1.0004456149063639 0.03331023288161703
0.9993509375592011 0.05743434163935229
-0.9721565610976852 0.23856366176499427
-0.5386645026715142 -0.8437070306460948
0.45487293180157484 -0.8916790991798786
0.853725544736823 0.5226410759439166
-0.8462558234858253 0.5346513641770005
-0.7843998346444335 -0.6218664642909966
0.9352225940070058 -0.35687490757800167
0.9941899006957052 -0.11656518071303991
-0.7453789344370145 -0.6681401380680109
0.8896559716081696 -0.4588172317839902
-0.9544240516257643 -0.3017875571958864
0.4418939767927578 -0.898181893201083
-0.3542267381506775 0.9362288277868458
-0.18570724300895014 0.9836228036671449
-0.4598751602268217 -0.8891095753653512
-0.38704236330291814 -0.9231463638063533
-0.2971148359551835 -0.9558889968272072
0.29138387294109774 0.957651522522596
0.12698925556127438 0.9929122463601672
-0.680777670972128 -0.733854728611709
0.7757131800170138 -0.6326689990412774
-0.05473321086223107 0.9995025140682291
0.3224878128034218 0.9476299966723644
-0.6297933475698446 -0.7780497023691795
0.930179712354651 -0.36981982467658303
0.965566363420479 0.2639746158837086
-0.8872591882268841 0.4634351442294495
-0.9624857126277462 0.2749950053863879
-0.8653240959008667 -0.5032049374294211
0.981256577026024 -0.19782954795270274
0.13706397500274325 0.9915717153874688
-0.7628036797450505 0.6481755519667574
-0.6201618205586207 -0.785748252509299
0.981491859135946 -0.1966589190702122
0.06675559819657678 -0.9987715905598322
0.8431269462310615 0.5395720086689861
1.0005743448513056 -0.029188703729023116
-0.4221668414569043 -0.907621153331224
-0.7055398517733827 -0.7100806415891038
-0.43211361025858025 0.9029279195092462
-0.9411488941823923 0.34093952393241256
0.258848852191023 0.9669530866176445
0.9944632335506768 -0.11420979430824743
0.40958740133523575 0.913366936486891
-0.25797737853130515 -0.967185955318891
-0.48011813193183217 -0.878343656771248
-0.6446868507478059 -0.7657544413667323
0.11790767851506719 -0.9940315786468695
-0.8552652267242602 0.5201176712593986
0.946829876718865 -0.3248294699569896
-0.9201312625767095 -0.394156643517511
-0.19018125294847424 -0.982767567142378
0.027220113265427354 1.000629834371241
-0.4948955733878977 0.8701030809283828
-0.3540007638658665 -0.9363142950859946
-0.040670837561635975 -1.0001734264476512
-0.9019396300905236 0.4341726657358448
-0.18411449158861445 0.9839221788266926
0.06002808175705902 0.9991984934939443
-0.651064970272713 0.760339006288505
0.7928294109808577 0.6110830754355304
0.9181330017296006 0.39878915624047906
-0.8845791659155415 0.4685303610526909
-0.9337533827189832 -0.3607015667568636
-0.9818691531251781 -0.1947664399768235
-0.5681439538074484 -0.8241440697790889
-0.03959135045097149 -1.000216738996838
-0.2196769105353322 -0.976597693514403
-0.12394401586399151 0.9932969751949849
-0.237521352148891 -0.9724117478071532
0.9075177637377952 0.4223890487457636
-0.8825682482710374 0.47230740746233535
-0.7802876959654436 -0.627018429972309
0.30008495320527867 -0.9549607430987861
0.19319854716967846 0.9821788642459812
-0.1353101807716732 0.9918125604062177
0.9071859508456803 -0.4231012297172143
0.9984699965531914 -0.07112429952604171
0.6901306990022151 -0.7250659406527892
-0.24333343038594826 0.9709736565204058
-0.26396322419783397 0.96556947770271
0.5258069411797714 -0.8517793497186771
-0.8990241305196895 -0.44017793304902997
0.9901393614937074 -0.14705456409385392
-0.5031413227467608 -0.8653610861048929
-0.22248728876961232 0.9759612729693464
-0.9470842860344196 -0.32408695615015687
0.6910607345209219 -0.7241795780076956
0.9814493170443523 0.19687112046507546
-0.9922849086496339 0.1318015935646747
0.04179516958441983 1.000127073825826
0.23465917203466047 -0.9731064037298325
0.9493125519800117 0.3175006750436879
-0.13692608178950105 -0.9915907664585099
-0.5960310383109777 -0.8042064420097229
-0.6606789519921389 -0.7520002143580606
0.1497764137690525 0.9897312897339771
0.5087661262595781 -0.8620661394410658
-0.5703264732267496 0.822635225319666
0.2742533191710275 -0.9626973132421606
0.9918969050325716 0.13469049627499957
0.8651162517788762 -0.5035621817691119
0.9543851611808454 0.3019105233638134
-0.4585265489197117 0.8898058237254797
-0.09358462229948067 0.9966157326016198
0.9711799408985095 -0.24250880890468218
-0.9724536868871997 0.2373495878645933
-0.6006526908563885 0.8007604791490273
-0.3746630371731385 -0.9282395211238312
-0.9998204043073173 -0.048581469005706465
0.6956472098369795 0.7197749366614716
-0.4438873567903149 0.8971984253673808
0.33100070041451457 0.9446901800723351
-0.7914540319295458 0.6128633741238463
-0.8317435747205181 0.5569592677307147
0.7070950518870426 -0.7085319947587834
0.977243145363261 -0.21678753386788735
-0.3379040234175308 0.9422429999518409
-0.38658799671846195 0.923336732071895
0.4164115130266822 0.9102760305637128
-0.879071844744957 0.4787835542045049
0.11222649813901683 -0.9946890032142978
0.9953418090375182 0.10628115158352615
0.22251097260811548 0.9759558735255353
-0.12581569848169347 0.9930616345502244
-0.6449007326035098 -0.7655743236861176
-0.2563284019774679 -0.9676242815988433
0.22092916878484836 0.976315165497308
0.3301221040877153 0.9449975642258025
0.9041447820419151 0.42956165227633825
0.9580167567796514 0.2901807949010381
-0.28403877937225946 -0.9598557036412905
0.8884982718233614 -0.4610551170596637
0.012389366506175125 -1.0009233255337673
0.7343762931209101 0.6802150102004448
0.7705437013180004 -0.6389549313990435
0.22442761894979837 0.9755169111053504
-0.688778522513463 -0.7263505675114262
0.9746969327886854 -0.22796247325454433
-0.44843067784766 -0.8949362698902578
0.5339383023633937 0.8467059048272294
0.9808936875405119 -0.19962107539830698
0.07054149583852272 0.9985113406290704
-0.0022840651545633552 -1.0009973941256638
0.9463215820276016 0.3263073143353935
-0.7064107392823746 -0.7092142605916276
0.27730519946986976 0.9618226584703522
0.028841028084834436 -1.0005844267721788
-0.2574406029434494 0.9673289698732863
0.8374735287848608 -0.548305652519316
-0.8699580701284663 -0.4951504379664373
-1.000999598631658 -0.0008964035137346983
0.08464240896244578 -0.9974149901645926
0.964810638669567 0.2667235113559026
0.9610244146237034 -0.28005905537434117
1.0003182103357042 -0.0369388423041883
0.2779191837753909 -0.9616454270101952
0.8304864881429481 -0.558831989968356
0.9586920473071144 0.2879419358657116
-0.9817440865726708 -0.19539587631163613
-0.11431914970650489 -0.9944506684649479
-0.6538635506231314 0.7579336759680966
-0.7214542994601308 -0.6939053925359651
0.6159857687189758 0.7890263194188724
-0.9997066160923537 0.05086926126036533
0.04371488616289955 1.0000450033512316
-0.7624717171687131 -0.6485660186270893
-0.3983431196936645 -0.9183266080173866
0.28141199792525895 0.9606291102312662
0.2523198232618004 0.9686772975501872
0.6344609060455786 -0.7742482539210686
-0.5322675688367273 -0.8477571793648461
-0.5868562452726901 0.8109258581303473
-1.0009915591290919 0.0041107848775898655
-0.7400716083500579 0.6740141055750678
0.3557896317887389 -0.9356360071692589
0.815754373240446 -0.5801256782276468
0.5373623575696695 0.8445369717585883
0.8630901953860621 0.5070269367878291
0.6495237275233228 -0.7616560427018276
-0.8127057832341403 -0.5843888345081403
0.8509524021871159 -0.5271442015350041
-0.41615416763209107 -0.9103937108539587
0.8564872024363916 0.5181029550800532
-0.9641388640326168 0.26914169290894924
0.6628516669424246 0.7500857735163686
-0.7670843159334604 -0.6431039202562018
-0.11233039030192046 0.9946772760119829
0.9985857824388472 -0.06947974604872463
-0.048782513336109036 0.9998106152630168
0.6853315706955831 0.7296037542446756
-0.6574338894674701 -0.7548388443765162
0.9353597610508263 -0.3565152414791563
-0.9117430253964349 -0.41318961221327416
0.08130838325933003 0.9976923106909034
0.9261394423947357 0.3798246085244717
0.9633744575476908 -0.27186514036318193
0.9383424909905151 0.3485891128559739
0.5540413846192368 0.8336900767846519
0.5786323207357432 -0.8168143224748009
-0.8701374223756937 -0.4948351909286401
0.4880206080278416 0.8739776233635137
0.785347860085346 -0.6206687833775498
-0.9910847111783672 0.14054214765860304
-0.23699117504175818 -0.9725410957652775
-0.1829383853691895 0.9841415280123657
0.9623631142682857 0.27542373952847027
0.8326319773322501 0.5556302640459637
-0.9410096319339173 0.34132370648344024
-0.7799057429313055 -0.6274934518724226
-0.9082122839619206 0.4208936293895071
0.1373677582236774 -0.9915296763085819
0.4477235067011066 0.8952902666438769
0.23148346814321036 0.9738667280364348
-0.9404627575406975 0.34282765594238046
0.052129257187529955 -0.9996417060852735
0.8927885741145436 0.4526914643888485
-0.9839009257032156 0.18422803369833649
-0.41789152130719887 -0.9095975354075861
0.16360857315322813 0.9875389788716012
0.9729003785672183 -0.2355118964803332
0.8363201521137634 0.5500632719682451
0.7196750571556632 -0.6957505387047811
-0.9385250882724193 0.3480971971780979
0.3739524490754776 0.9285260178532706
0.4310172455592669 0.9034517884372706
0.9613642647334558 -0.27889021225833976
-0.9991715218017734 -0.06047536705410089
-0.5544249396278673 0.8334350522498053
0.3152371380621587 0.9500666012371868
0.8360286585155677 0.550506205360721
-0.07626283440315708 0.9980906672686588
-0.6849809791858504 -0.7299329134609519
-0.7091257574953321 0.7064995824886745
-0.4617852461308698 -0.8881190159296511
0.9530550262006995 0.30608351316852084
-0.33856677655660206 0.9420050625193432
0.9802258446434637 -0.20287506868269425
-0.18305127824969825 0.9841205360783565
0.8332376044002533 0.5547216370517082
0.8113308514219879 0.5862962131302505
-0.6726689190590407 0.7412944929863852
-0.9228333920131097 -0.3877879969591352
0.42885715464047264 -0.9044791544937217
0.8850861236484187 -0.4675719770527486
-0.714688863384111 0.7008714779149795
0.5411201463819438 -0.842134185970136
0.5883371209912927 0.8098521050560263
-0.24768938851434563 0.9698716238850323
-0.5803661849625339 -0.815583282903735
0.21600106426696972 0.9774172805079397
0.6409993927266635 -0.7688437933182842
-0.9333275216930776 -0.3618020691624879
-0.5758772963716055 0.8187590240868984
-0.7950069550191714 -0.608247434413944
-0.9944083178886532 0.11468695354685814
0.42756952024018274 0.9050885621648194
0.9873728416836781 0.16460823644489422
-0.8727683769392209 -0.4901799263687548
0.2533968859594805 0.9683961060361808
0.9980149301772996 0.07724764814025031
-1.0005246446494795 -0.030845347283385026
-0.7839027113712203 -0.6224930032577469
-0.8329921633437751 0.5550901330485504
0.15402097340399384 -0.989079642774881
0.07042143150052732 -0.9985198155196604
0.45332041405813017 -0.8924693844598622
0.35613710057990844 -0.9355038030871581
0.9874212742777467 0.16431745830468172
-0.8516452544973779 -0.5260241063792573
0.786941974075101 0.6186463686459196
0.7877828245758141 -0.6175752758193549
-0.5067899812094395 0.8632293524583927
0.9940243153073856 -0.11796889665366625
0.10612287966850818 0.9953586963556722
0.5992674734685111 0.8017976647775095
0.24641010079702563 0.9701974346622443
-0.0656643815669701 0.9988439262434484
0.27226468420314776 -0.9632616164551353
0.769823398539626 0.6398225809245093
-0.4697534690307555 0.883930245174115
-0.9731100996419086 0.2346438449542513
0.955940312476775 0.29694969099462926
-0.10660819756925584 -0.9953068331982025
0.9239753141253056 0.38505924075009895
0.9075286654255592 -0.42236562529507954
-0.7918932797616981 0.612295707537021
-0.6853714057134432 -0.7295663343592402
0.8582692728300303 0.515145470052694
0.30085455634530994 0.9547185637276918
0.7784729736014849 -0.629270076653945
-0.8974448000195394 0.4433890288650465
-0.9917915317575561 -0.13546422972135755
0.2625332162036817 -0.965959269529389
-0.507757448655869 0.8626606362495524
0.9872550937584061 0.16531297543774578
-0.9952117807670812 -0.10749191328846636
-0.33816904398448033 -0.9421479170972159
0.6806456714012609 -0.7339771590470148
0.7528125112354708 0.6597532288116097
0.2959568565036453 -0.9562481576915486
0.07894389417665239 -0.9978821882227509
0.5814403725479149 0.8148178282115224
0.9816201431052954 0.19601758760361124
-0.6377791786301307 0.7715171542524999
0.2563159135933179 0.9676275897466043
-0.9042241572253772 -0.4293945429206762
0.8778316969445888 0.48105354363041913
-0.7828839319653222 -0.623773796396191
-0.328859993925707 -0.9454375200906636
-0.9614268549130219 -0.2786743666935571
-0.6901556295777117 -0.7250422104692887
0.012585791962652316 1.000920874915032
0.8346195640176055 -0.5526401933980754
-0.5429890303611048 0.8409303852920925
0.8697067156951416 0.49559179641593154
-0.18394142053759305 0.9839545486508064
0.7391174725089874 -0.6750602653333452
0.9005856949853966 0.4369741479626342
0.2895324594702993 -0.958212896444772
0.039810638105142494 -1.0002080349075693
0.7038181987920564 0.7117871472913131
0.5182227778931839 0.8564147082299974
-0.602767093603537 -0.7991700888226141
-0.38567153658397263 -0.9237199066107418
-0.9923155518656434 0.13157068642210407
0.9710202246629218 0.24314753401087344
-1.0001642310706305 -0.04089634319709626
-0.7511694171721024 -0.6616233873627231
-0.011759636071478386 -1.0009309221716882
-0.9376318389430132 0.35049612636995514
0.5162116714388028 -0.8576284220280701
-0.9060292903192197 -0.4255724674877958
0.9960882764990491 -0.0990411299468759
-0.761316207057984 0.6499220206077378
0.9324222941392801 -0.36412863852221505
0.9966314984234174 -0.09341657428044489
0.863591095592475 -0.5061733098587762
0.31083422200832445 -0.9515162039757807
-0.018068826078714764 -1.0008369085541047
0.6333847636750509 -0.775128854542456
0.49882720908708933 -0.8678550659380778
-0.4568839723232229 -0.8906503443182137
-0.6834690076003288 -0.7313488330816025
-0.8716820802262014 -0.49210908446453433
0.4633805337793306 0.8872877103366094
0.3461651712224428 -0.9392394126273327
0.3507731184960817 0.9375282498893214
-0.8022320945495061 -0.5986857827564577
0.8105122332340076 -0.5874273740455255
0.20727128039499093 -0.9793056807368274
0.6404045880279183 0.769339303319928
-0.9819593869806577 0.1943109938232288
0.49167525058029343 -0.8719268592988781
-0.24759817705666248 -0.9698949132345306
-0.20435711919594596 -0.9799179393367252
0.7086551793208333 0.7069715954843997
-0.874305984249743 0.4874320936346806
0.6314722300708173 0.776687725311395
0.2526725242925156 -0.9685853578635433
-0.5893328639642047 0.809127786849363
0.8744374780656292 0.487196158599616
-1.000267264319827 0.03829360168656636
0.9625137917546479 0.27489670911469694
0.9600481470863229 0.2833876413609425
0.8326810390589434 0.5555567362490696
0.24898405894403058 -0.9695400653875814
0.5029489213967144 -0.865472924166829
0.14767608268199958 0.9900468547516825
-0.11800165818057888 0.994020426684801
-0.2889327773698916 -0.9583938909244574
0.8017662795622984 0.5993094634300632
0.9501103658008304 -0.31510520909342654
0.6734339885585102 0.7405995294720192
0.9488546186395803 -0.31886660641455783
0.26599341131049864 0.965012178751856
-0.9935998668285041 0.12149199413286013
-0.5855793127986333 0.8118484269999421
0.6061868452462346 -0.7965792544690188
0.7295661093654858 0.6853716452154319
-0.14046142722068466 0.9910961544992132
0.6112996014416453 0.7926624737410531
0.590921327703023 -0.807968430364514
-0.5046001453759471 0.8645112453210618
0.9679947384242538 0.25492584487054387
-0.6517257840430923 -0.7597726649553908
-0.3168590229126827 0.9495269135726591
0.2709793527552252 0.9636239880681464
-0.9993011433675292 0.05829429529850228
0.5555410133600087 0.8326915290039492
0.47206529317376755 0.882697773295461
0.581020672763301 -0.8151171558872264
-0.9927220600214914 0.12846755055922238
-0.8581732002007192 -0.5153055001232341
-0.6867570419728459 -0.7282621542416623
0.6308647472799236 -0.7771812341014406
-0.09990512857609579 -0.9960019906025257
-0.831832733497575 -0.5568260980611022
0.9697678463692685 -0.2480953932428228
0.8440575204110398 -0.5381151384579022
0.3309544554443692 -0.9447063821217263
-0.996369947381052 -0.09616614766059714
0.23105920588486756 0.9739674755225939
0.5872052114666478 0.8106732014976253
1.0009810736635303 0.006155498956736283
0.9583419110314215 0.28910513928438397
0.8771296999571279 0.48233234336204206
0.6650534110456621 0.7481343197959371
0.923742108681765 -0.385618356212676
0.3448594830647217 -0.9397196054889633
0.9195115920412218 -0.3956000911296884
0.4071510235614578 -0.9144555998039802
-0.8548977971336457 0.5207213808324371
-0.7581201660955434 0.6536473160346227
-0.4216293818607138 0.9078709513756635
-0.45729925302246976 -0.8904371921618566
0.9756915866513794 -0.22366700189727082
-0.1279467100039015 -0.9927893227665059
-0.12326248545131831 -0.993381779418348
0.9988283907916372 -0.06590027123304149
0.4122850145206266 0.9121524361649903
-0.6908422667589841 -0.7243879916586888
0.1649433939325681 -0.987316907987504
-0.8724582137969425 0.4907317649982
-0.98925296734373 -0.15290378216913142
0.9934389820221066 -0.122800606671468
0.5085289315600308 0.8622060807987922
0.9970881519660392 -0.08840937285689074
-0.9962814766584253 0.09707841813352608
0.8072637069491179 0.5918836941855796
0.26158791491076383 0.96621569164066
-0.4812697842179272 0.877713162028934
-0.5894976034570256 -0.8090077722237429
0.36000964042980416 -0.9340203738664393
0.7239198247263273 0.6913328340012528
-0.42994437335078833 -0.9039628509092605
-0.27161105056838974 0.9634461257429683
0.07156492220388255 0.9984385118323272
-0.2503755914414475 -0.9691816461377842
0.6812693121587294 0.7333983394518778
0.4597628887753609 0.8891676366720367
0.22235021702317764 0.9759925107242092
-0.08954531336993858 0.9969867786753641
-0.89498902506822 -0.4483253785002998
0.8290080735585686 -0.5610228283899958
0.1487302592655699 -0.9898890392255064
0.9974857783240225 0.08380406936013907
0.16765872182409453 -0.9868594393308051
-1.0006922576150465 -0.024819459085592604
0.11763542653933425 0.994063834179128
0.5597031576958309 0.829899617583546
-0.3643945747942517 -0.9323183972552063
-0.9137138047391067 0.40881301719635293
0.8635798402069499 -0.50619251237858
-0.01270171935663553 -1.0009194105048544
0.2593381664818118 0.9668219667580231
0.7028746640362873 -0.7127188833305009
0.9150106078514496 0.40590218959660795
-0.3730521167971268 0.9288881085217868
-0.9197361353631546 0.3950777661514868
-0.5060246499616261 -0.8636782118539368
-0.8378211712631508 -0.5477743011343652
-0.09707457640595427 0.9962818509917787
-0.946027689145851 -0.3271583888109263
1.0001435326722592 -0.04139944509113441
-0.04913617829132247 -0.9997932966283197
-0.9803667161386417 0.20219322908429951
0.9965182662919695 0.09461683225751856
0.9914801479650961 0.13772478422967782
-0.8319654922581776 -0.5566277209155219
-0.598402576321232 0.8024433666322578
0.9061613229159877 -0.4252912611977196
0.8451072127941882 0.5364650956802676
0.7028695308280146 0.7127239456013854
0.4715974007026171 0.8829478419762604
-0.5366736339912361 0.8449747987831594
-0.8178147638449209 -0.5772174737802696
-0.9614175364460785 0.27870651340425
-0.9869174537468063 0.16731688345747
-1.0009376353695876 -0.011173634177761333
-0.9867345859382423 -0.16839197401683262
0.43461334465024926 -0.9017273649235249
-0.8782460327391761 0.4802966853705091
-0.5309269255504856 -0.8485974308973065
1.0007524816812845 0.02225916460135383
0.6272726656588717 -0.7800833307520507
-0.9852292952366072 0.17698654131763358
-0.6018532665002512 0.7998585159907831
-0.47036329286769396 -0.8836058921955308
-0.8371220071700013 0.548842185980331
0.9513891596586854 0.3112228572645978
-0.9428319765604394 0.33625713966417886
-0.9425210221109733 -0.33712775453659405
0.6191068407018765 0.7865797606067305
0.7726572868605773 -0.6363974521171903
0.9948476133913904 -0.11081166964473917
-0.1465398592077787 0.9902156682578621
-0.9919877191101395 0.13402001766401592
0.6603457602027327 0.7522928133262174
0.5683275192883859 0.8240174942436049
0.6053996026472326 0.7971777224148784
0.030374763919463307 1.0005390415755084
-0.9968429709540382 0.09113227342454717
0.8317561396109763 -0.5569405033030423
-0.9631073246193628 0.2728099728098909
0.5717769007683084 0.8216277598449239
0.5815212951459213 -0.8147600771342508
-0.7326026334540686 0.6821249016537686
0.8941446485222957 0.4500070527435545
-0.9756652621917702 -0.22378180478373216
0.8823534293875258 -0.4727086054305256
0.26748545183592287 0.9645996750238578
-0.9997104713407069 0.050793439455717404
0.3804430380993365 -0.9258855732550036
-0.7362090380669525 0.6782309726549889
-0.8953692054096303 0.4475656220088036
-0.9406475203257219 -0.34232037991488434
0.6833967497422778 -0.7314163536876178
-0.9537901409732171 -0.3037850670824532
0.7810700184810564 -0.6260436296537184
-0.5727499125087216 -0.8209497778312944
-0.9976023073885596 0.08240531714047314
-0.9972506299632957 0.08655738580739303
-0.7749822522005485 0.6335641315401034
-0.9481289002317451 -0.32101805018618745
0.6998897134941069 -0.7156503258890735
-0.9691663439890846 -0.25043481722562316
-0.056569060467412016 -0.9994002908733989
0.4766095097567178 -0.8802524497037547
-0.9165895806471107 0.40232392502702824
0.9937583798033047 0.12018852928092101
0.5402958815920507 -0.8426632544110778
-0.3942612722287635 -0.9200864357333809
1.0008905310501002 0.014803541949428905
-0.999746450862975 0.05008027542740853
0.5425116318487537 0.8412384497327748
-0.42149825069647956 0.9079318392147109
0.22580847065525692 -0.9751982027159063
1.0009935135627412 0.003603582289647026
0.50570532041523 0.8638652261225299
0.026604600830669588 -1.0006463886981458
-0.14499499109973632 0.9904430587146277
0.658652110892614 -0.7537760919641214
-0.0871749805341859 -0.9971968325104449
1.0007597068991938 -0.021931918453241134
-0.9333477039614013 0.36175000139596464
-0.031176645683385917 -1.000514376090585
0.9737350734165839 0.23203664968793153
-0.9723358881026581 -0.23783170669112838
0.7649685391936316 -0.6456191865519189
0.9915850714137137 0.13696731781509172
-0.9087141602952641 -0.41980897427148106
-0.7272932110986006 -0.6877830945071901
-0.014323020315110215 1.0008975227709642
0.004302962237727262 1.0009907514637588
0.8111499250713539 0.586546502041174
0.33124557218252565 0.9446043462262235
-0.3965749098971466 0.9190915845768962
0.6821998550716437 -0.732532837311904
-0.46212304924430075 -0.8879432906200427
-0.25628951278002554 0.9676345827010201
-0.14488227603403447 0.9904595529809371
0.7859343382157056 -0.619925976237035
0.6981274338019705 -0.7173695603892566
0.9985500668120358 -0.0699911713695295
-0.35006012888235 0.9377947036355412
-0.7403490238958416 -0.6737093756334956
0.6598597867344071 -0.7527191121864933
-0.41711703803421907 0.9099529529495246
0.4814444450860891 -0.877617368957422
0.605059992488786 0.797435518076208
0.019650544854037073 1.000807102336379
0.9992037884909949 0.059939878755659884
0.38094753030072576 -0.9256781185475746
-0.07931486728233116 -0.9978527706169815
-0.636568972411782 -0.772515982593634
0.47032804514648985 0.883624654448189
0.48165483037515155 0.877501922719423
-0.9931350659425808 -0.1252347427642411
-0.9943269640724182 -0.11539015780614918
-0.1790665209187222 0.9848533805019226
-0.833767611661389 -0.5539246968175938
0.7479136273558962 0.6653015902696653
0.9485955338400169 0.31963653292258887
-0.8165468695898318 0.5790096801980482
-0.9145852441661176 0.4068597192566535
-0.18044236229586516 -0.9846022313041383
0.49877073107178843 -0.8678875260228791
-0.0034902689323272583 -1.0009939150777991
0.13480095512610443 0.9918818994704409
0.960584958723973 -0.28156266988587636
1.0005880480278306 0.028715120474332553
-0.24748290096924067 0.9699243340219118
0.9994255101295194 -0.05612174001534405
-0.6975502122912886 -0.7179308471798507
0.247540483281206 0.9699096396762468
0.21778350405520608 -0.9770216708760538
-0.7166605943688975 0.698855201367793
1.0009019781043977 0.014008219969133505
-0.9884613115672825 -0.15794060761782527
-0.8541669089311503 0.5219194302639095
-0.8863985975849578 -0.4650790537096033
0.1298164717968394 0.9925465649782987
-0.5568468135706389 -0.8318188662300381
0.1939571973782701 0.9820293303079938
0.5215628653864148 -0.8543846776773987
-0.6047678044743248 0.7976571335300054
-0.30358144059316294 -0.9538549726910165
0.9412847493370182 0.34056426803989104
-0.6409545795943916 0.7688811526477787
1.0007038240866195 -0.024348643872216615
0.895403479161127 0.4474970497178159
0.742236107825252 -0.6716297791495109
0.4999419103992122 0.8672134029328571
0.10568953267392658 -0.9954048034258057
0.9890345989372942 -0.1543099546527885
0.8946688450996811 -0.4489639825286687
-0.4109536225877989 0.9127530444112278
-0.780767581731021 -0.6264207717803533
0.9959157637047121 -0.1007610619458728
-0.7808406996378867 0.6263296271046226
0.4026035774922052 0.9164667802983794
-0.4629881337805265 0.8874925284070989
0.7456259497599893 -0.6678644645768436
-0.4221192806997369 0.9076432740132748
-0.6811539972273613 -0.733505441057657
0.7878107778187194 -0.6175396168284788
0.9339079079431367 0.36030128986901194
0.9119303614592703 0.41277598749050853
-0.618500520881325 0.7870566089358056
-0.5099099767999039 0.8613900484449084
-0.7690651794980763 -0.6407337588137462
-0.9221474825232849 -0.3894162560499598
0.6710226041462681 0.7427850730357745
-0.05903648286543685 -0.9992575712452115
0.0587267212725354 0.9992758238887689
0.4117517389202278 0.912393284442717
-0.77711293183671 -0.6309488815840415
-0.5262014942462137 0.8515356642284878
-0.6254582859467737 -0.7815388234377892
-0.20168901466526343 -0.9804705713907762
0.9227397745077933 -0.38801070673540283
-0.9847121915984876 -0.1798413181593805
-0.9819598729058426 -0.19430853816222624
0.34932111715399755 0.9380702303720565
-0.6358979858717135 -0.7730684003141624
-0.06985132181667907 0.9985598594177831
0.5568974565868526 0.8317849619024706
-0.9788212353420819 -0.20954710507043703
0.7237014159165078 0.6915614655259803
0.23581751101469192 0.9728263470418734
-0.8896007661211102 -0.4589242605449551
-0.876958443032735 0.48264364617552086
0.8729109337819491 -0.4899260165411975
0.44943537716201143 -0.8944321336776986
0.5207489826349738 -0.854880984163667
0.8520851302044918 -0.525311270471512
0.684574739858752 0.730313922602686
-0.09204231915034407 0.9967593548522262
0.2855271878091278 -0.9594140008472938
0.516359439590575 -0.8575394621506973
-0.9583484370310886 -0.28908350565203417
-0.9379044540179767 -0.3497659719487318
0.6118064362151759 -0.7922713453140192
0.9614798423855274 -0.2784914948186057
-0.7400197002271484 -0.6740710966031116
0.9950068014070222 0.10937305497135363
-0.8133518672003708 -0.5834892802114453
0.2494876046760251 -0.969410612234578
-0.7950935260683423 0.6081342654416131
-0.7553319830907058 -0.6568672585235633
-0.3105024928814902 -0.9516245067853076
-0.12301863579743252 0.9934120067960417
-0.023748750711074174 1.0007182404851345
0.9834253272717013 0.18675016915801507
0.9759613430397991 0.2224869813988039
0.23443707961175586 -0.9731599332602587
0.8127098948248586 0.5843831165030071
-0.927731683474883 0.37591877244540406
-0.8665230008567041 0.5011375948642174
0.8433801943660351 0.5391760823247902
0.5952091440260556 0.8048149320606385
0.7829490690364507 0.6236920356193071
0.9296341341437419 0.371189138627217
0.6692643082376969 -0.7443697238060648
-0.0728074409540906 -0.9983486748334555
-0.7794685123773258 0.6280364943315625
0.9473696497763012 -0.323251831677298
0.855612751243303 -0.5195457823039906
0.1631876160364163 -0.9876086279353534
0.4610115823583654 0.8885208612809471
0.14888365052341096 0.9898659801239877
0.8421103034061491 0.5411573125230809
0.9736620245510674 0.23234298342561702
-0.5044042807779008 0.8646255383302811
-0.9971671896330563 -0.08751340422650995
-0.07247629564315873 0.9983727693451206
0.44454964822867354 -0.8968704534433959
0.6658328596809465 0.747440701975142
0.664745440293699 0.7484079767137282
-0.8777816236338348 -0.48114490666611937
-0.42796334374768363 -0.9049024126436518
0.48004213504883436 -0.8783851937377797
0.9060807976059172 0.42546279297939193
0.822475104726193 -0.570557360924945
0.2777661490744306 -0.961689641427192
-0.9271490350974348 -0.37735350365127873
0.8846424816787426 -0.4684108021910634
0.9882273045644125 0.1593982261926264
0.8780930427928033 -0.48057632921199545
0.6675576737345206 -0.7459006316113127
0.9285915650765535 -0.3737896537742542
-0.9558772934497263 0.2971524858843115
0.9898394858213546 0.14905969377707784
-0.9864237835896028 0.1702031702665151
0.9974418384394055 -0.0843254346601241
-0.1955157573689634 -0.98172021911563
-0.9528641985757013 -0.3066770599061602
-0.5727060053289882 0.8209804086944541
-0.18093433364910486 0.9845119435065044
-0.9822728180093105 -0.1927202921335685
0.9997869396548669 0.04926535593655688
-0.3021313498960311 0.9543152767351061
0.8641950980373305 0.5051413985492069
-0.9991651734063007 0.060580163848877384
0.5101448904581628 0.8612509452763631
0.6979474507859335 -0.7175446717392701
0.5207892133570133 -0.8548564764046555
0.021238381987190698 1.0007746655119554
0.8407293580098917 0.5433002361312531
0.1518737745101361 -0.9894116214276263
1.0009691712129978 -0.007856098342329105
1.000436018363787 0.03359721953394747
0.2492796470310198 0.9694641084517209
-0.18776371183535265 0.9832323166565522
-0.9380931942259512 -0.34925944360453853
0.6804583002266975 0.7341508711788018
0.35499149969319427 -0.9359391193585066
-0.34942197506262335 0.938032666458549
-0.08827609131791873 -0.9970999607369516
-0.9986797762448152 -0.06811537652840097
0.9420788162816219 -0.3383614988638897
0.9604728673560746 -0.2819448014644006
-0.6007533082264871 0.8006849958972202
-0.9180655748304409 -0.3989443574124742
-0.1872432876543156 0.9833315571201827
-0.6269350649028241 0.7803546785887118
0.23116271748238706 -0.9739429131351376
0.4444150358328543 0.8969371638669472
-0.20501788328061984 0.9797799077012828
0.2837257436286585 -0.9599482811080838
0.42931484216086346 -0.9042620009158812
0.807090487105512 -0.5921198743698672
-0.9881605372495653 -0.1598116160441739
-0.8359234972153599 -0.5506658758296561
-0.3862023392180958 -0.9234981067563003
0.5231602800128219 0.85340747677584
0.6701193636228193 0.7436000527822383
-0.4194161217271888 -0.908895547813567
-0.022657424358974814 1.0007435441317707
0.829242778169223 -0.5606758554228893
-0.7021102068445665 -0.7134719738326656
0.8970358386005549 0.44421583072443427
0.926509080368537 -0.37892205530246975
-1.000808367018251 0.019586028343225953
0.31971417870957125 0.9485693669585079
0.03412372288663565 -1.0004181983232592
0.9021619648730091 0.43371049000049733
-0.4873720805141243 0.8743394393113775
-0.9479269535447787 -0.3216138845623972
-0.2362291943760734 -0.9727264608945474
-0.9506531534101934 0.3134638446635517
0.4345165029724872 0.9017740341374665
-0.9956080823589077 -0.10375715079751568
0.6432634986161987 -0.7669505012372362
0.6565247819943457 0.7556296782335092
0.1515744335069515 0.9894575236497254
-1.00099328377657 -0.0036668561737750356
-0.8692872987171224 -0.49632710211017916
-0.08006781776801034 -0.997792636051133
-0.0856533911838108 0.9973286803149266
0.9589240532723067 -0.28716834793516205
-0.10339948191733286 -0.9956452918279818
0.4553800010709492 0.8914202458013966
1.00031930280399 -0.03690924596546332
-0.8949961557055934 -0.44831114337277983
-0.9901571552870474 0.14693470602230746
0.8117228470602067 -0.5857533777627512
0.8396012413313891 0.5450419759567059
-0.0237007083612598 1.0007193794581848
-0.851768015900563 -0.5258253009211504
0.8107291433961317 0.5871279724627114
0.09057901250977379 0.9968933957513983
0.9975061429455022 -0.08356132350547947
-0.8669878414395396 -0.5003329719257045
-0.9501339103832528 0.3150342082057584
0.4994097313299135 -0.8675199826245984
-0.9957810692353956 -0.10208360373934923
0.7794353042666762 -0.628077707344174
0.6824445371167768 0.7323048912573697
0.03201280006280186 1.0004879712580952
0.944824056709209 -0.3306183628650313
0.778408887698731 -0.6293493493693503
-0.9840919509243528 0.18320489110801982
0.9021223068290053 0.43379297311219106
-0.9955476914649497 0.10433500859639266
-0.632652355337989 0.7757267542667939
0.8805315602935071 0.4760936581462536
0.8923679449546608 -0.4535200666094011
-0.39054862647880884 0.9216684709566211
-0.46343795695663886 -0.8872577190714412
0.7583740784035877 -0.6533527050571605
0.7882218757184739 -0.6170148090920108
-0.6900357131170897 0.7251563380561391
0.9910256321756005 -0.14095813694480863
-0.966922915778771 0.2589615317800691
-0.9055647512662952 -0.4265600558702288
-0.7795300164457339 0.6279601527645794
-0.56655608326929 -0.8252364536970972
-0.14110009716422756 -0.9910054301466998
0.28777415149035906 0.9587424251247068
-0.8332485911248128 -0.5547051337318906
0.9755843638517778 0.22413422096574628
0.7838569979000903 0.6225505656917018
0.2761527377138674 -0.9621541796682775
0.5029918265105454 0.8654479894618655
0.9974771822768927 0.08390632179371477
1.0004183921578615 0.034118039689866646
-0.17724757915372794 -0.9851823667139719
-0.5709065494333484 0.822232760119729
-0.06850486605723609 -0.9986531346400912
0.18306054711846595 -0.9841188119778465
0.6923476445767307 0.7229493336666498
-0.6436964047939058 -0.7665872021208026
-0.9788780987549108 0.2092813125388198
0.8673628766600048 -0.49968253941085555
-0.9784351466828412 0.2113425270401751
0.9742586938531698 -0.229828191159213
-0.9970054591691642 0.08933708293247625
-0.795207642078427 0.6079850376284504
0.922630198864393 -0.38827118891755347
-0.8675062335187523 -0.4994336140130217
0.9620228728034343 -0.2766098194262581
-0.28741072932108863 0.95885143409765
0.8923443771121683 0.4535664368494393
-0.9974949849200442 0.08369441474412015
-0.09210627332278702 -0.996753447154605
-1.000662548908203 -0.025989675114137398
0.9929700076314055 0.1265368086545828
-0.27964968115317823 0.9611436187328748
0.16573010579685857 -0.9871851559016486
0.4516768166161557 0.8933023303067644
0.37945227263060144 0.9262920558848984
-0.6899139341805015 -0.7252721995386164
0.20308740620329846 0.980181873654893
1.0000513433286478 -0.04356960760171371
-0.9810982137184977 0.19861343116308375
-0.962366655706323 0.27541136502444424
0.5822303485072994 -0.8142535362386022
0.6583494310474718 -0.7540404675078587
-0.878288467314149 -0.4802190835264287
-0.9346783848985788 0.3582978046309858
0.860794916761111 0.5109139959701948
-0.9920291997450708 -0.13371262787468685
-0.056444894227702706 0.9994073113178747
-0.9999994038991182 0.04474586239428449
0.4274462904014662 -0.9051467664539412
0.31136776545938033 -0.9513417443972656
-0.7353446737238996 0.6791680284185141
-0.8724702502667414 0.4907103650825909
-0.049334685993510596 0.9997835209473708
-0.46609852143995484 -0.885862951201532
0.49229301839369577 0.8715782145285782
-0.7542521741187079 0.6581068741756178
0.8479959651085026 0.5318870586503297
-0.621595422329254 -0.7846146384941568
-0.912613357110806 0.411263735847138
0.058113980893782016 0.999311645696515
-0.9983433466834662 0.0728804646860615
0.119188115241626 -0.993878862429999
-0.9574630735310052 -0.2920025048258332
-1.0005536902136383 -0.02988834220680106
0.4660895795579542 -0.8858676559325831
-0.34900961761759236 0.9381861685243617
-1.0009105734350146 -0.013379984528778378
0.5677808015939281 0.8243942996778644
0.6053386121164192 -0.7972240366929283
-0.8553270160963039 -0.5200160531520092
1.0009328613288886 0.011593408125480643
-0.9197248730497497 -0.39510398364686455
0.19813328160725646 0.981195292854353
-0.9847602424739795 0.17957801881797508
-0.6974322821301616 -0.7180454107107116
-0.5798534342172407 -0.815947911834127
-0.37791100270022093 -0.92692193524488
-0.8103400491346379 -0.5876648745403051
-0.3883293791022884 0.9226057084833321
-0.13055282316531347 -0.9924499787715079
-0.7624273518991631 -0.648618172021128
0.12970802894889963 0.9925607423357986
-0.03273912734729077 1.0004644669055158
-0.43470246847902677 -0.9016844037124302
-0.27660816859663484 -0.9620233474638833
0.2920518743059128 0.9574480156720798
0.9242038360513916 0.38451042824336035
-0.9545382274270997 0.30142623041190414
-0.8365380098585335 0.5497318965295028
-0.33533866377278665 -0.9431590430988201
-0.9756545628881931 -0.22382844751159048
0.9787223713691846 -0.2100083802648835
0.8322925079779828 -0.5561386348418166
-0.58204915926093 0.8143830647819517
-0.9518043191561443 0.3099508639054079
-0.5722748327090215 0.8212810212392964
0.5328857276206671 0.8473687516649361
-0.2815964568539174 0.960575054583097
-0.5360147566486059 -0.8453929149543045
0.551694438024647 -0.8352450221657528
0.9901837911600183 0.14675510118552373
-0.8168836596567469 0.5785344299052564
-0.3396151887102984 0.9416275928397959
-0.36660192049240536 0.9314526460809911
0.8745833400414469 -0.48693426796842587
-0.6574250019489246 0.7548465849511783
1.0007696020473253 -0.021475651748858238
0.11586152584033313 0.9942721492780282
-0.4562671814911573 -0.890966474730736
-0.6188747543318112 -0.7867623773737153
-0.9606389578209091 -0.28137837997393733
-0.8031132988067899 -0.5975031625687649
0.9705952000271375 -0.24483863601213138
-0.23730061638214803 -0.9724656381922462
0.4345159075945102 0.9017743210179137
-0.9969678052385808 -0.08975631074062293
-0.3910363268396248 0.9214616601312147
-0.9887443904190772 -0.15615867063601485
0.6071362303587887 -0.7958558900867165
-1.0005982910032034 0.028355952487413152
-0.9677528875104112 -0.25584242946638336
-0.8935820088532636 0.4511232574959597
0.8381055767229942 0.5473390560391405
-0.11907041180103121 -0.9938929706127982
0.9610632377719773 0.27992579910262594
0.9634329731838149 -0.27165770039186204
0.06687896801169908 -0.9987633371513444
0.22321425246267032 0.9757952641294849
-0.9941560555372942 -0.11685348620613895
0.6410626692821971 -0.7687910340611318
-0.3078918129038131 0.9524723783642249
0.021544557678422144 -1.0007681210122759
0.786017006080922 -0.6198211565859816
0.5326339680046228 0.8475270238332524
0.9925954258636648 -0.12944234451882478
-0.852368818574497 0.5248508332106526
-0.43643926289301976 0.9008450309600412
-0.7542366043454365 0.6581247181693343
0.8873702057583026 0.46322253608008723
-0.9971436180878811 0.08778157498364828
-0.07654890810491843 -0.9980687675044965
0.20734414652585428 0.9792902556961675
0.5408446109438648 -0.842311169825605
-0.73404110921253 -0.6805767039695368
