1000
0.2680147742123777 0.9644527364282234
-0.9389589772923745 0.34692512010815524
0.4181869912890558 -0.9094617310896633
-0.9322960055674518 0.36445185965086513
-0.041404612516451035 1.0001433187610476
-0.9389335166461115 0.3469940220213689
0.8592675739519953 -0.5134785646496378
-0.7275579687980855 0.6875030196576623
-0.3875315948734364 -0.9229410939896711
-0.3750223229238725 -0.9280944226256198
-0.9158159906533218 0.40408176309216787
0.7341842950712739 0.6804222371959169
1.0006000105034476 0.028295211264458494
-0.4204326974311072 0.9084257520187344
-0.9709893303700801 0.24327087846156892
-0.948043041427296 -0.3212715231720395
1.000746348995824 0.02253319709958165
0.9420303757335331 0.33849633852574906
0.13861390148562824 0.9913562358279351
0.6997175468898461 0.7158186603983274
0.16560676983225178 -0.9872058538044269
-0.5284761924047583 0.8501258224882766
-0.15573188729949652 0.9888117006175325
-0.1801870306877878 -0.9846489902355653
0.16891343166624678 0.9866454543566965
0.9255119559491397 -0.3813510448329699
-0.9559711849392876 0.29685028813490194
0.740165656368676 0.6739108258014015
-0.2148487598903728 0.977671217932475
-0.9905677467382753 -0.14414069210967456
-0.751307034364016 0.6614671118923051
0.5059042401484766 -0.863748748074226
-0.6766540505683333 0.7376586580861554
0.41547149899534175 -0.9107054592581312
-0.7144002275208371 -0.7011656829296312
-0.29595175106731586 -0.956249737798756
-0.9916252966050422 -0.13667578839341663
-0.8539627506640963 0.5222534063825821
-0.9974164105823282 0.08462566927986191
-0.6741139295064895 -0.7399806822109072
-0.39284822584130086 0.9206906491614555
-0.17932146812773406 -0.9848069917849457
0.8565530469492009 0.5179940904701907
-0.7596247934280876 -0.6518981310061681
-0.24633857482183755 0.9702155979753913
0.42872142461590274 0.904543498166512
-0.9957761128892907 0.10213193917230053
-0.574236761971471 0.8199104470614582
-0.40605744222251516 -0.9149417214313209
0.11054174716840491 0.9948776417896608
0.9229754430967312 0.3874497792493795
-0.0883079990154297 -0.997097135343338
0.24853501992128402 0.969655270636285
0.9446896915631658 -0.3310020946373156
-0.9173689766709561 0.4005435814511112
0.01907063549743876 -1.0008183206065544
-0.20990486938299516 -0.9787445763881952
-0.815803103863393 -0.580057148673175
-0.3593049582951974 -0.934291681941184
-0.5130976363064805 -0.8594950934221222
0.9290703685417937 -0.372597974092205
0.9975941275367497 -0.08250428294453059
-0.2254508851731495 0.9752809330519301
0.4010562439851875 0.9171449662733225
0.9943962274787937 -0.11479173653161198
-0.8252139712502059 -0.5665888294464199
-0.4740845610259726 -0.8816148983523423
0.6769128493489692 -0.7374211784226568
0.13143678317067645 -0.9923332968462484
0.27473235063799756 0.9625607178318261
-0.5278234907153717 -0.850531223794306
-0.8280174464947361 0.5624838738135849
-0.036283153076099355 1.0003422078483224
-0.9589470629932318 0.28709150174927606
1.0007879163568318 -0.02060452557451365
-0.8029625573403135 -0.5977057231694404
-0.42128305411981165 -0.9080317110715262
-0.41926718570457283 0.90896426056879
0.6880565766853083 0.7270344883704585
-0.7799736468241991 0.6274090454079855
0.8305447471055524 -0.5587454009254789
-0.9033316262134484 -0.43126902634268405
-0.6544498215359003 -0.7574275088030725
-0.40836701403745174 -0.9139132244617844
-0.830761192579933 -0.558423531831501
0.9548772880833498 0.30035040320030765
0.8904966851002803 -0.4571833918958692
0.8592548821045702 0.5134998029010927
-0.21615940420293173 0.9773822752509038
-0.9951350033853111 0.10820039296285781
0.6058518028507464 -0.7968341063122866
0.3996453355988862 -0.9177606473008383
-0.3772905152710548 -0.9271746691354882
-0.31899742599107767 0.9488106461307583
-0.981324764480147 -0.19749102920888323
0.1726978326665771 -0.9859900905142337
0.5185986862625741 0.8561871306009756
0.8113545344617584 -0.5862634385737723
-1.0001490265184183 -0.04126650886930359
0.7987343566485849 0.6033443689214072
0.996035023573509 0.0995752570416941
-0.999947029035194 -0.04590140655458095
0.925132837800107 0.3822698424201431
-0.7003725812505377 0.7151777733070701
-0.5141472176397991 -0.8588676490549945
-0.9920781567292175 -0.13334890678501304
0.8478024993571357 -0.5321953796152253
0.9767623237509132 0.21894374368936959
-0.9783845446457367 0.21157665938934422
0.9769672657393083 0.2180274333056732
1.0008117397625482 -0.01941292233181897
-0.454877867139521 0.891676581494995
0.9152748426879588 0.40530601074068984
-0.9994621565202766 -0.05546528359107257
0.4762140345450722 -0.8804664634739388
0.2979988310592984 -0.9556137800844501
-0.9947710601722342 0.11149680642874536
-0.7062766453730385 0.7093477991793639
0.682041501887969 0.7326802779537631
0.8556871635040352 0.5194232168611821
-0.8355033086607419 0.5513032026180812
-0.7558075704225798 -0.6563199802626132
-0.9167213747101719 0.40202353307921246
0.10131704317813714 0.9958593559140967
-0.5462096469806431 -0.838842071873652
1.000184335899284 -0.040401661125607814
0.9384818011206917 0.3482138839352369
0.985635932510023 -0.1747077804366403
0.20745740732465848 0.9792662682570715
-0.6719793970745204 0.741919598007334
-0.9106643314182167 0.41556163860805584
-0.2633339102412902 0.9657412964749059
-0.2817242303389086 0.9605375880411706
-0.4317342913699797 0.9031093519919178
-0.9271423948058783 -0.37736981828654603
-0.15434230204119928 0.9890295515305007
-1.0009920199908673 -0.003996988191533785
-0.5311152651479294 0.8484795667114469
-0.020961238400189014 -1.0007805086454924
-0.9524765016401741 -0.3078790571365574
-0.0456864164733967 -0.9999568747450158
0.7500985519083224 0.6628372065786876
-0.8620555481797593 0.5087840719327746
-0.0657738744305802 -0.9988367221134745
0.977261852632525 -0.21670318730753582
0.9615813355064293 0.27814085497400726
0.005028650811256067 1.0009873688868498
-0.70258934665889 0.7130001472380171
-0.9274153333044756 0.37669855262762614
-0.9601784835165438 0.2829457188081668
0.24352793024174188 -0.9709248926627504
0.515431582217965 -0.8580974793415286
-0.7391565096284347 -0.6750175214569689
-0.5401828014497023 0.8427357480360919
0.6845163982017921 -0.7303686059743022
0.9159615189610644 0.40375177495899583
-0.5156533715715292 0.8579642185935928
-0.3917017367912935 -0.921178999649191
0.6717313650081266 0.7421441728291875
0.9990020377186716 -0.06321335803405811
0.8666598687606514 0.5009008603304356
0.9771576998429171 0.21717235007638386
0.5172587356305058 -0.8569973164566681
-0.6405084648543503 0.7692528234916811
-0.9948654486575211 -0.11065143048089865
-0.6343232454919357 -0.7743610399733302
0.8068616953107166 0.5924316033436402
-0.03817437755411738 -1.0002718215057125
-0.9897599204863495 0.14958709770182438
-0.9331518903558611 0.3622548129773887
-0.9136551076295085 -0.40894418238007885
-0.3226077053182691 -0.9475891876067819
-0.4374246220366463 -0.9003669807562342
0.3493895290206385 0.9380447521364513
0.9968608331466045 -0.090936677629313
0.606386815204813 -0.7964270401899749
-0.8813080648217565 -0.4746547112166175
-0.825088116477681 0.5667720882747427
-0.9300544260341775 -0.37013479249354087
0.7855283284606116 -0.620440363923784
0.28706729523286495 -0.9589543096559331
0.7394556134154366 0.6746898515528452
0.6321808323357588 0.7761110714500001
-0.9729656400367238 0.23524213761128862
-0.9641142509392633 -0.2692298481517667
-1.0009779809989545 -0.006639394193497499
0.6486072843610501 -0.7624366142006717
-0.9025479528207181 -0.4329066791574495
-0.8485232994360139 0.5310453938358006
0.6420576371395641 -0.7679602793053556
-0.21336440083409267 0.9779962333550721
-0.7190857457798054 0.6963595983515277
-0.26267718537048107 0.9659201293512015
-0.7510888233246852 -0.6617148777810122
0.1356621962432977 -0.9917644722969486
0.8711137271231072 0.49311446380905194
0.9244059323585679 0.3840243120172039
-0.7446778788101065 0.6689214130306194
0.5676214656938158 0.8245040155654819
-0.6234066202191583 -0.7831763440419572
-1.0007158568479484 -0.023848980126546
0.25433094827367636 -0.968151211717577
-0.6857153013282554 0.7292431182563878
0.4862063000965845 -0.8749882477761572
0.04235285518913487 -1.000103612460893
0.5902097195017257 0.8084883963333638
-0.16734403445555646 0.9869128503227312
0.5747759499448142 -0.819532554182588
-0.8179293635646868 0.5770550720846898
-0.32066932307488566 0.9482469009908203
0.3597136015319618 0.9341344254832412
0.9984147344594004 -0.07189588315310601
0.06820333286475122 0.9986737732543796
0.32360353886064563 -0.9472495709351716
-0.680347077325066 0.7342539440651582
-0.9896752304383071 0.15014638942340125
-0.9638952726265377 -0.2700127837866432
-0.9111681171993582 -0.4144558627880376
0.21671412209092622 -0.9772594278319136
0.5144040486291529 0.8587138491685902
0.9202583863522186 -0.39385974959166725
0.9407525583944657 0.3420316123902399
-0.7185104499323886 -0.6969531787272059
-0.833620996641513 0.5541453184485191
-0.7602183568448854 0.6512058429683064
0.26807826657600353 -0.9644350900862148
-0.975413289663869 0.22487755412025703
-0.8893487559088512 0.4594124403663648
0.6354485929810189 -0.7734378356910421
0.996411244805557 0.09573730320538817
0.9700109838676956 0.24714305811821902
0.015847470613311664 -1.000874546421858
-0.510445423456048 0.8610728596772608
0.6051206908611894 -0.797389459104945
-0.9059269182571722 -0.4257903460355375
0.8993855381090802 0.4394390217541454
-0.12504692040447224 0.9931587323773363
-1.0008872272947065 -0.015025253352760132
-0.1687742263905876 0.9866692761540002
0.03846262031558393 -1.0002607794162777
0.39149023918288217 0.921268903537143
0.7352871051909393 0.6792303533705841
-0.9553073862912652 0.2989795941153031
-0.9597619167152036 -0.28435552258248575
0.38229549192142465 -0.9251222388725482
0.991165643735222 0.13997023497495129
-0.40718766795716727 0.9144392834210501
-0.23445663722089902 0.9731552215669748
0.7019760418994775 -0.7136039774266558
-0.7498643555404227 0.6631021401639015
0.6195551529265818 0.7862266928069281
-0.6297944670166145 -0.778048796230197
-0.9524623650198606 -0.3079227877581874
0.3461151974062141 -0.939257829418769
-0.9824831342563703 -0.1916452214425891
-0.8476755817327467 0.5323975095115018
0.7547572507475134 0.657527560216342
0.9999937394011681 -0.04487227605625476
-0.9152289486120097 -0.4054096343484642
0.8223627837765309 -0.5707192408350313
-0.5598280622773353 0.8298153654198047
0.7436391431691435 0.670075984308244
-0.9983617816836343 -0.07262749392261365
0.9014374084256048 -0.4352144284038951
0.19849993434203542 0.981121183170666
-0.09748490060156795 -0.9962417849873104
0.9114092208585101 -0.4139253944059045
0.8025374252516959 0.5982764253005282
-0.8167057829333557 0.5787855078724884
-0.1679818438882106 0.9868044893107838
0.9705707867966716 0.24493539519001714
0.9547980122397055 0.30060232171942264
-0.9660004274753662 0.2623817335818362
0.6797468972958217 -0.7348096050111917
0.8677733415418124 -0.4989693655018883
-0.8775992427559184 0.4814774855735608
0.9309169927030314 0.36795998790186996
0.29453075232191217 0.9566883692910082
0.351720237970216 -0.9371733426651521
0.7415165771269941 -0.6724240967171436
0.8683919627098335 -0.4978919552482877
-0.28187701130732995 0.9604927644164986
0.8253685808490937 0.5663635808799443
0.41343747560504857 -0.9116306564422484
-0.8265618102139133 0.5646207345607305
0.5198802887799676 -0.855409542463759
-0.5754676757026675 0.8190469792517212
-0.15480978361332784 -0.9889564858463666
0.8175754394570457 0.5775564048615672
0.30867885150906127 -0.9522176046634755
-0.9721939777638546 -0.23841113564532537
0.7594590969984292 -0.6520911592609813
-0.47619095122625865 -0.8804789480562445
0.5730270602176779 -0.8207563513359405
-0.36324983016172074 0.9327650083957272
0.9979173512935988 -0.07849815276277544
0.8073246462300899 -0.5918005707917661
-0.008164388081062669 1.0009667041251982
0.026804053856492243 1.000641065865707
-0.9738915237531918 0.2313791260284434
0.22489286547363613 0.9754097595672585
0.7722971792048916 0.6368344109673783
0.6024679058745592 0.7993956607282299
0.9999523529508952 -0.04578527959910539
-0.8949992035117057 0.44830505876402105
0.2433075479975767 0.970980142478417
0.3808559385326784 0.9257158063274024
0.693982043323001 -0.7213805677624207
-0.7473799493441529 0.6659010521979459
-0.25220726556316 0.9687066094526008
-0.9244305747176679 -0.38396498867365786
1.000275387435336 -0.038080825766894054
-0.6772206470946749 0.7371385182912841
-0.811418927708875 -0.5861743117501649
0.7073550329951761 0.7082724456707273
0.9092083383859516 0.4187376235895899
0.9870830015871884 -0.1663374521195589
-0.7056234213655224 0.7099975966300269
-0.9522721771023678 0.30851045479321587
-0.8306442452774006 -0.5585974738463624
-0.9189999628598927 -0.39678718258471457
0.99625014640845 -0.09739941365912867
0.9360356233570601 -0.35473696143277733
0.6656706574643578 -0.7475851629018393
-0.9561442729884154 -0.2962923036993274
0.027749532251488417 1.00061529243752
0.1915350104248479 0.9825046258321399
-0.9333052401343903 -0.3618595428307618
-0.8618463480445903 0.509138362689557
-0.11401311888894362 -0.9944858011662185
0.9884682511005702 -0.15789717086186195
-0.34103154409082403 0.9411155539757211
0.3436086712560164 0.9401776858858515
-0.9795316798558966 -0.20620060174181123
-0.4028225055604385 0.9163705740659783
-0.9312838948263485 0.36703039007290195
-0.9695716078904034 -0.24886120061756892
0.4382262729394931 -0.8999770739888661
-0.6928004353088806 -0.7225154370917106
-0.7852476824767352 0.6207955196076375
-0.5335181724074983 -0.8469706958986024
-0.8247114851808176 -0.567319985731906
0.7390613133927182 0.6751217483137618
-0.8386239193255706 0.5465445287760358
0.5099284539253238 0.8613791104254438
0.8125926570670058 -0.5845461262216898
-1.000879875237226 0.015507267493500027
0.340695914566078 0.9412371081709346
-0.9037359213620683 -0.43042117099400845
-0.9974751459698853 0.08393052586726708
-0.8061619650854542 -0.5933834224593394
-0.8009345445507842 0.6004205653916493
-0.6747856420632977 -0.7393682014160624
0.37662803961152314 0.9274439712340476
-0.20656043046493316 -0.9794558635110321
-0.9897469223015588 0.1496730763851405
-0.6688329950142285 -0.7447572925324712
0.9236626262127103 0.3858086999250262
0.9752600349239803 0.2255412695718386
-0.9084146511315513 0.4204566822034607
-0.9095154303535818 0.4180701878258467
0.9678809478942454 0.25535753504319597
0.9805368991412536 -0.20136630657201557
0.3889475385248746 0.9223452782312279
0.9356194992342562 0.35583304041732755
0.9503254079378527 -0.31445606851793106
-0.721222635835912 0.6941461730485154
-0.35198807094143886 -0.9370727815463027
0.7716025424522506 0.637675871020084
0.9499359277230669 0.315630691189745
-0.776243926549539 0.6320176947641213
-0.9756231520943883 0.22396532119372847
-0.7986781042286004 0.603418831182628
-0.9185706320462304 -0.3977800823849643
0.06430850706871821 0.9989321377944512
-0.3051140263995524 0.953365843154795
-0.4323467803093627 -0.9028162944675554
-0.5850635364041489 -0.8122202031286043
0.9799857668332884 -0.2040316073655545
-0.2971263895812475 0.955885405587099
-0.9020239878091726 -0.4339973795045746
-0.2979735579187887 -0.9556216608999706
-0.9680732256695382 -0.2546276295726276
1.000156940764035 -0.041074247911881565
0.8226985740356206 0.5702350886079848
0.9959999328635071 0.09992564103316703
0.6078036023788539 0.7953463276681976
-0.4417507527789876 0.8982523433975542
-0.9682139358820134 0.2540920588366749
0.5263175443327787 0.8514639408263356
0.885792275925024 0.46623282157261975
0.8865333243083305 -0.4648221863151762
0.5788077672215768 0.816690007655275
-0.333798474309769 -0.9437052392291094
0.9988037066289827 -0.06627334022218262
-0.03405557953800961 -1.00042052033249
0.5622382277857557 0.8281842640477617
0.5940033097693495 -0.8057053232932362
0.6566024786357888 0.7555621649138728
0.1227295786316683 -0.9934477593355844
-0.8526720979033742 -0.5243579821620518
0.23197597728996194 -0.973749529376198
-1.0007444626947997 0.022616816435937426
0.28460901152202894 -0.9596867773187528
-0.8773575545318018 0.4819177538812785
-0.9220297796847043 0.38969486187859276
0.9892065936948702 0.15320350841476202
-0.9694266367258179 -0.2494253315252267
0.13526718837338103 0.9918184247883078
0.5976150356992177 0.8030300549208745
-0.3137067251196604 -0.9505730327621849
-0.18920011298626696 0.9829569254275509
-0.6957934005189721 0.7196336177488133
-0.9972719683197347 -0.08631118817211338
0.02097508433529948 -1.000780218548072
0.7704885678340913 -0.6390214134416553
0.971839169396139 -0.2398533485849688
0.9124560371035925 -0.4116126581547359
0.3750268449378731 -0.9280925953674798
-0.8153496977873607 0.5806943002286657
0.7625819956012553 0.6484363499872653
0.8523220782476755 -0.524926732917617
-0.10533034172164749 -0.9954428758662152
-0.7385905406596424 0.6756367465199752
-0.8501069915862699 0.528506483267842
-0.9991181314166441 -0.061351116326546266
-0.9800741228141311 0.2036067626335423
0.758843678884633 0.6528072234717046
-0.18290422384005725 -0.9841478775577713
0.5332233029467863 -0.8471563664368696
-0.8795159031842785 -0.4779673378442745
0.35007456897424283 -0.9377893133094971
0.9049162013575964 -0.42793418713692194
0.897436048095364 -0.4434067428208275
-0.09059835870163593 -0.9968916377423224
-0.8332273250009115 0.5547370772463524
-0.9964534514804323 -0.09529700432192996
-0.9339625800889902 -0.36015954658111804
-0.6489066592767404 0.762181833650147
-1.0009670146628806 0.008126226484685053
-0.6006546292571767 -0.80075902514547
-0.6731680997701849 -0.7408412174358271
0.20119600174050833 -0.9805718580928342
0.9565170524458219 -0.2950866455472984
-0.18143543619764607 0.9844197186626088
-0.9917338934785102 0.13588555672313044
0.6648268172010208 -0.748335688799058
0.8790767203691165 0.47877460219301304
0.37652061818725713 -0.9274875870219966
0.1925857228342175 0.9822992107094569
-0.676796891355201 0.7375276048067192
-0.8251680984566767 -0.5666556355401332
-0.5491369049380523 -0.8369287064231078
0.9354326075132624 -0.35632406149590673
0.3391011319081967 0.9418128382744523
-0.8082639037750321 0.5905171139385763
-0.9025274035927189 -0.4329495187249729
0.5086260553944897 0.8621487898117364
-0.7869863133083447 0.6185899632756258
0.03704494422879904 -1.0003142866654884
0.40406316815667676 0.9158241949955183
-0.7712728165329054 0.6380746370742214
-0.2824594362705261 -0.9603216476065385
-0.3068971625417502 -0.9527933310135113
-0.7494838017860302 0.6635322379962851
0.42605041860072024 -0.9058046372204941
-0.21717202266838168 0.9771577726089702
0.27804260508849904 -0.9616097491995393
0.6009088915676623 -0.8005682382126608
0.4410099961264512 0.8986162603228074
0.18006587506833907 0.9846711535512114
0.4959214855536591 -0.8695187635504203
-0.6254508595911685 -0.7815447666235559
0.7404236759882961 -0.6736273302323612
-0.7694325266718773 0.6402925791381084
-0.9756701362874545 -0.2237605531741911
-0.9644260550782787 -0.26811076868740064
0.28677577894538 0.9590415280947279
0.0604273764644417 0.9991744253000197
-0.35031913566480877 0.9376979807950219
0.8418794277107031 0.5415164163693461
0.48158567425673693 0.8775398784959485
0.9805921754934019 -0.20109695512641948
0.1525311966525011 -0.989310484149317
-0.7065856485266416 0.7090399997857564
-0.8113263716457493 0.5863024123028521
0.06296960810699985 0.9990174315070037
-0.9045578143750755 0.4286912180730863
-0.3905502392201111 -0.9216677875705075
0.6165160723206143 0.7886120291818806
-0.2935439904425474 0.95699160167426
0.9921333874867015 0.13293735906118542
-0.14276105330096509 0.9907675215005785
0.4699024807143625 -0.8838510387041971
-0.1556402552573745 -0.9888261277613063
-0.8217697209424158 0.5715728525238265
-0.994731564914733 -0.11184861984971663
1.000799540417788 -0.02003197193349001
-0.20508739987116695 0.9797653588559274
-0.8308795139529547 -0.5582474659981017
-0.9968900579939208 -0.09061573965309262
-0.015675735456039175 1.0008772508744077
-0.9714365133712813 0.24147898560547335
0.9523341215255873 0.3083191868471503
0.8138445057660095 0.582801956443593
-0.2806514603531427 0.9608515794864722
-0.925998456448228 -0.38016819784866174
-0.8774425642616905 -0.48176295667254154
0.4497553195352162 -0.8942712969506378
-0.4648660072028293 0.8865103470052107
0.9961905218896205 0.09800736756634862
0.9557126689207083 -0.29768153195060093
-0.25867088047706116 0.967000711268209
-0.04392337480945962 1.0000358679294197
-0.7210834152890883 0.694290795124798
-0.11638759587770516 0.9942107057992325
0.9863372250941009 -0.17070406671684452
-0.8191507360671269 -0.5753199732328821
0.2516986584833105 -0.9688388851185226
-0.9000991253981989 -0.43797552951894164
0.029582647938611848 1.0005627751125565
0.13198373753952003 0.9922606981157215
0.9938713634756522 0.11925063045136451
-0.07589467078335367 -0.9981187298847198
-0.9296086542685503 0.3712529459937184
0.9518168155081614 -0.309912487189372
0.10388965316476254 0.9955942647310225
0.9750308489255051 0.2265300060557297
-0.9227114157783705 0.3880781405751619
1.0009769357081533 -0.006795158593860551
0.5296085500492146 -0.849420851942527
0.9327363436873782 -0.3633234277674659
0.12811356081608413 0.9927678054484963
0.6244653924929319 0.7823323932821961
1.0000758330798425 -0.043003814826817026
0.9924507548116952 0.13054692364700257
-0.6545393238803553 -0.7573501657055655
-0.9886377846469803 0.15683217389397858
-0.12090493636631125 -0.993671473054479
0.1838179570142827 0.9839776210255472
-0.9041574574158594 -0.42953497203288166
0.7408759370179617 -0.673129887872881
-0.9364560780475143 0.35362552776612116
-0.5427704432439268 0.841071486819516
-0.12193750593496998 0.993545290687022
0.536305991936044 0.8452081891543028
0.8923216525359753 -0.4536111422964235
0.6858149222483446 0.7291494307900797
0.25066652805538575 0.9691064398262238
-0.3848605621626746 0.9240580867520343
0.5164444872557635 0.8574882457405067
-0.03285244292674883 1.0004607523505082
0.9284491720432492 -0.37414320110380883
-0.9169805155532104 0.4014321039674935
-0.9198626002825074 -0.3947832273558542
-0.7772121026170669 0.6308267175267371
0.8636895998541555 0.5060052125262828
-0.10152772771859792 0.995837898708569
-0.7174041401169686 0.6980918992102922
-0.2760662666833614 -0.9621789939504558
-0.4360813277982833 0.9010183547218593
0.9808412421343465 -0.19987860748052083
0.36734221281545737 0.9311609413435699
0.05558821728620302 -0.9994553267149772
-0.5186481851575787 -0.8561571468093635
0.8930210321286164 -0.45223272346872545
-0.9879939697095125 -0.16083816654525468
-0.7475548117063755 0.6657047419799903
-0.2205638542335701 0.9763977602420196
-0.9978257971158083 0.07965349088521914
0.5492057973983464 0.8368834997202695
-0.33656752852563987 0.9427212200550822
0.8048933528999567 -0.595103092293651
-0.3054315579666576 0.9532641624429508
0.972327478802463 -0.23786608410121415
0.5362048880123121 0.8452723336722336
-0.32443827607531633 -0.9469639935167952
-0.3227708365852617 -0.9475336337302493
-0.6690894880651345 -0.7445268678568533
-0.20435328249833806 -0.9799187394535093
1.0007740857964136 -0.02126568123415887
-0.22874734760258547 -0.9745130327321343
-0.9531456337143615 0.30580124416236154
0.6014423567795175 -0.8001675396262332
0.22377875711529768 -0.9756659612100509
0.9603905509544653 0.28222506911572987
-0.13136078706065266 0.9923433597413779
0.06885630470196905 0.9986289647826112
0.8634792723571204 0.5063640451390856
-1.000655225656424 0.026270123077200707
-0.10002970442872466 -0.9959894870087244
0.9992878605910153 0.05852154881265176
1.0005767843330882 -0.029104959262243976
0.10188475383508554 -0.9958014344918188
-0.3149238036382478 -0.9501705099096784
0.07636271272825697 -0.9980830306666784
-0.39636958605100614 0.9191801516861393
-0.9624808588661031 0.27501199304097346
-0.27592996112120444 -0.9622180919914417
-0.9638779320069285 -0.27007467891316106
-0.21154577596242832 -0.9783912227082038
-0.9079881953823813 0.42137683496633577
-0.9666176727129016 -0.2600985866918427
0.9967257264654749 0.09240576931053332
-0.9999129793595495 0.046637256655051654
-0.4268057809607587 0.9054489634090244
0.8316804560222422 -0.5570535154458996
0.7109349205389407 0.704679032438379
-0.28577578007935195 0.9593399832801913
-0.8338086410307766 0.5538629344363184
-0.46097605332827685 0.8885392947179577
0.026966938586846442 1.0006366894249148
-0.9371655604631715 0.3517409732768558
0.964751894326422 -0.26693591439441067
-0.9735313050998906 -0.23289009852396805
-0.7355975256415099 0.6788941598438508
-0.41888226266669437 0.9091417106387928
-0.5280450822788717 -0.8503936682978652
0.6028793970733056 0.7990853725256941
0.7479735191456708 -0.6652342554745966
-0.5370039913987186 0.8447648863570532
-0.6241383610719833 -0.7825933211051438
-0.49150023377371116 -0.8720255272641892
0.97339325651719 0.23346641764258066
-0.4993865709092162 -0.8675333150925874
-0.988326843332289 0.15877988143600835
-0.08442011822726235 0.9974338292029679
0.0692436805370436 0.9986021794016293
0.6787585884489623 0.7357226234164423
0.9545151481646065 -0.3014993066729992
-0.3936681774332095 0.9203403533891226
-0.8882810652005184 -0.46147345449790755
0.5478121311402778 0.8377964364781858
-0.3688537443984721 0.9305632247425355
-0.8462393679912166 0.5346774093430788
-0.4539660902567959 0.8921411261100782
-0.9821192067520763 0.19350158585570376
0.628343616620753 0.7792209567587054
0.868065352864898 0.4984611751736939
0.995591405182207 0.10391705311121306
-0.8188088145466467 -0.5758064998076309
-0.7148031845697612 -0.7007548839137177
-0.46448150962952844 -0.8867118625643136
-0.4121662992833114 0.912206085122819
0.08274755010279349 0.9975739786862855
-0.5014200058922292 -0.8663596122229132
0.3604259548636893 0.9338598026795016
-0.40280696286889106 -0.9163774062384666
-0.07791035966206182 -0.9979634140875747
-0.52428211820426 0.8527187464406153
-0.9529118184368395 -0.30652906270596214
0.2933701003489445 -0.9570449227811881
0.036816570668127616 -1.0003227179886691
0.8922317120255809 -0.4537880254655259
-0.7602044626299 -0.651222062738652
0.551695100842467 -0.8352445843622215
-0.9955057824279828 -0.1047341260165461
0.4797812503639558 -0.8785277182873624
0.05853007669092724 -0.9992873611342006
0.7995164589382887 0.6023075890994399
0.8328268177370348 0.5553381777421788
0.7313502072955114 -0.6834675371140992
-0.5830585923394942 -0.8136606650804052
0.8622391163655 -0.5084729159053033
-0.9935390410116335 -0.1219884174242929
-0.07458417972506962 -0.9982175114346264
0.5761847555026411 0.8185426852195073
0.9997561621025188 0.04988603349678169
-0.8772728933828873 -0.48207185204657743
-0.9772079872483366 -0.21694596022524815
-0.9366663259678386 -0.3530682565707525
0.7558616355459631 0.6562577145525845
-0.32842923640126137 -0.9455872443497133
0.9995551028820777 0.053764266036086354
-0.9035678081898829 -0.43077397321905475
0.8370745023316175 0.5489146359373877
0.834104938277102 -0.5534166169729202
-0.9960569615997463 -0.09935556979194148
-0.9996477859349049 -0.0520125376754744
0.9439583274358269 -0.33308208607572454
-0.6040466762120342 -0.7982033656639101
-0.9068371713585079 0.42384825662316933
-1.0009730587543646 0.007344089319399529
-0.98848836834503 -0.15777118129297404
-0.7755822896712918 0.6328294493370519
-0.8677463610231612 -0.49901628523632535
0.7975246626685302 0.6049424868823873
0.7453790733501009 0.6681399830961658
-0.3993706620128055 0.9178802069570153
-0.18876022483719798 -0.9830414932846988
0.4176821114699182 -0.9096937142566343
-0.3718773839782156 -0.9293590324979463
0.9578294702214644 0.2907983940383249
-0.53186963443937 0.8480068938171027
-1.0003301645040459 0.036613685737831435
-0.5192211206846331 0.8558098082138307
0.7653010896734539 -0.6452249546821823
-0.7245180267278787 -0.6907058917848761
1.0005054981510204 0.03146026334248369
0.7096455785892756 -0.7059774449574805
0.38359735813887524 -0.9245831854564929
0.7024742613857591 0.7131135338012681
0.016175490035209003 1.0008692989207535
-0.03128672007165312 1.0005109400437149
0.9977806280996142 0.08021731851127503
-0.7033638052331587 0.7122361669333644
0.4062892771493264 -0.9148387963316148
-0.3580827672033086 0.9347607885614485
0.9917542551819131 0.13573686797833853
0.21336818381834835 0.9779954080332175
0.4742674947772807 -0.8815165020563608
-0.7391548573593265 -0.6750193307173608
-0.9328048888992634 -0.36314740704792703
0.996153081220561 -0.09838718806217876
-0.2302287197819746 0.9741641219977016
0.7527821570088793 0.6597878629446431
0.8694896434583506 0.49597253948043385
-0.35822740445278195 -0.9347053689259643
0.7302106097594996 0.6846849387818166
0.914124302599313 0.4078942992949516
-0.16359508383193516 -0.9875412135936515
-0.2593799522195442 0.9668107572770314
-0.6622082209004312 -0.7506538963942609
-0.8619708870288292 0.5089274898398921
0.7145960372640736 -0.7009661215254862
0.5136401416261034 -0.859170998643644
0.39307436259137757 0.920594126351772
0.8370133764329349 -0.5490078393541733
-0.1270732471742396 -0.9929015005792843
1.0009999990058143 4.461345153355539E-05
-0.36333565356465963 -0.9327315813505735
0.7254314751055301 0.689746456987069
-0.6755423060299094 -0.7386769204217717
0.5523684963504957 -0.8347994035931581
0.6633322062902834 -0.7496608460484413
-0.8651010898063042 0.5035882290283846
-0.4530439419964148 -0.8926097616653926
0.7631636176386942 -0.6477517215049459
0.9804549740350474 0.20176482322232117
-0.6871369818654658 -0.7279036805462783
-0.7607278480183495 -0.6506105910983704
0.013997279742524125 -1.0009021311595903
-0.38249422854799536 0.9250400883894027
-0.6107227272101026 0.7931070233386253
0.4983146010443375 -0.8681495023243535
-0.9387119015044819 -0.34759310403665916
-0.8196589097101111 -0.5745957463581087
-0.059062984501176835 -0.999256005166751
-0.3641770311218024 0.9324033944614905
-0.3928196779697921 0.9207028296902909
0.6155768583814945 -0.789345381582213
-0.6291577490588183 0.778563758981396
-0.7184801835291502 -0.6969843799368237
-1.000727551362027 0.023353114245458568
0.3191463782736301 -0.9487605542152483
0.05532545629255468 -0.9994699064434209
-0.34197805484095445 -0.940772028712162
-0.8519071286954363 0.5255998897240156
0.8118048040768504 -0.5856397869661407
-0.08245914332090874 0.9975978597023862
0.3289592773066591 -0.945402979619739
0.8151270723510619 0.5810067606494667
0.6545556801876801 0.7573360294704349
0.587014509369065 0.8108113009758781
0.26355536718204847 0.9656808833302726
0.8540180345392938 -0.5221629981927496
0.6044353482166531 0.7979090861910355
0.28414456828835727 -0.9598243924344824
-0.9674249000087001 0.2570798763870031
-0.0008583024115899851 -1.000999632026391
0.23102768291211906 0.9739749533372289
0.10080946922097028 0.9959108649449439
0.11600291908057088 0.9942556626767517
-0.07804020838041724 0.9979532683828142
0.9924161372571115 0.13080982574590416
-1.0007363564425042 0.02297269888761783
-0.5031435404294848 0.8653597966881079
0.03015919660705113 -1.0005455626107276
-0.4924715685350784 -0.8714773400293319
0.5930097036026354 0.8064369110061336
-0.9069322778059691 0.42364471373271795
0.6529051127835114 0.7587594570752646
-0.9210045224799052 -0.3921118074880707
0.5111745833377522 -0.8606401950580018
1.0008556310468966 -0.017000170637929017
0.8091096640336779 -0.5893577449794893
0.3204428116280476 0.9483234703812363
0.9986066646157348 -0.06917896634843099
0.8149247147198007 -0.5812905550057145
0.4509427805064345 -0.8936730994659768
0.9796219544793607 0.20577129610817235
0.5893927503464548 0.8090841648673156
0.27775506655980864 -0.9616928423360321
0.7851652206584143 -0.6208998117799872
0.7672042291292612 -0.6429608625773237
-0.1571472754306988 0.9885877471548532
0.03707634066927468 -1.000313123458138
0.6339360868613048 -0.7746780220033199
-0.013339989106411371 1.000911107287076
0.9705522032775139 0.24500902169749442
-0.3198135739463392 -0.948535860112663
-0.9815944088003742 0.1961464162605166
-1.0009239599205624 0.01233800862945779
0.298674014571998 -0.9554029689191079
-0.6327927563228866 0.7756122275630289
0.7764928844576318 0.6317118016838587
0.9405022576916895 0.3427192776556856
-0.79630668638119 0.6065448550804872
-0.7477101759126161 -0.6655302343520727
0.6288585439596828 -0.778805451758594
-0.6877954928056341 0.7272814861360455
-0.8628997932943845 -0.5073509108422971
-0.6472433152494408 0.7635948473273724
0.9807426648104524 -0.20036173641814173
-0.011137330673540358 -1.0009380399732384
0.5746899311273538 -0.8195928764092801
0.961181218513704 -0.2795204199633921
-0.9986253643168806 0.06890850268999689
0.6030607642001801 0.7989485056512059
-0.3045713876304918 0.9535393383793018
-0.7567674377046084 0.6552129770006097
0.9643749436102979 -0.2682945548024313
0.8778751717514924 -0.48097420182613493
-0.9625406272085273 -0.2748027310144768
-0.9028315626289055 -0.43231489625161984
-0.48263279476223536 0.8769644151389463
-0.9874437354571496 0.1641824269111366
0.7333522184834183 0.6813189588184441
0.6587891491001544 -0.7536563255409555
0.8213560116961488 0.5721671976359671
0.6684532988303342 -0.7450981058108012
0.5706750768750226 -0.8223934317792714
0.22488397894550724 -0.9754118084243376
0.9929773533852411 -0.12647915110421237
0.7157138757831337 0.6998247266362377
0.7355067192139914 0.678992537507645
1.0007935844562421 0.02032735376842227
-0.8963703406371206 -0.4455571932155202
-0.983924978070547 0.18409953158243939
-0.044738755135431726 -0.9999997218944272
-0.7239768591998877 -0.6912731061910813
0.568494021561986 0.8239026322620169
-0.4307185564092556 -0.9035942259469828
-0.5817692148526805 0.8145830716689954
-0.2917474298206576 0.957540827950976
0.9991776865793848 -0.06037342662023281
0.7971080764072248 0.6054913001244311
-0.3871404456720296 0.9231052352385736
-0.07817354614716128 0.9979428323720642
-0.7650679398600152 -0.6455013922512888
-0.7152645855605431 -0.7002839228790738
-0.6859026205732092 -0.7290669345751488
-0.8493843110629323 0.5296671522004623
-0.12832349703354473 0.9927406912729435
-0.8504776967696304 -0.5279097340430697
0.4559653167541291 0.8911209962273959
0.7404080581575656 -0.6736444963148908
0.9779229200448198 -0.21370016951563892
0.8619017740647752 0.5090445283705477
0.9924227999276536 -0.13075926806064775
0.6534809814355366 -0.7582635471272821
0.662035448524794 -0.7508062765431405
-0.9898939088267503 0.14869784553818324
-0.3183263455750056 0.9490360044344271
-0.16522491731522362 0.9872698347960285
0.9602207610743762 -0.28280221003688416
0.9030644288511016 -0.4318282498214234
0.9562037630728424 0.2961002591780959
-0.070648819616576 0.9985037527654989
-0.39430033500076794 0.9200696961743072
0.7537533090500113 0.6586781832550385
-0.5050543791349984 -0.8642459569570236
-1.0008893207966576 0.014885144111003206
0.6871844397351179 0.7278588776582533
-0.7326327015042982 0.6820926071190875
0.5948449619790273 0.8050841392104117
-0.4691109405648873 -0.8842714093774189
0.8077671864144252 -0.5911963908483568
0.9982539549396756 0.07409481390283745
-0.9724337694324643 0.23743117753860535
-0.4980254072641306 0.8683154344588128
0.9364910242545903 0.35353297086776536
-0.9911705306983718 0.13993562475334137
-0.23583740086660826 0.9728215254364403
0.0824823242421752 -0.9975959433496152
0.5440955041739522 0.840214902472988
-0.5274995266522948 -0.8507321842869263
-0.9700264031486473 -0.2470825311398969
-0.7925406013861261 0.6114575988198345
0.30832484444130936 -0.9523322898548817
-0.8304890057467857 0.5588282485108598
0.932598829372481 0.3636762618773436
0.4910688391825102 -0.8722685338724204
-0.6861600699728944 0.7288246417176032
0.9816008651445245 0.19611410338759686
-0.9168792540486549 0.4016633335209754
-0.6513845429984909 -0.7600652453195365
-0.9977768791303134 -0.08026393631620586
-0.6152638743976614 0.7895893647087573
-1.00064553337939 -0.026636751451254694
-0.9784030122643674 -0.21149124235299205
-0.7376024276245067 0.6767153454462478
-0.7622596365618924 -0.6488152637450292
0.21305152023465865 0.9780644404770582
-1.0000312344345146 0.04402874237791334
0.36495286823977263 0.9320999967619157
0.7580397328857964 0.6537405933292122
0.5437575083732594 -0.8404336809574595
0.12786246885137043 -0.992800175795327
0.4740956602686554 0.8816089296929948
0.429899579592094 0.903984154433329
0.8742947051978058 -0.48745232429754787
-0.02529820896345682 1.0006802689287129
-0.6512842426357774 -0.7601511923915806
0.7045700937162533 0.7110428841080333
-0.4664838585615459 0.8856600982891414
0.7810885194972753 0.6260205465554263
0.8659372982515967 0.5021489773928902
-0.8625873234353288 0.5078819837803613
0.8470436975985264 0.533402263173504
0.9775516967976229 -0.21539192205857752
0.2641060956727057 0.965530408753924
-0.7507740772815134 -0.6620719635221629
-0.31036113218027306 -0.9516706192962874
0.4460296240097362 -0.8961353550138134
-0.8998588542406438 -0.4384689754643031
0.9908089109775324 -0.1424735130735402
-0.8619858885824511 0.5089020808414151
-0.636691339519998 -0.7724151333190142
0.2130926472054637 0.9780554808940891
0.9914083788196749 -0.13824046587791886
-0.8869462860957769 -0.46403371168580876
0.9804378436317323 0.20184804872665696
-0.6194800612565726 0.7862858600442673
0.5947017567453897 0.805189928230568
0.9200596753333043 0.3943237170467617
0.03661546323928902 -1.000330099443065
0.9871017810521691 0.16622597222947938
0.9998910101059915 0.04710592223086203
0.21286136105339523 -0.9781058434395002
0.22050422022981395 -0.9764112293807572
0.7314087647462051 -0.6834048718383784
-0.9654356039793118 -0.26445244292519093
-0.46926323967250294 -0.8841905970389343
0.7268226281716982 -0.688280369600634
0.7834296853340975 0.6230882185833052
0.44424426736930994 0.897021756095974
0.999428790998044 -0.05606328320913765
0.7248342907030448 -0.6903739935868195
-0.5845761852794681 -0.81257103295903
-0.9855601083300878 0.17513501325658926
0.06374723924593896 -0.9989681123481976
1.0009354621710602 -0.011366642793992125
0.6088073220603025 0.7945782809803973
-0.2462834952753996 0.9702295810553975
-0.9119794412804844 0.41266754013580403
1.000258965825196 -0.038509755729031155
-0.7207626505770174 -0.6946237841689502
0.3077474636306986 0.9525190279615793
0.984054499461981 0.1834059488910599
0.9958470640086107 0.10143778933627297
-0.8930890079363379 0.4520984670437268
-0.8270108526838268 0.5639628086524586
0.34891846742453564 0.9382200717795977
0.7818778950294357 -0.6250343648667157
-0.97310283577269 -0.23467396747647387
0.6201413593949917 0.785764401311062
-0.28509680044374835 -0.9595419815603367
0.6317652984537184 -0.7764493593723186
0.8837461933597761 -0.4700996338246874
-0.7989924089882642 0.603002595665334
-0.7256792779169733 0.6894857399554397
-0.9936000594725433 0.12149041861874774
0.9658569973391475 0.2629092251919012
0.07986594044373109 0.9978088151329585
-0.549932697121796 -0.8364060190101138
-0.7898779071832297 0.614893398682927
-0.8457396194906693 0.5354675489922596
0.6805862218136045 -0.7340322844926394
0.9383821547002701 -0.3484823262951486
0.2965976084865872 0.9560496109721698
0.6667096170335798 0.7466587483951002
0.9145374017378077 -0.40696724785006944
0.14343259849559195 0.9906705252952681
0.2479634175887343 0.9698016000903045
-0.009104389030541955 -1.0009585955974305
-0.5552624079020685 -0.8328773369295126
0.9734589112889092 -0.23319251281336548
0.8999083214475524 0.4383674406128364
1.0009784911517494 -0.006562031055019112
-0.08794543625074257 -0.9971291793156324
0.2910361464819454 -0.9577572560105925
0.6386686064892011 0.7707810396507832
0.9070610637778916 0.42336890128836757
0.32976511247199974 0.9451221987639109
-0.999997971826428 0.04477785549834335
-0.6733047815275428 0.7407169980310616
0.34523027337373535 -0.9395834493786573
-0.014847226569417263 1.000889883984845
0.8583765820111273 0.5149666430506878
