1000
-0.8341375821630994 0.553367413228407
0.7056970199000572 -0.7099244439404648
-0.9984647676527033 0.0711976667892513
-0.7900412646854756 0.6146834958693572
0.4577560706523961 -0.8902024375280482
-0.29166432024434447 -0.957566146172892
0.6137119957557761 -0.7907961723892335
-0.7492910884088168 -0.6637498510968803
-0.24919849924684265 0.9694849704730453
0.9846927528538862 0.1799477215110969
-0.8235604066584316 0.5689896805607276
0.30017966973289817 -0.9549309744055055
0.47269229238095173 0.8823621686833819
-0.9502582702770217 -0.3146588943127508
0.9633080854814895 -0.2721002250017211
0.3144613499803334 0.9503236603223906
0.03862146514812212 -1.0002546587893568
0.5562638444874487 -0.8322088291504984
-0.15204313298576597 0.9893856102207433
0.7203856306354393 -0.6950147791047183
-0.8243691796334361 0.5678172731350248
0.410215338612879 0.9130850869260329
0.8889745713932005 0.4601360792377356
-0.9943329461320433 -0.11533859820706642
0.5097035645894471 -0.8615122031897234
0.22494076674805547 0.975398714093266
-0.5389405115147009 -0.8435307493199476
0.4395806057956455 -0.8993163464589828
0.9470955251334479 0.32405411009922186
0.8957979331252408 0.44670690951511643
0.6223420781484479 -0.7840225365165667
-0.3403319399359575 -0.941368775060777
-0.9903909332312749 -0.1453506084379568
-0.4917688264229185 0.8718740857248972
-0.9538559115407683 -0.30357849070500703
0.6942793295514275 -0.7210944546712452
-0.9767783389018365 0.21887228388301935
0.9993860580077684 0.056819953006786876
0.4200269507374987 0.9086134275114796
-0.34187794045348513 0.9408084150512702
0.998481671106847 -0.07096021747203156
0.8240699179355314 -0.5682515027289647
-0.9174664741942449 0.4003202077457257
-0.7376613476614815 -0.676651118499221
0.5002644374232053 -0.8670273886387004
0.7750229428588054 -0.633514355040576
0.9338228322983778 -0.3605217301054623
-0.15891706091229038 -0.9883047949650955
-0.10248470363703852 0.9957398683995878
0.2786670774013125 0.9614289677207624
0.8833273190343846 -0.4708862362052289
-0.9905006981010925 -0.14460071597764726
-0.5940729282820465 -0.805653992655901
0.18974421934617303 0.9828520393348693
0.3481317124538387 0.9385122858993151
0.5683510912460484 -0.8240012360909575
-0.7336229114890636 -0.6810274764929163
0.409366325778806 -0.9134660427833978
-0.19424792610856262 0.98197186477135
0.9897677779617229 0.1495350985846258
0.9144582650007991 -0.40714503751332676
-0.00022535229530330363 -1.0009999746335376
-0.9909618480704468 0.14140585443610382
-0.680708337271086 0.7339190415636001
-0.034616941587769005 1.000401253175499
-0.7135222520013886 0.7020591113993657
0.9717190397865386 -0.24033956752130367
-0.18959630011906273 0.9828805842935154
0.9721308187988378 0.23866853823137488
0.7340253780555134 0.6805936705336457
-0.9473259652717261 0.32337983165620005
-0.7812148611492478 -0.6258628769303717
0.9915818338326279 -0.136990754480449
-0.5146545367580821 0.8585637470766652
-0.22658044121880436 -0.9750191298928919
-0.9880038139326106 -0.16077768394467976
-0.049097176071317604 -0.9997952126819882
-0.6103403577424305 0.7934013156724925
0.781906125095408 0.6249990492299041
0.8639664763077674 -0.5055323212380589
-0.9959905509340506 0.10001911042438938
-0.6337147902645678 -0.7748590611201078
0.9853341929280318 -0.17640161066969925
-0.8903064157499923 0.45755380675326257
-0.8141181213802624 0.5824196806773209
0.935660450927409 -0.3557253442901106
-0.8227622595161924 0.5701431963251071
-0.7875043317798508 0.6179303580727934
0.9161403885746399 -0.4033457430323369
-0.4946794031384404 -0.8702259982961876
0.5460235514166645 -0.8389632180842813
0.847441833284916 0.5327694991257483
0.23174231994913225 -0.9738051638518836
-0.4738869078150244 -0.8817211569433472
0.1840192397779297 0.983939997861431
0.09543490596709389 -0.9964402534638251
0.8633033403815328 -0.5066639344635528
0.05886214304168174 0.9992678560408819
0.8469708353663173 0.5335179509996665
-0.7554990775660168 0.6566750671351074
0.7261936321137465 0.6889439807977457
0.9806382233603946 0.20087228500858145
0.9590694793809431 -0.28668228707048976
0.09076617441672971 -0.9968763722657649
-0.9990153091769276 0.06300326999551652
-0.3891512386192614 -0.922259352612428
0.5113240499871141 0.8605514022443839
0.9949523037289738 -0.1098677081967576
0.5338605586733234 -0.8467549255203697
0.3494455568644968 0.9380238817789565
-0.2860217795276332 0.9592666686776133
-0.22144495224214136 -0.976198306250567
-1.0006989132047817 -0.02454964583795335
-0.725059639016162 0.6901373195747008
-0.09908532238751423 0.996083881451438
-0.9565479179975924 0.2949865769394791
0.3437340641167758 -0.9401318488200281
-0.7901415164326141 0.6145546224784003
-0.12396764178766027 0.9932940268569052
-0.9940821209078494 0.11748079371263984
-0.5204230197546335 -0.8550794585940351
-0.1978021004982258 -0.9812621102633535
0.27570543363798683 0.962282450147819
-0.6553839674412169 0.7566193595335834
0.9340625279254416 0.35990025552301785
-0.28243810672478453 -0.9603279210091308
-0.1559143789040472 0.9887829420307397
-0.14161813763624406 -0.99093153299935
0.46567685599456504 -0.8860846831940032
0.5009885022029196 -0.8666092087327918
0.11730599191383545 -0.99410276343098
0.7923909879220417 0.6116514712317227
0.31814783685215986 -0.9490958612839334
0.5378137566321733 -0.844249585831814
-0.9632071397209244 0.272457347103424
-1.0009798521026225 0.006351038073557714
0.3087815272923012 0.9521843143021386
-0.5111224811598019 0.8606711388521449
-0.40409502268591485 -0.9158101400620491
-0.9631583297850942 0.27262984386451106
-0.7953031415668764 -0.6078601097406022
-0.5096136787791282 0.8615653767423593
-0.8421962959944292 -0.5410234736250025
-0.13048544958163424 0.9924588391704104
-0.39646892867010547 0.9191373067171078
0.9526688614239046 -0.3072833228036975
-0.9493676545486425 0.31733587332164226
0.9002672104119896 -0.43762992340219886
-0.09722352340396216 0.9962673268239399
0.990996939621753 -0.1411597168469801
-0.9295471402549843 0.37140693860478746
0.006798947748916284 -1.000976909978201
0.35335223373754304 -0.9365592340651439
0.3207304942476665 -0.9482262124934363
0.3213196260588304 -0.9480267390266023
0.24407240986578393 -0.9707881636805781
-1.0008810549279588 -0.01543093925516383
-0.302111835114876 0.9543214547957738
-0.9683978954368431 0.2533900473844486
0.9967555294248578 -0.09208373668010804
-0.9896013530229589 0.1506325399610888
-0.3541781281315135 0.9362472181818524
0.2844769924212671 -0.9597259196160904
0.7824584460260244 -0.6243074404830836
-0.5021346348151329 -0.8659456152201899
0.9655034834996422 0.2642045104650108
-0.9784971090759036 -0.2110554607919429
0.38923314693431726 -0.922224786767092
-0.9883924178572544 -0.15837117263659645
-0.6644552510310108 -0.7486656258820198
0.6483473328586437 -0.7626576794178913
0.8493441465163584 0.5297315553923504
-0.8483408232156876 0.531336849527425
0.5535972698612692 -0.833985049507573
-1.000994320685587 -0.003371936417049436
0.8218847953684132 -0.5714073705704378
0.9922099595529134 -0.13236463335803103
0.4521958453567262 -0.893039706531639
-0.06669148203370005 -0.9987758738696829
-0.9480616824329213 0.32121651000915014
0.2922293842639878 0.9573938515431831
0.17725960349506284 0.9851802032972309
0.7003162098995984 -0.71523297333936
-0.9611155369731696 0.279746178863583
0.2967801519520244 0.9559929609611848
-0.9717982710119306 0.24001900020253014
-0.9974228929038846 0.08454923246988029
-0.36584691538624997 -0.9317494483509856
0.9999239213513198 -0.04640206363298736
-0.17310726603405074 -0.9859182899440584
-0.37892034229497507 0.926509780949483
0.9362444779846395 -0.3541853715828336
0.6523028553101982 0.7592772780441692
-1.0007749558762455 -0.021224695307558654
-0.5112418979058684 -0.8606002102170355
0.9683912834860993 -0.2534153153780277
0.8187647932803498 -0.5758690938786228
0.21074552596781534 0.978563908635787
0.3312331792330581 0.9446086919858195
-0.9779475687606524 -0.21358734221654865
-0.8834920461356504 0.47057709720623014
-0.7403999343436467 0.6736534251556388
0.844085908328311 0.5380706081561881
-0.09004442866279971 -0.9969418242138255
0.8331147865685102 -0.5549060752964465
-0.8748456593869524 0.48646281692623583
0.4437220624788138 -0.8972801854880936
0.7039541117756569 0.7116527302794151
0.9854485043485014 0.17576189939034415
0.1839111081303695 -0.9839602147984742
0.05348794379129778 0.9995699274532918
-0.05712972380494345 -0.9993683978683591
0.3033479041780708 0.9539292683583894
0.02318844468092012 -1.0007313805578797
0.7365273857107795 -0.6778852484735486
0.5634417189216699 -0.8273659585567887
0.04876652677548205 0.9998113951472328
0.767172358567263 0.6429988897738028
-0.6154211594191126 0.7894667798832546
-0.8930293988405332 -0.45221620139764557
-0.5440309362348564 0.8402567110231405
0.6428833718749396 -0.767269164092177
0.6125131902387678 -0.7917250733578715
-0.6060413223365907 0.7966899745952102
0.4663612612576733 -0.885724660375984
-0.07739472043587813 0.9980035356894545
0.8454106171690186 0.5359868360117618
-0.8330116605906123 -0.5550608735265625
-0.9551868242901598 -0.29936454483201486
0.6841250442990238 0.7307351940086495
0.9148390960588434 0.4062886022548975
-0.9665118742678606 0.2604914526414009
-0.48005970386570906 0.8783755920586408
0.2854182859828405 -0.9594464039364666
0.6315521869788039 -0.7766227109235796
0.6439120653991345 0.7664060621063881
0.7857029027353852 0.6202192746385666
0.7000433230532724 0.7155000669801029
0.03967553395477138 1.000213403232232
-0.9699253392844198 0.24747896115428308
1.000352241452527 -0.03600545820990614
-0.6702189835751058 -0.7435102649295113
0.6209038575731007 -0.7851620212738533
-0.7233495539921373 -0.6919294926069968
0.6428801397754758 -0.767271872208453
-0.6859492795075265 0.7290230352623334
0.551895622656713 0.8351121012728524
0.7466067162824763 -0.6667678840510375
-0.934103650076536 0.35979351149470784
-0.004228082100702917 1.0009910705504568
0.32937710610769394 0.9452574897730888
-0.5756027395092901 0.8189520659168034
-0.7726074810409606 0.6364579171002132
0.00472875692045951 1.000988830536079
0.11578835608644376 0.9942806729464265
-0.24845194665098572 0.9696765595833157
-0.6410542182955796 -0.7687980809064519
0.9285823551149054 0.37381253292159106
-0.9492117108331634 0.3178020264522851
-0.6643290849296667 0.748777581740073
-0.763367331299672 0.6475116350340098
-0.9175138352029384 0.4002116467710494
0.2686948451448705 0.9642634910607029
-0.9069006045225025 0.4237125128158471
0.9297999709161698 0.37077353476790886
0.4455793762869444 -0.8963593137953874
0.9633299102639211 0.272022947544698
-0.4943289210759709 -0.8704251362339362
-0.7952796716375524 0.6078908157556476
0.9936715620071058 -0.12090420529641795
0.2958365293823992 -0.956285390395031
0.21387627552868027 0.9778844199423469
0.8344608517963084 0.5528798122733181
-0.9545476760274978 -0.3013963075263248
-0.6360941618366899 0.7729069913497217
0.15150285883577938 -0.989468485483285
0.7452156502833235 0.668322253537022
0.41395238663587813 0.911396961591633
-0.22696666811654675 0.9749292956743445
0.9911796514888209 -0.1398710065542518
0.007866496302901347 1.0009690895506795
-0.982457622387413 -0.19177596359521046
0.6960890706180997 -0.7193476251201711
-0.8377956323034741 0.5478133610028346
0.025107274252390083 1.0006850777240637
0.6860806290772918 -0.7288994240667964
0.33804689837252283 0.9421917503888034
-0.7268244705248796 -0.6882784240743193
-0.7933352922081118 -0.6104261741906795
-0.5162232464232669 -0.8576214548693515
0.41970310442810477 0.9087630627030411
-0.24313510682114878 -0.9710233363988059
0.9863761444332053 0.17047903593428843
-0.9629160489266956 0.2734843372469467
-0.8826564557094023 0.4721425433007661
0.3085640296405112 0.9522548186341773
-0.9251241012790216 -0.38229098502669745
-0.9032969187403802 0.4313417167329574
-0.6446578169839663 -0.7657788838832441
-0.3654091804761512 0.9319212041925795
-1.000881698993369 -0.015389107191351434
-0.999708582398282 0.050830603766011805
-0.7390632245495311 -0.6751196561487818
0.7470147721109617 0.6663106859776511
-0.029106547841883233 -1.000576738122933
0.8431240209659798 -0.5395765796160523
-0.8443881748524587 0.5375961403966117
-0.7866221218354081 0.6190530166626766
-0.9861626308151662 -0.17170982960713158
0.9538939371703462 -0.30345898673404864
0.5887185126526632 0.8095748963870087
0.9780238455588011 0.2132377957079245
-0.7891497225427859 0.6158276669740034
0.9922695687157268 0.13191703074548594
-0.4464168694882914 0.8959425085552498
-0.48856821683904067 -0.873671618798917
0.24516382065156606 -0.9705131122470869
0.9972837076234187 -0.08617544028832949
-0.4548383288255522 0.8916967503760338
0.9704067645555028 -0.24558442805870462
-0.9995887218021242 -0.05313555538427797
-0.8453391780452939 -0.5360995001505847
-0.2308435514165563 -0.9740186111001122
0.9949137750883196 0.11021606116854649
0.8245280290569652 -0.5675865830861724
0.036717195450381934 1.000326370520271
0.03813047245482615 -1.0002734961351178
-0.8402310799916428 -0.5440705213628814
-0.9795888823414939 -0.20592868084106936
0.23523577076648106 -0.9729671793806303
0.22153297732169 -0.9761783340962795
-0.3455523797120841 0.9394650354724841
0.7144109605234569 0.7011547471735122
-0.9723539619378452 0.237757802613869
-0.9978956338984326 0.07877375099895506
-0.10331092658021895 -0.9956544844719661
0.24883268181789472 -0.9695789274006085
0.9905400890711968 0.1443306341107993
0.6102150570009351 0.7934976901096471
-0.036466601983045195 -1.0003355371773064
0.9960074465140348 0.0998507210218938
0.8925647136995443 -0.4531326868130907
-0.1080040333361569 -0.9951563338406294
-0.999705610357708 0.05088902258171647
-0.724672260938864 -0.6905440711683469
0.8389705665685684 0.5460122603308605
-0.06594389437091673 0.9988255116861992
-0.12691552089436534 0.9929216739280656
-0.9048601437194969 0.42805270739469853
-0.9747627910920178 0.2276806998902171
0.8470795801498007 -0.5333452773703329
0.9926499216242859 -0.1290237695128263
0.3761079818243395 0.9276549929839337
-0.15631346750380873 -0.988719929948282
-0.18506445647808553 -0.983743943792525
0.7085223251640999 0.707104740999562
-0.9539556974220221 0.3032647809358404
-0.9936823259571048 -0.12081570709339992
0.6098522400076308 -0.7937765714341001
0.8884477268710187 0.46115250906584015
0.029187479214270732 1.0005743805720375
-0.03612885179587845 1.0003477925541253
0.6181710740553463 0.7873153899176998
0.652836316261545 0.7588186503836447
-0.46711821260426206 -0.8853256889153276
-0.13959370601140775 0.99121874338715
0.7925058759214164 -0.6115026055791
0.5941329118846549 -0.8056097585155364
0.6628411577331567 -0.7500950603856611
0.10119043436767397 0.9958722287484884
0.09296235993938498 0.9966739685747292
-0.6852883702531918 -0.7296443308871279
0.7791300795939394 0.628456298458327
-0.5605650925690636 -0.8293176574709097
0.998516742517607 -0.07046499068350708
0.7682881778431376 -0.6416652365419772
0.6700653654791427 -0.7436487114123865
-0.7318642268085473 -0.6829170912474861
-0.9598450602359107 -0.28407474428523394
-0.41648986465095655 0.9102401840410188
-0.24711714212156052 0.9700175864744269
-0.8409917684881095 -0.5428939540418938
0.933863806462057 -0.36041558093428416
0.9326184648634698 -0.36362590528688293
0.944432194938621 0.33173608360173695
-0.3942524676909434 -0.9200902084684967
0.40445567564184665 0.91565091953271
0.5222317025289899 0.8539760235941479
-0.9601186451147599 -0.2831487017505071
-0.1705238510740986 -0.9863683978184107
0.6708059341011279 -0.7429807526273565
-0.8580424208665799 -0.5155232332237016
0.5436006908161254 0.8405351205893965
-0.3567878035152123 0.9352558277085421
0.21931468342586657 0.9766791026912637
0.04013540754175097 -1.0001950555074033
0.6120530846420537 0.7920808175812284
0.19418088199941552 -0.9819851246663206
-0.7668819139270557 -0.6433452650727881
0.9004566756238805 0.4372399516562841
0.9257848866030259 0.3806879873826103
-0.14707159545879278 0.9901368318617408
-0.8733992750542586 0.48905491136956747
-0.9600150995629881 0.28349957426963796
0.5216790225743934 0.8543137581742586
-0.965089485830735 -0.2657127854262336
0.08046236297700997 -0.9977608972815861
0.20994459429650253 -0.9787360560057431
1.0009641926345128 -0.008466703227227642
-0.9344308453034279 -0.35894288591016965
0.6219177130095108 -0.7843592023078583
-0.48979412826778046 0.872984943692848
0.6787683711966448 -0.7357135979870522
0.3364346353399489 -0.9427686546251289
-0.1611074439906101 0.9879500956479595
0.18581369366534098 0.9836026998979023
0.7978974885894747 -0.6044506577898721
-0.7808008359601621 -0.6263793216286055
0.39306489797389355 -0.9205981674871901
-0.8030071453834777 0.5976458185774232
-0.49282952701103794 0.8712749607937075
-0.9735819210860182 -0.23267841097630484
0.9992914427008709 0.05846035019406069
-0.18438218158034378 -0.9838720501750587
-0.30592850346838435 0.9531047952694367
0.5852217864494437 -0.8121061880474262
0.17928299639019868 -0.9848139962476935
0.8275573180191658 -0.5631606213088104
0.9142151973398615 0.40769053576559516
-0.9461315883426082 -0.3268577940638609
0.9587873711136808 0.2876243678705209
0.6376724514276041 -0.7716053684950034
0.30600661788519967 0.9530797184970737
0.014938158551398623 -1.000888530965908
-0.9838259424696688 -0.18462804479186765
0.9020888667680043 0.4338625086974187
0.024831526042317455 -1.000691958254092
0.22113574564361513 0.9762683964969071
0.37026554427350533 0.9300023799560111
0.21171615165119345 -0.978354368891972
0.38267459530957776 0.9249654880613929
0.7093898935873695 -0.706234365402945
-0.9820573360252509 -0.1938153470677375
-0.8791104689197072 -0.47871263137269787
0.9925077992678254 0.13011252204356874
-0.11416578907534208 0.9944682863745854
-0.9987924267459424 0.06644312059913514
-0.8728953147593441 -0.48995384422533667
0.8538292496784017 -0.5224716378844095
-0.7485436956586107 0.6645926088136621
0.0027686084096031943 1.0009961712251823
-0.6146655357092907 0.7900552380759276
-0.7553918666502677 -0.6567983920493595
0.9995201599637256 -0.05441001586186581
-0.5569385956183276 0.8317574169856767
0.9313693367023216 0.366813520267012
-0.6646181975108009 -0.7485209760170346
-0.7245425963846892 -0.6906801184514677
-0.9942235280938575 0.11627801247270558
1.0000009872943032 -0.04471046197948318
-0.9996200620570016 0.05254266393281079
-0.9367495045438786 -0.35284751060025615
-0.39168992413468584 0.9211840225119865
0.45176376879950747 -0.8932583597146265
0.6566762078771828 0.7554980860386366
-0.7848986848239496 -0.6212367137908337
0.8082707529429151 -0.5905077391000844
0.9617061093148446 0.2777091271573626
0.7979034549008669 -0.6044427819548019
0.6850251800768065 0.7298914321053089
-0.3436684894126279 -0.9401558218640368
-0.8581254511187582 0.5153850115614809
0.5899556933875071 0.8086737783801733
0.3446568103518397 -0.9397939577790954
-0.5797119783598305 -0.8160484189961595
-0.5988812566883169 0.8020861801498778
0.3042597558347544 0.9536388210320381
0.37342596929746813 0.9287378776889883
0.9992667298735868 -0.05888125820452727
-0.1439666876115685 -0.9905930510851331
-0.8162301033595815 -0.5794561401604152
-0.4890637783686508 -0.8733943099698894
0.9351777554573973 -0.3569923888511693
0.7426768277688872 -0.6711424062709364
0.947263229349815 0.32356355530522884
0.5873269157667133 0.8105850319466553
-0.7486623625787703 0.6644589278939473
-0.8055950883253736 0.5941528032972945
0.8616689885489335 -0.5094384694671752
-0.20033843800597126 -0.9807474242929867
-0.9338784033713728 -0.36037775696695734
0.0632689861679707 -0.9989985162097476
-0.9795841723353326 -0.20595108475097051
-0.12015985839376007 0.9937618469385869
0.045239607410466225 -0.9999771887004958
-0.7740665641762507 -0.6346825617774403
0.5735049921018959 0.8204224668024421
-0.742801401676214 -0.6710045287983173
-0.7902823328973937 -0.6143735299557208
-0.3646378050346121 0.9322232946775897
-0.366352823111128 -0.931550647575593
-0.3855860176052213 -0.9237556078462235
-0.7569061492887513 0.6550527315940865
0.880581562953738 -0.4760011670006199
0.7396211274094199 -0.6745084046100676
0.18829711339239055 0.9831303052434572
0.9791811346363476 0.20785885973966822
-0.5381653146014526 0.8440255293294864
-0.26782730153206 -0.9645048141684183
0.8584698776964033 0.514811100393069
1.000997038192126 0.002435062748950337
0.3611854988138547 0.9335662994381208
0.40402730934200565 -0.9158400151259276
0.9425575173924913 0.3370257058547662
0.5475426486423467 -0.8379725818412698
-0.9899720541660036 -0.14817669172424935
-0.8967381180306631 -0.4448165325961083
-0.6700547944395107 -0.7436582363213797
0.341352395070873 0.9409992254935063
0.996455353539925 0.09527711373474247
0.6162310965244234 0.7888347328029534
0.29318494283664615 -0.9571016608980848
-0.9034243776827182 -0.43107469632140705
0.17515661281469466 0.9855562698229275
-0.3370067988250978 0.9425642776732311
-0.5020113257124028 0.8660171065611093
0.9968518113446881 0.09103552174186917
0.12115588126289102 -0.993640907187004
-0.40574667031982775 0.9150795809788201
-0.8721537835952491 0.4912726104318167
0.893600014357988 0.45108759054024505
0.9935618693651924 -0.12180234703627153
-0.5899727591413504 -0.8086613280423036
-0.9068366248661104 -0.423849425859516
-0.05956529479495004 0.9992261884358269
0.6986811055059442 0.716830323583616
0.9053866742597141 -0.42693789955089995
-0.3452356151396057 -0.9395814866413545
0.5426948000761677 -0.8411202969672581
-0.6532681346204108 0.7584469291186886
0.13353976043982954 -0.9920524846910435
-0.15978877039219416 0.9881642317229209
-0.4599116750542787 -0.8890906878090489
0.3106406306241378 -0.9515794231725684
0.6258421934264227 -0.7812314310927359
-0.5873065189200573 -0.8105998105316855
-0.30713885242624994 -0.9527154482479469
0.9692036323983128 -0.25029046914718145
0.8882039776415115 -0.4616218085205651
0.9841567944025594 0.18285623869936315
-0.7125467777422219 0.703049137350425
0.02066947434503149 -1.0007865770634117
0.41252754898480387 0.9120427738481295
-0.9991443288307252 0.060922985525985435
-0.6941824818432334 -0.7211876884015485
-0.11484946513851872 0.9943895616695684
0.9747683262716934 0.227657000984994
-0.5629014631824694 0.8277336182293402
0.5098189016830765 0.861443954930709
0.8059046472690813 0.5937328519714046
0.988443755133192 -0.15805044428344472
-0.2338198655763988 -0.973308414872611
-0.33250990595059443 -0.944160030103333
0.9595340237204726 -0.2851235825441302
-0.8502977287537509 -0.528199557436593
0.1161412698822118 -0.9942395110988838
0.05379280264562328 0.9995535675407942
-0.6929786788731559 -0.7223444819663368
-0.7631951872157303 0.6477145252429857
0.327577881788544 -0.945882514566651
-0.1776868150067327 0.9851032411746309
-0.939009527298217 0.34678827495055115
-0.2581511922695101 0.9671395772740512
-0.5250160210287474 0.8522670811800381
0.6921725920109469 -0.7231169358194061
-0.9764333635758015 -0.22040618524906846
-0.6387021620765666 -0.7707532342836579
-0.9923681805357772 -0.13117314610891648
-0.25743910954753224 -0.9673293673177579
0.4844689185840387 -0.8759514067150141
-0.9516722383108366 0.3103561676984081
-0.8388695519673597 0.546167442074389
0.9479794132042652 0.3214592231386386
0.9880359004023797 -0.16058038334759003
-0.9937482264179609 0.12027245108983681
0.7392903660996166 -0.6748709169850888
0.8500041896341372 -0.528671805191476
-0.7992681713358902 0.6026370303004802
0.5074755878197078 -0.8628264760466279
-0.3163192195359276 -0.9497068765425369
-0.3809044331863595 0.9256958532795629
1.0003665415443286 0.035605934317735524
0.9239463169865628 -0.385128813940175
0.6479696223117483 0.7629786160575998
0.42175984855102117 0.9078103492196041
0.923333122807161 0.3865966170663891
0.5458457706515911 -0.8390788965656154
0.7663242611192541 0.6440094151641179
0.9420107091337506 0.338551065390922
-0.5761247686661974 -0.818584907587063
0.14493348054706173 -0.9904520615438763
-0.9944677583019204 -0.11417038888412895
0.5171055797419769 0.8570897382419849
0.9707914524264303 0.24405932863912805
0.7164170971095422 -0.699104815438384
-1.0007316197376928 -0.023178120225201854
0.12874391355370016 -0.9926862569426845
-0.6230402693908015 -0.7834678185588975
-0.3565557384350907 0.9353443245078291
-0.9835754417896311 0.18595792617775633
-0.7676660919388935 -0.642409348692301
0.904030510539884 -0.42980208935392183
0.47814585556589384 0.8794188653907531
0.8781405221843088 0.4804895662736801
0.870720466432497 0.4938085350979415
0.8482462705805214 0.5314877839106341
-0.19852139972356858 0.9811168400612617
0.8182479666747102 0.5766032128185745
-0.95406909015067 -0.30290785928904634
-0.9468576896525681 0.324748388057279
-0.979242490204773 -0.20756961573784086
-0.9759697113005229 -0.222450270002025
-0.37447133926959464 0.928316872660212
0.07152257042286699 -0.9984415465715086
0.9828696504892902 -0.1896529729454842
-0.8535666627240751 0.5229005185368293
0.6922964571741735 0.7229983508861467
-0.5496637023366152 0.8365828197695699
0.7750086054639721 -0.6335318945852603
0.9955991920631454 -0.10384242275299663
-0.005230842312431727 -1.0009863327182356
0.9648755560006498 0.26648857655148556
0.020608946139499935 -1.00078782533513
-0.09412788429201363 -0.9965645696083667
-0.8960499057244574 -0.44620126226983153
-0.958232540520479 -0.2894674390802335
-0.3764441203726919 0.9275186382153354
0.5520276857160504 -0.8350248105313887
-0.9763572043357674 -0.22074331143127385
-0.27428298982102994 0.9626888601697003
0.7394630444691005 0.6746817070771144
-0.3963332448805622 -0.919195821902191
0.34351931476642694 0.9402103383724328
-0.49050280122174617 0.8725869595596878
0.7804450964184815 0.6268225039645171
-0.7206094741647983 0.694782689582817
-0.616274308386456 -0.7888009741517789
-0.9908598937915079 0.1421185099678492
0.02158728877899502 1.0007672001835253
0.5093308150899162 0.8617326272109241
0.7063691255315169 -0.7092557074115373
0.7530253006924835 0.6595103460272589
0.9926257452477403 -0.12920963536582017
-0.8804521879120344 0.47624042751630347
-0.7908909619634812 0.6135898355452764
0.9740575585584833 0.23067915513779494
0.9836084584003653 0.18578320850727342
-0.513355668329709 0.8593410020438673
0.8413138093127567 -0.542394758694863
-1.0007567159162447 -0.022067975632861878
0.49495182365982426 -0.8700710845993068
0.9152058244130832 -0.4054618341599724
0.005600192899744398 -1.0009843344625757
-0.7428567550422096 0.6709432475911495
0.5818666279939559 -0.8145134911264167
0.8775905304295792 -0.48149336537519366
0.41850385846027066 -0.9093159629380019
0.10511529008795226 -0.9954656075373601
-0.17854521540077137 0.9849480220080105
0.7903843796923434 -0.614242242391672
-0.697229524378962 -0.7182422922205893
-0.9936226462865834 0.12130555134225056
-0.8510821952283187 0.5269346230466794
-0.8188251944778495 0.5757832065007732
0.9849333828291205 -0.17862595384989619
-0.9076537512476307 0.422096751759717
0.27896876988690167 0.961341471813106
-0.369429487803615 -0.9303348072286443
-0.1441117508079913 -0.9905719576482344
-0.8911181344503919 -0.4559709096572424
-0.4916621414626978 -0.8719342513356808
0.8307805131448825 0.5583947877431571
0.7081815815293478 0.7074460032981963
0.8060190357525219 -0.5935775551725104
-0.9976659881943948 0.08163072950857249
0.19563877744757313 0.9816957108793024
-0.4067876241012312 0.914617312802505
-0.6499614900540824 -0.7612825109292062
-0.6208016661263118 0.7852428231666911
0.3610385659898592 0.9336231326761275
0.1929233185155716 -0.9822329627806936
0.5403338128855304 0.842638932552125
0.9205625447327587 -0.39314831963922675
1.0003071533095214 -0.037237065375799114
0.3228566672925038 -0.947504391749599
-0.1443238868287637 0.9905410721876393
-0.9920411248507718 -0.13362412433694545
0.8898884249225835 -0.4583662195109971
-0.9473739731588836 -0.32323916065531244
0.9591206697094834 -0.28651097873560083
-0.9150428314901123 0.40582954123444226
0.9480713124183687 0.3211880859703733
0.17299566227557675 -0.9859378787904615
0.7047767612496856 0.7108380383761154
0.5162902017968036 -0.857581149238144
0.9482311585787595 -0.3207158709829988
-0.33213945600297695 0.9442904117728013
-0.08985804702877838 -0.9969586407590707
-0.7189223831810823 0.6965282528090536
0.7158551071652455 -0.6996802595081806
0.7241745743734118 -0.6910659779146183
0.35530448116022556 0.9358203490347188
0.4336584193403079 0.9021869957693169
-0.12811223939563016 -0.992767975972753
0.9634471050615694 0.27160757675087277
0.1492450395651578 -0.9898115568961572
0.6384435136085727 0.7709674960276472
-1.0007103940273208 -0.024077111240437675
-0.9764771444007031 -0.22021213968137301
-0.5640321997472929 -0.8269635286082633
1.0008021406070124 0.01990164205340076
0.5953050538553353 0.8047439921206597
-0.543977787996634 -0.8402911198901778
0.7285398290731758 0.6864624661655054
-0.9989702493598412 -0.06371374179826904
0.08163636136917597 0.9976655273699705
-0.9013905258284127 -0.4353115205766759
0.8875278223068757 0.46292047333339564
-0.2924873735023673 -0.9573150663922964
0.2592180396370444 0.9668541813152218
0.5193896483513913 -0.8557075395165209
0.4430002969145357 -0.8976367511046065
0.7890142268576965 0.6160012579663708
0.06685066261349559 -0.9987652321282197
0.012737640907861527 -1.0009189540138115
0.7221909744396132 0.6931386559974577
0.37576947985679204 0.9277921631530177
0.9443524351124752 0.3319630676703934
0.5344323361276567 -0.8463941623742068
0.3536059623713539 -0.9364634661189024
-0.707926397537546 0.7077013605112769
0.3121913568499384 -0.9510717936665951
0.4263499484761319 0.9056636911317576
-0.9883851777029472 -0.1584163517352722
0.8594338523061765 -0.5132002080184351
-0.6068774106350622 0.7960532698638214
0.08340927308612278 0.9975188685750483
0.23057900127901412 -0.9740812718501328
0.20090044450339384 -0.9806324547955461
-0.08868867007962732 0.9970633479370842
0.9616181230959753 0.2780136423511872
-0.9549537251098733 -0.3001072856476104
0.89690775370318 0.444474387729052
-0.8835637983823482 0.4704423601124341
-0.8250378058961191 -0.5668453217960941
0.938484761288301 0.34820590579374244
0.02076751901302041 1.0007845473197734
0.29910959173103396 -0.9552666916283087
0.8349438749062139 0.5521500935041093
-0.3820627474158749 -0.925218383430114
0.9764410187538484 0.22037226888823072
0.9950185948407152 -0.10926571246831514
-0.8914932666771695 0.4552370321813342
-0.4491638867615286 -0.8945685009149813
-0.7121665863745941 0.7034342565240607
0.8919759154276484 0.4542906187640337
0.4126777164730422 0.9119748364547102
0.6404835531875949 0.7692735651874393
-0.9904726917773745 -0.14479242674698856
-0.09604745436789278 -0.9963813961076589
0.440106192494105 -0.8990592524012763
0.8863526259313788 -0.46516666099856
-0.02246893977839655 -1.0007477937748526
-0.9688280009600698 -0.2517405500822522
-0.9992565072834876 -0.05905448883535634
0.7055835821893571 -0.7100371881421669
0.8146797317532598 0.5816338493162486
0.9719470671435991 0.23941574440908436
0.7653967123533232 0.6451115195985296
0.2705338072530251 -0.9637491681621225
0.945079989854938 0.32988606029323236
0.6142653487132644 0.7903664222183098
-0.16429249496545992 0.9874254281200299
0.8091105643698293 -0.589356508935921
0.7992552570677068 0.6026541579128397
0.4788915062974828 0.879013040401636
-0.8791292751828299 0.4786780938339585
0.45753531634833317 -0.8903159182526338
-0.5173202945183387 -0.8569601582801031
-0.9609714001959663 -0.2802409106561782
0.2715322484901678 0.9634683378450346
0.3593410702361953 0.9342777934006061
0.15964247255954137 0.9881878773568699
0.898461376422923 0.4413254525587967
0.899242435908815 0.4397317835462667
1.0004996434083633 -0.0316459087361641
-1.0009800051675022 -0.006326867697966692
-0.147351255987416 -0.9900952516596223
0.5472714235966912 0.838149741343664
-0.05397378472259984 -0.9995438112272611
0.9581428525736971 -0.28976416973452507
-0.48899160213188914 0.8734347216847338
0.9239293394514975 -0.3851695415018166
-0.23753335886651314 -0.9724088149670345
0.14892946238347254 -0.9898590885748182
-1.000880024155313 -0.015497652946804866
0.9702363480048429 0.24625683545888707
0.7712444952393344 0.6381088688954452
0.8812253133232868 -0.47480832675751916
0.40155876138842267 -0.9169250575440698
-0.8852056287489412 0.4673456909303775
-0.2709127292309495 0.9636427206909406
0.7668712688510789 -0.6433579540277218
0.3812989534824851 -0.92553341812879
0.02262890448151076 1.000744189432028
-0.9708525686561498 -0.24381609859432174
0.3545584103313162 -0.9361032708325134
0.9760771468206128 -0.2219783851065953
0.10978749998189304 0.9949611574567752
-0.3077535219518511 0.9525170705694631
-0.9591164526627158 0.2865250952912995
-0.6116177102916813 -0.792417047051337
0.6493198762253762 -0.7618298355529679
0.48337149871402996 0.8765574677287009
-0.5907237961565756 -0.8081128613345815
0.933638946192671 0.3609976705634522
-0.6659352818776387 -0.7473494499566784
-0.38043848054370266 -0.9258874459250427
0.05957875904831879 0.9992253857214909
-0.10969394492414877 -0.9949714761976737
-0.8483563474777984 -0.5313120624398893
-0.3693683083637881 -0.9303590988303783
-0.9382788012420725 -0.3487605068521083
-0.7713591487838892 0.6379702685763607
-0.9353905399822707 -0.3564344788480431
0.8295010182584241 0.5602937271719518
0.21270601632919073 -0.9781396375862529
-0.9151465996355834 -0.40559548958960234
0.6146936464698199 0.7900333670103029
0.6974648630078487 -0.7180137637047376
-0.12335808472012419 -0.9933699124365418
0.9535366505536176 0.3045798024344165
0.8060452379323074 -0.5935419735845561
-0.9387741728179883 -0.3474248874935443
0.08695502648256845 0.9972160364582069
0.9982277636048003 -0.07444683988296054
0.2833950171739009 -0.9600459698582169
0.8354819925979209 -0.5513355058805914
0.8041420689816966 -0.5961178850645534
-0.1888278246668535 0.9830285105893847
0.940410304858071 0.34297151268982967
-0.5860019060868944 -0.8115434468113993
0.12890667333673073 0.9926651346598496
0.39745223098822174 -0.9187125361518069
-0.9338001765502452 0.36058040750258596
0.7839868148237666 0.6223870774546053
-0.850381306119265 -0.5280649905105362
0.26381004691448473 0.9656113395911303
0.908041876900714 -0.42126114204211684
-0.8828647570007435 -0.47175292351613257
-0.20338074505450496 -0.9801210499428499
0.8117891947194065 -0.5856614238080032
-0.3463786047536829 -0.9391607222243123
-0.6224431159053598 0.7839423240660163
0.13336538395500017 -0.9920759418323456
-0.9441936708065916 -0.3324143679337188
-0.17309884816785875 0.985919767913678
-0.638063607878049 -0.7712819408631628
0.28322970618278853 0.9600947523737494
-0.9846844529128738 -0.17999313373480222
-0.31891273903819667 0.9488391143282169
0.7523515178165189 0.6602788756572334
0.7691119486586264 -0.6406776181751087
0.9539277715471755 -0.30335261111623824
0.11160382685670797 -0.9947590591851566
-0.767754725003651 0.6423034191366009
0.4680976133483763 -0.8848082415854601
0.19449443776632594 0.9819230691240332
0.4082885291909153 -0.9139482900750562
-1.000718661708665 0.023730994669807867
-0.9222984601431639 0.3890585436891839
-0.9838273070730164 -0.18462077309299946
-0.400209568020647 0.9175147419331894
0.8035756453245233 -0.5968812128399384
-0.4325855769009342 -0.9027018991102689
-0.8651372505845838 0.5035261042398369
0.9931650093187048 -0.12499705702526412
-0.9746418235855477 -0.22819797483290233
-0.17903798485299682 0.9848585685161997
-0.09456359075844743 -0.9965233199995216
0.4135857013510443 -0.9115634194272852
0.9757859613726606 -0.22325491615647003
-0.8398847196433957 0.5446050474513936
-0.6950848119796559 -0.7203180576351021
-0.6865424480434491 -0.7284644583193527
0.4096354525502041 -0.913345387032742
-0.5649183856111853 0.8263584074712691
0.9772677078583991 0.21667678042926208
0.44328899755447065 0.8974942142694584
0.6666417392064341 -0.7467193526003064
0.5354886632946716 0.8457262509127206
0.9718508581865749 0.23980598291539326
0.5465489269118727 -0.8386210529741549
0.11747176423284836 0.994083187971722
0.38572257721840403 0.9236985944689925
-0.9312175272358958 -0.3671987431469008
0.013283085336797246 1.000911864073923
-0.8041480959616194 0.5961097547946201
-0.7408194824253969 0.6731920190101536
-0.5680592935092593 -0.824202426020308
0.993955642474627 0.11854611251682445
-0.9629848958661948 -0.2732418165903121
-0.626050358042193 -0.7810646254921817
0.7548395427391553 0.6574330876350405
-0.8038988512946132 0.5964458373458575
-0.7303962689831951 0.6844868809958509
0.9831308712611048 -0.18829415809679556
0.4554492658530426 0.8913848586519318
-0.997181803935588 -0.0873467223183936
0.7721370339146317 -0.6370285714609
0.44678283816895353 -0.895760065819913
-0.4135513358207992 0.9115790106407851
-0.21343976551805427 0.9779797883880822
-0.9382024483788244 0.3489658519912506
0.6767298096081804 -0.7375891571787616
0.09854019567453877 0.9961379572310372
0.99674871829028 0.09215743370279002
-0.9770486870232141 0.21766226863242347
-0.1386115555232127 0.9913565638434213
-0.5454594845082582 0.8393300606793404
-0.7783060079894549 0.6294765745661378
-0.3213987367808619 0.9479999219386394
0.9367760878762948 -0.3527769283600961
-0.7899938743473387 0.6147444009453696
-0.9939067010850308 0.1189557461338934
0.2702403611277548 0.9638314931654498
0.9564649978123624 0.29525532672552685
-1.000935738443557 -0.01134228841333002
-0.9872463768890314 -0.16536502447458656
-0.912468508758318 -0.4115850100822082
0.03999997322117835 -1.000200480974842
-0.8516384722193879 0.5260350868866323
0.35992856792479894 -0.9340516184834773
0.44716003001451643 0.8955718327177428
0.8973018209520586 0.4436783092693622
-0.4532591144598796 -0.8925005182962338
0.7342670590667711 -0.6803329228910171
0.9238649328888888 -0.3853240010409539
-0.20431307243411911 0.9799271240416454
0.06605723214275146 0.9988180225054205
-0.26847565355401065 -0.9643245425938027
-0.7187380695784215 0.6967184419395572
0.4288752991333908 0.9044705510923198
0.9820004518310929 0.19410335546695073
-0.12944812272462355 -0.9925946723225301
0.767079847242379 0.6431092504035443
0.12820983287377746 0.9927553770967338
-0.8234765608405521 0.5691110205805335
0.9786646596510171 0.2102771598394811
-0.9623803841840844 -0.27536338924718007
-0.983326369545875 -0.18727052879652256
-0.05399133347898313 0.999542863467676
0.32479117272796554 -0.9468430145055687
0.8547600368831619 0.5209474823314685
-0.9163399903758531 -0.4028920724437022
0.5632694526008609 -0.8274832468193701
-0.6324672968804453 0.7758776439469967
0.0940356865514113 0.9965732736004939
-0.7363129036516933 -0.6781182108718302
-0.9351733775244534 0.3570038570793125
-0.7557162950805961 -0.6564250767221325
-0.09910010082340974 -0.9960824112576179
-0.5654128474459044 -0.826020164368349
-0.5372823685248918 -0.8445878619020537
-0.9686131681192972 -0.2525658934731649
0.7253634990221228 0.6898179428562168
-0.9961000016779579 0.09892313509575239
-0.912220401046006 0.41213461382837524
0.5655636879875635 -0.8259168934159816
0.13713683631515008 -0.9915616411123777
-0.4901812061652751 0.872767658155569
0.028758773950375092 -1.0005867942966622
0.17975870810219108 0.9847272753719332
0.9633830268990629 -0.2718347723945551
-0.40367726623751476 0.9159943584558841
-0.21123251328216064 -0.9784589032414708
0.9928097316660378 0.12778824949583556
-0.46288890215636813 0.8875442886191496
-0.6553500494947005 0.756648737940726
0.5404187588195397 -0.842584455776362
0.5410400834186798 0.8421856256991733
0.9914576009261753 -0.13788700288900685
0.888124389408825 0.46177491155020733
-0.9286439326317877 -0.3736595327114885
-0.951271959678293 0.3115809023830249
-0.8405091535384278 0.54364083991006
0.7007188823293452 -0.7148384768233403
0.2908534489713441 -0.9578127537371142
0.9779111841378056 0.21375386765669238
0.6626558587506117 0.7502587639364764
