1000
-1.0005286070845953 0.030716549372600103
0.14266805982257258 -0.9907809166038992
-0.505386709437216 0.8640516616060773
-0.7417467410503373 -0.672170195814426
-0.43766692529368784 -0.9002492224400805
-0.12831061006851954 0.9927423569808252
-0.9853906995456101 0.17608568723497445
-0.5734378992550474 -0.8204693630465174
-0.9702184757976421 0.24632724011140172
-0.9645983491241249 0.2674902332179868
-0.22577717799378086 0.9752054480452642
-0.679723663073526 -0.7348310975033021
-0.6884292024497363 0.7266816587849317
-0.7607814180076776 -0.6505479490508191
-0.0048779088668621665 1.0009881148170974
-0.2092586653692086 -0.9788829403804612
0.7883280274275688 -0.6168791787474742
0.6309267341869553 -0.7771309130952024
-0.5880883461895312 0.8100327753097786
-0.998923934143598 0.06443581143336699
0.6589585290221006 -0.7535082328873584
0.3968436482920655 0.9189755811827883
0.3131858638890476 -0.9507447684105714
0.883621681167332 0.47033363112902943
0.18189145599704798 0.984335561805665
-0.6666529915664973 -0.7467093067823914
0.9998440846908413 0.04809164489528092
0.9955597710912736 -0.10421968232868004
0.7507712685534036 -0.6620751485403399
0.5983899228760022 0.8024528024752934
0.16230366856614598 -0.9877542807651966
-0.20020011150443853 -0.9807756702496296
0.8995021980066761 -0.43920017734645617
0.48285065657927984 -0.8768444807609604
-0.9793803296407235 0.20691826867830648
-0.6349232974618301 0.773869114476212
0.9521825896913984 -0.3087868453943306
0.8683262477474193 0.49800655364451524
-0.9238170846824244 -0.385438703361334
0.5180113131651859 0.8565426314159031
-0.9961142755459103 0.09877929972239242
-0.9933408711544267 0.12359172178655231
0.7659255347978392 -0.6444835724397047
-1.0006923490073387 -0.024815773978958875
-0.9621733349738427 0.276085989259349
-0.2746688513587191 0.9625788394169498
0.2329429846570324 0.973518652055046
-0.3188568819198883 0.9488578865416709
-0.003540228029701416 -1.0009937396335191
-0.5917003382853921 -0.8073981110164629
-0.1584026131202861 0.9883873796020795
0.9781002745995813 -0.21288694846848602
0.014329738589636935 1.0008974266087174
-0.9148438563711534 0.40627788330151127
0.528523356747142 -0.8500965012119113
-0.7727283894531192 -0.636311115833433
-0.8235108843447974 0.5690613529011171
0.6432832405174617 -0.7669339427025991
-0.25550758992424144 -0.9678413462397158
-0.2947859382656883 0.9566097692376018
-0.3034752891534276 0.9538887507845155
-0.9712365943574048 -0.24228181479638475
-0.7177330692891364 -0.6977537110247396
1.0009944481103554 0.0033338944561632873
-0.19567237490531364 0.9816890147592131
-0.9576365840274875 0.2914329647314539
-0.6964613383376593 0.7189872072581794
0.627664686653836 -0.7797679405616402
0.8942031463497706 -0.44989080125978426
-0.986658492935354 0.16883725394158688
0.7800236638307579 0.6273468608864164
-1.000428926884173 0.03380772475902375
0.2179889168807826 -0.9769758605600976
-0.28852068654973884 0.9585180297901899
-0.9980353120426292 -0.07698386789433131
0.686369718479438 -0.7286272089034673
0.09259064442392455 -0.9967085695252963
0.7980220691768952 0.6042861715335098
-1.0000851257440304 -0.042787162391854094
0.8222863913641865 0.5708293007346977
-0.5596651380797445 0.8299252576094913
-0.8797400566215074 -0.47755463852378915
0.6375210557322533 0.7717304603927677
0.06880273990405865 -0.9986326566769657
-0.43319355885822586 -0.9024102950231367
-0.9991883561814914 0.0601965852131909
-0.9508349217247788 -0.31291205094824004
-0.592680415583968 -0.806678947898862
-0.5583960808344034 0.8307796440144513
0.2991335757585593 0.9552591815072484
0.7258594865059372 -0.6892960219305905
-0.2642453742118126 -0.9654923004393453
0.035751864794430134 -1.000361336799719
-0.02434357769070457 -1.0007039473416783
-0.6991625461289237 -0.7163607569447957
-0.508372252993174 0.8622984705927782
-0.9606373428732574 0.2813838934221498
0.4338003880482095 0.9021187412581687
0.6576514616812118 -0.754649292684069
-0.4070850194800088 0.9144849845213211
-0.5883357077356175 0.8098531317487325
0.024078418082015562 1.0007103625838336
-0.9894389726181746 -0.15169548267595578
0.767308540736863 -0.6428363736692765
-0.2834689081338231 -0.9600241549676852
-0.09868827768962168 0.9961232975122387
-0.8182161667497259 -0.5766483369172104
0.1811299098614283 0.984475980282704
0.9951902435180614 -0.10769112872684448
0.42943883010183886 -0.9042031249673737
0.8416258752547676 -0.5419104041275147
-0.2133292249903851 -0.9780039068250196
-0.5449628246191662 -0.8396526185173842
0.5003600322823751 0.8669722245230124
-0.15732835070141776 0.9885589461764895
0.33694992410968344 0.9425846108665675
0.9056519725495948 -0.4263748405065992
-0.8339773134643184 0.5536089239046261
-0.26314901464190643 -0.9657916939449178
0.8891859463004196 0.45972747677491194
0.8916319081511309 0.4549654276610184
0.2621023281726938 -0.9660762752321648
-0.6881426723436493 -0.7269529988243676
0.24023633335950234 0.9717445673292864
0.6495846882667545 0.7616040524901264
-0.40762162951707054 -0.9142459226870242
-0.9920796794055753 -0.13333757801359258
-0.9669578581790499 0.258831026938009
-0.9604339804008835 0.282077239938488
0.0015378792707957123 -1.0009988186443322
0.4772187158999745 -0.8799223245234657
0.3676514188640199 -0.9310389004801426
0.5399588594198589 -0.8428792500317024
0.9397672134808577 0.3447297266938608
0.5378231481245385 0.8442436030799468
0.37670608217157703 0.9274122749106468
0.9104524693635376 -0.4160256014115435
0.647878329928119 0.7630561379148662
-0.9993830357348843 0.056873085772859655
0.7477928398233561 -0.6654373514531029
0.07742925034282293 0.9980008573099266
0.47126261777021894 -0.8831265736531545
1.0009995673324352 0.0009306988114883381
0.5817657930199354 0.814585515505822
0.48302633106844073 0.8767477194122384
-0.9580603298349342 0.2900369017841993
0.7207918305524182 -0.6945935048709382
-0.44911216238819884 0.894594469910806
0.9705690902592986 -0.2449421177201619
0.9315470882878717 0.3663618734289748
0.1616453472931293 0.9878622280958431
0.31836654567714295 0.949022519539765
-0.9501063220523605 0.31511740160793467
-0.8253787880747865 -0.5663487054776383
0.31596527261837015 -0.9498246925086751
-0.22633548201223908 -0.9750760224630115
-0.9890804123123783 0.1540160315680668
0.13349604781816568 -0.992058367847845
0.5494696063109544 -0.8367103153066088
-0.995943270046209 -0.10048881952567697
-0.9802601241767446 0.20270937064919664
0.5819133450030659 0.8144801157225036
-0.9664457406845839 0.260736706876163
0.2783376071534324 0.9615244024173809
0.7666112352790911 0.6436677822789222
-0.9938495111919812 -0.11943261323214886
0.9875978535947035 0.16325280878176154
-0.4547114331508805 0.8917614661790855
0.8326418494339517 0.5556154700610922
-0.6314060345868963 -0.7767415396946729
0.8121093946940845 0.5852173365935153
0.5265525169963013 -0.8513186517661055
-0.9899760551228872 -0.14814995876923523
0.012966721885647809 1.0009160125222996
-0.9780005402639443 -0.21334465834286315
-0.5908173363103157 -0.808044475951159
-0.7035160741705156 -0.7120857626604435
0.9636199841948415 0.2709935904414223
-0.9549431921283849 0.3001407999716978
0.9557214846566664 -0.2976532273731588
0.2722350250022852 0.9632699990978673
0.3175930961636662 0.949281636433138
0.11209553840092536 0.9947037701097784
-0.46151952550104863 0.8882571292037497
-0.950612833020231 -0.3135860993367695
-0.7623154410240232 0.6487496962437431
0.5706174435969568 0.822433421659695
0.02381708698765422 -1.0007166164141688
-0.4822548872086714 0.8771722885290847
-0.9750500857157183 -0.22644719107502856
-0.5311243622568623 0.8484738722065879
-0.33735339946412035 -0.9424402813282132
0.09562715361328283 0.9964218220672516
0.11699988296596502 0.9941388370775737
-0.932851798177766 -0.3630268896879521
-0.7739970213216236 0.6347673676121466
-0.7498321079684247 0.663138605315381
-0.4228516384825909 0.9073023155666409
-0.9963230536665638 -0.09665077719570263
-0.6787212532419513 0.7357570661554499
-0.8658261470092293 0.502340604724675
0.14578199523557178 0.9903275265613573
0.23286881856797556 0.97353639548748
0.78492978088562 -0.6211974235932185
0.1690252468463671 0.986626305106713
0.5921562300284158 0.8070638136098867
-1.0005128240452743 -0.03122641383428474
0.2112279660014233 0.9784598849104145
-0.968126867063042 0.25442360203153164
0.5868400360710215 -0.810937588266916
-0.651384876814199 -0.7600649592355583
0.5953666629379776 -0.8046984134830245
0.05265149627255768 -0.9996143356016163
0.5578982245426155 0.8311140541780035
0.359761863330565 0.9341158395471729
0.3410323904580533 0.9411152472776466
0.938043780504188 0.3493921376582634
-0.8121253996751433 -0.5851951257507949
0.6843260858124969 0.7305469240757552
-0.6953209570930814 0.7200901100745388
0.995274965101991 0.10690530314830286
-0.4714283536063261 -0.8830381120971103
0.40964722827636896 0.9133401055277757
-0.5970155249814736 -0.8034758633158158
0.9459507921477605 0.3273806635020225
0.9771222281529721 0.2173318919288446
-0.8638206604901053 0.5057814414452534
-0.9914725799505788 -0.1377792553548722
0.15437420494222104 -0.989024572418935
-0.18375275339787409 0.9839897995501276
0.8200601676894416 0.5740229275640173
-0.492778408648081 0.8713038734966492
0.9856937201272352 -0.17438144999320226
0.6503931293370411 0.760913777842911
-0.8383773445163291 -0.546922689419399
-0.8516327194309875 -0.5260444004022672
-0.5874368543204869 -0.8105053622191842
0.7363422744951557 -0.6780863180977041
0.8842064118402536 -0.46923344004938927
-0.12972506658390626 -0.992558515705649
0.7560308046701217 0.6560628189356933
-0.9925808161969963 0.12955432573906864
-0.8383498450590433 -0.546964840999381
-0.8986281789735815 -0.44098570946757976
0.7724334602939332 -0.636669105123172
0.9928190782981402 0.12771561285618693
0.5952343369738852 0.8047962997474948
-0.24342962168324164 -0.970949545180981
0.1846194068691369 -0.9838275634516895
0.8521656983033263 -0.5251805619358014
0.9497145594805937 0.31629615158990104
0.6793162800958295 0.7352077200334369
0.1710786448098664 0.9862723241022326
0.6601446421913039 -0.752469302620456
0.9256214099254758 0.38108529949025094
0.964312725239696 0.2685180961141921
-0.6513760671773932 0.7600725091124612
0.87025793958981 0.4946232086961737
-0.8872604383831775 -0.46343275076335716
-0.24422242785731357 -0.9707504343194904
-0.6672220959468397 -0.7462008273114592
0.6478687684214816 -0.7630642560781055
-0.3697564318550269 -0.9302049135012344
0.7712565669182201 0.6380942782892831
-0.7991605713339974 0.6027797120218288
0.9951939929071023 0.10765647440641196
-0.35193770068316177 -0.9370917003355911
0.9963248403260101 0.09663235767252315
-0.9710854266928686 -0.24288699855020945
-0.8799346198973922 -0.47719604431096463
0.8750638895818483 -0.48607014838383844
-0.24453833250465126 0.9706709040327957
0.9827608345232757 -0.19021604066722353
0.11306309158786361 0.9945942576350391
0.7490489587517508 0.6640230849849407
0.87965878011701 -0.4777043338332338
0.7832180763204208 -0.6233541889848334
-0.14541157963911505 0.9903819831291648
0.397563217857099 0.9186645131967975
-0.9912820867109937 -0.13914318009122076
0.4357650509155998 -0.90117136017548
0.5463462497385101 -0.8387531075332392
0.8469975350925177 0.5334755622774103
0.8672123558426116 0.4999437267072242
1.0006995632378275 0.024523134702180715
-0.4921805389282274 -0.8716417366672614
-0.9872349892345291 0.16543299559368174
0.7854514516010828 0.6205376839304378
0.9700419979204188 0.2470212992245043
-0.9987807900839153 0.06661781563028087
0.423110590969275 -0.9071815848051761
0.20941244720971838 -0.9788500533552812
0.9990630501144866 -0.06224164117324364
-0.9931978005305805 0.12473623780288264
-0.9775196179031571 -0.21553745988682743
0.556515952637211 -0.8320402601198439
0.1997475332382075 -0.9808679436933655
0.9805307581784591 -0.20139620717872517
0.5479061694649742 0.8377349398599888
0.3756742837997848 0.9278307132723721
0.2822140687546195 0.9603937835059965
0.7502592997243812 -0.6626552521312128
0.4252106242088475 0.9061991641244889
-0.7454708696758913 0.6680375606690618
-0.49476564735291967 -0.870176967173601
0.27753019070079543 -0.9617577622507552
0.2898579678356919 0.9581144808853287
0.6196931726395591 -0.786117912137815
-0.27866168716654854 0.9614305300464994
-0.9152188712900926 -0.4054323835542603
0.9189023991184642 0.3970130739589452
-0.14650309680877568 -0.9902211079478354
-0.02093395664856551 1.0007810796867793
0.2162222148040477 0.9773683818424005
-0.4779550912180909 -0.8795225584251415
0.18550405007223217 -0.9836611446055998
0.08249700350134337 -0.9975947295436657
-0.03274727096083669 -1.0004642003813118
-0.05846448853186218 0.9992912005920536
-0.7727652073778642 0.6362664019624534
-0.9971704925347351 -0.0874757613172573
-0.5428099296464972 -0.8410460036627989
0.7237819889982132 -0.6914771380181636
-0.7230746056377636 -0.6922168119034617
0.4068237998312402 -0.9146012223318264
0.6865889470866473 0.7284206324222626
-0.8992451243271379 0.43972628574360934
-0.5893508967903072 -0.8091146522294974
0.22622656735379748 0.9751012974164878
0.9335768567857845 -0.36115820975574514
-0.8022272087880506 -0.5986923295651394
-0.671841392073574 0.7420445700203204
-0.9177624263166985 0.39964125017481206
-0.999875367739021 0.04743678940187173
0.9915332403751173 -0.13734203009719861
-0.8455253526256818 0.5358058212330438
-0.9342266062623154 -0.3594741272353225
0.21866862404914728 0.9768239518236911
-0.8748164931545687 0.48651526523300626
0.7976429439581441 0.6047865193221365
0.41083822922204954 0.9128049898032388
0.5335512427787668 0.8469498635274897
-0.7640185417982316 -0.6467431234953362
-0.5124941264075965 0.8598550868592418
0.9407990184083317 -0.3419037978173387
1.0006925458390743 -0.024807835498327983
0.8144229566251041 -0.5819933399292675
0.7309221879325349 -0.6839252555564213
0.2191229310345942 0.9767221411920631
0.09832709391137248 -0.9961590147175019
-0.25990264381984785 0.966670375948003
0.6884824539887181 -0.7266312066995696
0.2831950123800122 0.9601049864275701
-0.9491233494556867 0.31806582261855537
0.8380843852501018 0.5473715038252895
0.6442608399468697 0.7661128964525751
-0.9965095085452322 0.09470902480196787
0.8237880245252912 0.5686600835725312
0.5780531026081995 0.8172243330720362
0.7773404239505519 -0.6306685859406479
-0.783456729768519 -0.6230542131953027
-0.07853332305015286 0.9979145841056238
-0.7913716400284884 0.6129697605580725
-0.9484133898654131 0.32017657928711113
0.3266994413988093 -0.946186279222916
-0.9888499935925614 -0.1554885531863721
0.7411318967891947 -0.6728480597888727
-0.8862869182353831 0.46529184235792
0.6320834801603241 -0.7761903594534096
-0.8421974592587829 -0.5410216627992365
0.8264994631860012 -0.564711995049912
-0.32753140728221036 0.9458986083316409
-0.985492092763614 -0.17551733561216182
-0.9982863653895478 -0.07365685763950489
0.6268968291035281 -0.780385395596267
0.040868003185078945 -1.000165389480992
-0.7763703456218185 -0.6318623951771921
-0.4052647012505218 -0.9152931344221508
0.510133910978366 -0.8612574486585974
-0.7883679517725681 -0.6168281548518402
0.9654355701404387 -0.26445256646061527
-0.9389397218145945 -0.34697723095144434
0.969371956267637 0.24963775836570595
-0.9365133746855949 -0.3534737600374297
-0.9024370790765485 -0.4331377590418404
0.9646393588062208 -0.2673423038763661
0.10605495824700306 -0.995365935639364
0.5512872352847078 -0.8355138444168015
0.8213941590918895 0.5721124324900899
0.9631811565116141 -0.27254918774589965
0.9189359045858839 0.3969355152451381
-0.994388463592718 0.11485897210803196
-0.002823301832912934 1.0009960184569968
0.618136288251306 0.7873427012088817
0.8142108028644234 0.5822901068186468
0.9905145062561482 -0.144506099857892
0.964249306023215 -0.26874574570353327
-0.9938610225341479 0.11933678346334846
-0.6604154941867347 0.7522315966762436
-0.9934061476637556 0.12306594079539893
-0.2531895147167065 -0.9684503444356446
0.9998534341284514 -0.047896871103889974
0.2623025278943364 -0.9660219375667619
-0.7387353226476786 -0.6754784401242057
-0.14270728628662666 -0.990775267374346
0.7616119530952449 0.6495754251066204
-0.2568249286357217 0.9674926129078487
0.9345447372424306 -0.35864625202625
-0.036420646648547834 -1.0003372113930888
-0.9487619527138503 0.31914222077719767
0.14891916300202165 0.989860638115678
0.5943937634917351 -0.8054173166266858
0.3522552582626405 0.9369723758074837
-0.9772077725186357 -0.21694692744808944
-0.9963537868312216 0.0963334389871175
0.9387810365951013 0.3474063403702172
-0.483023616720914 0.8767492148213465
0.9410706666329196 -0.3411553904060031
-0.08206479146706502 0.9976303774452074
-0.9284219974490224 0.37421062872768246
0.46582710309766345 0.8860057054103201
1.0009738694293842 -0.007232753249354702
0.7410661481210586 0.6729204738370034
-0.5983623178042752 0.8024733868683095
0.9082335179553913 -0.4208478072443457
-0.8597401935971629 -0.5126868435151352
0.3751485528770796 0.9280434059214219
-0.7790183500373398 0.6285947902306389
-0.0817594283155307 -0.9976554494821935
-0.9936914518515618 -0.12074062496581334
0.5478916787378597 -0.837744417092594
0.7283354412536988 0.6866793174501324
0.8851727896791026 -0.4674078865527573
0.2600899077549676 0.9666200080093585
-0.7176163759622279 0.6978737256487296
-0.9784331547517917 0.21135174870924625
0.4114604556541946 0.9125246809992826
-0.3943692045941717 0.9200401787246905
0.7987273884937881 -0.6033535935667353
-0.7721452396630766 0.6370186252109511
-0.19873225096364167 -0.9810741523589969
0.9751677115961666 -0.22594011211003576
0.7920756946950429 0.612059714303568
0.9103302912134408 0.4162928787515493
-0.9090016890125157 -0.41918603193855813
0.8912713282960524 0.45567139405210694
-0.3093722411278599 -0.9519925506113613
-0.9159995601167564 0.40366546281036836
0.297851568337238 -0.9556596900775127
0.930922579432384 -0.3679458534933594
-0.9495339742170135 0.3168378635953158
0.36863510558840534 -0.9306498583934911
0.7894317924611846 0.6154660389099639
0.6775669154527681 -0.736820246114221
-0.6896684842985854 -0.7255056042273498
-0.7813641111253149 -0.6256765345171149
-0.8686761144825828 0.4973960274544246
0.9382469661513204 0.34884614159804467
0.0806369147796208 0.9977468055447856
0.8665905365332809 0.5010207999584052
-0.7907690163233174 0.6137469859991599
0.5841422205420882 -0.8128830581210057
-0.31259490358787356 -0.9509392337320445
-0.8710978491237567 0.4931425121118285
0.9771144102222825 -0.21736703829228793
0.9938197085597432 0.11968035293324833
-0.9871696465741202 0.16582246193663402
-0.3778052413252371 0.9269650476836649
0.9397667851289226 -0.3447308944212125
-0.9994389113606652 -0.05588257741200253
0.983160846901655 0.18813758029596517
0.055055057216161024 0.9994848376413348
-0.8479581496114544 -0.5319473437357483
-0.4766122925958044 -0.8802509429398934
0.40817599591756265 -0.9139985538044936
0.4664367545279369 0.8856849067390983
0.05685697301784036 -0.9993839525523954
-0.8554448174514078 -0.5198222429788165
0.9111527038448833 -0.4144897468890615
-0.7754765902093638 -0.6329589702636803
0.19982360808604835 -0.9808524484607628
0.37006800128063033 -0.9300810042292873
0.9445163462594776 -0.33149641272364716
0.6055279041930222 -0.7970802702636707
-0.9742634000277784 -0.22980824042299464
0.1544966830635969 -0.9890054473673775
-0.9550783692164142 -0.2997103746200902
0.9962109884489019 -0.09779911294925875
-0.09175477007957955 0.9967858657543471
-0.7731024615871366 -0.6358565749348748
0.2791092788055908 0.9613006868220906
0.5232914733801006 -0.8533270380620102
0.9779585800578674 0.2135369188014096
-0.9702961898102782 0.24602094227861307
0.9939491825565211 -0.11860026347029588
-0.9839061091080238 -0.18420034869649266
-0.8762075201668892 0.48400555947529195
-0.6276903429585756 -0.7797472881367051
0.9334412822833685 0.36150846812928267
-0.6299581391265445 -0.7779162827375585
0.9301018965340931 0.3700154889510482
-0.9803666107326504 -0.20219374016169708
0.527429443348486 -0.8507756356931634
-0.9563364136688149 -0.2956715473140241
-0.7414851181076164 -0.6724587865623692
0.040719260152022645 1.000171456227717
-0.6148413334857091 -0.7899184354333776
0.6448787892655491 -0.7655928076695859
-0.9758827034744424 0.22283166081015843
0.9470661638681696 0.3241399100018839
0.7276243745616517 0.6874327381960835
0.7969901293815472 0.6056465418611622
0.6567808486427053 0.7554071199400809
-0.8939921460391351 0.4503099408411298
-0.696464051415241 -0.7189845791713954
0.8672656601147134 0.49985125266001923
-0.8096969912580142 -0.5885505775612824
-0.7585943184630549 0.653096975950412
0.7287122076173685 0.6862794754831454
-0.9973448596413486 -0.08546479361104627
1.0008089649546683 0.01955545106524697
-0.14620107308864766 -0.9902657452561549
-0.9965327166743024 -0.09446451501878637
-0.4014195598085391 0.9169860069832684
-0.9074144707822215 0.42261090640803495
0.9207642620484224 -0.39267565971730933
-0.992793969717393 0.1279106473002937
-0.9830519733352543 -0.18870563775802396
-0.37452629881801114 0.9282947007786276
0.9940964852663522 0.11735918362482452
0.9006143835064425 0.43691501716158776
0.16782525529344114 0.9868311323046569
-0.4839482988323656 -0.8762391477543441
0.1095333913142181 -0.994989163854163
0.03657949321098448 -1.0003314154201233
0.8458065743433322 -0.5353617830940096
-0.3697309856449011 0.9302150279661419
-0.24744744928663995 -0.9699333790738082
0.9932647757722615 0.12420179229817493
-0.7923530471591375 -0.6117006201219922
-0.20247870529456508 0.9803077954919244
1.0008583395461415 -0.016839957272527732
-0.48914730320310323 -0.8733475343579619
0.9994827622712479 -0.05509272114023888
-0.5381776676977008 0.8440176526539377
0.9013228879954785 -0.4354515490562525
-0.9716689161392342 -0.24054213229454371
0.9092162747813691 0.41872039080117623
-0.10042658878526797 0.9959495470479188
-0.42863169077420493 0.9045860233631993
0.046336684788751165 -0.999926953153473
1.0009868725041013 -0.005126507042599668
-0.6278685860177223 0.7796037703167591
0.8642245075130639 -0.5050910815029327
-0.8194523147097611 0.5748903407753645
0.2159137958533689 -0.9774365620132028
-0.6449788834908321 0.7655084845061612
-0.8486648737706578 0.5308191142261491
0.6329626955533249 0.7754735495410975
-0.1311650838887752 0.9923692461823123
-0.8756334444548268 0.48504337017649835
-0.9726815300608633 -0.2364141304542894
0.3580289597785637 -0.9347813990232581
0.9794551630409847 0.20656375188391135
0.5718411773380341 0.8215830255675023
0.5331291789043556 -0.8472156033742341
0.9524634209798775 -0.3079195214586251
0.2721716575138053 0.963287905481112
-0.42283283084310586 0.9073110807001121
0.9467088838067876 0.3251819326489499
0.28928937206898186 -0.958286313795587
-0.5942027701146715 0.8055582337659091
0.9208459744346394 -0.39248400141600576
-0.19114812897883673 -0.9825799676300602
-0.8962020444641847 -0.4458956105393004
-1.0000800208916616 -0.04290631437601779
0.6984771195523883 -0.7170290882954461
-0.06509526372194885 0.998881177438523
0.5138405506702748 -0.8590511559196394
-0.5656268005375228 0.8258736722487802
-0.3446659125642643 0.9397906196149454
-0.3989293927045368 0.9180720775823592
-0.36077448567270853 0.9337252114447765
-0.5873362270199494 -0.8105782851951874
0.11915841490654401 -0.9938824237086396
0.8563534356600361 -0.5183240233996999
-0.36484273047868765 0.9321431124118527
-0.7012010452658585 0.714365518567398
0.08018477723745496 0.9977832437455441
0.9914367329280994 0.13803696823987593
0.9263288370087633 -0.3793624727434065
-0.5242979092341847 0.8527090373466569
-0.36649722660469036 -0.9314938447950529
-0.7276450873507696 -0.6874108137455294
-1.0009084559863939 -0.013537456737992564
-0.4669324279537119 -0.8854236882562222
-0.9998206052036244 -0.04857733432639514
-0.8157530038953837 0.5801276037525347
-0.8421912833452375 -0.5410312765980371
0.9933192462724062 -0.12376540302046807
0.9440317514659071 -0.33287392842367797
-0.33516836837371855 -0.9432195740344341
-0.3188524224572443 -0.94885938510042
-0.3622119379325415 -0.9331685335560521
-0.28295061995302007 -0.9601770392319333
-1.0002709983679345 0.03819593988915128
0.9855381604093701 -0.17525847875898787
0.9685407983450856 -0.25284327545154206
0.32018095460746065 0.9484119127819174
0.957987910206955 0.29027601329994723
-0.3804775847608862 0.9258713774032129
0.9354471576893003 0.3562858615929202
0.7921981507747615 0.6119012092724186
-0.9880243343618346 -0.16065153192190115
-0.994782126659903 0.1113980272626076
0.5072275783929776 0.862972296031336
-0.6804631900247867 -0.7341463389687992
0.5612598279139919 0.8288476371263637
0.23001823188034012 0.9742138435695944
0.7876137382337353 0.6177909026082216
0.9990394476146799 -0.06261934293615143
-0.9489534493150809 -0.3185723638877206
0.9978520698149171 -0.0793236835130959
0.7408240731303903 -0.6731869670979215
0.504638513634046 0.8644888492960571
-0.016221197519777297 1.0008685591779893
-0.739483639847044 -0.6746591334878431
-0.7045236695654991 0.7110888826454563
-0.8001719254215889 0.6014365218101634
0.6596343920493236 0.7529166413526264
-0.5552144627151946 0.8329092990187333
0.45338606989963737 -0.8924360322291796
-0.12159519957115512 0.993587241987965
0.6641934625806332 0.748897886407185
0.9658391657472164 0.2629747248476951
0.7011495569674315 0.7144160543859401
0.0459082549835669 0.9999467146425172
-0.09369015555899124 0.9966058171370122
0.1996919980332777 0.9808792514481471
0.3403253692051614 0.9413711505433818
-0.814813979141661 -0.5814457665125208
1.0009530054298759 0.009699531993806765
-0.7843767492730016 0.6218955822321933
-0.908241909244547 0.42082969749272703
0.3347153354094378 0.9433804345234998
-0.771673247440638 0.6375903066895071
-0.000953817219406245 1.000999545570682
0.9227561119207526 0.38797185195951467
0.8359169904250854 -0.5506757531603036
0.022905940180217244 -1.000737886713829
0.9364897707922962 -0.3535362912084028
0.09877076002701812 0.996115122344644
-0.9213510335937698 -0.39129691143132234
0.6436023043718495 -0.7666662075553122
-0.5039520824833055 -0.8648891828209783
0.8468439884095842 -0.5337192701173044
0.17077317032121128 0.9863252629322857
-0.9901368842447625 -0.14707124279774691
-0.41816127336176573 0.9094735562183579
-0.308552021948764 -0.9522587094646756
0.03644343801031831 1.0003363813367923
-0.9953364268160212 0.10633154495781193
0.21762439672780184 0.9770571231759484
-0.4808344179050498 -0.8779517427273049
0.808456512448078 0.5902533926037958
0.07813496873220684 0.9979458535718344
-0.5054347378489954 0.8640235678356912
-0.9245159911041805 0.3837592763603961
0.9598115293773083 0.28418801536024063
0.9112896140840653 -0.41418865177901165
-0.910981346786636 -0.41486622639931403
-0.23173943643916187 -0.9738058500537259
-0.6439017963910535 -0.7664146897107168
0.435847205971135 0.9011316291459062
0.8561480302638717 -0.5186632339729632
-0.9453033533434525 -0.32924545578887465
0.6266623549688801 -0.7805736947046431
-0.7201049319653805 -0.6953056068802659
0.18448826250577102 -0.9838521641982608
-0.6285488025798293 -0.7790554555199923
0.12224801847241007 -0.9935071323244586
0.8682026095330398 0.498222067756959
-0.4165436750020319 -0.9102155606315471
0.6161177610546719 -0.7889232564153362
0.7833015429128892 -0.6232493023423991
0.8537134534324918 0.5226608263763111
0.6037175093551216 -0.7984523585650234
0.812784224666847 -0.5842797310644213
0.726737315409225 -0.6883704485172156
-0.9237114721270654 -0.3856917373510219
0.7922879575392118 -0.6117849232682545
0.8744482776477763 0.4871767746094199
0.16962555922024442 0.986523273754461
-0.23731479028488622 -0.9724621793735942
-0.0692106621274993 0.998604468369671
-0.9965640472893558 0.09413341410072511
0.9800414598478707 0.2037639246266483
0.4772015954235327 0.8799316094590732
-0.15597602179545803 0.9887732200180498
-0.1319388053033187 -0.9922666736594216
0.9451786420006802 -0.3296032989909988
-0.80352965134824 0.5969431291205017
0.015858772297431285 -1.000874367411424
-0.17386773773285882 -0.9857844641581941
1.0009985374007218 0.0017111755069936158
-0.3705983532264507 0.9298698084064473
-0.9982610975294895 -0.07399852133130021
0.6219311693112567 -0.7843485326301906
-0.650905238235537 0.7604757529583299
-0.7097570153190418 0.7058654115377843
-0.9470561301775763 0.3241692247778522
-0.3817579430281648 0.9253441916038078
0.8917381373300195 -0.45475718183574326
-0.6183763061868371 0.7871542059512374
0.07799224832378782 0.9979570177123865
-0.9313143129872636 -0.3669531992299032
0.7352992847616472 0.6792171683850534
0.9944281627659969 0.11451475493509129
0.754892116252885 0.657372719862363
0.6495568828623082 0.7616277673025069
-0.39993880550127525 0.9176327979394662
-0.9699492193641304 0.24738535093031275
0.9048293008782141 0.42811789996710287
-0.3311180803904212 0.9446490442691203
-0.908655806315123 -0.41993526364168765
0.397053841003278 0.918884784586481
0.10596052250661338 -0.9953759931152275
0.26041555228354796 -0.9665323275135989
0.029169153247377778 1.000574914985795
-0.20082602104942468 -0.9806476988549231
-0.9994231851198688 -0.056163128873455266
0.47471835943078583 0.8812737822148934
0.9886817235669102 0.156554940786817
-0.6027455509481324 0.7991863367276949
0.7884473956113297 -0.6167266042207936
0.6060507523555908 -0.7966828011004269
-1.0005467452497832 0.03011993642200571
-0.6365636241829932 0.7725203896124768
-0.873099039610137 0.48959071379250685
-0.7586952037334097 -0.6529797759746621
-0.9054010854975508 0.42690733699464195
-0.979753896154145 0.20514215308115702
0.015586750474786486 -1.0008786406001662
-0.7999154567691813 0.6017775851772413
0.9822801062229642 0.19268314124126748
0.914266788600969 0.4075748265794529
0.852998071382122 0.5238275386216156
0.9280892717902185 -0.3750350698106806
-0.018452197795158522 -1.00082991381979
-0.6821380427300091 0.7325903976032393
0.9665174105004102 0.26047091046714166
-0.9920744874846069 0.133376202083259
0.9996391532249267 0.05217818835252589
-0.9978830150494482 -0.07893344206242918
0.9984603033821472 -0.07126024536886295
-0.16121462043425536 -0.9879326121544115
0.7255941405284934 0.6895753354280568
-0.6997149481186284 -0.7158212007054172
0.9515547673124559 0.3107161482847937
-0.9121028929575681 -0.4123946079405441
0.8892931268998363 -0.4595201132145486
0.9968531640481951 0.09102070823225987
-0.9671916960261175 -0.2579558550181062
-0.976458310265899 0.22029563843314104
-0.9047493198296068 0.4282868994819522
0.8494848936599202 -0.5295058219166188
-0.01611048978204979 1.0008703473072735
0.5775451252222181 -0.817583407568948
0.8528149255321298 0.5241256555346512
0.14630870632008602 0.9902498485003381
0.8755800843803399 -0.48513968693203924
-0.6693029084961672 0.744335016426455
0.7515922406496341 0.6611430282437095
-0.11456075296965955 -0.9944228647205496
0.9168954368035923 0.4016263910262243
0.7802616391141156 -0.6270508548171779
0.2640570599341985 -0.9655438203928951
-0.5712165685775993 -0.8220174157415601
-0.8153138453707278 -0.5807446371227176
0.7865843800837763 -0.6191009715775136
-0.4889375877807189 -0.8734649593745428
-0.9218710216088675 0.3900702751015809
0.9564688623807858 -0.2952428073569371
-0.9718494409455336 0.23981172643107718
-0.012700367196007074 1.0009194276629296
0.9910508943004954 -0.14078041378753006
0.4100193738939703 0.9131731013513246
-0.8155433555803483 -0.5804222903789494
0.988939824058637 -0.15491618505137603
-0.36450996787564727 -0.9322732878932521
-0.6765732497653643 -0.737732768488654
0.35517293842947695 -0.9358702815066685
0.605191813861614 0.7973354804816412
0.9932239609074771 -0.12452776188168813
0.0333164097343325 -1.0004454092265176
0.9908815084383645 0.14196772955468204
1.000551188870183 0.029971961071364902
0.25165847355248044 -0.9688493240381786
-0.47136041426359815 0.8830743795769692
0.8963486006432257 -0.4456009269794341
-1.0008855747246124 0.015134936675857687
0.5506976632288602 -0.8359025563510813
0.338036276877059 -0.9421955611841399
-0.7439805215808526 -0.6696969340741247
-0.9621575488658839 -0.27614099869522135
-0.8336514543742628 -0.554099497039725
-0.8577531045605816 -0.5160044686014685
-0.9991769779393462 -0.060385153440190104
0.991994901500142 0.1339668443971253
0.5841960132865999 0.8128443996608715
0.3683911032853712 -0.9307464719353961
0.6732932069521904 0.7407275190459951
-0.535759096374348 -0.8455549601605693
0.6326298783083358 0.7757450851095223
-0.501072392090695 -0.8665607064046401
-0.9974879431243276 -0.0837782986315558
0.7240896686685994 0.6911549404637126
-0.9989644574330088 0.06380448875725385
0.044135722107939764 -1.0000265186653856
-0.7160575792255395 -0.6994730468242935
-0.3742550954289232 -0.9284040734214212
-0.9959862095483506 -0.10006233252082926
0.2946496189936654 -0.9566517663323932
0.5183519778761989 0.8563365150639278
-0.8071998347110779 0.5919707989777946
0.3413695705053395 0.9409929948373686
0.44282595501858774 -0.8977227709944066
0.3921449175807662 0.9209904253658526
0.5917701809176639 -0.8073469223182036
0.9268122326523842 0.37817996431051554
-0.3566805267166541 0.9352967453493731
-0.9912515606823918 -0.13936048021129385
-0.936764081349505 -0.35280880926277636
-0.2101784204413124 0.9786858697155052
-0.9942037173698804 0.1164472772026498
0.9342861560045865 0.3593193269199048
-0.7185926707990885 -0.6968684047033792
-0.9479367370717603 -0.32158504708668334
0.41024306372362523 -0.9130726305539191
-0.09900362601006175 0.9960920048052087
-0.7842924529557037 -0.6220018876472365
0.9998919843273759 -0.047085238428434914
0.6556112630142324 0.7564224162522439
-0.9072454825801451 -0.4229735622209971
-0.3023201780538064 -0.9542554741480475
0.7626244467245457 0.648386422789744
-0.2311791674938907 -0.97393900862263
0.9028559193035146 0.4322640269310014
-0.2658881117807458 0.9650411970551669
-0.9961941187543922 -0.09797080054363073
0.7931348901874065 -0.6106865365860055
0.9973224636510132 -0.08572574582395667
-0.4624789955487641 -0.8877579505001385
0.8780414042394064 0.4806706694206455
-0.570242499735945 -0.822693437128862
0.5430659916192017 -0.8408806863917457
-0.5456053119019036 -0.8392352731054781
-0.05931561048366795 0.9992410411672199
0.3708723070704426 0.929760577701726
0.9383704287803744 -0.3485138998526982
-0.9804589108640888 0.2017456916694995
0.9443614739772911 0.3319373532271385
0.9736352230549868 0.23245526973305197
0.941033283154989 0.3412584943917768
0.70743195610992 0.7081956138486684
0.9983720502656069 -0.07248620040013369
0.8247425109127985 -0.5672748810702378
0.20525292361582093 -0.9797306963381099
0.7041554877169781 0.711453476425595
0.759642259867961 0.6518777776720857
-0.6983712244177279 -0.7171322283270243
0.5109080010059182 -0.860798474968524
0.21339942036645992 0.9779885926672452
-0.6568969687947592 0.7553061448103393
-0.0871277778636689 0.9972009578437734
0.32843809785039524 -0.9455841664708722
-0.3734566071606603 -0.9287255582614534
0.9073704072158554 0.42270550517935385
0.9839889698163189 0.1837571965388553
-0.24191599100613237 -0.9713277785050323
0.9289893126630816 -0.37280002274379653
0.7211294925628363 -0.6942429365546805
0.8642381820397438 -0.5050676832907038
0.5658593497174137 0.8257143551721658
0.17501695531364206 0.9855810800501106
0.8841635515650367 -0.46931419548517883
0.8415510146086403 -0.5420266504621042
0.5169289397264495 -0.8571962851490251
0.17203590478557904 -0.9861057993261205
0.6415513734959534 -0.7683832605968559
0.9684440267528587 0.25321367863270805
-0.2238362847979088 0.9756527648748141
0.9457249808013415 -0.3280324079847939
0.9941434962176047 -0.11696028782555826
1.000717212446229 -0.023792030469233002
0.8815787928171235 0.47415169730277584
-0.7142175355350164 -0.701351774742381
0.38955305432493076 0.9220897016375997
0.08153133945924526 -0.9976741154735755
-0.9659723044063211 0.2624852512426969
-0.9923271248507666 -0.1314833726575769
-0.9747429580289796 0.22776559391820997
-0.028104490974873855 -1.0006053855476909
-0.3324358863157147 0.9441860947342346
0.980997369392072 -0.19911092698753263
-0.6948001465040635 -0.7205926424950035
0.618650819646076 -0.7869384749465731
0.8856565778485853 0.46649054236236415
0.6311242587104493 0.776970507849034
-0.901868520138432 0.4343203568603648
-0.08079742317177747 -0.9977338204194547
-0.9792418719750234 -0.20757253231304912
-0.4610691536528816 0.8884909878832848
-0.013179359594257832 1.00091323524104
1.0007567251254201 0.022067558003650938
0.8292327883823493 -0.5606906300908139
-0.20384932369412812 0.9800237003406839
0.34258481969843174 0.9405512433207417
-0.5071300733704728 -0.8630295989612748
-0.9810945310945197 0.19863162149170632
0.5704643574180837 -0.8225396141922726
-0.9152333201972481 -0.4053997651710243
-0.0732136812012463 0.9983189655039928
0.14985591373862742 -0.9897192557071733
-0.7250104062892482 0.6901890398813207
0.9806932035928191 -0.20060368996320438
0.5255990034297265 -0.8519076755104853
0.9725859138252482 0.236807179428131
0.6207472002059067 0.7852858800694993
-0.772440467191801 0.6366606039676965
-0.7575206514243785 -0.6543420074132374
-0.50605730227284 0.863659080202562
0.9332252560396924 0.3620657695635568
0.13984121090454688 0.9911838556659153
-0.7480161050514692 0.6651863698119719
0.8866567330449439 -0.46458673866789085
-0.8117908213688455 -0.5856591690917979
0.9414293335153304 -0.34016438672630145
0.9888333638742025 -0.15559427524568195
0.960811204558509 -0.28078965293405483
0.7266366010280311 -0.6884767607163149
-0.9438505129913555 -0.3333874759584636
0.9430736596457463 0.33557871279683277
0.9983839905016161 0.0723215563305227
-0.2913126198955783 -0.9576731997344262
-0.7605390500345729 -0.6508312787293719
-0.9959486694050763 -0.10043529215498902
-0.2084421185832523 0.9790571399058
0.8985179879513894 -0.44121018271090134
0.3332736779951466 -0.9438907010642638
0.7412193696640172 0.6727516971623907
0.5591304646431174 0.8302855674453047
0.9156136631038304 -0.40454001030501957
-0.9450252004513054 -0.33004298282491934
0.446111346267583 0.8960946750937229
-0.7337737318086575 0.6808649723018482
-0.3035224301063361 -0.953873751825861
0.2369054950139288 -0.9725619704842491
1.00089678937157 -0.01437417913076758
-0.6069285402779878 0.7960142881858534
0.0033869660851435523 1.0009942699440082
0.9646977815030334 0.2671314102892533
0.23545244226011117 -0.9729147688434733
0.7028498854229558 0.712743318846931
-0.9909002082210102 0.1418371508017506
-0.7558429642663491 0.6562792190592801
0.3897386007053512 0.9220112922954007
0.6792227916826287 0.7352940903195512
0.6009627719607151 -0.8005277925951688
0.5274535019060391 -0.8507607203715132
-0.7842764261754396 0.622022095544427
0.214141426802307 -0.9778263901772503
0.720580811409974 -0.6948124165756852
-0.02019327148317098 1.0007962988474761
-0.9178035736777805 -0.3995467433784121
0.6598920800232065 0.7526908015398128
-0.9858240307152104 -0.17364325631712846
0.7630410828053503 -0.6478960610709394
0.017605753643944653 1.0008451615702745
0.7978207888240566 0.6045518910070169
0.7334309779048702 0.6812341746048167
-0.41656870650683103 -0.9102041050002058
-0.9229582968263007 -0.38749062223426034
-0.21491408990826907 -0.9776568590046819
0.6606809433617714 0.7519984648113318
0.2611672947771626 -0.9663294697662794
0.9906966371751951 -0.14325213118749655
0.019113001896042377 -1.000817512415986
-0.8265563769527985 0.5646286883595832
0.9902766140735647 0.14612743622946495
-0.6749162548187257 -0.7392489763141137
0.03392488615050431 -1.0004249607540163
-0.7892214887764859 -0.6157356913915476
-0.679476922615926 -0.7350592572251513
-0.2992729146186721 0.9552155372352593
0.47179228985517535 -0.8828437207304644
-0.8940640752108645 0.450167112767405
0.3092781884738725 0.9520231100841616
-0.43011547639114356 -0.9038814507272619
-0.26925339858751723 -0.9641076741469655
