1000
0.45470920935036446 -0.8917626000971147
0.760799600277682 0.6505266852461314
-0.8642941504104733 -0.5049719017591355
-0.17693451864245632 -0.9852386391695984
0.41880803428670677 -0.9091759073011694
-0.9976172775136349 -0.08222388707841007
0.735676122786816 0.6788089881265256
0.5510064705578166 -0.8356990303951645
-0.7352595556289074 -0.6792601753793472
0.07556327334393223 0.998143873257533
0.0037488646517147206 -1.0009929800022692
0.9224425308887134 -0.38871683422206593
-0.2537996574049395 -0.9682906247099242
-0.8800801101295398 0.4769276672141983
0.4807513113192756 0.8779972532216698
0.899076552395953 0.44007084990011236
-0.8381837850425685 0.5472192819078229
-0.875546446109627 0.4852003923172385
0.49026539274334957 0.8727203702665643
-0.11100806760791465 -0.9948257178651729
-0.7963337824756307 -0.6065092801334987
0.1800785668743899 -0.9846688325282088
-0.05277490062439781 0.9996078280326165
-0.8866179525484251 0.46466074314368155
-0.2684359877387391 0.9643355849945223
0.7088417717588625 0.7067845093164936
-0.08404672036365082 -0.9974653622036779
-0.674887049036776 0.7392756394217466
-0.5514857240278292 -0.8353828440861716
-0.19625674562700968 0.9815723558637413
-0.7378643189985904 0.6764297796140752
0.40356081548256145 -0.9160456692802221
0.9650514229933844 -0.2658509939391687
-0.9129045203743253 -0.410617019472066
-0.9586355832053812 -0.28812986414545566
0.4295383280350509 0.904155863083823
0.1513384479700419 -0.9894936453388767
0.995607242404693 -0.10376521031310465
0.1813729825371048 -0.9844312272604903
0.947402491718042 -0.3231555642201527
-0.05209037304113293 -0.9996437330551499
-0.9577461186631666 0.2910727953375917
-0.6506029039798096 0.7607344223400427
0.23975131525124044 0.9718643459018858
0.3101870134518099 -0.9517273856971054
0.6742145451466134 -0.7398890099959218
-0.8846064338798134 0.4684788758721563
0.9616491600387184 -0.2779062665663146
0.44821365759435416 -0.8950449805154438
0.33802286833879475 -0.9422003717256823
0.8610495828134573 -0.510484687269629
-0.9816208534990459 -0.1960140300483733
0.8290040449683621 0.5610287812814008
-0.47464455533484895 -0.8813135344989226
0.3921746066343774 0.9209777836143341
-0.901768254025184 0.4345284985272787
0.9848634526115068 -0.17901111616361262
-0.9603257850780479 -0.28244536907910317
0.10232547976581123 -0.9957562433601391
-0.48521490944867013 0.8755384010131817
-0.9161841139792184 0.40324641262150684
-0.8061493129794327 -0.5934006110401208
-0.9272077896866691 0.3772091127536047
-0.18533027409078334 -0.9836939003091537
0.965153700479925 -0.26547944261261996
-0.7676226707274356 0.6424612325932818
-1.0008076266186343 0.019623824855932216
-0.9558027059657811 -0.29739231205343974
-1.0006086023768888 0.0279897275686912
-0.28418450249982363 -0.9598125694837132
0.6070999043653172 -0.7958836008610949
-0.6438674898705633 0.7664435109567957
0.633734444541312 0.7748429865475424
-0.7345239148799598 0.6800555995427267
0.8148670055040599 -0.5813714504005563
0.9693341986750421 -0.24978432953052543
0.9852393286186345 -0.1769306794852218
-0.8001819224738134 0.6014232211563768
0.5287206840508468 -0.8499737868056901
0.16781906320525264 0.9868321853410089
0.31010528994140046 -0.951754017144325
0.5937061639391685 -0.8059243084189961
0.990578758607372 0.14406499573414
-0.8732699821503347 0.48928574297148103
-0.8474354603552855 0.5327796359963709
-0.7308701977720548 -0.6839808140647204
0.9286930072436952 0.3735375460334099
-0.6948643058482766 -0.7205307741227939
-0.9964183893023235 -0.09566291580420958
-0.40669699999322406 -0.9146576136437675
0.1953351181502075 0.9817561772748081
0.8214451353792487 0.5720392377816121
0.2767051803374556 -0.9619954486245847
-0.6187635888808426 -0.786849808461119
-0.5208655120777055 -0.8548099896047248
0.7877718383077702 0.6175892897138003
-0.13292958709632038 0.9921344288323038
0.5192352322809177 0.8558012465275926
0.7223852190861725 0.6929362129704455
0.7524763830640753 0.6601365714235252
0.46690978733629424 0.8854356275244274
0.38493172764725603 0.9240284438535962
-0.3869989279073983 -0.9231645735179207
0.6831872743240269 -0.7316120202687396
0.9894707265625406 0.15148822157447714
-0.352125570414154 0.9370211217792834
0.9746527115220943 0.22815146706218922
-0.7834187336596431 0.6231019882419903
0.9897397149373909 0.14972072894443286
0.38965721439875856 -0.9220456904443509
-0.9678514022500376 0.25546949556186904
0.36126614158272097 0.9335350957226694
-0.01665080415320151 -1.0008615042657258
-0.8679995866531 0.49857568890796067
-0.48198235052666616 -0.8773220695849329
0.2826804365147401 0.9602566171663885
0.5975985880288371 0.8030422950168566
-0.9840613437857268 -0.18336922224470914
0.5904219896079639 0.8083333929681326
-0.9685525524847101 -0.2527982457916842
-0.9786031857610167 -0.21056306613076572
0.9132116034783888 -0.40993361325027977
0.0914515663613205 0.996813729344686
-0.763140850945783 0.6477785436534202
-0.06158297144255633 0.9991038672872332
-0.04518976933949957 -0.9999794421622091
-0.9918268531312494 0.1352053749218686
0.5260132117088173 -0.8516519835635769
-0.32457757580883306 -0.9469162567418837
0.9658306450484277 -0.26300601720367156
0.9924510862154604 0.13054440420697028
0.23656714824973227 0.9726443257270302
0.8185505592812006 0.5761735692483939
-0.8387170831206188 0.5464015505849531
0.3331747560635425 0.9439256230879629
0.32475299867862567 0.9468561083127892
0.9423746778576234 -0.33753661509937033
0.8065194532412375 -0.5928974376259821
0.4259964238969691 0.9058300319745387
-0.4539695657006073 0.8921393576216677
-0.99690320278132 -0.09047101350347715
0.36507917341953466 -0.9320505335738558
0.2239387852395 0.975629243342704
0.9949003480058233 0.11033719924799518
-0.10777881772972475 -0.9951807506422051
0.6400099742341955 -0.7696676119473552
0.955174420115511 0.29940412014031703
0.2916915365368037 0.9575578559610894
0.44292900613224745 0.8976719309005377
0.6304002316916814 -0.7775580672098222
-0.4017345288396994 0.9168480617517522
-0.7718814995579178 0.6373381760417465
-0.10871053960100231 0.9950794031531649
0.7808228414828171 -0.6263518900895083
-0.5843986151925391 0.8126987501904028
0.7225568926229676 -0.6927571991131101
0.09115655611891935 -0.9968407507102317
-0.5070101937890217 -0.8631000309315362
-0.7141665828937286 0.7014036583009067
-0.8494882712505042 -0.5295004032178159
0.8072088956881501 0.5919584434079113
-0.8197829608430648 0.5744187471795972
0.8028584486101126 0.5978455582300192
-0.9063345711943819 0.4249219281913984
-0.9250664948407965 -0.3824303598342613
0.08804941220391083 -0.9971200033148195
0.9537043539328859 0.30405428016960523
-0.9857224132025445 -0.17421918410482798
0.7642267645287287 -0.6464970629306455
-0.309661327704382 0.9518985566352958
0.04693490075363661 -0.9998990524504192
0.9890887442114659 -0.15396251515932496
0.1611207742247486 0.9879479217616775
0.8547004110664754 -0.5210453025628367
0.7442219235459105 0.669428658270338
-0.2561000698931556 -0.9676847390554016
-0.04417914494569117 -1.0000246012733225
0.9799146943400912 -0.20437267874245293
0.039984898875146196 -1.0002010837136421
-0.990270821130114 -0.14616668847001302
0.7429860941695569 -0.670800017792685
-0.4711285036908514 -0.8831981278343038
-0.8486707477825047 0.530809722836992
0.05385573253421064 -0.999550178867076
0.9448818238476484 0.33045323264017495
0.7806415440041099 0.626577832176402
-0.15155080598397036 0.9894611428477669
-0.9192609635135588 -0.39618213104596667
-0.4614198553975997 0.8883089085700189
-0.9471405333521887 -0.32392253716179065
-0.9989404058875532 -0.06417994612969358
-0.9963891567053527 0.09596691304817581
0.5055079376728747 -0.8639807433905672
-0.9910817188483201 -0.14056324756016234
-0.49884910891440065 -0.8678424779505256
-0.984534162098099 0.18081339458622564
-0.7351877706583638 0.6793378701900733
0.7369922093591972 -0.67737986635554
0.6626921158415282 -0.7502267387939986
0.6828593175429943 -0.7319181323377062
0.8700665275322801 0.49495983439863095
0.9360193258082631 -0.3547799623899928
0.7241518031043125 -0.6910898393557621
0.7644956530048123 0.646179074666416
-0.24506967303371535 0.970536890261853
0.9661679678503743 -0.26176412645715635
0.05192998373473261 0.9996520778697509
0.09310061652107761 -0.9966610633527304
0.9842615984298312 0.18229126653889285
0.9991450541111051 0.06091108967435034
-0.601199970277491 0.8003496709178707
-0.6070481724133353 -0.7959230593277403
0.5925928985115464 0.8067432408354495
0.403253621496231 0.9161809410537716
-0.9959703620219965 -0.10021994798328945
0.8669290148418278 0.5004348940925062
-0.3855131078269019 -0.9237860378321614
-0.929783619922256 -0.37081453602072556
-0.12181056748031585 0.9935608615732221
0.5272062215336139 0.8509139791872325
0.8840711965534682 -0.46948814620234985
-0.9376955980716624 0.3503255134257672
-0.4316271134080667 0.9031605809439537
0.7809372054338418 -0.6262092950197893
-1.000074450643115 -0.043035952073489446
0.7303617184131441 -0.684523747050896
0.9126175772935442 0.4112543709370902
-0.9946943244516889 -0.11217932475994917
0.31465794553782117 -0.950258584444212
-0.9173993259464728 0.40047406501914384
0.7735550901130107 0.6353058496191042
0.9902992052089372 0.14597425856138893
0.34580577783116095 0.9393717922199845
0.9902714750259315 0.14616225829524554
0.4736753267355031 0.881834839888975
-0.677805665850451 0.7366006240433324
1.000999126143812 -0.0013226712836880716
-0.5983500693773296 -0.8024825197324518
0.9973205206933567 -0.08574834694576787
0.9940095149129278 0.11809354030837667
-0.9989632314921354 -0.06382367998470712
-0.6005105430839395 -0.8008670848805263
-0.19637913181524355 0.9815478778885374
0.3181972445704875 0.9490792978185487
-0.9802218509373329 0.20289436400498922
-0.9951484020676234 -0.10807709221780387
0.6311283408727243 -0.7769671919374989
-0.8322787981142555 -0.5561591518706585
0.6805908266676325 -0.7340280148985247
0.31547459679114803 0.9499877782263636
0.786934624855697 -0.6186557170213685
0.9991483550662128 0.06085691882178335
0.15859110720808242 -0.9883571524072229
0.973823642092274 0.2316646587249307
0.6803826628310421 0.7342209695445511
-0.9474027441161816 -0.3231548242578604
-0.8782316015529104 0.48032307256034457
0.31841972361562065 -0.9490046783933954
0.15409196181949325 -0.9890685857424751
-0.9102680212318317 0.4164290209899949
-0.9641087524735292 0.269249537425666
-0.9960169036619508 -0.09975634125036917
-0.46522838753843515 0.8863202284887712
-1.0004377331567968 0.03354611864418894
-0.4429954005501864 0.8976391675341379
-0.9743796479071276 0.22931485286474992
0.7299488196748822 -0.6849640287308861
0.21198083144809718 0.9782970546304295
-0.5006727837595807 0.8667916494766387
-0.9390816347852021 0.3465929647427258
-0.8662783941950971 -0.5015603091860079
0.9280425854359806 -0.3751505825895793
-0.9827982611064142 -0.1900225722544785
0.9564794489803998 0.2952085088173287
0.8338950455364461 -0.5537328354267684
-1.0006907763201116 -0.024879111476344352
0.14986876492333503 0.9897173097912121
-0.4248767581405069 -0.9063557471500985
-1.0005785060006356 0.02904571103512419
-0.6663391181565407 -0.7469894106440625
-0.7391112102188795 -0.6750671217951466
0.9517459935760623 -0.31012991424871306
-0.6472548492001081 0.7635850706941208
-0.14288489577198152 0.9907496689680143
0.838935308540561 0.546066431932923
-0.8963801539618325 0.4455374502590794
0.8308477958002982 0.5582946714896947
0.6604666678792595 0.7521866660746306
-0.7282714826261958 0.6867471496798822
-0.07903498546954672 -0.9978749776759754
0.9331752659380854 -0.3621945927831939
0.8722453291628479 -0.4911100546248215
0.6809165874341528 -0.7337258350072101
0.2368603521715496 -0.9725729656787554
0.28764225829570406 -0.9587820040251838
-0.8739643485584615 -0.4880443806138781
-0.4954314226733602 -0.8697980831364543
0.9197793952927746 0.39497704236430975
0.8788229340603769 0.47924028479407954
-0.013345869843539169 1.0009110288922385
0.19962952839222142 0.980891967238951
0.3171377253648684 -0.9494338645479197
0.4017342281974766 0.9168481934838384
0.41361576330935046 0.9115497794097827
0.9648886899675522 -0.2664410178120122
-0.02708261462460472 -1.000633565290059
-0.06896780135814946 -0.9986212707407263
-0.6781875453396768 -0.7362490430188304
0.9856208023788922 0.1747931174788892
-0.5926725990614737 -0.8066846907693971
0.9518601862293383 0.309779253455504
0.8587283519703148 0.5143798377875507
0.6530911990429412 0.7585992919405168
-0.6181470954757204 -0.7873342164258648
0.10132397450138737 -0.9958586507086445
-0.9947460363707942 0.11171984212571492
0.5769510174575435 0.8180027649431909
0.5154027387283416 -0.8581148040392526
-0.9045848176242832 0.42863423536115525
-0.14096514947977193 -0.9910246347251644
0.44531427096908854 0.8964910485170887
-0.980201934225339 0.2029905617039973
0.7604182404396416 0.6509724261492797
0.6480155887153287 -0.762939576101493
0.9608839411243623 -0.28054064177817967
-0.9796681801885663 0.20555110490100248
-0.9884767374241492 -0.15784403558991253
0.7310301132095984 -0.6838098957903151
0.9214934014725218 0.3909615211790052
0.9780699271995854 0.21302633055046885
-0.5725872687165138 0.8210632251561161
0.22742831001125238 -0.9748217087269988
-0.19798458381746586 0.9812253077507861
-0.8753096602243078 0.48562742788891855
-0.5516353839493259 0.8352840254518697
-0.44161868921457303 -0.8983172787698133
-0.8342475228582432 0.5532016545572555
-0.05529037732998353 0.9994718476148831
0.33074605060616286 0.9447793657825225
0.9894172525749667 0.15183708475535357
-0.6599839575046952 0.7526102416499796
0.5964881645475035 -0.8038674452636768
0.9662179850211835 0.26157944380551756
-0.9930163634223415 0.12617250879438213
0.136498092826764 0.9916497721749631
0.06021381610508371 0.9991873179489735
0.5392191430315507 -0.8433526639480782
-0.736774428830546 0.6776167360842136
0.2823697443123058 0.9603480241542661
0.5946328677452647 0.8052408041058542
-0.9842848029066544 -0.18216593196042014
-0.40073415268101154 -0.9172857454877579
-0.9585127820289832 -0.288538119989472
0.058879626866684326 -0.9992668259979615
-0.9949240894471485 -0.11012291422661462
0.9882192876540309 0.15944792099165117
0.23709410609796977 -0.9725160075050717
0.9990147958061154 0.06301140976414892
-1.0009407665969199 -0.01088952544283976
-0.9965706097557893 -0.09406391322379842
0.25708436841653665 -0.967423706302399
0.5299326980839575 -0.8492186617717825
0.542261353822075 0.8413998004225164
0.6479455891830367 0.7629990258566831
-0.3056669121340002 0.9531887215166079
-0.3513758571317778 0.9373025162800473
0.9084318675397565 0.42041948341891844
-0.7574560046517496 -0.6544168404136684
-0.598740197843271 -0.8021914830553866
0.9271355923148071 -0.37738653057981775
-0.9920864083169358 -0.13328750291307162
0.04267566065398123 1.0000898899537713
-0.3227640349820734 0.9475359506225032
-0.8328192542678777 -0.555349520320938
-0.11559290365398948 0.9943034147707829
0.23986338203106863 0.9718366930511616
-0.7219486757355889 -0.6933910221538996
0.3626737040149801 0.9329891662908282
0.996994450405925 0.08945985613551734
0.7201599507832322 -0.6952486212053155
0.16901474837766367 -0.98662810360887
-0.1500189364867008 -0.9896945582832106
-0.9973487886110521 -0.0854189314851622
0.288155018777314 0.9586280223076341
1.000549126477311 -0.030040730774901957
-0.35054594908256503 0.9376132132077724
-0.5852355957428204 0.812096236585016
1.0009801788146464 -0.006299334901303344
-0.7063529157290581 -0.7092718508731741
0.7984852943507756 0.6036739473470386
0.028024491612916664 1.0006076293282185
-1.0006316174575332 0.02715448663335333
0.04641826119848264 -0.9999231695621966
0.7637685287089623 -0.6470383563234463
0.7760711097489185 -0.6322298890538806
-0.9060035272988494 -0.4256273117670471
0.5984609342705568 0.8023998443120564
-0.9546609035016649 0.3010374716300032
0.8009132749227652 0.6004489370899836
1.0009999080490772 -0.00042905214035496634
0.2314033276527543 -0.9738857735644525
0.38979991166387346 -0.9219853734560198
-0.26620368714818693 0.9649541942230783
-0.8463618465134615 0.5344835121557294
-0.7575149799118209 0.654348573169678
0.9298659664011042 -0.3706079930721145
0.2665685995443719 0.9648534509120814
-0.46981957892610915 0.8838951087418085
-0.17472479464147098 -0.9856329165249585
-0.41405298024982684 0.9113512657292119
0.8719018202787442 0.4917196516254078
-0.6384407362805129 -0.7709697959437818
0.6537991898916989 -0.757989194709897
0.7643270783562762 -0.646378462892568
1.000948400106836 -0.010163676675543654
0.5818716478664578 -0.8145099050405544
0.752588378023336 0.6600088887766621
-0.8680492310054506 0.49848925018584495
0.10198707772210243 0.9957909599799075
0.9626000489838391 0.2745945114096612
-0.10960236399849801 -0.9949815685759916
0.6842512670678301 -0.7306170019347136
0.8432021611762861 -0.5394544609025309
-0.5433102958940502 -0.8407228570554744
0.941599438607275 0.33969323987159994
-0.8992265321310926 0.4397643049537892
0.9452878120004059 0.32929007346636696
0.6095677008447068 0.7939950995358209
-0.9999636593780533 -0.045537675865734754
-0.9048092139908407 -0.42816035112709455
0.9955378500125143 -0.10442887145066998
0.8916881216842321 -0.45485524471775224
-0.5926341714348355 -0.8067129222020347
-0.9782644291061129 -0.21213134314780305
0.987778821272281 0.16215424831296646
1.0006480350660396 -0.026542605721256156
-0.4596140300106094 -0.8892445914468114
0.42194545050369514 -0.9077240972890572
0.08202495011525167 0.9976336539825581
-0.36850921674074744 -0.9306997137514983
0.9334457539367244 0.36149692178150034
-0.9884470455084365 -0.15802986498014485
-0.9192270841529655 -0.39626073204348283
0.9077827951156723 0.4218191518790694
-0.8243241953641584 0.5678825767156737
-0.10159545516686626 0.995830991428484
0.9669873484251602 0.2587208302121766
-0.33599492228352934 -0.9429254542113523
-1.0009306900737227 0.011779374709266007
-0.9123997208335005 0.41173747634014357
-0.5346201539081518 -0.8462755408466112
0.4351883906279231 0.9014499790130777
0.16642636357747218 0.9870680146303896
0.9498989737097604 0.3157418878532652
0.949903565694366 -0.3157280726845956
-0.19260708836152268 -0.9822950216268516
0.9745860230501499 -0.2284361698052497
0.7503805401302037 0.66251795824257
0.7386681048469487 0.6755519453615816
-0.7591137345484368 0.6524931708607572
0.6270588383499298 0.7802552231463988
-0.9575646417283988 0.29166925945591715
0.9894418689848397 -0.15167658982119644
-0.9712507429899385 0.24222509003299492
-0.49757784484522 -0.8685719822324377
-0.3191297320728066 -0.9487661535421353
0.08526922648569495 0.997361598927155
0.7281386629876229 0.6868879730076783
-0.010910803591608438 -1.0009405348795628
0.48647467572974173 0.8748390651277769
-0.9440800759569693 0.33273684824660327
0.8765833957866822 -0.48332447716941557
-0.9927435848090798 0.1283011099734422
-0.8757613288588416 0.48481243267411767
0.9865881872639042 -0.16924759599865397
-0.1854216256530431 -0.9836766850648554
-0.9821236894020061 0.19347883273214078
-0.9523806462992508 0.30817544443810124
-0.570575282867293 0.8224626718465152
0.2766962636343805 -0.9619980133507415
-0.9799739517819809 0.20408834809662185
-0.8589974638912453 -0.5139303036681225
-0.9822783461664916 -0.19269211362280042
0.49250702611301145 0.8714573020115888
0.696429548936947 0.7190179993348432
-0.44378816985599767 0.897247491105918
0.7468473730737174 -0.6664983130758003
-0.39901055885243014 0.9180368042318736
-0.8163283410316328 -0.5793177363317493
0.933138684928403 -0.36228882771911497
1.0000604042946264 0.04336113192789761
0.14177856364063762 0.9909085926017585
-0.457524543320859 0.8903214544528506
-0.33900643524617696 0.9418469285726209
0.7067591303493403 0.7088670761629744
0.6663656034820531 0.7469657840195889
0.929803670074452 0.3707642581426634
-0.9428226569527908 -0.3362832697837943
0.9901239379539065 0.1471583755368642
0.4838824721692511 0.876275500700193
0.8632862714350769 -0.5066930170741677
0.8165725994107706 -0.5789733930773824
0.1259804278873438 -0.9930407503165828
0.637121233146967 -0.7720605768158921
-0.6722615112032071 0.7416639808934908
-1.0009989834586208 0.0014265745012632257
0.912347514434759 0.4118531448280044
0.9972516193110778 -0.08654598651256555
0.8194879971426777 0.574839475453002
-0.9066483308885525 0.42425205255484827
0.29557837488096744 -0.9563652149167317
0.7099888381202405 0.7056322340601164
0.006927593779352651 -1.0009760279069766
0.9336030686306896 -0.3610904460704545
0.15709021865386982 -0.9885968152908845
0.9775585292278767 0.21536091087713813
0.7333915291097375 0.6812766435377636
-0.9897600633450268 -0.14958615245820256
0.9913705259640727 0.13851166106042376
-0.9819861014827713 -0.19417594211093284
0.901623666357752 -0.434828430836353
0.317597769639772 -0.9492800728551307
0.1555379211616681 -0.9888422296204318
-0.7857000425302672 0.620222897971315
-0.8295386211915816 -0.5602380529306891
1.0009421679445791 -0.010759945650683984
-0.05628460916084598 -0.9994163510627644
-0.5772461129378779 -0.8177945494426524
0.9432515426704945 -0.33507838970863574
-0.44316103542690155 -0.8975574057849206
-0.9868120721074315 0.16793729288945125
-0.47190423192007935 -0.8827838896898379
0.529207134558555 0.8496710002891257
-0.27917612297891004 -0.9612812764006509
-0.9291373596292761 -0.37243088881178626
-0.8809330666366779 -0.47535032566108376
0.6234885438437668 -0.7831111260195319
0.31518577701262135 0.9500836415647572
0.4798451238346404 -0.8784928327152809
-0.9232847869271299 0.3867120404498991
-0.9878069930666731 -0.161982543653869
-0.947746320271552 -0.32214579372037877
-0.4490050958077455 -0.8946482123933839
-0.8753925758940301 -0.4854779480775773
0.8670292980157573 0.5002611281943691
0.5436001982436028 -0.8405354391514468
-0.9853176659990941 -0.1764939009430572
-0.3841150848162838 0.9243682175500081
-0.668292899254581 0.7452419746672261
-0.21048275234346153 0.9786204631857649
0.20091475939502068 -0.9806295220200344
0.9472078866123494 0.3237255311824611
0.1002385433293502 -0.9959684906819141
-0.8017410744647963 -0.5993431817548559
-0.17474101664077438 -0.9856300406863362
0.7734067473164226 0.6354864303865436
0.9585080877234713 -0.28855371383625295
0.9116021621108992 0.4135002999209722
0.07576614943903003 -0.9981284940322978
-1.0004173626686346 0.03414821329342981
0.8822236685740051 0.47295073592058595
-0.25017169632446085 -0.9692342969365776
0.3669125063168053 -0.9313303456391402
0.9702518928470484 0.24619558165556024
0.8138922752068604 -0.582735243793097
-1.0001522523765887 -0.04118825155352428
0.8862936743434638 0.46527897311050076
0.996732798900137 -0.09232945140473335
0.8454254527175917 -0.5359634352241348
-0.6029596564210653 0.7990248135875324
0.9464043747758227 -0.3260671087447858
-0.9903215065654765 -0.1458228844656594
-0.036570057715661825 1.0003317604068527
0.8535692305467333 -0.5228963268792942
-0.9307278182160481 0.3684382287423429
-0.9264920111331182 -0.3789637889119619
0.8319857641454806 0.5565974202772239
0.08107181137194751 -0.9977115622267145
0.3236490575085581 0.9472340194343857
-0.8936917988801863 -0.4509057203166715
0.5083150570725254 -0.8623321881695912
-0.19562410077391418 0.9816986356292839
-0.7784889345723922 -0.6292503307494892
-0.8599509761018967 -0.5123332106172652
0.42780832686795056 -0.9049757098742732
0.859044056120038 0.5138524201021466
-0.6433226381179439 0.7669008953476122
-0.9599538277704117 -0.28370697656020866
-0.3892258554891915 0.9222278641521883
0.7419829168869572 -0.6719094812903914
0.13571840358103315 0.9917567821444004
0.4576618887576367 -0.8902508610379395
-0.694023752099987 -0.7213404407913476
-0.2746189073342036 -0.9625930893864593
0.6366842730790842 0.7724209580363277
-0.786089602809442 0.6197290830313629
-0.2642310903260356 -0.96549620967931
-0.9872241617024093 -0.16549759681329249
-0.9353064199285436 -0.35665515675572546
1.0002145652004308 0.03964623009711151
-0.9579500326818461 0.2904009898138262
0.6310544553116985 -0.7770272031475189
0.15525853069322687 0.9888861353295334
-0.5404442603719232 -0.8425680989872836
0.5435993004738625 -0.8405360197661534
0.601127733028525 0.8004039283911508
-0.23419214081355455 -0.9732189071227316
-0.7365596356586525 -0.6778502069914807
-0.33740214851182815 0.9424228298272503
0.9260519925734225 -0.3800377705581298
-0.7848591080881696 0.6212867135639092
-0.8932926933868325 -0.4516958754977718
0.9054050150393337 -0.42689900297567335
0.2842835904379756 0.959783225633629
0.9988846832073623 0.06504144566141938
0.8167570702098735 0.5787131312335878
-0.1996240984223221 0.9808930723218892
0.3509640300612351 0.9374567987929772
-0.9974299603064348 0.0844658172464104
0.4746980226975422 0.8812847367605113
0.9992741348795933 0.058755453879961936
0.6590892215658506 0.753393919550537
-1.0004037317262795 -0.03454523915294611
-0.4061451268998872 0.9149028013376473
-0.0049129072490243 -1.0009879436548488
0.9131143551873988 0.4101501851160143
-0.36527604102430794 0.9319733976104726
-0.982757359632464 0.19023399298818244
-0.7915397089342221 0.6127527145434175
0.9857420658455875 -0.17410795393224676
0.6908031773431282 -0.724425268866733
-0.9162122175086161 -0.4031825547911818
-0.829112437523191 0.560868581705512
-0.8245082742073548 -0.5676152797129491
-0.7145165956314354 -0.7010470986797277
-0.9922256513784072 -0.13224695363862046
0.7026429576567722 0.7129473150628617
-0.030438645598200965 1.000537100188767
0.8119235424132232 -0.5854751585465972
-0.9771626018008384 0.21715029275093364
0.5514927712766771 -0.8353781917368748
-0.6292656010204093 -0.7784765914094162
-0.3073303561921215 0.9526536895235455
0.8181828549491866 0.5766956007004027
-0.932474506441274 -0.3639949104549433
-0.8881689849011362 -0.461689131623959
-0.15919739287767412 0.9882596774638494
0.9959375418965931 -0.10054557494475745
0.10330052082838737 -0.9956555641368072
-0.9998398989360525 -0.04817858959687614
-0.10003520398529714 -0.9959889346592261
-0.9491735156102309 -0.3179160852553937
-0.5775619062918508 -0.8175715530768689
-0.2986821336405176 0.9554004307325531
0.9235223008628932 0.3861444804848409
0.8924133640310359 -0.4534306867634896
0.5597818881295015 -0.8298465145568609
-0.9429901315842256 -0.3358133584817091
-0.1501543532089871 0.9896740221974055
0.6239187247878385 -0.7827684362946153
0.8301563862605146 0.5593222455355081
-0.5925979188876289 0.8067395530963207
0.05297842948366363 0.9995970618251359
-0.02034135600900504 -1.0007932999554479
0.802548778270368 0.5982611958808124
-0.525184312605506 -0.8521633867945057
0.5220655048248369 -0.8540776362087865
0.9791734744360356 0.2078949421242908
0.8227636918767396 0.570141129308663
-0.843971665457237 0.5382497820764424
-0.7006631157582399 -0.7148931376198511
-0.8862527210942484 0.46535697518468605
-0.9844242419301392 0.18141089245210906
0.11456238370733861 -0.9944226768529026
-0.1823425844997426 0.9842520926459615
-0.7784253053758744 0.6293290426720164
0.4912075286913535 -0.872190440074261
-0.9722281730858494 -0.23827165055489027
-0.8093911795605547 -0.5889710675827582
-0.5158063573648215 -0.8578722525539767
-0.9373125683975975 -0.35134904172901793
0.8454733997910187 -0.5358877963210362
-0.9734340227898033 0.2332963850454195
0.9071887627205164 -0.42309520062702016
-0.9556327592203072 -0.2979379625106243
0.11803043527016123 0.9940170100908416
-0.46582530600406985 0.8860066502494294
-0.5606406466182611 0.8292665828064327
-0.5998650653027799 -0.8013506744424015
0.5827380385244915 -0.8138902742118426
0.7844925111591703 -0.621749547595476
-0.3069601074394846 -0.9527730540064303
-0.8199072286038914 0.5742413573429609
0.9862079430143414 -0.17144938942854626
-0.11695116064870179 -0.9941445699811078
0.38844927278303976 0.922555235459822
0.2518891386249225 0.9687893795055738
-0.7831127095163912 -0.623486554942363
0.7526494755110946 0.6599392146348587
0.585037053475794 -0.8122392788214325
-0.9559332295430781 0.29697249141181525
0.8453216789549992 0.5361270922912789
0.7066473740014869 -0.7089784826190444
0.7054877026326398 -0.7101324534438065
-0.6981594887978745 0.7173383638154943
-0.8901471606126599 -0.4578635522218597
-0.7771010590722838 -0.6309635044824186
0.6475524711187749 -0.7633326909991266
-0.5616746320907474 -0.8285665982078468
0.8022437659346081 -0.598670142915995
0.2404852564697396 0.9716829943045641
-0.7939546789598481 0.60962034723077
-0.40188303285511084 0.9167829775378565
-0.9075039907870283 0.42241863915506533
-0.28723718466047277 -0.9589034360916252
-0.5912057747610759 -0.8077603183427345
0.3757015480737435 -0.9278196736300609
0.6691624380805827 -0.7444613028640579
-0.9220452768302415 -0.38965819313219013
0.8946118917350286 0.4490774578692114
0.9994983094454825 0.0548099390222482
-0.19021921839366923 -0.9827602194603227
-0.9918047519446328 0.1353674038313707
0.4189900773634715 0.90909202783379
-0.3163189850083986 -0.9497069546566754
0.9162616733187182 -0.4030701502309275
-0.9486440951118137 0.3194923798926793
-0.9044655975964047 0.42888574558334147
-0.7676163306290706 -0.6424688077654519
0.43139878932461184 0.9032696632618961
0.8501668416200072 -0.5284102018412036
-0.057585662961310596 -0.9993422293795585
-0.08849448405445211 -0.9970806017027593
-0.27188263955527703 -0.9633695190883171
-0.7148195412945748 0.7007381988898662
0.792745121703365 0.6111924181593855
0.874970452327412 0.4862383238227567
0.6689681065958148 0.7446359327601714
0.8560310766576028 -0.5188562380818268
-0.9915458664192791 0.13725084621539138
0.9544400274671122 0.301737027838113
0.03166407592536451 1.000499068613156
-0.04628586606866867 0.9999293068023726
-0.5050007723107032 -0.8642772818752054
-0.9474773355413078 0.3229360596705548
0.2306436943503629 0.9740659558040289
0.9426620157767233 0.3367333128928064
0.5409236625010204 -0.8422604058997919
-0.11830143233840944 -0.9939847942029499
-0.2909477496816292 0.9577841129164735
-0.9808658183949 0.1997579693141255
-0.8461515151033653 -0.5348164297104936
1.000787019612532 0.02064803562244881
0.12513841992597619 0.9931472075470131
-0.6522815790156272 -0.7592955562077787
0.8443839362444248 -0.5376027978092853
-0.7986068250117487 0.6035131639365079
0.5393198332293964 0.843288276620407
-0.18594003578827048 -0.9835788240354998
-0.049420382399309556 0.9997792885449798
0.9877082652242333 0.16258346412761537
0.9196976216679775 0.3951674135075738
-0.9367631994868924 -0.352811150740847
-0.6578118767423394 0.7545094663532865
0.6730899894702578 -0.7409121851305512
0.9595719829427835 -0.2849958061994153
-0.7115051204797057 -0.7041033045875863
-0.9991876767677074 -0.060207861575974145
0.16030513367820234 -0.988080595961895
0.9862625871475266 0.17113476909461595
-0.6790248333844568 0.7354769035443673
0.7393780340103348 0.6747748682508946
0.4388741332516935 0.8996613224778394
-0.7601894369390605 0.6512396025782478
-0.9293686949698547 -0.37185323557827116
-0.9181647256498278 -0.39871611024935594
0.868605342733599 -0.49751960622134994
-0.4141088190044581 -0.9113258945200301
0.9933969216397531 0.12314039173505262
-0.8174898085104431 -0.5776776029772654
0.12552981231631063 -0.9930978130173441
0.9731742072487201 0.23437781965413296
0.9281469600702259 -0.37489227854464896
0.0839242156943625 -0.997475676906503
-0.796894713227626 0.605772082577152
-0.6917547338282807 -0.7235166813738054
0.9896344311756413 -0.1504150678345253
-0.980227970665438 -0.20286479617005346
0.8191684254176159 0.5752947860000329
0.8205371054506607 -0.573340961887995
0.9078191484239663 0.4217409083249866
-0.8012026248237106 0.6000627916939997
-0.47799716001980436 -0.8794996958572535
-0.8117387287688759 -0.5857313686466599
-0.9967599851472221 0.09203549320403329
-0.9689659516521341 0.25120904549572665
-0.16043085140227684 -0.9880601914450053
0.9908873696920426 0.14192681418528774
-0.25533926037802446 0.9678857691430345
-0.7793964671342971 0.6281259006111566
-0.8438068917751839 -0.5385080588001475
-0.5901386672063333 0.8085402608824946
-0.9972997260956943 -0.08598986178296363
0.25027826075886944 -0.9692067850523516
-0.5472491185433802 0.8381643050461486
-0.22364137235057263 -0.9756974616002403
0.016351447135458382 1.0008664397293858
0.9330174086020901 -0.3626010414290621
-0.9927898473607173 -0.12794263940330317
0.7284012707276816 -0.6866094878475673
-0.1718102287371536 0.9861451441351252
0.25160828645245203 0.9688623587426961
-0.7748651524470512 -0.6337073421724005
-0.7095877037060365 -0.7060356157795399
0.4208658478976619 -0.9082251582473269
-0.8498655975791383 -0.5288945698827453
0.8544739730826517 0.5214165602705266
0.7217671703441497 0.6935799534396876
-0.15025875551885073 0.9896581765387109
0.3455671178327207 -0.9394596143915855
-0.9401947578755404 0.3435619554947171
0.930629304936075 0.36868699026979246
-0.5110499279330519 0.8607142215390788
0.8630362825514645 -0.5071186991225514
-0.41574232576039793 0.9105818571503252
-0.19903737605180327 0.9810122949965576
0.7726721094042973 0.6363794554734727
-0.8953374419269894 0.44762916022488397
-0.3494305031851502 -0.9380294896450605
0.4082486207006125 -0.9139661173676229
-0.7345526608520018 0.6800245498768731
0.6512471568631362 0.7601829652640749
-0.974802013826797 -0.22751271137943274
0.6649313568531946 -0.7482428019522605
-0.8503275362400544 -0.52815157020681
-0.4773779275178359 -0.8798359587552533
-0.8540872213390914 -0.5220498236234449
0.5135620153589031 -0.8592177002253281
0.6843968674840288 -0.7304806142383579
0.9709616058575515 -0.2433815111106936
-0.5529920524080804 0.8343864751861088
0.47737228591489944 -0.8798390197305319
-0.980369789833889 0.2021783252009386
-0.3695894965029952 -0.9302712529551058
-0.16286575469289613 -0.9876617568521692
-0.7941319594692753 0.6093893918911694
-0.9311011420184557 0.36749375958229213
0.3514615658821702 -0.9372703813242222
0.09238809101863667 0.9967273652498622
-0.9890275867575321 0.1543548918323359
-0.38373589620089543 -0.9245256956769214
0.7334992023359934 0.6811607153766734
-0.697150268579525 -0.7183192208339523
-0.31157152894762763 0.9512750298148468
-0.0857025022153803 0.9973244613033527
0.9919395920453221 -0.13437576319024172
-0.8915180777156074 -0.45518844131443864
-0.9996139254553787 -0.052659282521589246
0.983401911738518 -0.18687343307444254
-0.9307073540554262 0.3684899199532432
-0.9672089580451636 -0.257891123300491
0.5952962065228589 -0.8047505368121812
-0.387999778173893 0.9227443698755413
0.07209113055569458 -0.99840065549618
-0.9903205498282737 -0.14582938177138974
0.948945116649954 -0.31859718389559777
0.13315288251469665 0.9921044853633247
0.374610546171705 0.9282607062118577
-0.4183091161628499 -0.9094055659248272
-0.12163921022443282 -0.9935818549752086
-0.5425237164484692 -0.8412306562952524
-0.884355961177394 -0.4689515262050093
0.3256425357202046 -0.9465505474773733
-0.6297036545859445 -0.7781222959156906
0.2920564810158546 -0.9574466104679862
-0.5239004055224552 0.8529533194105097
0.9628889819250657 -0.2735796200145592
-0.924095001070541 -0.3847719181494887
-0.9340593662058159 0.35990846114420477
-0.9189211287304334 0.3969697207253801
0.6550095979933339 0.7569434764476216
0.6379793922398301 -0.7713516027579751
-0.22401436586491982 -0.975611892038088
-0.6658481307757597 0.7474270979449613
-0.9831515082213467 -0.18818637538911118
0.20643680087879987 0.9794819279817911
-0.6592263904635628 0.7532738984701264
0.06633151404626875 0.9987998449360761
-0.6050748905139549 -0.797424213872093
0.8872343355290522 -0.46348272228673343
-1.0000314806068205 -0.04402315067473545
0.11181870503532594 -0.9947349281111139
0.9900882308339483 -0.147398423207653
0.07723923213129794 0.9980155815515945
-0.021435077804098236 1.0007704719062869
0.8094503090329559 0.5888898005624247
-0.4136041266872205 0.9115550594381568
-0.9949811181450162 -0.10960645298016473
-0.9938083624738935 -0.11977453267267807
0.9132998632364255 0.409736939770295
-0.8891294613660452 -0.4598367111605231
-0.0650228059870681 0.9988858967377445
-0.9287644648878712 -0.3733598381743088
0.9928433292373174 -0.1275269524020694
-0.9600568687957277 0.2833580926639344
0.4403788682509212 0.8989257212907181
-0.02297583817699428 1.0007362843726935
-0.1635667740374604 0.987545902948809
-0.8656625258575171 -0.502622513747627
-0.6234748748862786 0.7831220086203293
0.8101910371974415 0.5878702945760519
-0.8801628058544836 -0.47677503624913364
-0.7207907753095204 0.6945945999132878
-0.9789941311317621 0.2087378528431442
0.17335948970065482 0.9858739713222622
-0.774131850246235 0.6346029297398027
0.9734572160800878 -0.23319958932555
0.6159163829367574 0.789080483366622
0.8632482638964822 -0.5067577674586837
-0.9689635545660468 -0.2512182913777016
0.6372128106403027 0.771984995939614
0.9422401729913867 0.33791190627316103
-0.7773385732887114 0.6306708669959875
0.23937425702870246 -0.9719572856211104
-0.15598563562711684 0.9887717034169233
-0.20490011088495497 0.979804544059341
-0.9472672759146669 -0.3235517083577313
-0.6334617290150379 0.775065957111573
-0.3942561513285485 0.9200886300458238
-0.5012360027151364 -0.8664660810338461
-0.32864044303334067 -0.9455138598681934
0.3448596397871627 0.93971954797475
0.993707868689412 -0.12060543812260871
-0.9678505347589978 0.2554727820467805
-0.7701469455553426 0.6394330944295706
0.6775146842469206 0.736868273594267
0.9350449396364321 -0.35734011929854886
0.8131931375917104 -0.5837104770121481
0.945634429666469 0.3282933527036024
-0.2871815255458497 -0.9589201068833412
-0.9983139892412122 -0.0732815043875113
0.9650765028318011 -0.26575993618666566
-1.0005960016631568 0.02843662173508069
-0.4545304212795378 -0.8918537414461217
0.6012098781997635 -0.8003422282717723
0.735195017627575 0.6793300273472309
-0.5722413432026388 0.8213043559665563
0.2333526403751169 -0.9734205387343958
0.4337456022757709 -0.9021450839562497
0.9745962721874014 -0.22839243910081736
0.4058819059865076 0.915019605469063
-0.19403210297957202 -0.9820145329949679
-0.5856478228280353 -0.8117990069079798
0.7779330355323054 -0.6299374510437468
-0.8678579723148558 -0.49882215256496654
-0.2140698505853986 0.9778420624366417
0.47278968692791795 0.8823099863056075
0.6725406756558072 -0.7414108439916632
-0.6487820787548161 0.7622878815031626
0.22451413891674707 0.9754970022642159
0.07339878074713937 0.9983053736131211
0.2851461340592108 -0.9595273222952468
-0.7724943906180864 0.6365951747096353
-0.5187286367599412 -0.856108405171432
-0.4766329767637457 -0.880239743173035
-0.15399151345691914 -0.9890842298728898
0.7936459901794357 -0.6100221653940969
0.9676421419676328 0.25626097066914333
-0.8126065828141673 0.5845267671946957
-0.09578717659810165 -0.9964064516046472
0.48186009813052194 0.8773892214004249
0.767752197988194 0.6423064397032751
0.6843505295085969 -0.7305240261355564
-0.776798715614825 -0.6313356915454393
0.0924387196183721 -0.9967226711153488
-0.12535967758183766 -0.9931193036270002
-0.23427729075716983 -0.9731984129844646
-0.0308829018868471 -1.0005234861666403
0.9805922941449327 0.20109637655506887
-0.996069383887543 0.0992309552603953
0.8924600456133713 0.4533387993364114
0.5923535799254666 0.8069189775618639
0.17978290047258672 -0.9847228588276318
0.011102939614609415 1.000938422047987
-0.7761723767907169 0.6321055619966093
0.7834563959291118 0.6230546329799392
-0.6400248940966237 -0.7696552052293322
0.39316032551696684 0.9205574172420712
-0.9633042238874185 -0.2721138957140157
0.22887028217968458 -0.9744841681294732
-0.17122276789316465 -0.9862473136870911
-0.5662550431200112 0.8254430483935001
0.9992837986580416 -0.05859086737329044
0.9642010697141643 0.2689187556903779
-0.8391298990776048 0.5457673611292717
0.7942215951048338 -0.6092725645137269
-0.6874880486132925 -0.7275721153355778
-0.6423134121555175 -0.7677463647358653
-0.3409321768066608 -0.941151555711338
-0.5075856764495089 -0.8627617174303079
