1000
-1.000911561990872 0.013305828534630052
-0.8941623520768287 0.44997187481934164
-0.060462694021390935 0.9991722887628918
0.433239734316689 0.9023881274757579
0.941457330968218 -0.3400868917882594
-0.5439376869152424 -0.8403170786990443
-0.03138437065782616 -1.000507881667312
-0.6899019091589538 -0.725283638129822
0.9964833198637584 0.09498417359382856
0.12550815905729715 -0.9931005497984825
-0.9873412344913345 -0.1647977144050476
-0.7716085094590325 0.6376686507351684
-0.917128511592597 -0.40109387083817116
-0.301142705780757 -0.9546277131714983
-0.8595832662037344 -0.5129499083365937
-0.3426715196004801 -0.9405196593664046
0.6283887518019355 -0.7791845587592232
-0.8858720583009692 0.4660812121525649
-0.5869268358028324 0.8108747680218412
0.8828317755059283 0.4718146417366149
-0.9804432737282971 0.20182167128665746
-0.4486243316012805 -0.8948392085147501
-0.88614646896275 0.46555927178486106
0.9664714696554386 0.26064132124829414
0.19225660744831963 -0.982363678528712
-0.9638208379202075 0.2702783609369959
0.2763816934941727 0.9620884364242682
0.5359228217609843 -0.8454511985417871
0.9008406695430458 -0.4364482650867535
-0.8652640604488419 -0.5033081617613439
0.9964959838584786 -0.09485122115145828
0.924487639306652 -0.383827571663649
0.4456782487977592 0.8963101575618581
-0.9923482290667086 0.13132399730501373
0.7434802300467365 -0.670252301398251
0.6313431149771416 0.7767926822331425
0.9541504720714514 -0.30265141110826915
0.8526084613413117 -0.5244614491544644
0.9639848063794638 0.26969296073414234
-0.4353166448330974 0.9013880511362767
-0.4316992596889381 -0.9031260981634972
0.7078689357589698 0.7077588358950127
0.6357479431536234 -0.7731917955953342
-0.827932392594257 0.5626090590215811
-0.27231979586359895 -0.9632460375110856
0.8483496517383916 0.5313227535080253
1.000471204699377 0.0325325770171621
0.8764273945074242 0.48360730159596205
0.7570021251456912 0.6549418161370574
0.512249938798349 0.8600005815120637
0.0919273691330432 0.9967699628320856
0.5058162164651077 0.8638002981945093
0.5686212392481215 -0.8238148373730171
0.6184472045216121 -0.7870985041399858
-0.9763572676504726 0.22074303138741067
0.6818096089008532 0.7328960753138645
0.5889255245909679 -0.8094243179477951
-0.8346249603451888 0.5526320435595389
-0.9969864576063494 0.08954888804191087
-0.6898440029649827 0.7253387150657606
0.6453434062746489 0.7652012075120069
-0.8700849058897775 0.4949275265559363
-0.6101937783937416 -0.7935140533157364
0.6299300423348894 0.7779390347347049
-0.9009381823327599 -0.4362469388029477
-0.22339722625723543 -0.975753390617001
-0.9810280979148963 0.19895947100221345
0.7918426118103329 0.6123612317263321
-0.05241593850489233 0.9996267150244892
-0.9825741823590582 -0.19117786524968838
0.9587938797091364 -0.28760267076698376
-0.5899050985807354 0.8087106866293118
0.9365819114416841 -0.35329212156548484
0.7865219970994513 -0.6191802226159124
-0.4772703442128879 0.8798943223676986
-0.10275839986184815 -0.9957116607019486
0.42841887725922156 -0.9046868328918842
-0.37176762977421945 0.9294029424593291
0.9270930684184862 -0.37749098332330533
-0.9202360487027866 -0.39391193770674476
0.02698791688003059 1.0006361238444654
0.7986764672722256 0.6034209978328211
0.6556865133279145 -0.7563571882648321
-0.9901871420266178 -0.1467324904891844
0.01569372490078575 -1.000876968962089
0.305020043318516 -0.9533959162771627
-0.9044686439590657 0.42887932113223765
-0.8121923467698229 -0.585102206326833
0.9690311986302126 0.2509572395474843
0.31113055866607275 -0.9514193478504299
0.48330912242016055 -0.8765918618065389
-0.8039498285903405 -0.5963771232278801
-0.9329555651635316 0.3627601320850948
-0.9320813002852634 -0.36500061597007294
0.8951787515950648 0.4479464283736406
0.8911447563738664 0.4559188778580707
-0.834719465086364 -0.5524892891323181
0.5292711926689331 0.8496310991311494
0.32928699688611973 0.945288883718475
-0.40200778149821104 0.9167282823251863
0.924090810490436 -0.38478198238369893
-0.999934285519417 -0.04617818362357943
0.9962521745856827 0.0973786662123606
0.6294844316024101 0.778299653327811
-0.6352383486336055 -0.7736105224370011
0.7950260654401825 -0.6082224554147131
-0.6002966574933385 -0.8010274171352224
-0.9930735061241568 -0.12572196082735243
-0.9853058022676946 0.17656012012233868
0.7608334383771352 -0.6504871090553801
0.19729496007347372 0.9813642028979895
-0.9065346938639756 0.4244948160118661
0.5882966354306958 -0.809881515248325
0.4999848230686898 0.8671886626916723
-0.9760590333939343 -0.2220580179369764
0.29044688323076445 -0.9579361189669876
-0.5050407466367359 -0.8642539234719205
0.30975286099162064 -0.9518687751510214
0.49959758250718517 -0.8674118142802623
0.5791493335551108 -0.8164478240785942
-0.919944972915564 -0.39459124015540703
-0.3696037304049393 0.9302655978110514
-0.6531888409167578 0.758515219426626
-0.6603246969265637 -0.752311301675604
0.22140118331739117 0.976208233946866
-0.9492299712822114 0.31774748090200805
0.02007814988432413 1.0007986150556079
-0.7283306876483917 0.6866843593891017
-0.9913730164119897 0.1384938349898394
0.9177426396147967 -0.39968668658446116
-0.7929336118020198 0.610947859702122
0.9996172142629107 -0.05259681501058683
-0.26052739946644304 -0.9665021852677067
0.510178063439872 -0.8612312950565265
0.36862342440350887 -0.930654485284969
-0.8515370733771241 0.5261992138575678
-0.9663207703108986 -0.261199480982929
0.8507538510287438 -0.5274645817111913
0.5700795918260253 -0.8228063313948626
0.8514918926154964 -0.5262723219114606
0.7241713337816642 0.6910693737454189
-0.6688648438914229 0.7447286892594527
0.23874458235077067 -0.9721121459986786
-0.2355129377715285 -0.9729001264992333
0.532382435078394 -0.8476850493078191
0.42684482316302874 -0.9054305588718125
-0.8488018898961781 -0.5305999921868416
-1.000968312743803 -0.007964727416825306
-0.7990953310797804 0.6028661972996133
-0.10438209444127478 0.9955427556665022
-0.9985460700441463 -0.07004816913660852
-0.3151923488501272 0.9500814613633611
-0.23538938941910012 0.9729300259262755
1.0007042636071102 0.024330573329684805
0.4033224748485317 -0.9161506324191757
0.5855646142115705 0.81185902876254
0.9621472732336523 -0.2761767995488534
0.8808750615795381 -0.47545780663192927
1.0006111348187843 -0.027899047952657362
0.07613843092826279 0.998100164981342
0.48285673822467445 -0.8768411317627773
0.9967306210766396 0.09235295884906052
0.9872770012275879 -0.16518208997061784
-0.9363440152885283 -0.3539221454407117
-0.7341627733398178 -0.6804454586827569
0.6611770263813388 0.7515623326015816
0.7625328503652983 -0.6484941419271061
0.7874019124055852 -0.6180608613559243
0.6413700083770306 -0.7685346526699026
0.24720195087604901 -0.9699959770447893
-0.6513067674769869 -0.7601318929229836
0.9987013665274296 0.06779808622848323
-0.9956955766944636 0.1029141319308457
0.9864961918852722 -0.16978298912392933
0.9026107995770908 -0.4327756283419907
-0.9449742059578224 -0.3301889611637298
0.9349384715408322 0.357618587929784
0.44866661455180273 -0.8948180088636035
-0.8421808044506783 0.5410475881240099
0.544764035692454 0.8397816057857368
0.48536923788151043 -0.8754528559084845
-0.03218938299642398 1.0004823055018561
-0.9963588599308265 0.09628095469688505
-0.36375466775653675 0.9325682504167357
0.7815641188093494 0.6254266769092642
-0.10325054288430552 0.995660748143712
0.468720476831629 -0.8844784421334023
0.7416534839525157 -0.6722730916384319
0.02868394472260603 -1.0005889422310994
-0.23730830261731936 0.9724637625685015
-0.9647988545749707 0.2667661339278743
-0.3830660593781209 0.9248034354134493
-0.6258009370720106 0.7812644796480853
-0.6975297077527784 -0.7179507690659043
1.0009705999874623 -0.007671894208063624
-0.9623439311225861 0.2754907588858967
0.6485119633655305 -0.7625176938089927
-0.24225161136515577 -0.971244128317379
-0.9983243300846061 0.07314049467376181
0.7036799271697518 0.7119238443108734
-0.9042140304483887 0.42941586735969656
-0.9301506350636101 0.3698929522047735
0.6639959456080374 0.7490730166119243
0.9370894481772867 0.3519436973647751
-1.0000506973196979 0.043584432890492374
0.3038204905325331 -0.9537788577718479
-0.6585952766268789 -0.753825750160317
-0.7206439545241192 -0.6947469257275192
0.9026964547596731 0.43259693776576547
0.34289429373435953 -0.9404384633374024
-0.9895049514645098 -0.15126450683229775
-0.12263035220789735 0.993460012641358
0.7390549116552766 0.6751287562815046
0.4051352323046267 -0.9153504484870677
0.8414488830772205 0.5421851871529672
-0.5392724176998281 -0.8433185990526842
-0.9975434046946623 -0.08311531597835126
-0.961800536456767 0.2773819173476798
0.7022517863073582 0.7133326213121931
-0.9819596077335949 -0.19430987823495888
-0.29916877888202725 0.955248157151971
-0.9443859215145359 0.3318677918164714
0.9969505411319556 0.08994786565950916
-0.9447824073207999 -0.33073736229388123
-0.7899521496251763 0.6147980166709739
-0.9826534006012342 -0.19077026573035494
0.7888903836729976 -0.6161598514576154
0.4602861998343352 0.8888968524199342
0.777493620515192 0.6304797142320906
0.5468818049197393 0.8384040144511048
-0.5559968031442377 -0.8323872625727688
-0.5770343501157962 -0.8179439826702319
-0.8196932628428568 0.5745467386123005
0.6120869099620098 0.792054679080402
0.9984122187621515 0.07193080999431144
-0.9793362395351526 -0.20712684503256973
-0.8964691946769582 -0.4453582636431551
0.45020594801426994 0.8940445203526346
0.09218755128981047 0.9967459332182843
-1.0006602211109228 -0.02607914657804351
0.011813118046011995 1.0009302923990415
-0.8091584898101657 0.5892907078582964
0.9984666342376259 0.07117148526050956
0.05178230421076244 -0.9996597385964007
-0.9981253662335816 0.07580734318704622
-0.6155440831298716 0.7893709405113706
-0.6354585122376711 -0.7734296860249712
0.3538229200820412 -0.9363815147815646
0.9769578514585294 0.21806961382442494
-0.1354486507754672 -0.9917936594892637
-0.5061085116375483 -0.8636290722573121
-0.8520442988457776 0.525377495525272
0.5269704023372783 -0.851060041983224
0.9016895056298706 -0.43469188563505456
-0.8284415165193942 -0.5618591048537402
-0.05488679286628262 0.9994940920129812
0.7416679674031379 -0.6722571131108231
-0.3717217415929669 0.9294212967363571
0.049077553462588706 -0.9997961761009724
0.9296765694862925 -0.371082842702541
-0.9086856477719216 0.4198706866802244
-0.49757001726171474 0.868576466364463
0.0458842598525045 -0.9999478159873083
0.4023306374048206 -0.9165866343152899
-0.6963102374710052 0.7191335433652587
-0.8984724439043574 0.4413029203897604
-0.9874423221909675 -0.16419092650359643
0.9935519958382375 0.12188286001671816
-0.7781010601136594 0.6297298946770746
-0.9655852838253774 0.26390539907297306
-0.8383358002616067 -0.5469863672887391
-0.9690038107597732 -0.25106296965709174
0.9995642290676927 -0.053594327762450884
0.8846995199606342 -0.4683030636045672
-0.9706026850430933 0.24480896181949224
-0.2390686395669855 0.972032502324686
0.9921772451773586 0.1326096306919959
-0.6879790095715874 0.7271078890982394
-0.5658401101676606 -0.8257275396433437
-0.16118487140026558 -0.9879374662556735
-0.032171920623376586 1.0004828671813442
0.9669333846971848 -0.25892243927100267
0.7952995227519444 0.6078648444436721
-0.9844821723591815 0.1810962514988837
0.10062193668455721 -0.9959298297861395
-0.1551564340722419 -0.9889021594505627
-0.007061263124352147 1.0009750938775093
-0.8074757037270105 0.591594445452769
0.6453859764412035 0.7651653033253887
0.821638609784235 -0.5717613093869064
-0.016364947743236453 1.0008662190749378
-0.925178716325021 -0.38215879272782194
0.4464320382310515 -0.8959349503400729
0.08917011070586485 -0.9970204066902061
0.9954597299693758 0.10517093709432036
0.6117231697145922 -0.7923356382457704
-0.5521839652315154 -0.8349214744760135
0.9952440440933712 -0.107192782857205
-0.2739806648166329 -0.9627749453047871
0.39960221511582655 -0.9177794232137287
-0.7742753135518057 0.6344278830759672
0.6467432471237307 -0.7640184371465476
0.2959943112752755 -0.9562365647122448
1.0000227964881556 0.044219978561835536
-0.8693186130078019 -0.4962722529803492
0.05209861091552616 -0.9996433037542305
0.8106509507641442 -0.5872359287587818
0.9988255675309785 -0.06594304850716719
0.9864864049811285 -0.1698398445224469
-0.04730023521036681 -0.9998818368932622
0.9607374309189 -0.28104196987523394
-0.9832649745371285 -0.18759261672171457
-0.8127717899224065 0.5842970284934945
0.952419946525944 -0.3080539651741528
0.9261704070338141 0.37974909760895953
0.3909560786242899 0.9214957105633852
0.37518413534626555 0.9280290214128408
-0.9409020048009779 -0.34162028242114184
0.40875330537463267 0.9137405186076145
-0.13328580068855148 -0.9920866370105041
-0.9376927965981026 0.35033301187303123
0.5318488585777862 -0.8480199240757885
0.3958462193743929 0.9194056616135231
-0.1927044955624478 0.9822759171383683
-0.2646425428517722 -0.9653835116226857
-0.9902508838680213 0.14630169854995714
0.0963972818690059 0.9963476120552844
0.4244572213675749 -0.9065522970181685
-0.7222449049124706 -0.6930824606985638
1.0002729843804719 -0.038143894905795846
-0.7855081051208463 0.6204659674707852
0.8563781336280298 -0.5182832162474222
-0.8733822920232522 0.4890852399942269
0.7776734903963282 0.6302578379796575
0.96782868166288 -0.25555555746391373
0.9433635573268209 0.33476289924017244
0.7108420912338151 0.7047726735127693
-0.4802825751262873 -0.8782537492263055
0.4066066487782501 -0.9146977824228726
-0.302586955717721 -0.9541709145795013
0.07968681727100635 0.9978231362086255
-0.43711292296377097 -0.9005183466082567
0.3532021686184608 0.9366158380484586
0.996466544403555 0.09516000149452505
-0.7624593716268558 -0.6485805320994303
0.20118470549412396 -0.9805741758149878
0.1979231214402687 0.9812377071838101
-0.3566615670175148 -0.9353039755141699
0.779591114908328 0.6278842994979171
-0.8877243316249129 -0.4625435234019623
-0.9523843680191407 -0.30816394265517466
-0.8423245686836082 -0.5408237429994854
-0.5096277665193523 0.8615570437251945
-1.0008637456866443 0.016515525123353542
-0.5516995457030945 -0.8352416484293627
0.9764803430001875 0.2201979557903208
0.9900919739759586 0.14737327799974373
-0.39929662843693914 0.9179124154944702
-0.2454261188047911 -0.9704468147242364
-0.9869932386242988 -0.1668692509419213
0.6179809528840817 0.7874646289659507
0.8677891156984322 -0.49894193116567503
0.4008238703728931 -0.9172465453406158
-0.9102660206943973 -0.4164333939169469
-0.6994838225193986 0.7160470529466975
-0.5720108768906558 0.8214648846534969
-0.2672755162582888 0.9646578659861045
0.7823911901158361 -0.6243917245040372
0.7464547418847286 0.6669380168484949
-0.48969729734717865 0.8730392642778839
-0.7822774725917203 -0.6245341911180766
-0.026223119403827995 1.0006564585354618
0.9118879895021638 -0.41286958546458913
-0.548044664142647 -0.8376443434446229
-0.7105946463848594 0.7050221617291026
-0.2629929577834025 -0.9658342011734402
-0.9963565840324199 0.09630450381600807
0.9878489286983602 0.16172660285031068
-0.12466469115038506 -0.9932067834949473
0.1738838743778368 -0.985781617921207
-0.7229062255785136 0.6923926552324391
0.9981291991458089 0.07575685983820973
-0.3338911846010406 0.9436724414995459
-0.8686453124275375 0.49744981776825065
0.7362848579453468 0.6781486621386202
0.08073519686035845 0.9977388576115092
-0.04248968305778599 -1.00009780863356
0.9998370717920098 0.04823722494484379
-0.9339100411336617 0.3602957605491942
-0.6987044094131574 0.716807608962552
0.7912609981154778 0.6131125776407607
-0.8840044723297197 -0.46961376992274617
0.3195514027383295 0.9486242148543151
-0.2517735915509965 -0.9688194148537239
0.20256404526500194 0.9802901649847754
0.6983606462340133 -0.717142529621282
-0.07268466142758154 -0.9983576212926697
-0.4189192295006733 0.9091246774532975
-0.9891070378296295 -0.15384494699500484
-0.1152286757075556 0.9943456905396045
0.4757422329667125 0.8807214813843514
-0.14810447753845732 0.9899828603228749
0.5711889713240226 -0.8220365922742154
0.5231753380716461 -0.8533982456237057
-0.9341332311106295 -0.3597167031634966
0.8944181472827571 0.44946321074285955
-0.8335663387392682 -0.5542275335282536
-0.8638184835804161 -0.5057851593560554
0.3704505329878528 0.9299287083475892
0.3361053367403782 -0.9428861026734019
-0.5556776771101314 0.8326003357923227
-0.5916346249137395 0.8074462648394497
-0.6404675396274924 -0.7692868975119144
0.921916127460905 0.389963657188062
0.5282234000976566 0.8502829173806039
-0.8407655046455498 0.543244296977073
0.6940123975375291 0.721351365191895
-0.7616342096598667 -0.6495493289010391
0.8502949272661517 -0.5282040672556864
0.9424791805042267 0.33724470984150523
0.3001710665865775 0.9549336787360034
-0.8286964063424762 -0.561483095128487
0.8545065703109517 -0.5213631376453599
0.4224039121885317 0.9075108456474905
-0.9991726806824198 0.06045621703271872
0.8865102368023131 -0.4648662173622715
0.3763724339182988 -0.9275477297618792
0.939933694976781 0.34427554233098734
-0.17599364707699938 0.9854071423470283
0.43246557950630393 -0.9027593934943445
-0.0878671686071686 0.9971360793196481
0.7744610568391548 -0.6342011285385571
-0.7686863536050301 -0.6411881859340537
-0.677925743871208 0.7364901124907717
-0.7456490224334601 0.6678387045866878
-0.3078777411904365 0.9524769270063578
0.6364945616498691 0.7725772925669904
0.6202259755757711 -0.7856976130936654
-1.0008559314752785 -0.01698247422352557
0.797752552434806 0.6046419312979807
0.7688352081882447 -0.6410096899814685
0.9748369921680414 0.22736279093283068
-0.14965870285428348 -0.9897490958116472
0.9128892440024964 -0.41065098098573993
0.9632333366604625 0.2723647171458741
0.18256997224880359 0.9842099396130233
-0.9982037866130922 0.07476764267572263
-0.5071149921102325 0.8630384607750913
0.4950516133317215 0.87001431030625
0.3787550645156454 -0.9265773584022811
0.44610952167376894 0.8960955834463202
0.8615884530669612 -0.509574663363163
-0.7959434778406792 0.60702140002053
0.24636072317769944 -0.9702099742196845
0.7120757013914222 0.7035262578524799
-0.9372489352155707 -0.3515187526111214
0.6146047368726503 0.7901025360127003
-0.3928066205726542 0.9207084005450862
0.7343789127463523 -0.6802121819796272
0.8919467429929856 -0.4543478927696318
-0.9462146614721731 -0.32661722920737174
-0.1357371376013256 0.9917542182798109
-1.0004176224369827 0.03414060218471238
0.7151440043225185 0.7004070624155311
0.7509883348817713 -0.6618289211507038
-0.38022075954240536 0.9259768755282155
-0.7199295560117015 0.6954871921040634
0.6543429457110606 -0.757519840927069
-0.8859485446375995 0.46593580701049303
-0.8389705292142388 0.5460123177273384
0.33464741127776326 0.9434045315372889
0.11984917196173746 0.9937993640469317
-0.4696291803723571 0.8839962855933208
-0.0891015619702836 0.9970265350804138
0.30686142931694027 -0.9528048400368065
-0.9829371866988513 -0.18930263337985395
-0.18268023497070476 -0.9841894795978303
0.3238414958308705 -0.9471682456554508
-0.9520137219108596 0.30930708574721083
0.0063980718981679835 1.000979552576368
-0.22190985012841988 -0.9760927304390614
0.2506093225057713 0.9691212346622059
-0.7975081189459805 0.6049642966450531
0.9398615517624421 -0.34447244232114455
-0.5586296132561784 -0.8306226310384593
-0.3728668624230781 0.9289624873517603
0.7519733987876237 0.6607094728515623
0.47094320118425814 -0.8832969496484879
-0.2926828279944291 0.9572553275888224
0.21096183790903208 0.9785172982354698
0.11729766318958643 -0.9941037462006983
-0.20072586524949915 0.9806682043483615
-0.2694713504956024 0.9640467785652708
0.382774795119513 0.9249240272699238
0.6935043312203377 -0.7218398316653301
0.9626713536046093 -0.27434442758887845
-0.962628230135963 0.27449570223466824
-0.9704538723112828 -0.2453982104988469
0.9819984719258728 0.19411337186101052
0.9357023495110164 0.35561511936300444
-0.9481611155544404 0.32092288629912186
-0.27903303111416544 0.9613228217135185
0.9938012931556063 0.11983317454797233
0.4575471856090079 -0.890309818513351
-0.21939387869863816 0.9766613159071917
0.06499438017276224 -0.998887746719299
-0.7880812272476266 0.6171944420195914
-0.35089970097875933 -0.9374808797266306
0.9236231338747737 -0.3859032347251599
0.9898311317403624 0.1491151589798748
-0.9972618928417823 0.08642752504628083
-1.0008271104693718 -0.01860362732178998
0.8603067166839212 0.5117356282579233
0.03697522056419827 1.0003168663299788
-0.596910377090224 -0.8035539818344543
-0.9871116301063402 -0.16616747488243264
0.9424636247136453 -0.33728817959071306
0.6314330060481256 0.776719614064836
-0.8024166133398506 0.5984384501652653
1.000423851866608 0.0339575708256563
-0.2199395529733004 -0.976538577342393
0.18741881928925805 0.9832981166341266
0.9467001940003117 0.3252072303620758
0.9650705907828865 0.26578140417638413
-0.5208222121146562 0.8548363722771722
-0.12328936064574615 0.9933784442756765
0.9936531713408728 -0.12105525632629868
-0.724286326256993 -0.6909488530977881
0.7146442807274703 -0.7009169366076958
-0.2947759693168215 0.9566128411814929
-0.5820092890474926 0.8144115590181861
0.33433327595401163 0.9435159037291627
0.002291491557779466 -1.0009973771526282
0.18072790372104366 0.9845498589795222
0.9865207395963664 0.16964029694102178
0.39001878877882573 -0.9218928052650687
-0.33849191630041453 0.942031964743911
0.4567934611106491 0.8906967687639571
0.7349940248074821 -0.6795474843580089
0.04094734013333951 -1.0001621445225792
0.9071572492432951 -0.42316276436536593
-0.793781696968628 -0.6098455686135673
0.9953938752573613 0.10579240568269835
-0.5654987778550729 -0.8259613382262022
0.3067347224163135 0.9528456381094407
0.6465000859371224 -0.7642242072083907
-0.7388141035772064 0.67539227146556
-0.5603193692920285 -0.8294836974866856
0.3240767100637253 -0.9470877921260901
-0.9433943550440992 0.33467609844583784
-0.022188431662539834 1.0007540524526277
-0.5558866192781592 0.8324608498346927
-0.4374853670576263 -0.9003374665148918
0.20893121979571103 0.9789528821116348
-0.7220746367088678 0.6932598495670701
-0.8108877826587286 -0.5869088548785155
0.742107499803799 0.6717718799823007
-0.8011630204100801 -0.6001156677902998
-0.28145906498464424 0.9606153208948781
-0.7524723413678622 -0.6601411784431929
-0.4162485541925961 0.9103505594728734
0.823122502792855 -0.5696229853122382
-0.5356491915960744 0.8456245878298905
-0.9070928734200466 0.423300742960089
-0.4479921101495965 -0.895155891028882
-0.5070462833952601 -0.863078829826716
-0.033334710636373804 1.000444799610048
-0.6218042664311364 0.7844491406382165
0.5622895211220649 -0.8281494396763902
0.9948221977849429 0.11103960912366384
0.9994353756519285 0.05594577638650327
-0.9531229913355769 0.305871808749224
-1.0009640137981013 -0.008487819578351319
0.9549468874874445 0.30012904237684507
0.8644474347089958 0.5047094536711558
-0.5349534120264354 0.8460649188810956
0.5189801431964751 -0.8559559632175981
-1.0008112442181984 0.019438452778487693
0.9918454379904722 0.13506897177919305
0.9636228493087236 -0.2709834022410542
1.0008750096004215 0.015818190710574616
0.7333472384816223 -0.6813243191104943
0.991617159768115 -0.13673481068629384
0.8695525365200503 0.4958622653837924
0.7580245823270271 0.653758160628176
0.945692493436686 -0.32812605482878604
0.7249381819156698 -0.6902649001657287
-0.6216467111174531 -0.7845740032379699
0.8969789367252815 0.44433071812691904
0.5265724656040545 -0.851306312949497
0.06856810690206294 -0.9986487944797546
-0.2883941226808988 -0.9585561172947126
-0.2339966123004835 -0.9732659376716608
0.9591461559009272 0.28642564763036554
0.4939569508394659 -0.8706362792333991
-0.027006594086783072 -1.0006356199315671
0.5887310167126634 0.8095658033541645
-0.9954840737324601 -0.1049402636980966
-0.043565356910342225 -1.0000515285110434
0.7068422297773156 0.7087842141325049
0.8291494831068231 0.5608138146155888
-0.6504108130821169 -0.7608986622578985
-0.43359180954418086 0.9022190103828465
-0.11687639232568285 -0.9941533628756345
0.8594757211930997 0.5131300855334845
-0.6454909193104033 -0.7650767759433105
-0.9562748866665425 -0.2958704803303153
-0.9293148111861533 0.37198787844504283
-0.8434467110925975 0.5390720225972411
-0.1645922713110921 0.9873755031519953
0.5324935363502847 -0.8476152628080549
-0.4840225462144339 0.8761981366997399
-0.8806064334786733 0.47595515473200944
-0.9158293757459542 -0.4040514255893374
0.8316866115028516 0.5570443252084208
0.573709333265268 0.8202795870459789
-0.12171741446883062 0.9935722777005319
-1.0008609797608143 0.016682301766333587
-0.8663432544384656 0.501448268008743
-0.39960231496878856 0.917779379737628
1.0003505251184386 0.036053112143949344
-0.8819288585265359 -0.47350025184584793
0.9546550816336723 0.3010559335256599
0.7144321001592365 -0.7011332072167619
-0.9283856289855619 0.3743008467704591
-0.5355392443062544 -0.8456942224042244
0.7632225685131774 0.6476822607669197
0.18236999471938378 -0.9842470142327342
-0.9767854950919911 -0.21884034495013424
-0.40693867682458895 -0.914550115250254
0.47652356410556956 0.880298979240647
-0.9741879142533908 0.23012802463547985
0.733251498388021 -0.6814273549775662
0.5051424188671199 0.8641945016378403
-0.30466751339474085 0.9535086293693756
-0.9738357065509011 0.23161393880012332
0.8673975542078456 -0.49962234032741937
-0.6954166564357119 -0.7199976902405834
-0.32007121497965246 0.9484489534716399
0.4537045048248751 0.892274185607549
-0.6743107529287077 -0.7398013304156186
0.2985237370483972 0.955449935066542
0.6352714402424676 -0.7735833485877658
-0.8955856086562499 0.4471324385099054
0.45797753207486813 0.8900885237517744
-0.5976551347493058 -0.8030002116486578
0.3612719463304729 0.9335328493387857
-0.8366795719640681 0.5495164181878682
-0.38278412493630665 0.9249201661207015
-0.1290460195140734 0.9926470293349865
0.9507434618874347 0.31318983010036583
-0.9996084108711256 -0.05276385993938426
-0.5402854955559016 0.8426699136031343
-0.6452028706980254 -0.7653197081240147
0.6692018532897427 0.74442587243699
0.5768569720112573 0.8180690886728356
-0.9360546909003096 -0.35468664429821134
-0.6056650259830142 -0.7969760826404985
-0.9121469061595644 -0.4122972490613234
0.9054834812143605 0.42673254533480687
-0.7832007347933845 -0.6233759772553822
0.631613117153948 0.7765731583302845
0.9430301776781024 -0.33570088470006554
0.7572938123372166 0.6546045232014248
-0.16048744344245114 0.9880510009596195
0.9147575608969398 0.4064721451488176
-0.9290810119327622 -0.3725714337761211
-0.0069432044334728086 1.0009759197464216
0.5474459492975383 -0.838035758543582
0.8178727283139363 0.5771353396564086
-0.984130276597161 0.18299890350708492
-0.6745629273614118 -0.7395714009002801
-0.6913686597767934 0.723885609940162
-1.0005322156485916 0.030598781827386814
0.1832691099828799 0.9840799933572896
-0.7608720966790616 -0.650441890175601
0.6911354253480778 -0.7241082956498507
0.7522463546201571 0.6603986840997527
-0.8968216643630881 0.4446480656980537
-0.27700755558020235 -0.9619084229548471
0.28830061394793577 -0.9585842456441913
0.8665369675735972 -0.501113444070656
0.604661275251089 0.797737890670693
-0.5331922848133789 0.8471758893025041
0.566768797457229 -0.8250903770065959
0.9686159690965166 0.25255515122684824
0.9390821385792807 0.346591599727063
-0.8428927286742287 0.539937818594061
-0.9549227371296758 -0.30020587288187445
-0.08518701119495449 -0.9973686244933067
0.6170847349161516 -0.788167133248693
-0.9761665970330627 -0.22158468998757583
-0.10371257401171642 0.9956127269133638
-0.5184809411438418 0.8562584385981816
0.9966368598050099 -0.09335935774205426
0.9565413422540818 -0.2950078991463777
0.23949524450762913 -0.9719274807609006
0.9827895995642656 0.19006736434304147
0.5088777543589762 -0.8620002500687372
-0.40465173493813433 0.9155642923419185
0.9799015880987968 -0.2044355097370705
-0.23720338299071883 0.9724893598892269
0.9753562702184053 0.2251247346375808
0.8850497659924919 -0.4676407934693415
-0.7064279482682486 0.7091971192168738
0.6607109098447549 -0.7519721361939657
0.5365395778667976 0.8450599276870953
-0.9033704683898244 -0.4311876584981871
0.767554300595606 -0.6425429134596304
0.6400853369659547 -0.7696049385244226
-0.9988271057893503 -0.06591974469360505
-0.20174672799035342 0.9804586976233045
0.678182340477136 0.736253837385554
0.6533475579510012 0.7583785126963074
-0.636123301805245 0.7728830085468261
0.8312336483162331 0.5577200210740911
0.6128839990199629 0.7914380605867387
-0.5926429215738774 -0.8067064940288872
0.9161127368293063 0.4034085440581523
0.09756703016900135 0.9962337449735384
0.9987227407038389 -0.06748249551559758
0.09710398183022789 0.9962789853814616
0.5962707993749148 -0.8040286896702132
0.8585790783170053 -0.514628959811165
0.01607228899718852 -1.0008709614762488
-1.0006294475197264 -0.02723433047400423
-0.22510411947747982 0.9753610282322482
0.3166581901825909 0.9495939082525151
0.5436027079584499 0.8405338160361189
-0.1445186657876598 -0.99051267293203
-0.04691386373099381 0.999900039698884
0.8802099628146689 0.47668797064935375
0.7760687407089916 0.6322327970726921
0.9286480155086253 -0.37364938550985477
0.5969002693314032 0.8035614901624507
-0.1904255005372753 -0.9827202698352814
-0.6745234598925158 -0.7396073972416917
-0.4327863411117564 -0.9026056630373523
0.9903911070391567 0.1453494241397388
0.839907051897636 -0.5445706053145191
-0.6988758206316622 -0.7166404868108003
0.9850646516778951 -0.17790062398627793
-0.9820400545553862 0.19390289128544183
-0.8717692605800546 -0.4919546283019451
0.989272639601338 0.1527764528198018
0.9471780178065125 -0.3238129129360439
-0.5762860799456972 -0.8184713520098438
0.8282071831952632 0.5622044661008732
-0.9758882202031472 0.22280749913037826
0.7357397403115323 -0.6787400345686992
0.043777554002051994 1.0000422619897609
-0.8725399005604594 -0.4905865081001959
-0.5768258938701466 -0.8180910023713172
0.6163203338994886 0.7887650131832818
0.2965176988762553 0.9560743978651088
0.7331541687463737 0.6815320717690502
-0.5226867968784141 0.8536975532171704
0.7949199525307555 0.6083611337589716
-0.5706727019403173 0.8223950797883811
0.9304102507616224 -0.3692394416604149
0.908334244164179 -0.42063036133723103
-0.44023627734492804 0.8989955617851957
0.9617238396339243 -0.277647719745331
0.19200809101847857 -0.9824122825898706
0.2728601350470946 -0.9630931142428967
0.9838663200054997 0.18441275541251392
0.6389953583213023 -0.77051017647
-0.9951574916793345 -0.10799336440029676
-0.9701710380637868 0.24651400954557162
0.8055777533433255 -0.5941763065945328
-0.9318709266531626 0.36553737983765205
-0.9880249085605327 0.16064800049783096
-0.20511879635415467 -0.9797587863256051
0.382069501935116 0.9252155941676796
0.6269059776469659 -0.7803780463278692
0.9139560015328414 0.40827126676035
-0.5158111776070586 -0.8578693543049661
0.35949846084762377 -0.934217242748275
0.6804723206316112 0.7341378759158457
0.9411134221584357 0.3410374270270607
-0.05178215359885715 -0.9996597463980754
0.5626986478302798 0.8278715067750398
-0.04510561562012248 0.9999832415793426
0.9038733821159947 -0.4301324320510987
-0.9725453854154459 0.23697357090427149
-0.32936402227308953 0.9452620487632474
-0.9942924870815578 -0.11568686240524557
-1.0003080376335667 -0.03721330199919326
0.9976597444351328 -0.08170700296562972
0.9801928254527555 0.20303454122622586
-0.9663333949313838 0.2611527710754495
-0.9759381037489949 -0.22258889830990214
-0.903310310215303 0.4313136717734939
-0.07562280749880976 0.9981393645107871
-0.8257529214702279 0.5658030688175734
-0.9625417407279904 0.2747988307040812
-0.7140816782921781 -0.7014900973837237
-1.0009116496100219 0.013299235878221823
0.7424359802634368 0.6714088286657167
-0.9567881234879061 0.2942065375760562
0.48160074060222136 0.8775316100582314
0.33853197997002177 0.94201756806207
-0.8892311799245808 0.4596399772103574
-0.392931997926167 -0.9206549000606854
-0.08732295325100535 -0.9971838856677954
-0.8202519111450476 -0.5737489017531073
0.9825283003088888 -0.1914135290206155
-0.8475201693698262 0.5326448746691749
-0.7569374115433696 -0.655016606664307
-0.062356651486988796 -0.9990558783247964
-0.9216491469437768 0.3905942267082408
-0.6797364006907503 -0.7348193149176087
-0.395535365438596 -0.9195394361784361
0.9486611097957645 -0.3194418550551391
-0.7674643801700489 -0.6426503132888077
-0.1587831683075381 -0.9883263152735638
-0.9826311951766339 -0.1908846098189686
-0.8557231324953264 0.5193639576562722
-0.9658802766132869 0.2628236885241518
-0.8318195397006185 -0.5568458075376443
-0.20308487164011235 -0.9801823987967337
-0.2216706512841367 -0.9761470802902945
-0.8234101040835565 0.5692071683430441
-0.29894186852583415 -0.9553191923343123
0.8945100189685181 -0.44928034228635155
-0.6635266083916765 0.7494887857441489
0.7046382523844495 -0.7109753394292861
0.8863975586030793 -0.4650810339096839
-0.9993068140168943 -0.05819700558795351
0.48723771322868714 0.8744143244524759
-0.5117721147153175 -0.8602850124230992
-0.8295083462419696 -0.5602828781204302
0.9281368945185856 -0.3749171975695378
-0.8627122927518228 0.5076696760048734
-0.20542082047703566 -0.9796955070400912
-0.2959523871060106 0.956249540949565
-0.5474967675857498 0.8380025593535829
0.9210485251243794 0.39200843660080253
0.8469452156030728 0.5335586207410247
-0.9440904523733452 -0.33270740559460416
0.04410256795004066 1.0000279813586277
0.9169935661389294 -0.40140229154778
0.19218625363101596 0.9823774447305246
0.1813024525738192 0.9844442191870081
0.994544436078103 -0.1135005051358289
-0.9373744915192904 -0.35118380180320335
0.552460131652528 -0.8347387632873362
0.7890043288878358 0.616013935715951
-0.012624207041943461 -1.0009203911383573
0.9917965507484171 0.13542747846557077
0.9876929894209443 0.16267623873423692
0.884355254411959 -0.46895285903165096
-0.9965834577418501 0.09392769429352633
-0.23229336473191725 -0.9736738636224783
-0.4641458718698004 -0.8868875969513965
0.3585555503182038 -0.934579540400928
-0.952735128629063 0.30707779906102456
-0.37073513130312363 0.9298152840310034
0.7808249786730594 -0.6263492258159311
-0.6161393402408873 0.788906403451971
0.022851546562636764 -1.0007391302530824
-0.8303519896591103 0.5590318177609902
0.7327386844788368 -0.6819787535313865
-0.9882346554494642 0.15935264594188195
-0.7219143741350158 0.6934267347148136
0.8545882489706795 0.5212292439236577
-0.18034686388959764 0.9846197279585591
0.28745463158967993 -0.9588382735256459
0.24583586722383993 -0.970343097252875
0.13313385893388693 0.9921070383811275
-0.9086531040394031 -0.41994111077573454
-0.5591662833310321 -0.8302614453205447
0.9755211335730382 0.2244092644085235
0.7594597696566475 0.652090375847606
-0.9072306864526664 0.42300529731744946
-0.35033065736278207 -0.9376936762673411
0.9886765096976817 0.15658786406362993
0.9680546529434786 -0.2546982310784296
-0.9988177003477458 -0.06606210314575887
-0.2944488778033436 0.9567135717446218
0.9164841811553022 -0.40256396472125416
0.9301436398998593 -0.3699105420961139
0.9560880317231484 0.2964737350858522
-0.35723508632764045 -0.9350850726519396
-0.1381083977640669 0.9914267852277556
-0.075966193356457 -0.998113288894066
0.5526842638686437 -0.8345903812481759
-0.5801018997415324 0.8157712828460347
-0.8864140239685926 -0.4650496512328628
0.9972939628380306 -0.08605667717740889
0.5928738798411901 -0.8065367707687321
-0.45047554730889594 -0.8939087096995704
0.9933940936125902 -0.12316320382167842
-0.4580937743516088 -0.8900287039754938
0.8398286415980443 -0.5446915207267171
-0.8461643987809011 -0.5347960454563553
0.4752987908994858 -0.8809608727801064
-0.566167717458189 -0.8255029471226523
0.8363710320227963 -0.5499859059949833
0.9707221131241782 -0.2443349731244594
-0.9960989290853746 0.09893393490087146
0.9768127415542128 -0.2187186959026194
0.9098892515860151 -0.4172559764080574
-0.33252677995133595 0.9441540873264257
0.01584865957445376 -1.0008745275955888
-0.41481359444783533 -0.9110053138490833
-0.8428231788369165 0.5400463769114972
-0.963839513729023 -0.2702117535833713
0.4272021512894943 0.9052620183867365
0.7152706221340392 0.7002777571164063
-0.01755451903935419 1.0008460615206
-0.9033992776773705 0.43112729569351715
0.9945235083382089 -0.11368373394052718
0.6872255589504297 -0.7278200540829234
-0.07475828469074638 0.9982044875024843
0.4811126670446472 -0.8777992946050859
-0.6996702480225242 -0.7158648923030794
0.7735927744361861 -0.6352599620156493
-0.9588389466081781 0.28745238643524834
-0.41787779391503505 -0.9096038419843573
0.7253525704512701 0.6898294343819602
0.8284002121212679 0.5619200019197023
-0.985831024715251 0.17360354463224026
-0.9771513244636019 0.2172010338350825
-0.8391022913481488 0.5458098063009552
0.39502189007540905 0.9197601352316003
-0.006060246341320107 1.0009816548839856
-0.44891300645694715 -0.8946944241660305
-0.87669622984151 0.4831197787109139
-0.5035024918502117 -0.8651509930067858
-1.0006253011101367 -0.02738625162829873
0.6569047932158417 -0.755299339765402
-0.7514745518622764 -0.6612767937130342
-0.7363187143553185 -0.6781119014514722
-0.6973581096395323 0.7181174464667867
0.17505229539163938 0.9855748037963016
0.008868224682601216 1.0009607158080576
-0.9584066717690993 -0.28889037974373266
0.7383169549772622 0.6759357025583894
-0.9972346089152108 -0.08674177068590748
-0.009938299524145692 -1.0009506632210043
-0.5769192890020749 0.8180251426315333
0.8521551964404044 0.525197602031479
-0.5436531258858024 0.8405012068489824
0.463772522202183 0.8870828865727406
0.6408836988935132 0.7689402346688389
0.7510722979560847 -0.6617336346619888
0.805009856078114 -0.5949454862565933
0.9939284997090586 0.11877347122190147
-0.15891484143741247 -0.9883051518488215
-0.9896486049942428 -0.15032178362748758
-0.912393456574785 0.41175135749565667
-0.7434350069974197 -0.6703024618563969
-0.9263686385350206 0.379265270673143
0.264400278641042 -0.9654498913224546
0.9400053968566526 -0.34407972023989875
0.9391227789522856 0.3464814656701518
0.9157285853354871 -0.40427980162193045
0.7360927358741319 -0.6783571951364085
-0.65813988421975 -0.7542233706265101
-0.9839474285977888 -0.18397950362961424
0.88405055600056 0.46952701140094233
0.9846275607681094 0.1803040947284418
1.0007581891495507 -0.022001064749504484
0.056278719140637944 0.9994166827564414
0.1893168867457956 -0.9829344415539012
0.9593300197363076 -0.2858092252407813
-0.09940707989344488 -0.996051822179478
-0.705876385896682 -0.709746100963886
0.9912849806881108 -0.1391225612982016
-0.7411436631743897 -0.6728350990669606
-0.9816869309848218 -0.19568282891864017
-0.24985923999289789 0.9693148921739372
-0.5182443457527651 -0.8564016569900413
-0.9579760693800717 -0.2903150883008114
-0.9383244050509828 -0.34863779325500416
0.9017653425259547 0.4345345406513128
-0.993946380589594 0.11862374346161085
0.13656027603496 -0.9916412108264034
-0.6927020073453939 0.7226098041264467
0.9821471467315953 -0.19335972219411737
0.6084118417099054 -0.7948811426038241
0.9035898049411507 0.4307278310098075
-0.8690061628981235 -0.4968191711730538
-0.9997481860926207 -0.05004562323035466
-0.4485069712513818 0.8948980370628332
0.31460749957928247 -0.9502752870660542
-1.0009796869064385 -0.006377021302192525
-0.8768939721677839 0.48276077054355376
-0.49456382592363257 0.8702916879344412
-0.30477066909424005 -0.9534756626468498
0.4909290492807426 0.8723472178968109
-0.8767909874347878 0.4829477863632152
0.2606173095700708 -0.96647794488672
0.7646664878636112 0.6459769054218035
-0.5206555132457701 -0.8549379138433291
0.2859297101142703 -0.9592941159383651
0.5714499077309251 0.8218552201904646
0.5326411480146173 0.8475225114660203
-0.9853289817395471 -0.1764307165549897
