1000
0.946290101437972 -0.3263985966889451
-0.9654801553107175 0.264289745735987
-0.9588756130281996 0.28733005192599376
-0.4721396277400991 -0.8826580152683374
-0.8190672085552476 -0.5754388828272856
-0.7955661002817337 -0.6075159093246155
-0.5318417082938104 0.8480244084453711
-0.48844738563749457 0.8737391781669726
-0.4155040178927436 0.9106906231618872
0.7256632290915974 -0.6895026308465804
0.6917611366888912 0.7235105595406975
-1.0009850004736882 0.005479856447982844
-0.28466205155055646 0.9596710459355478
-0.3578999829152804 0.9348307880195442
1.0005778429020782 -0.02906854474211379
0.14428289098596705 -0.9905470445005282
0.8202779928639643 0.5737116125921334
-0.48200835441271206 -0.8773077830934531
-0.7626423285318819 0.6483653898315896
-0.5561610645470316 -0.8322775199907255
0.8279353504585665 0.5626047062201406
-0.5879169908023101 -0.8101571526105021
-0.9958383785573158 -0.10152302099689622
-0.6609790071506036 -0.7517364911364901
-0.9682344990543282 0.2540136902629739
-0.2369129238703585 0.9725601608657418
-0.9525614775663948 0.3076160455121396
0.662632404715504 -0.750279478741721
0.18976895925363976 0.9828472628561319
-0.13468536952582746 0.9918976011845635
0.9547789938290694 -0.30066272290184215
-0.29280440506745614 0.9572181467006845
0.12420915863947596 0.993263854627799
-0.36697473521878987 0.9313058271647928
-0.9886578161850664 0.15670584703888804
-0.7159153644944798 0.6996186038698057
-0.9704056421405842 0.24558886314676504
-0.5916420443913564 -0.8074408283635502
-0.917042128202673 -0.40129133444607584
0.9226325623241279 0.3882655726937609
-0.846178910035269 0.5347730847859903
0.9380155932654671 -0.3494678050848657
0.8250395214528158 -0.5668428248120537
-0.09640949187515724 0.9963464306537029
0.8630161014695252 -0.5071530425861035
-0.986773111932509 -0.16816606544434548
0.9953536314471033 -0.10617037423435988
0.5685639848801447 -0.8238543530850647
0.07906453214409846 -0.9978726370418396
0.7961385758618142 -0.6067654967322402
0.6065129568608284 -0.79633098216755
0.779837833016309 -0.6275778471205206
0.5734486637181416 -0.8204618395025315
0.23429186303740618 -0.9731949048954486
-0.41578145088754315 0.9105639928625827
1.0004457490556684 0.033306203572946676
0.11463745522589922 -0.9944140253734004
-0.5919934305346202 -0.8071832370681715
0.837728131297426 -0.54791657944702
-0.32025420468227644 -0.9483871806300012
-0.8915021779836624 0.45521958069747653
0.22688010613072404 0.9749494435313615
-0.7481436243693967 0.6650429439633376
0.7906181807456734 -0.6139412775456639
-0.7235762600850801 -0.6916924141851554
-0.9885242732372835 -0.15754606063212223
-0.9881755644398493 -0.15971867093106346
-0.7787275696584885 -0.6289549842824873
0.9331333415789483 0.36230259015594374
-0.6064570806672949 0.7963735362934294
-0.887724926043798 0.4625423825775681
0.9888413031001104 0.15554381145926552
-0.9023634664848782 -0.43329109655449205
-0.9882881390035516 0.1590206096859666
0.2509526530276953 -0.9690323864238806
-0.9936232322181469 0.12130075183758199
-0.14061103908108152 -0.9910749394917312
0.8634970230675129 -0.5063337744547002
0.09596680812139105 -0.9963891668113378
-0.9582916986532171 -0.28927153384377763
-0.20090209820398103 -0.9806321160033654
0.12016512900901112 -0.993761209632499
-0.960752183369032 -0.2809915339501139
-1.0009527014269088 0.009730853311680025
0.5660008038056591 0.8256173993390328
0.592376194118483 -0.8069023761532131
-0.9231888643651792 -0.38694097833149
0.7212616052203802 0.6941056813158355
-0.9982543958903045 0.07408887288711523
-0.8397526446176035 -0.5448086782144177
0.9768711949463097 0.21845747523069337
-0.2599320203189787 0.9666624771929931
0.6356090627283437 0.7733059675041932
-0.9963303738731313 -0.09657528720033137
-0.7349793614828166 -0.6795633437688581
0.4867864015762177 -0.8746656499717348
-0.8810772540074275 0.47508301639895656
-0.9027077739651773 0.4325733172802437
0.9794773234041462 -0.2064586470386979
0.35610983688040154 0.9355141816546737
-0.7804700507030112 -0.6267914325799604
-0.9915788120255858 0.13701262548366866
0.18716767497860298 0.9833459520652456
-0.924456008240525 0.38390374943206057
0.7316199366409625 0.6831787967358721
0.7450030433066368 -0.6685592460387109
-0.6528861262950825 0.7587757943499527
-0.7525132498059068 0.6600945453997881
0.9683581155054858 -0.2535420283398083
-0.6598089818405513 -0.7527636464937285
0.7458795806441988 -0.6675811944460645
-0.885883793986936 -0.4660589056667752
0.6837880297116508 -0.7310505662558908
0.9810008786257709 -0.19909363660214172
0.480686202543085 -0.8780329006846544
0.7101414573908114 0.7054786392902727
0.6872220943854406 -0.7278233253946239
-0.30942509624438436 0.9519753724830036
0.0627174042990721 -0.9990332963410111
-0.8807978408587199 -0.4756008447623037
-0.8754559841182621 0.48536359553588815
1.0006953177671727 0.024695768845231274
0.5892936973860734 0.8091563126003845
0.24513364627058462 0.9705207341762915
0.4885197417770478 -0.8736987249012594
-0.9890841674277108 0.15399191454044656
-0.7642992142662309 0.6464114100725808
0.13036701622384778 -0.9924744032371268
-0.9842662629922138 -0.18226607894872335
0.5141196201882514 -0.8588841692204415
0.85875139023821 0.5143413747346616
0.8795942574675787 0.47782312860519727
-0.6197957713482312 -0.7860370231858365
-0.6149380682385455 -0.789843131407146
0.42635421763343023 -0.9056616813723465
-0.8973893168723625 0.4435013122453582
-0.853349033419687 0.523255604042313
0.8747958610008939 -0.4865523626247279
-0.8433160148626204 0.5392764588559643
-0.9111913194103118 0.41440484967154423
0.7517846441417295 -0.6609242383455861
-1.0004069949179228 0.03445060985369148
-0.661534521884698 0.7512476797666559
-0.9991517854927006 0.06080057192780725
0.7145760652669745 0.7009864812873131
1.0009439654943304 0.010591408805475348
0.7144045469261421 0.7011612819681743
-0.4379653838356584 -0.9001040620737606
0.9353857734557413 -0.3564469873860696
1.0007091808363653 0.024127482044566925
0.7407833397375728 0.6732317903718212
-0.909687002777217 0.4176967284743845
0.015570123237784088 1.0008788993991034
0.9245382997141386 0.3837055281875538
1.0009836062960895 -0.005728867817926131
0.9805130971761601 0.20148217356881487
-0.841126878637671 0.5426845990381969
-1.0004139699451677 0.03424746324253905
-0.11749293178190094 -0.9940806863536247
0.5903096801902252 0.8084154139263514
-0.982666363867755 0.19070348010176685
0.8611207090894661 0.5103646974245524
-0.9657352233475724 0.2633561815978775
0.22703305009155517 0.9749138393551122
-0.47125511096195094 -0.8831305794684268
0.49533102947048435 0.8698552587894782
0.9753862610612538 0.2249947593455177
0.6839576583629463 0.7308918672188623
-0.463801132270715 -0.8870679284611764
-0.8483093912565314 0.5313870309915111
-0.8045407025103586 -0.5955797662816785
-0.08998743170649105 0.996946970573094
0.27427042413355585 -0.9626924402142146
-0.8592742459071147 0.5134673994722152
0.85465145445331 0.5211256004082334
0.9865390799332402 -0.16953360659313513
-0.9994043608789059 -0.0564971101581795
0.8650802633375956 0.5036240045745993
0.9866411072208061 -0.16893882189154075
0.9800217742862346 0.20385858315229374
0.2970187815994287 0.955918847694296
1.0003947135114224 0.03480541880798226
-0.11273895061239395 -0.9946310517045083
0.9049727813347908 -0.42781452177687124
0.9938742839901212 -0.11922628746683278
0.513789898062381 0.8590814516965479
-0.3947313289810813 0.9198848721013023
0.5387222719285907 -0.8436701450970621
-0.5560067347352976 -0.8323806286363182
0.7582226869482479 0.6535283903526908
-0.7457841154021161 0.6676878411457583
1.0009861088753484 0.005273503445427212
-0.26940251131381043 0.9640660179146511
0.9155707602965862 0.40463710023912913
-0.8275754922128958 -0.5631339136374076
0.4823527462041497 -0.8771184801549419
0.4452860796381839 0.8965050514528387
-0.9890195112182644 0.15440662689659826
-0.17389105960117165 -0.9857803504791429
0.7428622814666819 0.6709371287789314
-0.3833581148455743 -0.9246824080634645
0.8430867768818335 0.5396347715325631
-0.9902378804526115 -0.14638968582765485
-0.6630308356426494 0.7499274038112022
-0.11695447124010126 -0.9941441805175687
-0.7743812825634903 0.6342985331965729
0.9697587561287994 -0.24813092292482206
0.9714518023591613 -0.24141747180586823
-1.000926367663477 0.01214110851602432
-0.4188241398371058 -0.9091684881746114
-0.8880758721321501 -0.46186821208730205
0.8278775823247981 0.5626897090617947
0.6588651323072432 0.753589900031681
-0.8875753967257181 0.46282925050949864
-0.9080048494652929 -0.42134094667799715
-0.9986736634842764 -0.06820494016487556
-0.9976225757473522 0.08215957862123159
0.9976101950153102 -0.08230977342645641
-0.6337740443310163 -0.7748105966830261
-0.43700468217807115 -0.9005708788065728
-0.35907690035635204 -0.9343793553105048
0.9577922322766482 -0.290921019849916
-0.9849228983893799 0.1786837547967453
0.04887027321099326 -0.9998063294439993
-0.6411436150741537 0.7687235295277784
0.3630052334121093 -0.9328602256047902
-0.9733316815021074 -0.23372299370040642
0.7840306733133945 0.6223318273266644
0.15038262093443333 -0.9896393622531849
0.9574509083171031 0.2920423910372502
0.7600564150981478 -0.6513948463629046
0.7755326015891874 0.6328903411115601
-0.1794094559913855 0.9847909661958091
0.6525425898464609 -0.7590712538599216
-0.7627065619201601 -0.6482898274721954
0.4012010151061099 0.9170816460260378
0.9916019531463499 -0.1368450456404764
0.2514327817856933 0.9689079193832136
0.5398078115301128 -0.8429759940894345
0.7123839778207596 -0.703214098368535
0.9527157177794975 0.3071380163638116
-0.6600458365531185 0.7525559737646721
0.40882396402395893 -0.9137089068405412
-0.1773980791785599 -0.9851552778642347
-0.30748339070124847 -0.952604306332311
-0.26012037458229004 0.9666118097391367
0.9825838689458922 -0.1911280735196208
-0.21877343757923873 0.9768004827034859
-0.9377655298728813 0.35013827408930054
-0.7328762117434711 0.6818309601804093
0.9652457254235215 -0.26514465778442486
-0.3791406048618128 0.9264196682632654
0.043378103155309385 1.0000596683031704
0.9553059632752143 -0.29898414093529246
-0.9979581601513025 -0.07797762876253293
-0.4946686221916733 0.870232126630011
0.9528021163545911 0.30686988622250344
-0.3651019420772872 -0.932041614892486
0.4075103642849655 0.9142955227935521
-0.23430641678832795 -0.9731914010367202
0.9868343154355741 -0.16780653705622392
0.9662605259073074 -0.26142225627006926
-0.40680373347597915 -0.9146101477842921
0.7956807122834658 0.6073657910189514
-0.8241667470144635 0.5681110570263508
0.9666447267817109 -0.2599980234253935
-0.24314914326141565 -0.9710198216984243
0.45813527100608825 0.8900073446102442
-0.18527765615329425 0.9837038121967109
0.4039731205207536 -0.9158639188748101
-0.9990954136774527 0.061719967341856745
-0.8827442781016479 -0.47197832522140315
0.5814342473065358 0.8148221990465664
-0.965906159141692 -0.2627285514216992
0.9824409827489513 -0.19186118788143322
0.7923190477293874 0.6117446580111645
-0.6816255706105679 0.7330672421339107
-0.47347061066414 0.8819447719882046
0.6922942574608163 0.7230004571829654
-0.9252927362355491 0.38188264201156163
-0.1596108501721352 -0.9881929854574603
-0.9946118604180803 0.11290813573735616
0.5575679191755988 0.8313356816029208
0.2982971722169137 -0.95552069420154
0.9235694274263457 -0.38603175092649045
-0.994893982660135 -0.11039457987897382
0.8348290512242807 -0.5523236870096802
-0.9575393020772102 0.2917524378261288
-1.0002036571982558 0.03992047253269817
-0.14676485916790855 0.9901823448806911
0.09876667181499117 0.9961155277067967
-0.9025207728525855 -0.4329633409072549
0.19474724851110706 -0.9818729598055714
0.6215604448636178 -0.7846423474303063
-0.7556888620763496 0.656456657924765
0.9944065363729775 0.11470239935894232
-0.5154836239602957 -0.8580662173916186
-0.6546731847356284 -0.7572344558907167
0.1091916132611217 -0.9950267290849194
0.9929849517647164 0.12641948255242927
-1.0007019706578029 0.024424699007156
-0.6494276096834727 0.7617379994334081
0.3285605499656196 -0.9455416252108045
-0.334014465579757 0.9436288130316228
0.5157147720233012 -0.8579273127234932
-0.9294629724712483 -0.37161752219844446
0.8921231435424403 -0.4540014281430781
-0.35678077580877726 -0.9352585086559154
0.2417752619108772 -0.971362817245918
0.07457902827965308 -0.9982178963236747
-0.8827643530833394 0.471940776925827
-0.6050040072658703 0.7974779941742836
-0.6427930726381634 -0.767344815430709
0.1466877650239767 -0.9901937687100796
-0.16917034842678624 0.9866014358458839
0.3492421626099231 -0.938099627894364
-0.9731191916950414 0.23460613537328795
0.0389377191671645 -1.0002423976347228
-0.07456275375539796 0.9982191120953414
-0.9986857566548607 0.06802763743294557
-0.9995469823488536 0.05391502645181946
-0.6554716920158916 -0.7565433635726535
0.26574609774307206 0.9650803135150616
-0.8743850961281996 0.48729016373089173
-0.43860354276315716 0.8997932719661819
1.000969994108878 -0.007750541508322819
0.8247068518834002 -0.5673267210845715
-0.7796774261801953 -0.6277771189721923
-0.20538669927955977 -0.9797026608920931
0.8485067533999125 -0.5310718307674961
-0.918770520706119 -0.39731817260403157
0.9594836576006263 0.28529302619819547
0.7901907993022463 -0.6144912535570192
-0.8815260382389069 -0.47424976953796955
0.9497191032241883 0.3162825081648423
0.7292849951971732 0.685670763399067
-0.2210376523500978 0.9762906105476777
0.3473550994382067 0.9387999972807166
0.81406791802521 0.5824898495614322
0.9883520315911193 0.15862301740197454
0.9742193868193437 0.229994752864803
-0.9975149506657204 0.08345611540423746
0.7316379550006153 -0.6831595002651412
0.7713535735012331 0.6379770094971117
-0.33239040767777134 -0.9442021059517951
-0.9535658502836617 -0.30448837280395025
0.44838496100123615 0.8949591760230854
0.8159217247032653 0.5798902819993182
0.23739162177280487 0.9724434265869031
-0.5516219079329379 -0.8352929250798341
0.8706934237494471 0.49385621575461175
-0.8062469533115592 0.5932679413855332
-0.9884004579825694 0.15832098616370183
0.5405435898469608 -0.8425043783122795
1.0008067310800506 -0.019669443938842252
0.279597227896246 -0.9611588787254346
0.8545518070045028 -0.5212889881297502
-0.26321290873822545 0.9657742824664377
-0.31135137705307137 -0.9513471080563373
-0.8544795106565496 -0.5214074854354735
0.952942623962649 -0.3064332805606817
0.6011870260183421 -0.8003593941144324
-0.5143696979705227 -0.8587344256577311
-0.03683968887639726 -1.0003218668626066
-0.9242783297675357 -0.3843313272713202
0.47571468914651255 0.8807363592643583
0.2571834762892905 -0.9673973638188994
0.9792250576831257 -0.20765183939825563
-0.30720457374409704 0.9526942583382706
0.9834631430864268 0.1865509211731919
-0.9184891115965362 0.39796827999051076
-0.9486089967877301 0.31959657572223177
-0.14506758980075582 0.9904324279774969
-1.0006130379085239 0.027830709072441447
-0.91442236008486 -0.4072256713136275
0.6805531904865737 0.7340629093739481
-0.7702983536759646 0.6392506912973178
-0.6509067605780612 0.7604744499546153
-0.9769247314287584 -0.2182179395073838
-0.9720857782293887 -0.23885192016009368
0.31948464739300786 0.9486466992933488
0.8484258273813541 -0.5312011063921693
-0.1855586979542952 -0.9836508372453646
-0.9354582447585855 -0.3562567505510403
0.9203747589366523 -0.3935877324209928
-0.964972698203541 0.2661366034986127
-0.28159988373825723 0.9605740499714741
-0.7669141953111063 0.6433067829817423
0.6830968826996253 0.7316964185002236
-0.1756906480571358 0.9854612098836076
-0.8443489372133772 -0.5376577649645176
-0.05222623643367795 -0.9996366441002318
0.12099962345468046 -0.9936599474286087
-1.000473568355634 -0.03245980624933662
0.5393901509601162 0.8432433012169281
0.8700208010539575 -0.49504020617868016
-0.8503136051311377 -0.5281739987247457
0.8224371951651857 -0.5706120047885623
-0.9562012928890388 0.2961082360849332
-0.9549585238670713 -0.30009201537799085
0.3418870744025383 0.9408050958389167
0.08053890149506616 -0.9977547220364172
0.7167648422323665 -0.6987482815289142
-0.709155510955937 -0.7064697171718148
-0.45584317183262496 -0.8911834843025156
0.09969632047021675 0.9960229132327729
-0.1397078508610537 0.9912026616226298
-0.9313948872213297 0.3667486387949743
0.8861962803211648 0.46546444842214474
-0.7494023046470841 -0.6636242805907864
0.9760635796423429 0.22203803389459148
-0.9460310350756103 -0.32714871339158497
0.9477411524358095 -0.32216099698697825
-0.48326498480986974 0.8766161956390701
0.339328202412191 -0.9417310502726939
0.9445764537312276 -0.33132510176039826
0.9801316439846177 0.2033296841585374
-0.645477283805109 -0.7650882799334849
0.9941299111850024 -0.11707570066969203
0.8835688750327354 -0.4704328252507327
-0.9442291775594602 0.33231349693532675
0.8282875608424966 0.5620860401696413
0.9779165639587484 -0.21372925381218946
-0.9448291749879684 0.33060373574954494
-0.9939784532139532 -0.11835469803263846
0.8214470852081626 -0.572036437828058
0.4561174690264645 0.8910431271542878
0.9175848206995937 -0.4000488680420113
-0.6522373365575467 0.7593335609600813
0.9905555707730833 -0.14422434333499684
0.9962385188106159 -0.09751827335443534
0.6119321442549889 0.7921742553425296
-0.44943416880602544 0.8944327408529034
-0.29811125340811556 -0.9555787150159019
0.8154733127543059 0.5805206940200478
0.9572811395913419 -0.2925983933358178
-0.9934861818558468 -0.12241816230237763
0.24445468493645875 0.9706919732915363
0.9279262849410531 -0.3754381569786103
-0.705737902288444 0.7098838026561155
-0.9276762295715504 0.3760555983999068
0.5649582818528969 -0.8263311320323244
0.4922854844022142 0.8715824699056753
-0.37923083086226433 0.9263827378160264
-0.7580185403990995 -0.6537651661041745
-0.33619127027015644 -0.9428554660148811
0.6686731148609502 -0.744900842704688
0.6144124589720493 0.7902520675454887
-0.7896063572462044 -0.6152420666667546
-0.4664669882232056 0.8856689838184307
-0.9641413445360234 0.26913280691188346
0.5421832672703526 -0.8414501201450062
-0.7141972888501164 0.7013723922419127
0.7454868056428497 0.6680197771117409
0.8908635939914018 0.4564680239630404
0.9809832165674317 0.19918064367055213
-0.9885789563445921 0.1572025670039681
0.5124462567995118 0.8598836164808402
-0.8874384558149021 -0.4630917696751498
-0.3776484057913613 -0.9270289540263795
-0.8018760909028096 -0.5991625278990909
0.565256154370013 0.8261273993439656
0.8198277219001932 0.5743548610431877
0.886547894809948 0.46479439562891617
0.7475969701331273 -0.6656573970502905
0.3311374311761139 -0.9446422612153685
-0.8130175662883696 0.583954995617416
0.33115773529546966 0.9446351435099033
-0.5972128662329822 0.8033291930496401
-0.9843857154178851 0.18161983173986934
0.6700146301558035 0.7436944233871744
0.3830205576284635 -0.9248222815406109
-0.6735427489999137 -0.740500618007601
-0.04151675372995196 1.0001386699651837
-0.6916279564114918 0.7236378720811008
0.8489155388168397 -0.5304181444439044
0.9428225362002299 0.33628360833226195
-0.22455945411126385 0.9754865717011441
-0.9390473778905458 0.346685768494887
0.2513474233612705 -0.9689300659849761
0.9910652642346544 0.14067921675746847
0.46594733763533686 0.8859424803848958
0.14481679377542772 0.9904691293728468
-0.5130635968198726 0.8595154132522902
0.8654996369495687 -0.5029029513138344
0.9999749297014436 0.04528951278820139
0.04377373543326975 1.000042429142993
0.1979364779117562 0.9812350129871482
0.9661172482819435 -0.2619512599170419
0.9888671911516244 -0.15537914359365176
-0.3666093975773261 0.9314497032089226
-0.037274487421153274 -1.0003057595492941
0.14282657191604756 -0.9907580786219762
-0.04172762978292803 1.0001298940201213
0.9765165737200258 -0.22003722696421507
-0.8660051557271754 0.5020319414678219
0.49248587713785696 -0.871469254087461
-0.622017313371938 0.7842802189686772
-0.9438843044833467 -0.3332917937033385
0.8105995058147728 -0.5873069394897749
-0.9693078097031137 -0.24988671442986377
-0.22838081841662367 -0.9745989953716108
0.9885777544994048 -0.15721012470230555
0.9714678221039512 0.2413530000157566
0.320243926758303 0.9483906512479036
0.9728455399680432 0.23573831967732015
-1.0003075308844491 0.03722692111707376
-0.06526764587216348 -0.9988699286705481
-0.9357580660093191 -0.35546848228569966
-0.8716452135619984 0.4921743813674764
-0.8353352637242638 0.5515577913317103
-0.5072321941514355 0.8629695830191934
-0.21889872850562292 -0.9767724129287342
0.9098608846756715 -0.4173178291628629
-0.5806751049770039 -0.815363368357903
0.15854285187173306 -0.9883648942168969
0.843241851539505 -0.5393924172735721
-0.2578194143220873 0.9672280752741909
0.9942830734403143 0.11576774105977292
-0.748121853800845 0.6650674340738593
-0.37740310601518745 0.9271288451828522
-0.9998885085547415 0.047158991297253657
-1.0008835058746326 -0.015271138402375182
-0.9921662934940492 0.13269154477313289
-0.9971668659126379 0.08751709276459782
0.4914422130640518 0.8720582269657842
0.12528860823818413 0.9931282720000165
0.6967364476543617 -0.7187206150584391
0.5870505970413976 0.8107851728499595
0.7241609666389717 0.6910802373071524
0.9042730909264782 0.4292914825922748
-0.25101493281764786 0.9690162555409232
0.9690057851369086 -0.25105534921846073
0.7514684850114466 0.6612836880149103
-0.9951822970544446 -0.10776453790296267
-0.06178161923016705 0.9990916031702493
-0.9927493589826869 0.12825642377465574
0.7037939212732705 -0.7118111521877089
1.0000309349055316 -0.04403554509675436
-0.4859241157601542 -0.8751449901146165
0.4679458030521162 0.8848885384080359
0.7698006104372851 -0.6398499981795602
0.8972683603931981 0.4437459739955979
0.08696446790380997 -0.9972152131421819
0.7530274099855743 -0.6595079376401909
-0.2372689325329041 -0.9724733691236466
-0.7598107935378806 -0.6516813316517025
0.0792457670401111 0.9978582606794536
0.9560976266415204 -0.2964427909908619
-0.9971950762351495 0.08719506828011796
-0.20901023281252304 -0.9789360155697894
-0.12226548542684215 0.9935049829131903
-0.5324514318500019 -0.8476417124710668
-0.9665957447483322 -0.26018006502116386
0.09383934678259921 -0.9965917805176877
0.9241886424704195 -0.3845469452858557
0.5916438820965448 -0.8074394818051257
-0.35625184435591467 -0.9354601132025936
-1.000910539737884 0.013382505057641823
0.5821833910043808 -0.8142871110601225
0.9984187413681758 -0.07184021773900537
-0.522789052863428 0.8536349373158059
-0.9995043493119553 0.05469968653004161
0.6929619713925831 -0.7223605098589656
0.6986459465941197 0.7168645906359209
-0.9932324904815218 -0.12445971176197335
-0.9392270698020754 -0.34619865879435097
0.9026952878460136 0.4325993727464277
0.9073123938478567 0.422830013090452
-0.19622680575515627 0.9815783416025071
0.9042520781203152 0.42933574183276585
-0.8969049482488066 -0.4444800488287473
-0.5371314155078312 -0.8446838713237951
-0.9235836422803889 0.38599774055308994
-0.7882283298695837 0.6170065639772455
0.6078792067177522 0.795288545145846
-0.5755483039886751 0.8189903233712592
0.8331123480258015 0.5549097364138927
0.6357500845026802 -0.7731900348910576
-0.5893213351590908 -0.8091361837949819
0.5180016669912468 -0.8565484650586267
-0.552378106393032 0.8347930447587882
-0.6649835603690546 0.7481964076623838
0.8900817799754717 -0.4579906385022472
-0.7765799119390512 0.6316048134496249
-0.5074731232596426 -0.862827925584878
0.9880573675721903 0.16044824207922542
-0.7151271909584748 -0.7004242291296333
-0.56861554371333 0.8238187685696376
0.9941916384139975 -0.11655035867680216
0.8521921693601857 -0.5251376071861361
0.7505886833127089 0.6622821366176911
-1.000962110760608 0.008709352540142469
0.7207768786160692 0.6946090204226234
-0.27189173491158314 0.9633669521458422
0.1990609458182367 0.9810075126368549
0.9129264183093414 0.41056833140523324
0.7386520188289469 0.6755695338600766
-0.833427335421675 -0.554436539715707
0.07529431564807096 0.9981641979309259
0.35933099958513354 -0.9342816667029
-0.9856340064876109 -0.17471864598599693
0.2770635399497269 0.9618922989766193
0.39502919855114427 -0.9197569963267693
-0.3123018223806209 0.9510355260124319
-0.9822817966261915 0.1926745235282063
-0.05025084380579301 -0.9997378919981005
-0.405325118743942 0.915266380959778
-0.9983601588712084 0.07264979820106471
-0.9199512139440854 0.3945766895836647
-0.8889095967312823 0.4602615874033255
-0.9245676837742075 0.38363471964929985
0.6975029073955837 0.7179768061537279
-0.9741558741579837 -0.2302636159785012
-0.16119770717666695 0.9879353719758118
-0.9633142344360985 0.2720784551058635
-0.7023544477382411 0.7132315400641718
-0.01901078472112874 -1.0008194592753914
0.3138697683940013 -0.9505192099522745
0.3098398690261243 0.9518404569894443
0.4908012795415405 -0.8724191102906829
0.9859972356898935 0.1726570334851398
-0.04750124475688808 -0.999872307720614
0.6792061588459124 -0.7353094544379128
-0.052731132456416314 0.9996101378386796
0.39617445555891906 -0.9192642714489637
-0.9094576717198563 -0.41819581938357325
-0.5217977529504075 -0.8542412452088142
-0.6117435592019298 -0.7923198961120155
0.4549658925282599 -0.8916316709471259
0.9894400599829244 -0.15168839013249158
-0.63525040743256 -0.7736006203828734
-0.05538207145896725 -0.9994667709138277
-0.9941624100680152 0.11679941099061894
0.2277519595093977 -0.9747461438444524
0.5333288660394568 -0.8470899129661899
-0.15131646139136276 -0.9894970078337761
-0.4602892576023493 0.8888952690479786
0.788103407316237 0.6171661197575071
-0.6131044774423371 0.7912672745287516
0.6746592233073476 -0.7394835579012737
0.766156606595414 0.6442088591211705
-0.2705201984887315 0.9637529881715633
-0.5696490500751228 0.8231044646632104
-0.6448653636209699 0.7656041162389308
-0.1619637513341302 -0.9878100744848557
-0.3066837088300185 0.9528620586098832
-0.9757065823291047 -0.22360157691675178
-0.9952412113864313 0.10721908019596504
0.9883630869268074 -0.15855411820735546
-0.3968571600001859 -0.9189697462683888
0.9906112743780133 -0.14384124260853834
-0.3572949045877861 0.9350622177992247
0.12554201120909342 -0.9930962709735526
-0.9412470265339057 -0.34066851196005915
0.6840250236043145 -0.7308288220117738
-0.9958473288642591 -0.10143518913040049
0.924280308704235 -0.3843265680922981
-0.8930835583407996 0.4521092321788349
-0.8576665548610816 0.5161483126706155
-0.8653634446542975 0.5031372662167339
0.7771372483242147 0.6309189308200126
0.7692607673465562 0.6404989241375723
-0.8719270059156078 0.49167499057308545
-0.17927352957798984 -0.9848157196108567
-0.9898026481760198 -0.14930411134238192
0.08166517142739804 -0.9976631694994728
-0.8952134549240266 0.4478770703250923
-0.9266440069327475 -0.3785919761638144
-1.0009820359145254 0.005996980607942096
-0.08354314484840904 0.9975076656090608
-0.5978191081599156 0.8028781438791837
0.9999111934307531 -0.046675531618687885
0.895495111472963 -0.4473136543053717
0.7198275595695577 0.6955927576420954
-0.8383247322083683 0.5470033303077482
0.427500723121993 -0.9051210591573776
-0.37808859614163065 -0.9268495096118091
0.9091493039430327 0.41886578177251366
-0.03648197489239378 1.0003349766492975
0.9928440867211318 -0.1275210549787038
0.6122307679766371 0.7919434870890328
-0.312765287900593 -0.9508832076992733
0.27291490650140754 0.9630775949056898
0.13066340902871448 -0.9924354253758755
-0.9243983430214794 0.3840425802162351
0.32451612034710003 0.9469373198025656
0.8050263331651868 -0.5949231907655085
0.2057516441734044 0.9796260821966414
-0.16264301465431855 -0.98769846096071
-0.9907878637183959 -0.1426198061572698
0.9796300966444942 0.2057325296308263
0.8761183801225343 0.4841668968563076
0.9832844666529437 0.18749042012603237
-0.9425118964418121 -0.3371532664318395
0.11472064387508356 -0.9944044317423804
-0.6142861996406374 -0.7903502166325148
-0.8649385554376008 -0.5038673390065248
-0.3093528790671928 0.9519988425480562
0.8361901139932009 0.5502609319768557
-0.37488618923464095 0.9281494196093262
0.3943387137985661 0.9200532478067194
0.7893647429950724 -0.6155520307141575
-0.3963880302576236 0.919172197941431
-0.514898457120566 -0.8584174851754015
0.8818961687779153 -0.47356113385162274
0.6316025924725887 0.7765817182897786
0.5797412342050375 -0.8160276351707826
0.8931208260707012 -0.45203560704748497
-0.7825107345128388 0.6242419005258919
0.5641989984944326 -0.8268497385244064
-0.08720193551814903 -0.9971944757377513
-0.5821683845429152 0.8142978398833516
0.25675217591986743 0.9675119224900608
0.9364695037111275 -0.3535899724526057
0.46234260173255604 0.8878289917676552
-0.9986683798441537 -0.06828226050339313
-1.000868665669816 0.016214625506686644
0.695316482697344 -0.7200944305362971
0.39008344222001723 0.9218654501096039
0.9557552573486147 0.2975447664646168
0.3555407978069247 -0.9357305921550366
-1.000498120233291 0.03169402798085794
0.9604835983852418 0.28190824257715025
-0.7127451720516822 -0.7028480061272265
0.4859505501760091 -0.875130311887112
-0.73574061748877 -0.6787390837260247
-0.5222479757518034 -0.8539660718220272
-0.638456366780522 -0.7709568520464785
-0.4610470224020279 -0.8885024722161576
-0.7456884678429069 -0.6677946607499181
-0.854674401507403 -0.5210879651344505
-0.5150621940925783 0.8583192507549502
-0.8921285363701338 -0.45399083095816234
-0.8192485507739866 -0.5751806777480643
-0.5927373087744591 0.8066371444378269
-0.9018248049151709 0.4344111200691274
-0.2500465235523014 -0.9692665969997153
0.7026200954556573 -0.7129698461098359
0.3205368481409623 0.948291689821153
0.08235837441253442 0.9976061839043124
-0.8883365554946164 0.46136662663435063
0.9488711838372456 -0.31881730894558424
0.9933339298426248 0.12364749824969064
0.20484252455942892 -0.9798165849444067
0.9986378758006264 -0.06872694534469476
-0.8698206440603207 0.4953918117677047
-0.8707875393207236 0.4936902483984865
-0.947887271051224 -0.32173082130729025
1.0007765721800201 0.021148346876498893
-0.7108449696371505 0.704769770309112
0.8464768193564433 -0.5343014077205854
0.9165679688421497 0.4023731582655284
0.9826531025582826 -0.19077180093656743
0.17487187848274074 -0.9856068314068839
0.6915576785782513 0.7237050346649938
0.7358348833696833 0.6786368870142003
0.9895260351216001 -0.15112652254493886
-0.5770466910379127 0.8179352763893948
0.35779535888660874 -0.9348708366181944
-0.3237695915865862 0.9471928270230171
-0.13057815901353167 0.9924466456130712
0.6443999949293076 0.7659958528184786
-0.9230635828940561 -0.38723974735916256
0.2584782663332365 -0.9670522146365027
-0.38329075161865706 0.9247103328738168
-1.0001996266905384 0.04002132891480981
0.8395010723339054 -0.5451962486575114
0.02628457627128153 1.0006548461134035
-0.08061202036589739 0.9977488171742065
-0.4625452880479326 -0.8877234121643154
0.4120252207544751 0.9122698161521218
0.7862674212390359 0.6195034643148627
0.7641394539091952 0.6466002590313098
-0.6718716728860739 0.7420171528834549
-0.8805438045589815 -0.476071011775338
1.0007563781359625 -0.02208328825583713
-0.9694496000273289 -0.24933606439272268
-0.8957118394224617 -0.4468795147670457
0.4160960150174783 -0.9104202910121096
-0.7392545954699057 -0.6749100999960114
0.9170405272336164 0.401294993005259
-0.4432063523610242 -0.8975350295263331
-0.9444874045042321 -0.33157886351946353
0.18229426541657395 -0.9842610430146221
0.8312657442521078 -0.557672181871204
-0.1697806908149868 0.9864965874377802
0.8764419046435225 -0.4835810043672463
0.866103470186413 -0.501862310729799
0.38685433093482785 0.923225176561475
-0.7723349246836011 0.6367886337820237
-0.23635776848115722 0.9726952273341366
-0.9649904045596754 0.2660723944864514
0.735583532142046 -0.6789093218106758
-0.5096081823699521 -0.8615686278304205
0.42630725772551037 0.9056837869866917
-0.6229258164993602 0.7835588217476755
0.43644975131564895 -0.9008399494785453
0.279511047340922 0.961183944109753
0.8045990374652527 0.5955009562628669
0.5820633494837104 0.8143729226759716
-0.8484325655666157 -0.5311903441197424
-0.976999188462941 -0.21788434028804093
0.9635731369764349 -0.2711601181910657
-0.6622249490417875 0.7506391389120354
0.1381241844837886 0.9914245859674292
0.8538219310073722 0.5224835979538899
0.46016183465078714 -0.8889612398360357
-0.946985078188296 -0.3243767280319395
-0.4494603574833553 -0.8944195810976717
-0.8210627897183079 -0.572587893113354
0.7144993222266066 0.7010647035315068
-0.4049147455546623 -0.9154480044395766
-0.556590800946002 0.8319901924315503
0.8237341464184519 0.5687381260512296
0.7790787824097647 0.6285198889445891
0.9917938511654739 0.13544724726017113
0.9928247522231981 0.1276714978879212
-0.1266309952451953 -0.9929580006441416
-0.9821047290521742 -0.193575053075947
0.9683549857794586 -0.2535539814636412
0.9764194948201664 0.22046761697612413
-0.53269254480151 -0.8474902080336335
-0.1284478778063017 -0.9927246056621429
0.9663959063323581 0.26092135256444643
-0.9502324723016439 -0.3147367925481636
-0.9404458798357702 0.34287395220390243
0.8039002426405184 0.5964439620639274
0.9195789289474633 0.395443540136688
0.20904197797154694 0.978929237200393
-1.000781782618284 0.0209003248627692
0.3433299105467439 0.9402795182944085
-0.09060859406041648 -0.9968907074912449
-0.6784487839573637 0.7360083202972466
0.031881709436460307 1.0004921571923535
0.6788229865502694 0.7356632061826749
0.653623423942522 0.758140765078395
-0.26389786412075367 0.9655873431816017
-0.2835132394359991 -0.96001106403234
0.8589574089849082 0.5139972466365293
-0.9780027419924724 -0.21333456507374882
-0.5911190504623487 -0.8078237853520353
-0.01322826230662895 -1.0009125901278029
0.1707144750077157 0.986335423688534
-0.8983409464724209 0.4415705423723768
-0.34910927595313157 -0.9381490891342805
0.7255443970813351 -0.6896276733599674
-0.8910487897308836 0.4561064067946508
0.7831870197185186 -0.6233932082918651
0.8407816514032583 0.5432193062323999
-0.26677534494278093 0.9647963076891723
0.4294667042285406 0.9041898860079531
0.9682113691134033 0.2541018392683316
-0.5021239857921675 -0.8659517901662812
0.8818714364080458 0.473607189184888
0.8301022124702161 -0.5594026428718873
-0.9156152894394182 0.40453632932626776
0.5732716566111024 -0.8205855273683312
0.47217236286820163 0.8826405042504334
0.5800240285096379 0.8158266521458164
0.9953230498476524 0.10645668810350813
0.9172649150268788 0.4007818305022481
-0.4166282330179494 -0.910176859435759
0.985871107139887 0.17337577716270938
0.06338107144589553 0.9989914112655675
0.7189280291637644 0.6965224252547119
0.43477052225535784 0.901651591790201
0.276123081337447 0.9621626910001829
-0.7733259685950985 0.6355847278659649
-0.9115256922550288 0.413668843834039
-0.15074097850378962 -0.98958484093064
1.000946579116588 -0.01034145805968172
0.4634871800872633 0.8872320068024805
0.11019255848930466 0.9949163784226196
-0.8977837112597241 -0.44270239190308935
-0.4849345768173259 -0.8756936999927549
0.9844590375306435 0.181221972796455
0.021432112358027 1.0007705354175216
-0.8298115024269229 0.5598337882264458
-0.7383242723657442 0.6759277097705008
0.9896129199349307 -0.15055652990774046
0.703368013946434 0.7122320106236796
0.9924012504644555 0.13092271795446808
-0.27088736088020426 0.9636498522364636
0.866501043393768 -0.5011755598565351
0.0010099477113688646 1.0009994905121682
-0.3545974548816236 0.9360884813902343
0.8660358823491646 -0.5019789343027294
-0.3653824539608696 0.9319316832995502
-0.8397826428621419 0.544762436982834
-0.6252691053510564 -0.7816901853634146
-0.6848412366902139 0.7300640249516602
0.4031250365969678 -0.9162375264464413
0.8476986650279602 -0.5323607548550269
-0.8079038345971686 0.5910096395518358
-0.17530146271437005 -0.9855305155956372
0.04164770434644528 -1.0001332254868205
0.9552049825094346 0.2993066009782455
0.967519887411275 -0.2567221600557183
0.1939259006821665 0.9820355110914322
0.24972088867661815 -0.9693505443123039
-0.8662153404312657 0.5016691977803167
0.6887396140917726 0.7263874613322535
0.0061025175264489435 1.000981398068835
-0.7999965435181756 -0.6016697851471119
0.726204666656845 0.6889323494551701
-0.7771225453734842 -0.6309370408148796
0.4740807953529788 -0.8816169233161799
-0.502806961327266 0.8655554052981481
0.7646164016686654 -0.646036189620413
-0.9846319502250698 -0.1802801225758835
-0.7641991255466278 0.6465297336656446
-0.9981194971538919 0.07588457946949333
-0.986150711515945 0.17177827038538762
0.797785140022504 0.6045989334751375
0.9843655195411234 -0.18172925999556086
0.796863779885553 -0.6058127733107885
0.09285124952343886 0.9966843258835448
0.14527384716179767 -0.9904021957421191
0.19236101452071913 0.9823432394497148
0.23562545393768933 -0.9728728824757414
-0.8185105755265616 -0.5762303686471034
-0.9243989283788072 -0.38404117124614756
0.9597564533380705 0.2843739620217159
-0.7687863870877037 -0.641068242099572
-0.8208919613448187 -0.5728327747252742
-0.7183342874236001 -0.6971347441575616
0.6535448105628765 0.7582085337071417
-0.8468061798100806 -0.5337792557185579
0.9760450242445914 -0.22211958636593712
-0.6098606630915452 -0.7937700999745082
0.9446150638198847 -0.3312150075171038
-0.8467064968172854 0.5339373635993272
0.15853736337501323 0.9883657746067995
-0.6057030434136407 -0.7969471897180223
0.3407920010619169 0.9412023225705589
-0.28036929306996766 0.9609339516862991
0.838274800864056 0.5470798463079473
-1.000787755550254 0.02061233467332246
-0.9527022690344 0.30717973008762445
0.484055049448055 0.8761801807298777
0.9871489228970437 0.16594578639786636
-0.7630910758422822 0.6478371785949524
1.0002319374549355 -0.039205500827636255
0.8542803251110944 -0.5217337693959275
0.16617157433817936 0.9871109400072369
-0.5336041125148605 -0.8469165549847447
-0.5622142681084149 0.8282005293015208
0.8993471951650805 0.43951748833089954
0.22106158526896386 0.9762851916926594
0.747928252200991 0.6652851490598378
0.7701834947415438 0.6393890712451241
0.1992015159358639 0.9809789783929387
1.000509965327678 0.03131787476839024
0.8263853505255571 0.5648789714945602
0.8050782231848702 -0.5948529688532221
-0.19825336362558252 0.9811710369813932
0.893963403142518 0.45036699905948696
0.4379652471167236 -0.9001041285973458
-0.7907052811638365 -0.6138290953837381
-0.02325477880107683 -1.000729841297297
-0.6350183811633672 0.7737910929861216
-1.0008336331501786 -0.01824934945179788
0.9582979862523409 -0.28925070362007466
0.10282922359599407 0.9957043490789046
0.6048876119469735 0.7975662837113212
-0.9328317118396051 -0.3630785003086687
-0.9561105054862173 -0.29640125050156274
-0.8117089295459465 -0.5857726638341649
-0.27691757845664366 0.961934329744868
-0.9183814582388253 -0.3982166460146142
-0.9719190480219811 0.2395294639330324
0.9895967135584519 0.1506630164118293
0.7284719997528577 -0.6865344460229746
-0.9626167768235553 0.27453586464764423
-0.807250229510488 0.5919020754780849
0.8908858309888905 -0.45642462263032424
0.977698617879807 0.2147240382349285
-0.20270334874871562 -0.9802613694347323
-0.5448902361470116 -0.8396997264210903
-0.4184783504323608 0.90932770232706
-0.9976911330894122 0.08132283169421141
0.862070449590863 0.5087588229625185
0.48192584755766926 0.8773531087628413
0.9000371781820323 -0.43810281657405997
-0.9765873202297951 0.21972302102052818
-0.9945027768394185 -0.11386495008862813
0.8601182623683729 0.5120523164095744
-0.9734777743637724 0.23311375510629173
0.3247851950990389 0.946845064962837
0.9926506860707133 -0.12901788807503475
-0.3605211082886195 0.9338230723634673
0.9946370943620508 0.11268562694069176
0.10191152624612482 0.9957986949269342
0.975427610355139 0.2248154286450619
-0.4120412728723241 -0.912262566068429
-0.26274815807743607 -0.9659008258754698
0.8606536883871949 0.5111518645818651
0.8803154515259547 0.47649313300891805
0.7151825523847424 -0.7003677011145254
