1000
-1.0005899207249351 0.028649791337255516
0.941184924626921 -0.3408400470235518
-0.4468923103491674 -0.8957054554655696
-0.4197798766558966 -0.9087276022850633
-0.9068397416084663 -0.42384275744607247
0.11545217157351727 -0.9943197655075349
-0.4479745134257618 0.8951646973160592
0.9047550535439843 -0.42827478689110565
0.999052187379398 -0.06241575836629762
-0.7853471973911752 -0.620669621900272
0.1361568230981121 -0.9916966872606913
1.0004633063476045 -0.03277457325456833
-0.24026095747887746 0.9717384793818412
0.5457450319288238 -0.8391444214943022
-0.9797516171234608 -0.20515303737445215
0.48757094408912555 0.8742285596341719
-0.9758637654245192 0.22291458303906206
0.9703477469222502 0.24581751370256907
0.04820250379034567 0.999838746312795
0.9167166722420225 -0.4020342557960855
-0.4719099383558816 -0.8827808392126258
-0.866686574321202 -0.5008546514622577
0.5673770511025524 -0.8246722269375704
0.004405103623979699 -1.0009903071768786
-0.9914033496089957 -0.13827652868098603
-0.8032863249003197 -0.5972705251627087
-0.6524008843952868 0.7591930492570698
-0.8307509474042788 0.5584387731765169
0.6642520861715486 0.7488458893635898
-0.996078839398403 0.09913599599908388
-0.9994193158151844 0.05623194088335104
-1.0003744807865043 -0.035382173352300005
-0.3855976185258766 0.9237507654054596
-0.9765451582437371 0.21991033152336067
-0.8736694827220115 -0.48857203661308024
0.2564334625555702 0.9675964444342284
-0.9810407151788164 0.19889724774726375
0.16261027529764494 -0.9877038515504655
0.07747057143296594 -0.9979976505793235
1.0004239327252618 0.03395518856553154
0.4499674423275918 -0.8941645826385461
0.9798811253238832 0.20453356749932403
-0.7950053787392064 0.608249494677744
-0.989440703955397 0.15168418953947888
-0.7987021993283867 -0.6033869378665717
0.8922646056455142 -0.4537233446851229
-0.9844785522219236 -0.18111593031819528
-0.733801305133785 0.6808352550977026
0.9664615469055408 -0.26067811253143075
-0.3562424299665992 0.9354636984359642
0.44824527957658084 -0.8950291444066573
0.685964538161849 0.7290086778526036
0.028384984375388035 -1.0005974678470904
-0.720819653320569 -0.6945646315403735
-0.9955135413416731 0.1046603506843018
-0.8469172804941141 -0.5336029610117002
0.6280070416871867 -0.7794922421623631
-0.7850936618366949 -0.6209902915053095
0.678364938282392 -0.7360855999876146
0.4586100312101577 0.889762799443435
0.29643056613926216 -0.9561014169314658
-0.8228409094401546 -0.5700296814655349
-0.7162881544493648 -0.6992369267962918
-0.7872266461025502 0.6182840833032419
0.44468742443771586 -0.8968021490534859
0.9982820207970649 0.07371571713907826
-0.06431511319759467 -0.9989317124880862
0.308574270883457 0.9522515000506656
-0.9986987049767211 0.06783728088463058
-0.4330439372075011 0.902482104225799
0.2490420693958355 -0.9695251660844291
-0.1335126384889479 -0.9920561351877824
0.19591103234925797 0.9816414148780847
-0.7827254017312948 -0.6239727121313745
0.8259681658254874 0.5654888054089844
0.9751112209067266 -0.22618379000669558
-0.7043208998167944 -0.7112897230251967
-0.18769686330412957 -0.9832450800821689
0.9485436463907458 0.31979047967653407
0.990094938576558 0.14735335966676122
-0.9666050155552406 0.2601456205732728
-0.9715636714174256 0.24096686988441515
-0.9816197282800124 0.19601966496113232
1.0009388923741527 -0.011060458073900225
-1.0005151171461775 0.031152854796480927
0.6308897752916826 -0.7771609173346342
0.7172110363806784 -0.6982902901328024
-0.6260974251833163 0.781026897218541
-0.9998469136514342 -0.048032793607090854
-0.9990863336145401 0.06186677609715748
0.890827000817413 0.45653943380025
0.9994143909145274 0.05631940369840676
-0.5696031700861571 0.8231362151113267
0.8882840056036588 -0.4614677945303647
0.8937986477924237 0.45069388414358924
-0.9992268820636772 -0.05955365783310256
-0.21621629969328457 0.9773696904175736
0.985986043047696 -0.17272093942295225
-0.9790748821141435 0.2083587656259654
-0.3975639072261469 -0.918664214863668
0.06322271239296097 0.999001445763557
0.7299961285124833 0.6849136094112789
-0.0008897010237270311 1.0009996046113547
0.9447985063275665 -0.3306913703760644
0.9968849995550934 0.09067137178868252
-0.9020256624403145 -0.43399389891922646
-0.008393466218465019 1.000964809433798
0.3690857694329986 0.9304712219096577
1.0007937066649937 0.020321336071789497
-0.993622993741247 0.1213027052817938
0.6740370992980562 -0.7400506663532318
0.8520853807000882 0.5253108641530134
-0.8059918404456848 -0.593614481911432
-0.5843666887522098 -0.8127217070293976
-0.9999363792225818 -0.046132824617976555
0.10480056543226463 -0.9954987902981488
-1.0009576087244039 -0.009212249276008055
0.7022302917979121 -0.7133537812904752
0.9849410141851243 -0.1785838698650548
-0.5924401105354424 -0.8068554489056591
-0.8885923048281001 0.4608738610512479
0.9904867452587056 -0.1446962593394036
0.544769677841241 0.839777945712288
-0.9908340773105913 -0.1422983880445212
0.4175105282444393 -0.9097724763945375
-0.0810672249134315 0.99771193490147
0.29554322865884936 -0.9563760766528526
-0.07369739150595363 -0.9982833738399224
-0.5847759903420134 0.8124272528168399
0.28557186949416 0.9594007021852811
-0.07798771544212686 0.9979573719553946
-0.7817729657868968 -0.6251656020325811
-0.027422279179948866 1.0006243144180422
0.9429736714274675 -0.335859576303256
-0.9790653846208608 0.20840338921717633
0.6226973611986253 -0.783740388366115
0.5779703173272092 -0.8172828838833499
0.7181691689695863 -0.6973048434806214
-0.011284479991346574 1.0009363918408227
0.8565492748662473 -0.5180003279208479
-0.5531322572124641 0.8342935370905402
-0.012951799858624543 1.000916205723747
0.9485430417341495 0.31979227316764175
-0.9549290948431041 0.3001856489276761
-0.7679471732697347 0.6420733128444323
-1.0008394475287032 -0.01792763984578197
0.5178223846527912 -0.8566568612650557
0.969018807717503 -0.2510050802070522
-0.255836788789396 0.9677543787046019
0.13806297160328926 0.9914331121523375
-0.9306803966601371 0.3685579998759079
-0.2944521842039218 -0.9567125541235151
-0.7627798966202599 0.6482035400335188
-0.3461999210908436 -0.9392266045192149
-0.5220858511457671 0.8540651989358892
0.2880772415844223 0.9586513979967434
0.9601004889667691 -0.2832102594994939
0.5859915279710116 0.8115509405737875
0.534990302643827 0.8460415924037461
-0.961990217618142 -0.2767233658493618
0.1497596466221941 -0.9897338269674304
0.9161656434760392 -0.4032883753768945
-0.866686912202461 -0.500854066786887
-0.9191854307010148 -0.3963573438035303
-0.3298696313642931 -0.9450857243147763
-0.9859912144530699 0.17269141559834483
0.5016541728285496 -0.866224041968187
-0.726620997280073 -0.6884932289512455
-0.8365267311340717 0.5497490592062385
0.7373134065409358 0.6770302360567072
-1.0007223007487471 -0.02357703934199309
0.8849090941078214 -0.4679069300248447
0.4636603656359243 -0.8871415137047534
-0.9970885240070967 0.0884051768469998
0.7636763756709681 -0.6471471187002645
0.4117597682841656 0.9123896608481324
-0.978798880402246 -0.20965150064645238
0.9338082816177252 -0.3605594169927494
0.8797788148596649 0.4774832320868696
0.9129694692522782 0.4104725913056966
0.8411352607553086 0.5426716070646214
-0.9053244146911359 -0.42706990547702184
-0.6949017783260214 -0.7204946345944103
-0.8773546067299661 -0.4819231204763955
-0.9521616068248895 -0.30885154117900154
0.43272297481235844 0.9026360435244889
0.9242781312572873 0.3843318046682277
-0.43728734627907023 -0.9004336604015915
0.8304830060046046 -0.558837164778396
0.36610848184840855 -0.9316467031652361
0.5084488085440717 0.8622533323160392
-0.5384262306715996 0.8438591079823534
0.7910081771253551 -0.613438720428392
-0.9737207982253496 0.23209654694412835
0.05111186492099569 0.9996942418881375
-0.3841912393750125 0.9243365683491549
0.1311502774558245 -0.9923712030904869
-0.6370769438067421 0.7720971232104554
-0.9913551037616809 0.13862199769757694
-0.9672707522957817 -0.25765925512807136
-0.7877176078202559 -0.6176584576689074
0.9468537618310573 0.32475984004549485
0.8012297328265239 0.6000265954395164
-0.9990131731057099 -0.06303713160717846
-0.8979289937606375 0.44240764252441306
1.0007011390713374 0.024458746111107304
-0.7918659908031807 0.6123309992228851
0.9969174600541482 -0.09031377436020535
0.983883643451859 -0.1843203085606555
-0.215164375956322 -0.9776018061150085
-0.4259613450997557 0.9058465281055101
0.8716927893006916 -0.4920901147972595
0.8618044075259957 0.5092093510225116
-0.718538734018292 0.6969240186099129
0.5495290716608586 -0.8366712612487385
0.505939858219351 -0.863727885311678
0.883634627555018 0.4703093077812776
-0.34701483377211967 0.9389258251545264
0.5448888321165938 0.8397006375099488
-0.14643477647773623 -0.9902312135243544
0.8690291430097836 -0.49677897358853784
0.3432831480117361 0.9402965916619885
0.9222946564255265 -0.3890675606227277
0.7547095667150528 -0.6575822913588664
0.032773951516250975 1.0004633267151828
-0.17457674154792022 0.9856591506755825
-0.9662756586648753 0.2613663166357929
-0.8236113223335937 0.5689159777365276
-0.38332346860508537 -0.9246967710642047
-0.7852005976276689 0.6208550728512665
-0.8492673161286999 0.5298547213676167
0.9890306753127434 -0.15433510064278555
-0.9713910948005391 -0.24166162488531387
0.40871969965313276 -0.9137555510723055
0.890821718173493 0.45654974146354066
-0.9911642450488578 0.1399801390795419
0.5747518089444005 0.8195494848483156
-0.045370946462619216 0.9999712381949224
-0.9845806753445699 0.1805599449989685
-0.9589696447125602 0.28701606317393824
0.9481144529994149 0.32106071702034833
-0.9228751997263458 0.38768849058239696
0.4598613562538016 0.8891167150742438
0.9132806988131315 -0.4097796544185648
0.8836423223022128 -0.4702948503187676
0.5596199221156591 -0.8299557474776975
-0.4585517883825241 0.8897928171047397
-0.5551081751303131 -0.8329801401615129
0.5777666410280253 -0.8174268826722014
0.9373644518975844 -0.351210598243762
-0.775258640305483 -0.6332259001586193
-0.17890361669029983 0.9848829859100675
0.47322413084471576 0.8820770499147245
0.04427211878801598 1.0000204895390994
0.20897208587401334 -0.9789441594521436
0.9990573438980904 0.06233316615809566
-0.3561231745463559 0.9355091044725464
0.8619662011903615 -0.5089354261647123
-0.38530406277906387 0.9238732484523768
0.9020386654081369 0.4339668721327783
-0.2457536158450998 0.9703639318828061
0.028632056059576215 -1.0005904283800646
0.5030832273826399 -0.8653948615090495
-0.17757799070056163 -0.9851228640219205
-0.812918701845319 -0.5840926161064882
0.5721297722027916 -0.8213820814695082
-0.5433710210870393 -0.8406836107851922
0.66790097270596 0.7455932474603244
0.5670215863451838 -0.8249166749548655
0.4195550420326163 -0.9088314292018127
-0.9065080706144336 0.4245516669510285
-0.1300480131950047 -0.9925162539042028
0.30578917099776765 -0.9531495071081441
0.985350838327538 -0.1763086084319713
0.772364072425729 -0.6367532800276281
-0.07246406276660954 -0.9983736573084032
0.8119689974654182 -0.5854121173626352
0.6955909940049598 0.7198292638252435
0.5410249788452116 -0.8421953290451915
-0.6394424047967685 0.7701392153031331
0.5076406189231786 -0.8627293909559892
0.07027696536939793 0.9985299936098406
-0.5234905945637212 -0.8532048976672143
0.5511653711479304 0.8355942398361564
-0.062277451447224755 -0.9990608184896645
-0.9160302250247885 0.4035958706937366
-0.05765960456180494 -0.9993379658562844
0.6506140931835582 -0.7607248528547862
0.49469801007780706 0.8702154209303912
-0.5039948522770927 0.8648642603774257
-0.7633187524258831 0.6475689015039199
-0.9857685829452546 0.17395775601594993
0.456430470266207 0.8908828350645045
-0.2577209182225434 -0.9672543245240773
0.8683982599869886 -0.4978809717709348
0.10133795714904015 0.9958572279402601
-0.9429309958031563 -0.335979370131066
-0.27149629154908794 -0.9634784707896138
-0.7510767497571725 -0.6617285818023895
0.6017844483347935 0.7999102935594642
0.963894361186168 -0.2700160374376106
-0.4516490551011821 -0.893316366706784
0.542117263773514 0.8414926454335286
0.5512368876262117 -0.8355470625405652
-0.09630143463684754 -0.9963568806842682
-0.03981882740858297 1.000207708920405
-0.3601168034447033 -0.9339790617978375
-0.48682662383599135 -0.8746432634648541
0.9320518424026425 -0.3650758319498016
-0.932885571103465 0.36294009316547265
0.9864440778079258 0.17008551189819465
0.904105924523703 -0.42964343034793434
-0.6666003049222464 0.7467563414377999
-0.8438886380192008 -0.538379946340963
0.36210976570480713 -0.9332081855519752
-0.33373534536227595 -0.9437275662265686
-0.8527519354800368 0.5242281340552517
0.7628168218972705 0.6481600853419992
-0.132670350681769 0.99216912774485
-0.9893712974084319 0.15213624112734064
-0.9714077295683702 -0.24159474939415407
0.23956456436374837 -0.9719103968479849
-0.3844999808641748 -0.9242081825624837
-0.751322675716906 -0.6614493457201307
0.9943686063046921 -0.11503075586843789
0.4581959276066385 -0.8899761187384143
-0.1723479237976241 0.986051313655962
1.0003053438632723 -0.037285641185053384
-0.7561512254645566 -0.6559240232133973
0.6718486888840761 -0.7420379634794624
-0.993949317215994 -0.11859913492879902
0.9915909379881486 -0.13692483960108848
-0.8044134974797048 0.5957515632144569
-0.35238665318204454 0.9369229673026259
-0.9084769239345658 0.42032211300190864
0.9382504930821011 0.3488366555154349
0.09415922953510229 0.9965616084785506
-0.7273715142404901 -0.6877002837512113
-0.1225964507276152 0.993464196772582
0.9419663154096218 0.33867456449166783
-0.21675913884266534 0.9772494439641223
0.993503262945912 0.12227946072757365
0.9976335029388779 0.08202678717287362
0.8155831785640177 0.5803663315901548
-0.03091726054161528 -1.0005224250363416
0.8938593953982263 0.450573391644821
-0.9234943549598483 -0.3862113104989206
0.9696181082244685 -0.24867996341322524
-0.4331893518193454 0.9024123145604427
0.6403402944779338 -0.7693928172708094
-0.9807133931416276 -0.20050496381046334
0.628374865768944 -0.7791957572201363
-0.5256559472024768 0.8518725404487851
0.3706534673401359 0.9298478408582422
-0.36700517082747747 0.9312938336453721
-0.49880491942484817 -0.8678678772472056
0.486865313841796 -0.8746217274786452
-0.8565941031112694 0.5179261940807782
-0.9757037015401127 -0.2236141471394929
-0.7100916324143034 -0.7055287900399174
0.1706288314775485 0.9863502430012405
0.8244666755974009 -0.5676757004041745
0.6341182324475857 -0.7745289324986832
0.800779833767799 0.600626887369202
-1.0007775583011862 -0.021101630285731046
-0.8542438211779438 -0.5217935357776149
0.8607399501693538 0.5110065930909877
-0.06648454799245722 -0.9987896699897525
-0.30575398983835733 -0.9531607932022412
-0.7958518534977527 -0.6071415216275292
-0.21843904312423015 0.9768753167313476
0.22692716578216207 0.9749384911008874
0.9851909538690938 -0.17719984315598314
-0.839928932680391 -0.5445368564627918
-0.11431933255404267 0.994450647445311
0.5084823788979688 -0.8622335358534036
-0.1022081077812864 0.9957682976997053
-0.4570575195034207 -0.8905612970848106
-0.8205771716477158 -0.5732836168692029
-0.2640603912438666 -0.9655429093396813
0.8358061471699978 0.5508439745997445
0.20148581607845342 0.9805123486826669
0.007639324286442938 1.0009708490882472
-0.5199261756616775 -0.8553816527502927
0.788782435739752 -0.6162980359115741
0.7762664053787413 -0.6319900852706217
-0.43318620574690464 -0.9024138247780784
-0.5034961670823118 0.8651546738782729
0.9702455629029945 -0.24622052649413997
0.9193082832743011 0.39607231701200374
-0.9206748266700728 -0.39288530582859843
-0.9818177813533057 -0.1950252399523516
-0.9953225711524291 -0.10646116359742598
0.9982248785533424 0.07448551427737449
0.3552229741433594 -0.9358512908794571
0.18666470405632124 -0.983441553047036
0.5433332942989516 -0.8407079940777588
-0.6138678213840918 -0.7906752164252707
0.7116510837222905 -0.7039557763360491
0.49429935198360175 0.8704419283493824
0.8572756624716731 -0.5167972895959827
0.009801314727217262 -1.000952013949529
0.9888965878954948 0.1551919406691208
-0.8107175526208397 -0.5871439771235638
0.8953093919549134 0.44768526073271964
0.3023911211706933 -0.954232995571381
0.39250063314481376 0.9208388854630979
0.06640714845855808 0.9987948190862842
0.8747566761401957 0.4866228082901138
-0.10269021176199532 -0.9957186954196836
0.8973075600557142 -0.44366670222911786
0.8922661870270397 0.4537202348234291
0.3302692016379035 0.9449461648419246
-0.6324000446798662 0.7759324606490589
0.11894407539448996 -0.9939080978282397
-0.9300478105804196 0.3701514150108949
0.10633107656228372 0.9953364768544884
-0.9811764291359513 -0.19822667557123488
0.49865435041125644 0.8679543990417514
-0.9983075225431688 0.07336954704590057
0.6431307903588009 0.767061787923544
-0.0966896837588648 0.9963192786725602
-0.3764753968810416 0.9275059436700458
-1.0009598265906259 0.00896802941923598
-0.4505814362590229 0.8938553402529718
0.9161097264136262 0.4034153804335562
-0.5324673029476639 -0.8476317427348039
-0.13209797758793812 0.9922454959923862
1.0001609635067834 0.040976176946890104
0.2705015097895589 -0.9637582337918412
1.0009869642601497 -0.0051085596061687085
-0.5412266172967285 0.8420657627106927
0.28623684339267536 -0.959202517451136
-0.4793951310760122 0.8787384754866564
0.6479276917144169 -0.7630142241856488
-0.05759599268328528 -0.9993416340905781
0.9797462777162502 0.2051785351861941
-0.8740607567943751 -0.4878716977157461
-0.6870603616559866 0.7279760019678841
0.6220313660485299 -0.7842690735020729
-0.35485144355956044 -0.9359922291363834
-0.8245965541866638 0.5674870243657386
0.9825185807600166 -0.19146341285301144
-0.3258847161264667 -0.946467195308518
-0.16093217604097124 0.987978661062433
-0.7386266528677544 -0.6755972673667188
0.8871551868047342 -0.4636342033602109
-0.49094332550796094 0.8723391835399716
-0.6206674170922513 0.7853489398732474
-0.6275058812487726 -0.7798957423900975
0.11939635911517173 -0.9938538672410754
0.9625574069048998 -0.2747439506386178
-0.9584678065189662 0.2886874847767417
-0.6018772338916687 -0.7998404811729108
-0.7741150509003069 0.6346234221722479
-0.9831755774799088 -0.18806058557562724
-0.3092166058172636 -0.9520431138802754
-0.6061378331026112 -0.7966165497161549
0.5205038509418547 -0.8550302574498164
-0.8678693672750561 -0.4988023269247987
0.41330670618948684 0.9116899509256408
-0.46118701877809026 0.8884298136097063
-0.12206210776451047 -0.9935299904120082
-0.11407188086472939 -0.9944790626232324
-0.9449905281713662 -0.33014224459526886
-0.5046588988381175 0.8644769492725058
0.9428401663882232 0.3362341753079653
-0.08785214451856871 0.9971374031212993
0.998065024175699 -0.076597699163626
0.49708579901662636 0.8688536749165547
-0.624090817184214 0.7826312362194215
-0.9258088480233709 0.3806297110337537
0.035686415238942545 1.000363673754397
1.0009896267792888 -0.00455709120605086
-1.0009985145479232 -0.0017244920559285042
0.32224177532361337 0.9477136900120657
0.3483814120614399 -0.9384196245444131
-0.9968393568595281 0.0911717972614464
-0.4496546838910377 -0.894321902479667
0.934711478410968 -0.3582114628634633
-0.8653334295046315 0.5031888867828389
-0.08852451954312868 -0.9970779354893268
0.9970725033220799 0.08858568235917663
-0.6313056057000604 0.7768231666291112
0.7686988996693538 -0.6411731448268281
-0.05117415573692248 -0.9996910551688523
-0.01809240912430227 -1.0008364825145408
1.0009260416062717 -0.012167959335898947
-0.6685299141682015 -0.7450293644295218
-0.741035147256763 0.6729546125335256
-0.7648259289140235 -0.6457881219570404
0.5017483015689885 0.8661695225951068
0.27482854791922506 0.9625332561779931
-0.85938249183151 0.5132862093739365
-0.8701758073647581 0.4947676871796414
0.8950967440141538 0.44811027532880826
0.9923096180878884 -0.13161543165704
0.9172251340952141 0.4008728643647716
-0.25832852496309816 -0.9670922257935848
0.9397761285258183 -0.3447054224305511
0.09286997549804703 -0.9966825811917213
-0.8309401152668703 -0.558157258163217
-0.4895038656102394 0.8731477340935111
-0.6676063673854149 -0.7458570494581723
-0.9380876919551263 -0.3492742220695712
-1.0002825015443886 -0.037893496857641366
-0.6437922250122098 0.7665067325300073
-0.3060937437417865 -0.9530517404853409
-0.39955311364251345 -0.9178008004891762
0.920134852801212 -0.3941482622827252
0.7594362586158784 0.652117757080358
-0.9651658357130443 -0.26543532088314986
0.9391062223674627 0.3465263382640832
-0.9853670546001851 -0.17621795512533836
0.9956813587228904 0.10305159820079778
-0.9424775800970815 -0.3372491823775846
-0.765994085002329 0.6444020963198713
-0.6512309572132613 0.7601968431709641
0.13431344945235643 0.991948031550146
0.33291978734841227 0.9440155799518819
-0.9993926439825583 -0.05670399592225701
-0.06851022264374142 -0.9986527671785148
-0.6714143677309081 -0.7424309710703783
-0.9686271980721862 -0.2525120812056835
0.5641727282048016 0.8268676633839004
0.8644167113357433 -0.5047620718353334
-0.23753675189588852 -0.9724079861348071
-0.11815944729099506 0.9940016826021406
-0.4481193195000182 -0.8950922161938627
0.7533930468826998 -0.6590902190965985
0.9518577368168976 0.30978677967565643
0.6750841529159296 -0.7390956544871454
0.37036880229271996 -0.9299612627890778
-0.8326883550683591 -0.5555457706918038
0.9835449572950606 -0.1861190935381356
0.6492522897107086 0.761887435455791
0.3077430044273898 -0.9525204686651114
0.26901450293379203 -0.9641743603784975
0.4292481463190779 0.9042936629666468
0.9297263190153676 0.37095818056774926
0.8066525760212961 0.5927163078557962
0.97948737007187 -0.20641097807454786
-0.5279506340626465 0.8504523078884844
-0.1657207358206319 -0.9871867289014112
0.9248719920981254 0.3829005069628988
-0.028822234132400686 1.0005849683158432
-0.5466371397601026 0.8385635559901791
0.7271754835271023 -0.6879075636719842
0.9687088773699507 -0.2521985545252983
-0.5918437558686647 -0.8072929881023819
-0.3942233337103698 -0.9201026916373425
0.32680862331053984 0.9461485738137905
-0.8311340390347037 0.5578684514810454
-0.955838320236305 -0.2972778255569002
0.8923989929590642 -0.45345896988112183
-1.0003386222959196 0.036381873826144426
0.878279287407855 0.4802358725775808
-0.17700569958739718 0.9852258534537023
-0.7636896907868654 -0.6471314056556535
-0.7515382849630386 -0.6612043604172726
-0.31004877034574196 -0.9517724307874721
-0.7881741832515425 0.6170757302436741
0.9117208136066045 0.41323862118213406
0.7392803011799652 -0.674881942481246
-0.4574052378760265 -0.8903827538556526
-0.20077447519713137 0.9806582534753463
-0.8107319296452647 0.5871241250823078
0.9370938614741643 0.3519319462444976
0.49193142143498947 -0.8717823562133789
-0.9067902349590303 -0.4239486640891166
-0.4497818799897395 0.894257938423191
0.4770494527221575 0.8800141019651276
-0.5653554884211409 -0.8260594238383175
0.6893120762946578 0.7258442405050464
0.5148142036636731 0.8584680167054205
-0.6913433304757259 0.723909800601381
-0.9851926879519646 -0.1771902017775895
-1.000343457643606 -0.036248679281244596
0.050861005066937505 -0.9997070361678869
-0.7425533658565139 0.671279002245089
0.6455826614461327 0.7649993642089697
-0.8490901401413231 0.5301385987784594
-0.4219393945742492 -0.9077269122959372
0.9984148904421829 -0.07189371699476922
-0.2225322406696118 0.9759510243155451
-0.7770533189782671 0.631022297121789
1.0007709677164416 0.021411916679661674
0.6516105545067657 -0.7598714925929155
-0.2910482180926208 0.9577535876962875
0.8288392640672356 0.5612721927376085
0.9024319319692181 0.4331484828119618
-0.6360561321461232 -0.7729382878078389
-0.7090112363813381 0.7066145106668885
-0.9669733640925458 -0.25877309198513077
0.10501294334527311 0.9954764094291548
0.9569990797186018 0.293519609937308
-0.4733100539288404 0.8820309477846445
-0.9365671571388297 -0.35333123293715607
0.706031916555317 0.7095913843933181
-0.9009527316710889 0.4362168901984456
0.7157431339332112 -0.6997948029440239
-0.9345814771859413 0.358550502022998
0.9277738144686554 -0.3758147804255189
-0.17309154689935458 -0.9859210497762935
0.8124861176315857 -0.5846942009768465
-0.7584882010301636 0.6532202147040661
0.19925205910744423 0.9809687135385325
0.8175588591517402 -0.577579874842004
-0.9675216596645433 -0.25671548079531104
-0.07793095371091366 -0.9979618061096864
-0.3055561249644619 0.9532242414546024
0.06698002389065039 -0.9987565651346718
0.6507242341169004 0.7606306404116084
-0.3671032366984153 0.9312551817872196
0.7738876307268148 -0.6349007284670866
0.984726618078978 -0.17976230874891025
-0.2503787567670452 0.9691808284111839
0.8490924805617361 -0.5301348502537047
-0.9954149729687725 -0.10559370999059615
-0.6369058621550668 0.7722382551729169
-0.8638018059022179 -0.5058136416903631
-0.016570469037049996 1.0008628375336412
0.07038110061191721 0.9985226590702162
-0.6357646581528283 0.773178051579206
-0.3735420703559134 0.9286911874644972
-1.0005578397469082 0.02974910622187626
-0.9707173373741639 0.24435394599067523
0.32768473483810096 -0.9458455024760035
-0.430024150267172 -0.9039249029576498
-0.38468295621899523 -0.9241320377492681
0.9967081263915778 0.09259541449224357
0.9973288712713989 0.08565116770083933
0.1652502909500007 0.9872655880465703
-0.98442142428877 -0.18142618168629815
-0.9625343342942565 -0.27482477199974636
0.7760098465465504 -0.6323050830594352
-0.36774708229723485 0.9310011189369596
-0.032836367462094625 -1.0004612800962835
0.7085684390459207 -0.7070585316563456
-0.2882315125922045 0.9586050256225501
-0.24680561487752256 -0.9700968964309329
0.5559494591064487 -0.832418884287981
0.10335516339047864 -0.9956498933864892
0.5047047713650055 0.8644501684662903
0.8590149963606477 -0.5139009982744891
-0.7130759237724699 -0.7025124389902564
-0.8228139547721796 -0.5700685887085568
-0.8449413472256859 -0.5367262987300351
0.42853505368910105 0.9046318078421073
0.9768576337677775 -0.21851810760122098
-0.5679618515281493 -0.8242695767822057
0.5873259684878265 0.8105857183172158
-0.9621335646473846 -0.2762245531789613
-0.48835249943208037 -0.8737922157460777
-0.44447755076071416 0.896906186214454
-0.27100453020266596 0.9636169075984669
0.9997766461287421 0.0494738097943162
0.7690633915747376 0.64073590483097
-1.0005523838598405 0.029932042235544656
-0.7550882558206583 -0.6571474156699667
0.47734909034975226 -0.8798516045005909
-0.7662327475264104 0.6441182939632504
0.37601547665570306 0.9276924928635483
-0.9532686069533113 -0.3054176861239265
0.23610276339159428 0.972757156292799
-1.0001404907072795 0.04147286881567605
0.7957422587984733 -0.6072851534183126
0.3735766149083067 0.9286772920630992
-0.8296655114704912 0.5600501219323216
-0.9739446157461285 -0.23115554386413953
-0.6684580448328536 0.7450938479803995
1.0000230928441907 -0.044213276041694366
0.3397896710815114 0.9415646443162139
0.9997463686340491 0.050081916926492345
-0.8716139049125446 0.4922298251458414
0.4604918652862121 -0.8887903251077979
-0.26065994518698693 -0.9664664468956576
0.8480262579425665 0.5318387592493872
-0.9670716986854482 -0.25840535908073164
0.4530945249168969 -0.8925840865096865
-0.7693348060933386 0.6404099906570205
-0.11301922881771564 -0.9945992428699355
-0.38331402074319854 -0.9247006875209312
1.0001832606652992 0.040428270862479215
0.715167391043263 0.7003831828280662
0.19445805355198986 -0.9819302752277126
-0.053186700593516274 -0.9995860017427093
-0.7495860479562155 0.6634167292956834
-0.5705592106118502 -0.822473821580956
-0.9990128708303632 0.06304192188755209
0.7691245435942979 -0.6406624980759081
-0.5464023386222943 0.8387165697350254
0.06977999323093385 -0.9985648464394743
0.34440134930832556 0.9398876052989553
0.8741714013134274 0.48767341646405
-0.9830206649317195 -0.18886866420134432
-0.49633129907592255 -0.8692849024097952
-0.37052550696387154 -0.9298988378792427
-0.7766835017277336 -0.6314774248886065
0.4581489191120246 0.890000319054147
-0.3562529725360582 0.9354596835562837
-0.34648770177711113 0.9391204781694497
0.04649796254042808 -0.9999194664969719
0.605723672107227 -0.7969315108896978
0.9588364269757226 0.2874607908992633
-0.8267240129873907 -0.5643832087775331
0.9867169114793108 0.16849550914113376
-0.15668849858776254 0.988660565821411
0.987823302425319 0.16188305404067682
-0.91503481319741 -0.40584761997180807
0.6748932510566952 -0.7392699775306208
-0.9125902434488947 0.41131502229056394
0.9695341603778476 0.24900705182870284
-0.9502327269568861 0.3147360237088854
0.6937030596111501 0.7216488516488675
0.8154230614481792 -0.5805912769397066
0.23788428916792229 -0.9723230250112729
-1.0003359307200788 0.036455804892961484
-0.09019111187662679 -0.9969285648121724
0.38200666326910254 0.9252415410140243
0.4323607139784986 0.9028096216855483
-0.6355179772285697 0.7733808250915631
0.39250527445924804 0.920836907123987
-0.9551559041597217 -0.29946318429620766
-0.8438644427003202 0.5384178696385159
0.6805766513706728 0.734041157980315
-0.9329885722877277 -0.3626752321023696
0.7780017664943208 -0.6298525631699187
0.6588298272678375 0.7536207658379853
-0.9961610506970718 -0.09830646506769476
-0.3673720724987121 -0.9311491611702182
-0.9350123842149171 0.3574252948026149
-0.8598492607770053 0.5125039011961153
-0.7154555180880219 -0.7000888526732877
0.8396053143029317 -0.5450357017611553
-1.0004857563560254 -0.03208194708417034
0.11591284442280994 -0.9942661678332485
-0.044752063001357624 -0.9999991264281797
-0.4928235820496364 0.8712783234855354
-0.8489839820419626 -0.530308587745072
-0.9995624954394257 -0.053626651125239545
0.7088468441040556 0.7067794221705387
-0.4891743177402162 -0.873332403420023
0.27748848977530893 -0.9617697947233622
0.015070469289292539 -1.0008865474944704
0.9187366944745448 -0.39739638426385676
-0.4052035702788212 0.9153201989649832
0.7020008385646727 -0.7135795839669857
0.21605274228369045 0.9774058586645045
0.6749825293960765 0.7391884637966658
0.5166039742594407 0.8573921703510892
-0.7122652867664959 0.7033343168561031
-0.6671693555738606 -0.746247982230545
-0.6397095504416425 0.7699173274279205
-0.44542835892014515 0.8964343685232659
-0.08810937167030534 -0.9971147068536619
-0.8781262811973394 -0.4805155921201009
0.5340375022786171 -0.8466433405868236
-0.9808413285419237 -0.19987818346211259
0.44006261569294003 -0.8990805827452218
0.5328270157504928 0.8474056710256453
-0.9838575300458783 0.18445964483329053
0.43110888270733816 -0.9034080646368122
-0.8699183146974538 -0.4952202800309593
0.39489149518128475 0.9198161267522381
0.20594642315947118 -0.9795851523924911
-0.40791290172284855 -0.914116001724095
-0.20248404467814662 0.9803066926481622
0.9050455527343003 -0.4276605516947581
0.8419267473884088 -0.5414428428116624
-0.7100353288265955 0.7055854532358987
-0.6232139060485099 -0.7833297053653455
0.7987341679900147 -0.6033446186760092
-0.9987873803531404 -0.06651893600555558
0.8854270262890851 -0.4669260981321004
0.8060173320415108 0.5935798686349504
-0.8575971039104056 0.5162636994448526
-0.18554711246067065 0.9836530226952527
0.5664823090458173 -0.8252870976442798
0.8012683447297685 -0.5999750325922045
0.6794707614143128 0.7350649524926718
-0.9556611142851132 -0.29784699871466835
0.9618152886393806 -0.27733076017554353
0.9932456433664795 -0.12435470209649649
0.9876280565160345 -0.1630699910540278
-0.970695631561401 0.24444015805021227
-0.4209596347797714 0.9081816921112655
0.09915024692914262 0.996077420953758
-0.7551587210284085 0.6570664396046554
-0.8867947848793714 -0.4643231735663744
0.7132002116469023 0.7023862599074769
0.9520453556190288 -0.3092097036708855
0.9785251966968235 -0.21092519865924708
0.9369141169386074 0.3524101835661809
0.27290191839478545 -0.9630812753534593
-0.4975517691119507 -0.8685869196882763
-0.6838228996321761 -0.7310179491220737
-0.6428073125857269 0.7673328866185234
-0.9268089308196465 0.3781880560685961
-0.7827242164862594 0.6239741989265031
0.17418895888502478 0.9857277548098923
-0.6103891852102007 0.79336375174218
-0.55216587046406 -0.8349334413560563
0.14060361809748195 0.9910759923325242
0.2859584273075684 0.9592855559486873
0.35172865650417673 0.9371701831544615
-0.714730643250609 0.7008288718357505
0.9980672877581332 -0.07656819905890178
-0.8065114336507376 0.5929083465348012
-0.6158029958335959 0.7891689745056937
-0.7368270712196231 0.6775594934158272
-0.627208511975408 0.7801349130154314
0.9123603416228371 0.41182472853613333
-0.5591170823610879 0.8302945791777906
0.4423496366557867 -0.8979575707963564
-0.45508939132150594 0.8915686434070129
0.6403050561754776 0.7694221435831687
0.539213468304611 0.8433562922033085
-0.71795988385187 0.6975203259973212
0.9402584540034767 0.3433875939444983
0.11751482618834948 -0.994078098353405
-1.0008962691406504 -0.014410358091549213
-0.926807960195188 0.37819043472678543
-0.9963125249339105 0.09675925102963442
0.697342636841626 0.7181324716532236
0.6764777921461882 0.737820301112011
-0.1534511924264271 0.9891682018458274
1.0008688235406324 -0.016204877796225575
-0.729502169418966 -0.68543970180682
0.8133558676745615 0.5834837037307565
0.8613744730377833 -0.5099362873917499
0.05537774018750215 0.9994670109071763
0.9592751569853166 0.28599330969586695
0.1993952501289596 0.9809396180326339
0.9128635446536495 -0.41070810661876944
0.9852133808024297 0.17707510917078828
-0.878519199880615 -0.47979684809419487
0.41648250077553584 0.9102435534227945
-0.8566594868236677 -0.5178180410482145
0.9033389993538811 0.43125358229970556
0.6437928185489908 0.7665062340155794
0.6959110303322761 0.7195198662037554
-0.9657495090462663 0.2633037899022639
-0.6350213492529343 0.7737886571881128
0.0003310157889708927 -1.0009999452690033
-0.3716113032040266 0.9294654589230333
-0.2347607803595033 0.9730818958366233
-0.9909434561259935 0.1415346839508642
0.9405234202801628 -0.3426611969635668
-0.5159927632930121 0.8577601460951899
0.3927059671569499 0.9207513363331734
-0.2659627599095208 0.9650206268993998
-0.5603102128612272 -0.8294898826166636
0.4024209126078409 0.9165470032114406
0.6471758781536577 0.7636520036875709
-0.7735970003870158 0.6352548157961586
1.000937574187576 -0.011179113537799754
-0.026026650586291354 1.0006615878803677
0.05851688180136994 0.9992881338954468
0.18642008143200717 -0.9834879527675384
0.7113960185951862 -0.7042135363133241
0.9585240572992467 0.2885006613139567
-0.2242725726780927 0.9755525681091458
0.49369197459420244 -0.870786560657247
0.9161010954355915 0.4034349798191889
0.21854614149317597 -0.9768513623056707
0.9942336142610447 0.11619173926497554
-0.552397889209704 -0.8347799542374407
-0.7394462976613865 -0.6747000614160845
0.05607108359297277 -0.9994283534024387
-0.936025763128516 -0.35476297828223163
-0.7909803142523751 0.6134746469620517
0.15345638380856774 -0.9891673964847394
0.6324326139904332 -0.7759059148899612
0.8707900366273362 -0.4936858435387454
0.27600927206373393 0.9621953448935656
-0.5729207777660328 -0.8208305442684038
-0.9954993993367448 -0.10479478002353108
1.000342235020401 0.036282403922407266
0.29043669158644625 0.957939209021282
0.5097025030911699 -0.8615128312118142
0.8182180679395503 0.5766456392770776
-0.9629689370512027 -0.27329805391637296
0.6436277171257063 0.7666448732937251
-0.9727170192053713 0.23626806925231583
-0.9503007929579044 -0.3145304482932905
0.9294580208367266 0.371629906630609
-0.8881567023007971 -0.4617127593625426
-0.4316814480401234 -0.9031346120141682
-0.21539590247160678 0.9775508197523247
0.1539642414435428 0.9890884754948439
-0.587266861071395 0.8106285424825298
-0.7640329367479703 0.6467261178924754
-0.3245373331725334 0.9469300498860832
0.8568672067751693 -0.5174742408596966
-0.9672653728549223 0.25767944907545115
0.06011229955717586 -0.9991934304437496
0.8938645193142867 -0.45056322654100306
-0.6731521641429984 0.7408556970892495
-0.928845771731913 -0.3731575167884831
-0.8012063280967407 -0.6000578470595462
-0.9834806793783204 -0.18645844923080682
0.44227749648948544 -0.8979931047057061
0.06859543161501441 -0.9986469179652786
-0.3928036943678991 0.920709648961566
0.6188136887084122 -0.7868104083367786
-0.7041014108691319 -0.7115069944927441
-0.49865697341937393 0.8679528920743508
0.7342040782789643 -0.6804008902393768
-0.9884361577920081 -0.1580979505539919
0.9736830365330225 -0.23225491247298294
-0.9808727438882882 -0.19972396024778982
0.8992685061258643 0.4396784664844943
0.5262842996377632 -0.8514844895562039
0.4806837439409286 0.878034246661787
0.6156984016873184 -0.7892505800819417
0.5769363078386838 0.8180131396850954
-0.9919944042536537 0.13397052634605375
0.21729627128021453 -0.9771301502295974
0.011016228781728117 -1.0009393801341961
-0.9688160904395899 0.2517863834788299
-0.6916448726777681 -0.7236217037227077
1.0005506405342341 0.029990260527938357
-0.9200423472010059 -0.39436414562795113
-0.954921750982694 0.30020900969182374
0.32865574056172175 -0.9455085426350341
0.6674550051406133 -0.745992504059353
0.06283693598428748 -0.9990257851908061
0.4708099527163955 0.8833679801889954
0.3857103426805848 -0.9237037033319861
-0.719657982506856 0.6957682000595901
0.017109046956946133 1.000853775789563
-0.7848489275301236 0.6212995742432268
-0.5086957756681771 -0.8621076544245223
-0.6224854316269632 -0.7839087239036145
0.958179441652485 -0.2896431556148566
-0.20327847159819867 0.9801422667065738
0.4904406336702201 -0.8726219025701526
-0.9689188284011961 0.2513907396258926
0.09872589047875156 0.9961195704076783
0.35399199806831516 -0.9363176092029893
0.6675075044594719 -0.7459455285007666
-0.3709582390791213 -0.9297262956694929
0.5714956352547235 0.8218234231784831
-0.7006278219085271 0.7149277272338185
0.4976147832177774 -0.8685508203456631
0.5579049343790354 0.8311095500567445
-0.7226656792869245 -0.6926437150373689
-0.7187202519500746 0.6967368222197111
-0.658469330338975 0.75393576715987
-0.9671876141722549 0.2579711592247889
-0.44964866914257884 0.8943249266001186
0.6469998541462217 0.763801144758744
-0.6150511399324585 0.7897550856232477
0.5245905583423889 -0.8525290294752553
-0.4923140537958889 0.8715663327797022
-0.8501502355668036 -0.5284369186248331
-0.44339193359453544 0.8974433649112901
-0.10338296721477602 0.9956470067699037
0.9997010808855388 -0.050977925382322535
0.007203601352168947 -1.000974079648199
-0.9839998324742927 0.18369901929668528
-0.1216476114593994 -0.993580826418376
-0.24126486237065867 0.9714897149148143
0.481478068719726 -0.8775989228240443
-1.000713404478875 0.023951661660505972
0.7164534594675058 -0.6990675506823664
0.6610864647669074 0.751641993306649
0.6671998779482684 0.7462206931369672
-0.16182879672982212 0.9878321925048698
-0.5045463624287131 -0.8645426352470731
-0.9108757959517116 0.4150979213984765
0.763009498116806 0.6479332571982549
0.4994529792537019 0.8674950844325293
-0.6731172691586789 -0.7408874016747502
-0.9958223519565278 0.10168010298858517
0.611299286191497 -0.792662716861192
0.9620637466856575 0.276467624348955
0.6018167085516357 0.7998860226982814
-0.8855562122998997 -0.4666810418873418
-0.23083942151551862 0.9740195898822471
0.9595497035543983 -0.2850708094643618
-1.0008383876364413 -0.017986712687105565
-0.7812008841195911 0.6258803229458242
0.04109853407965757 -1.000155943089128
-0.5237248249541849 0.8530611395009787
-0.8534409725093267 0.5231056360261611
0.18113971141861315 -0.9844741768818426
-0.10904969345844352 0.99504229274771
-0.9839786086069685 -0.18381267041173843
-0.9307268444148658 -0.368440688694322
0.6602874717118417 0.7523439736585813
-0.7805557747334785 0.6266846755188922
0.8741696796346989 -0.4876765026196851
0.9239756177222416 0.3850585122482066
0.44429104102701944 -0.8969985902236008
-0.9072048362631113 0.4230607344824397
-0.09336898714991507 0.9966359577290993
-0.23502755445216272 -0.973017496578677
0.7701286197962215 -0.6394551657237331
