1000
-0.6867071363732465 -0.7283092123913135
-0.7068269840119791 -0.7087994177992314
0.9401320763397681 -0.3437334418369508
0.9789604567861299 0.20889572530114625
0.990085785450938 0.14741484812595762
0.4301013006375577 -0.9038881961779793
0.3221072814733753 0.9477594099885434
0.881418045914596 -0.47445044876793524
0.9389522955915618 -0.34694320371400306
-0.7333450835501086 -0.6813266385757158
-0.1930388235491667 -0.9822102690375181
0.5616680333972132 -0.8285710713389087
-0.9937850552922194 0.11996776182725258
0.5487352058369616 -0.837192136773314
-0.40208721710034206 -0.9166934437665093
0.24147088796087685 -0.9714385262420807
0.9904177665995807 -0.14516765343525548
0.16339023378663345 -0.9875751270172559
-0.6345666444683233 -0.7741615940669057
-0.9811064550504174 0.19857271680269498
-0.985447774063522 -0.17576599384764297
-1.000939383284419 -0.01101594254737055
-0.39399202277280626 -0.9202017637406443
0.43664212392672763 0.9007467211224008
-0.4598011895666179 -0.8891478313942643
0.9405001108223487 0.34272516911243894
-0.22263078990769686 -0.9759285482990417
0.8726888686117362 0.4903214645527644
-0.05708605035099678 0.9993708935401928
-0.921742358056872 -0.39037421196046923
0.38311444407939654 0.9247833923345158
-0.4337956559878164 -0.9021210167411576
1.000998325614095 0.0018308789632548498
-0.04198092041052487 1.000119294045208
-0.7453635634900652 -0.6681572855409058
0.5894033785344481 -0.8090764224547506
0.5442145220371152 0.8401378184583255
0.5117103749407941 -0.8603217375946931
-0.9723963495766889 -0.23758438359860712
-0.9101124935733473 -0.41676881966109675
-0.8612715424915104 -0.5101101156557223
-0.13337937342215772 0.9920740611191851
-0.7803473710946791 -0.626944160532358
-0.4542369503847937 -0.8920032471382167
0.8008596356395022 -0.6005204775887028
0.7358735136083393 0.6785949984856336
0.21978056084951034 -0.9765743725250395
0.7553388583113819 0.6568593526203749
-0.6794608970736805 0.7350740706539916
0.9259283291361186 0.38033896632240544
-0.5812962816001969 -0.8149206298761766
-0.10760799898228071 -0.9951992356081417
0.9369590819141194 0.35229061698922753
0.5287229635609311 0.8499723688469799
-0.9953991823559382 -0.10574245961358068
0.9995391188322689 0.05406061342614894
-0.4971915662019171 -0.8687931551857926
-0.4968574492668709 -0.8689842778255651
-0.7453502267186531 -0.6681721630915586
0.5896957912758266 -0.8088633220461766
-0.9255053134171126 -0.3813671653888051
0.9828393835498898 0.18980976303465694
-0.03514082579556644 -1.0003829878413595
0.9672125668554159 -0.25787758824092794
0.4731757219046735 0.8821030190402882
-0.6673583823406969 -0.7460789432222358
-0.7145161007851084 0.701047603033378
-0.9419758229923471 0.3386481195841646
0.35700630903544783 0.9351724414827922
-0.7465442272543734 -0.6668378489206882
-0.8789905030381575 -0.4789328716727708
0.9037456797029851 -0.43040068124735736
0.07064421589677551 0.9985040784895822
-0.8187148967951559 0.5759400296608124
-0.9148637484564105 0.4062330879683309
-0.7666712300417947 -0.6435963214828077
0.8115098933824957 -0.586048370821326
-0.9404461333115623 0.34287325696141857
0.8536039788859987 0.5228395999061198
0.6042630850801599 0.7980395504042438
0.8318129929395488 0.5568555870034438
-0.765210713656554 0.6453321344123716
-0.9905013685245411 -0.1445961235684109
-0.9999521307115029 0.04579013305861074
0.9490967472888392 0.3181451937178141
0.48025252101020227 0.8782701839772002
-0.05204603661931646 -0.9996460423931166
0.6232721924495349 0.7832833294020433
1.0000338771401531 0.04396867716946931
0.3645750945745261 0.9322478213522278
0.021353868937160892 1.0007722079881187
0.6592332922878245 0.7532678582943493
-0.19936797533216408 0.9809451617761075
-0.14567799209448318 0.9903428308516802
-0.353673560296432 0.9364379385454468
-0.31610234731241893 -0.9497790827469189
-1.000478511585705 -0.032307086765167074
-0.8645239688112563 -0.5045783460978422
-0.8923425361664822 0.4535700586987312
0.6857403648200328 0.7292195499686555
0.8929302385332659 0.4524119683572979
0.837984336484051 -0.5475246586295313
-1.0009755595874064 -0.006994934501391862
-0.8687828874461512 -0.49720950763307825
-0.5860956304708018 0.8114757617717446
0.6428325708204374 0.7673117266746203
-0.08195510485523262 0.9976393941641277
-0.8453185310535766 0.5361320556144946
-0.9805998844108404 -0.20105936111866637
-0.32303815332113195 0.9474425320297125
-0.5738839960318054 -0.8201573989781271
0.4605254391675846 -0.8887729293129395
0.32025545953108003 -0.9483867568879991
0.5861520169796928 0.8114350331299716
-0.28729991599692123 -0.9588846428367502
-0.9442008280241765 -0.33239403779018
-0.9809244573097176 -0.1994698199017489
0.84991121369529 -0.5288212635995259
-0.6912854397987434 -0.7239650825297157
-0.9951268939980139 0.10827495020486397
-0.9737213164118818 0.23209437297166857
0.7565857983676625 0.6554227107053637
0.7567425725020579 0.6552416950736328
0.13136898980691886 -0.9923422738738432
-0.9272100327121385 -0.3772035991847837
0.9142561250917758 -0.40759874598944884
0.9819184189618283 -0.19451791306587532
-0.8965424620601767 0.4452107520299532
-0.26064213565105904 -0.9664712500241561
-0.4181920606495903 0.9094594000886733
0.8983260279271515 0.44160089169817873
0.7213664375402549 0.693996731109363
0.9443463649986154 0.33198033513131736
0.25111985203190335 -0.9689890711021848
0.5712621477889576 -0.821985741058534
-0.8818363710764101 0.47367247613386626
-0.09444296797763058 -0.9965347589520278
0.5783680405889087 0.8170014746775838
0.27304575467789327 0.963040505821214
-1.000790784640682 0.0204647349918816
0.9538336105166135 0.3036485525222231
0.4914598468276756 0.8720482893487709
0.3733416588158511 0.9287717727152504
0.11583499629738045 -0.9942752403800398
-0.4189337571752611 0.9091179830467656
0.5176837224636571 -0.8567406629174147
0.999398057327519 -0.056608506516081354
-0.619850657889492 -0.7859937416506342
0.572768840681886 0.8209365719371553
-0.7255847414260012 0.6895852253418449
0.6632100846474254 0.7497688868057644
0.21998429253302448 0.9765284998599605
-0.8431420907575763 -0.5395483433325905
-0.6171642778035328 0.7881048497523943
-0.03063167085312396 1.000531209278724
0.9402680403045404 0.343361343750078
-0.2382462914059951 -0.9722343877025178
-0.9959701381063651 -0.10022217319729186
-0.9473681615782977 0.3232561931777278
0.9965920464198962 0.09383652280750564
0.7311104679729279 0.6837239820427584
-0.9095260313540096 -0.41804712448410086
-0.8889917678869085 0.46010285440247917
-0.35179191676393423 -0.9371464385567269
-0.899140108104033 -0.4399409801310488
0.01023185379602442 -1.0009477055110805
0.5902659202899251 0.8084473658465887
0.7324935741173921 -0.6822420126881139
0.996923837277218 -0.09024335248907288
0.9293083215255562 0.37200409076158486
0.3196878220864422 -0.9485782500192734
-0.8145203400357701 -0.5818570405761312
-0.6585588797680548 0.7538575474707704
0.6372285447606838 0.7719720083929087
-0.8682486034041329 -0.4981419101890272
0.9759304508098438 -0.22262244986095925
-0.41806274507326446 0.9095188514713737
-1.000509572162306 0.0313304326749463
-0.2723847528501045 0.9632276711218316
0.031046330578791637 1.0005184282948478
0.9313184721785245 -0.3669426431733698
0.5459874700320904 -0.838986699875485
-0.7842433757865579 -0.6220637648464213
0.6145506852738659 0.7901445786876108
0.9532695895790215 0.3054146191390383
0.9555644501748928 -0.29815697469949415
-0.6674362878841168 -0.7460092503551617
-0.9959173464775926 0.10074541669490884
-0.6080507760962742 0.7951573766800624
0.766678241839902 -0.6435879687263247
0.9953671748346902 0.10604332728468756
-0.9977187893539039 -0.08098282145109696
-0.5950430313120171 -0.8049377559084963
-0.9985636324193565 -0.0697973639148381
0.32979452587749974 -0.9451119355405662
0.7134945032049309 0.7020873121602105
-0.5988921571779398 0.8020780411348724
0.2925250682405487 0.9573035487507933
-0.2983732973955993 -0.955496925898392
-1.0003960407673156 0.03476724920208291
0.3232385688254111 0.9473741750880166
0.9990858384768677 -0.06187477155492639
0.9282595397048169 -0.3746134366877429
0.5813374557833899 0.8148912580849639
0.9872159677359539 0.165546467939259
-0.896004567882294 0.4462922969692213
-0.8182548141085151 0.5765934956173537
0.8467014771251397 -0.5339453236372677
-0.48056158881672345 0.8781011099833245
-0.026733724785201026 -1.0006429472889464
0.020657742239615192 1.000786819300475
-0.9919832908297841 -0.13405279077479867
0.9809498751057993 0.1993447830516678
-0.15103062302113104 -0.9895406767333261
-0.6130036222110801 -0.791345410775911
-0.6876875126886104 0.7273835885501901
-0.9636904955692345 0.2707427353587229
0.654628199985726 -0.7572733454859272
0.9969776088130406 -0.08964735091139955
0.28005189119018525 0.9610265023613036
-0.8917368186950267 0.4547597675516964
-0.43345691218814136 -0.902283827449169
-0.36138213934411195 0.9334901977862825
-0.9907149411980696 -0.14312548790102178
-0.8990483697623565 0.44012842310813005
0.4120491063092148 -0.9122590279025894
0.683438570682981 -0.7313772761733878
-0.8611775759521934 0.5102687357433376
-0.7307928730511531 -0.684063430317424
0.7497668952919435 0.6632123360766746
0.5685064101749819 -0.8238940839634397
0.33149482330674557 0.944516904094802
-0.8941343168922046 0.4500275806611309
-0.3048832952644445 -0.9534396552843256
-0.9988933675935775 0.0649079361677921
0.34917409037703306 0.938124967480011
0.9968964720950406 -0.09054514854182905
-0.7339397127124491 -0.6806860495878903
-0.2545356739423052 -0.9680974076459127
1.0009878336101041 -0.004935277555580278
-0.8634257997370699 0.5064552185024865
-0.6119507788552593 -0.7921598602923791
0.40032877699893943 -0.9174627351051015
-0.6566153363268562 -0.7555509910657053
-0.9688588578067933 -0.2516217670419552
-0.7531021256129294 0.6594226174444484
-0.006141273337980688 1.0009811610423984
-0.14215380164871874 -0.990854831282977
0.2303973935879116 0.9741242431168095
-0.17915517977213408 -0.984837256383416
-0.07467324833766965 -0.9982108524669028
0.7615598300434213 0.6496365331970142
-0.3322695416651142 -0.9442446460963678
-0.9969666429658419 0.08976921974384904
0.5076020663256501 -0.8627520746204731
0.583965487323525 0.8130100304516531
0.15087411586340466 -0.9895645512862897
0.5821005409355727 0.8143463392454795
-0.2163532322645585 -0.9773393877710435
0.5539780262509834 0.8337321790785485
-0.8159806335382612 -0.5798073867160523
-0.5832942166503886 0.813491768134263
-0.6716270495788316 -0.7422385777322772
-0.048522152579333636 -0.9998232847403924
-0.9742339889941672 0.22993289170649914
0.8597522396919738 0.5126666425121053
-0.26302024344124486 0.9658267709792001
-0.7694180279067262 0.6403100017430027
0.5630973518474451 -0.8276003699506149
0.8714952270881519 0.4924399142662693
1.0008268253808612 0.018618958028501716
0.8818710860951736 -0.4736078414778611
0.29274495411224655 0.9572363301932385
0.09739040022820174 -0.9962510275745721
0.6917889913672826 0.7234839261677054
-0.455280846092952 0.8914708919425725
0.4540227057938782 0.8921123150274328
0.9969507742437904 -0.08994528189242022
-0.6094472780990512 -0.794087536243743
-0.14630429578537363 -0.9902505001436485
-0.1544612613206236 0.9890109800964002
-0.12591930582483782 0.99304850255191
-0.9416385555836072 0.3395847915299179
-0.6744531428467784 -0.7396715204089604
0.9161120111338918 -0.40341019205793016
-0.35053667865213173 0.9376166790962777
0.30370626563292935 0.9538152358896878
0.9480235825096021 0.32132893894833026
-0.5630037205436511 -0.8276640687223328
-0.48089062328819765 -0.8779209579646045
-0.6191191859695362 -0.7865700436480013
0.9288655577371981 -0.373108262639095
-0.792645855486995 -0.6113211494617947
-1.000817819406365 0.01909692013620003
-0.8818826381132979 -0.4735863306666802
0.9954133932365634 -0.10560860081106437
0.8591203303138172 0.5137248855579001
-0.9863565546928037 -0.17059234160577727
0.13663746147128683 -0.9916305784528242
-0.9977586465818864 -0.08049026755504214
0.22734641070343803 0.9748408124100384
-0.713736641833306 0.7018411544676724
-0.5493451507080784 -0.8367920323434721
0.13359651804920492 0.9920448429204843
0.6996158259527995 -0.7159180791657535
-0.19100051140337512 0.982608673197855
0.9183572949850797 0.39827236754222256
-0.7632194655404532 0.6476859172624839
0.7113877474819181 0.7042218916879839
0.47263580832130925 -0.8823924255638546
-0.5553614018982777 -0.832811331143843
-0.9977791085226057 0.08023621748209586
0.907110111244029 0.423263801994507
-0.787158175533316 0.61837125312474
-0.9029300977363467 0.4321090586898537
-0.9985723166823627 -0.06967301023796202
0.044606300301955816 1.000005638970787
-0.28403621368722615 -0.9598564628704775
-0.8966446239649039 0.44500496437100123
-0.7432312541226926 -0.6705283759060532
0.8634776482264809 0.5063668146840448
-0.8890075833927246 0.4600722950474499
-0.9965405104378698 0.09438226028353924
-0.0881685622901499 0.9971094747437154
-0.3107606136055867 0.9515402466693037
-0.7743008057259247 -0.6343967703670816
-0.9325781162063258 0.3637293735362332
0.8326400197416828 -0.555618212016642
0.16243558227611288 0.9877325962074048
0.9989959833247536 0.06330896698737522
-0.8468839776163762 -0.5336558146002582
-0.9595597437427876 0.2850370119620884
0.6613860571892946 0.7513783889330323
-0.27964330270976206 0.9611454745508488
0.9861249336888931 -0.1719261910154365
-0.3564451395616299 0.9353864776031832
-0.7839304324087999 0.6224580926804245
0.12255477035085573 0.9934693393679792
0.7127444231153184 -0.7028487656089409
0.8601410833760693 0.5120139809503659
-0.4431415192920463 -0.8975670414401015
0.8933730530020869 0.45153691783699196
0.3425138892212659 0.9405770758903932
0.7908988720961221 -0.6135796395881156
0.03932578295803661 -1.0002272155839078
0.34879196754547276 -0.9382671066256973
-0.9683488312898749 0.2535774850800705
-0.23602106256751737 -0.9727769826761424
-0.9106841209283777 0.4155182690194354
-0.9710444603212744 0.24305072737880234
-0.8716677393299789 -0.49213448589929554
-0.9930758737213964 0.12570325784356215
-0.9439093529543746 -0.33322084779505273
-0.990646104732976 0.1436011670474215
0.9657463716881765 -0.2633152968802277
0.9130895577099554 0.4102053870941217
0.9995434161508747 0.05398110066902317
-0.524812105231778 0.8523926643291747
0.5684775592469398 -0.8239139910407166
0.46265163699293926 -0.887667991305169
0.15040255961551963 0.9896363322256818
0.9972947600290205 0.08604743818765534
-0.5859442948833479 0.8115850437838639
0.4005159242789584 0.9173810519075329
-0.5346422352709383 0.846261590918845
0.21743378389010692 -0.9770995597293196
0.19870895440408207 0.9810788711615577
-0.9500138501402018 -0.31539607566009803
-0.17678371937864815 -0.9852657086099421
-0.9523933757102134 0.30813610288848686
-0.688862610331989 -0.7262708200709967
-0.6080107663228541 0.7951879702532576
-0.6084577116887572 0.7948460310566325
0.06464741546545104 -0.9989102620724433
0.9571739699374491 -0.2929487860944011
-0.42708108832611913 0.9053191393062325
-0.8917767310556505 -0.45468149505747224
-0.5323177294648839 -0.8477256837546865
0.9727765602090492 -0.2360228037877907
-0.4641252912931985 -0.8868983673352904
0.8708809525859295 -0.49352544658104924
0.5078144238990495 0.8626270983919276
-0.9321938439680332 -0.3647130889728283
0.9793002981612334 -0.20729671010732262
0.9999091202300382 -0.046719923809771476
-0.725736852896578 0.6894251375949173
0.712618218235916 0.702976724392969
-0.8928798080101323 0.4525114898516823
0.2381321089270816 -0.9722623610414735
-0.7409835736764948 0.6730113992657261
0.44214526629224327 -0.8980582183218198
0.7401874933910637 -0.6738868411146297
0.6911966096994104 -0.7240498924383877
0.5723437729811991 -0.8212329788370933
0.3162214339618894 0.9497394404272608
-0.9651692545785342 -0.2654228890211179
0.8415005663250568 -0.5421049685020503
0.9744591239213447 0.22897688924091297
-0.2762816125231286 0.9621171813150516
-0.990090454849093 -0.14738348352755215
0.7918271546441279 0.6123812188238503
-0.9734251266541641 0.23333350123444452
0.9991456412697647 0.0609014575493139
0.04286652201000291 1.0000817273057068
-0.9654090566043252 -0.264549340249313
-0.6371108072878029 0.7720691803440182
-0.976831010375232 -0.21863709010436302
-0.9023353301423217 0.43334968786990874
0.43332815493281684 -0.9023456710942435
0.49409933800432293 0.8705554802444757
-0.9850657022557263 0.17789480666796564
0.7846730351154337 -0.6215217035331375
-0.3660380429499558 -0.9316743804105415
0.3008007972935697 -0.9547355028213588
0.8256277327875038 -0.5659857302548945
-0.8260388552327388 -0.5653855407116337
0.6113098207314493 -0.7926545925415958
0.9858537898301187 0.17347422021035896
-0.46644845486345216 -0.885678744780238
-0.5038968712038826 -0.864921350870088
-0.9873084924187038 -0.1649937598756578
1.000991988637834 -0.004004832440225423
-0.976638031098163 -0.21949750844304247
-0.20237006984496939 0.9803302274391739
-0.9987160483015258 0.06758146835475203
-0.9176854251003386 0.39981803430862256
-0.9851532142784506 -0.17740953862979675
0.08152594536178266 -0.9976745562721682
-0.6567598837618801 -0.7554253471264264
0.9809193216869561 -0.19949507347601858
-0.5645447230857142 -0.8266137281923609
0.988155567341468 -0.15984234336389563
-0.8058563286435 0.5937984317807007
0.2758481294350144 0.9622415546458195
-0.9890627416867982 0.1541294683277465
-0.8926089973351502 -0.45304544791481777
-0.9793024787716642 0.20728640831389358
-0.08311856786007521 -0.9975431337425416
0.7577224098851365 0.6541083622442547
0.49485938670787205 -0.8701236621234414
-0.9663914688387244 0.26093778751980873
0.7430045315087774 -0.6707795958117855
-0.8828076499294442 0.47185978131861583
0.47449535399535253 0.8813938728155677
-0.4307914806004265 0.9035594613760028
0.3937102176022572 0.9203223699093612
0.6894381381723477 0.7257245025720482
-0.8099236525911344 -0.5882386224768275
0.31985078917040405 0.9485233116097199
-0.12671723662865259 -0.9929469985559138
-0.7566904095579738 0.6553019335260547
0.7238698619024818 0.6913851481115875
-0.5110799477399061 0.8606963965407168
0.7871147355052457 -0.6184265462854155
-0.99287152963682 0.12730720968052503
-0.48316029449416364 0.8766739016443418
-1.0008073067091348 0.019640133339876326
0.951093818532042 -0.3121242514610797
-0.7028497106147009 0.7127434912286685
-0.34801280448177035 0.9385563850492591
-0.2363059562182006 0.972707815870625
0.9617670798810192 0.27749789919409706
-0.5790481641053553 0.8165195794628672
-0.8931827068021905 0.45191332384596977
0.9445934854067826 -0.3312765420718262
0.4719444349048108 -0.8827623974560646
-0.6340598561051829 0.7745767223948025
0.1896782246367208 0.9828647776264351
0.8215843415168687 -0.5718392866656622
0.49053955967832324 -0.8725662956994137
0.8811707010059856 -0.4749096710834807
-0.9985818550593942 0.06953616861848914
-0.9992986017576772 0.058337848136104764
-0.9991087610980715 0.061503524265499696
0.9684237496526367 -0.2532912179857946
0.8191850871236654 0.5752710604873085
-0.9055133247995334 0.4266692145098996
0.6407461616602771 0.7690548461050241
0.5582139522804698 -0.8309020300128153
0.7229536437995472 -0.6923431439083928
0.8340546338819004 0.5534924278616007
-0.598288696086159 -0.8025282774678557
0.31338292962742126 0.9506798301311198
-0.13660179828799235 0.9916354918539809
0.938725194596917 -0.3475572025278434
0.998708867949885 0.06768749573044612
0.9141836499726421 -0.407761270994068
-0.5531443168007478 -0.8342855415210274
-0.2672650792969912 -0.9646607576699557
-0.9019147802662629 0.43422428437071403
0.9608834868196294 0.2805421978194206
0.9047908821176903 -0.42819908878545243
-0.5090929796102749 0.8618731566254585
0.5719937925318224 0.8214767807461527
0.3602921221856851 0.9339114447799295
-0.8624423265565861 -0.5081281662766421
-0.5198288623367241 -0.8554407950768464
0.9412241773456852 -0.34073163630625525
0.8664290617816877 0.5012999909237027
0.37908046088099695 -0.9264442801260371
-0.6313008573032174 -0.7768270255135457
-0.8289994007272051 0.561035643782046
-0.5733227583140015 0.8205498246902653
0.11786167658337421 0.9940370341154076
-0.9987371551327513 -0.0672688260440047
0.5850665092439129 -0.8122180617058097
-0.09022240428866596 -0.9969257333243899
0.8404346511184655 0.5437560088857714
-0.5478536968139804 -0.8377692563512075
-0.14128387479882865 0.9909792463628231
-0.2515814862187746 -0.9688693182219945
-0.8978325281279567 -0.4426033793763463
-0.9329909282426788 0.36266917130749426
0.9162124596494338 -0.40318200453781994
-0.38379065405883706 -0.9245029658454808
0.811766415547891 -0.5856929968750939
-0.04264124477003384 -1.0000913579490935
0.5651476067890479 0.8262016597300031
-0.9935700236666145 0.12173581260714933
0.29077919084298465 -0.9578353001287325
0.0023493187618637886 1.0009972431037735
-0.1469068199141661 -0.9901612930541703
-0.8351820989568779 0.5517896896300111
-0.12366842629891396 0.9933313245522615
-0.9924575431240958 0.1304953067971546
-0.9709623380118566 -0.24337859018933689
0.11152951823972215 -0.9947673931936126
0.869285437936181 -0.4963303611427594
0.15438448218830586 -0.9890229682163345
0.848070601234221 0.5317680465411841
-0.7828647345225275 0.6237978898978198
0.9342566167580951 0.3593961241356365
-0.7893580249175735 0.615560645670455
0.8952204275262441 -0.44786313326699345
-0.3322536702163977 0.9442502309386709
0.5326206777128742 0.8475353760597126
-0.9276428051949138 -0.3761380411100572
-0.09416068992847057 0.9965614704935137
0.806645432038277 -0.5927260302802481
-0.08025585936256244 -0.9977775288299374
0.44100497321072907 -0.8986187253799045
0.23296993654101836 0.9735122026292602
-0.9128659544649624 0.4107027503910501
0.9998552903682395 -0.04785810613306246
-0.30398359557819227 -0.9537268862831508
-0.9581597828266335 -0.2897081817512554
0.9973499060844467 0.08540588289658577
0.7409011386959442 0.6731021487701946
0.6262324641748765 0.780918626243133
0.29348499010824647 0.9570096972242039
0.543392247304079 -0.8406698909618582
-0.9429337433424316 0.33597165902234866
-0.31651246965259106 -0.9496424888106143
-0.7233891893334883 0.69188805507498
0.11443988036739658 -0.9944367821945727
-0.019796098485979977 -1.0008042338463268
0.920880336774711 0.3924033707063367
-0.996688636907296 0.09280496247440666
-0.9714025603066953 -0.24161553308841124
0.43881696467473275 0.899689208290093
-0.2888725234674853 0.9584120539650611
-0.38704716322610383 0.9231443513549903
0.8668308693940329 0.5006048779882045
0.15586852677192498 0.9887901710484128
-0.8729855714561344 -0.48979300937172054
-0.9447351014622867 0.33087246495446365
0.9899698514734084 0.148191407219574
0.23963064686199473 -0.9718941059006901
-0.3235465354481926 0.9472690427747924
-0.82077102266489 -0.5730060456519028
0.990902775218058 0.14181921613501755
0.2547803126249136 0.9680330533090031
-0.5516429651096671 0.8352790186787973
-0.9438496172717502 0.3333900118119478
0.3674240241535657 -0.9311286626856677
-0.05606779802945474 0.9994285377274997
-0.8522088094324823 0.525110602754954
-0.5314464405565259 -0.8482721737861021
0.7562990246245275 -0.6557536010972326
0.2869393635607239 0.9589925972807958
-0.8786629316643939 0.47953357809326835
-0.8641355605751551 0.5052432413694047
0.21906137623768798 0.9767359486784799
0.013326092722392855 -1.0009112923994585
0.9270208292586666 0.3776683493762405
-0.3402000026257242 -0.9414164637467614
-0.3548788405803084 -0.9359818419757812
-0.6993073864795694 -0.7162193652890952
0.14143548388321475 -0.9909576196279641
0.5322122982535468 0.8477918786988217
-0.6923623758071884 0.7229352257060281
-0.9345490649923218 -0.3586349747612144
0.9480447013287969 -0.32126662491206925
-0.8839332372805355 -0.4697478387717739
0.9790822886450457 0.2083239594035677
-0.27967860292279356 -0.9611352033232132
0.3675497430789235 -0.9310790441002403
0.7116407860453848 0.7039661864299355
-0.7935358073263931 0.6101654877906891
1.0007068909780925 -0.024222269690520094
-0.4943319194677832 -0.8704234333904948
-0.9276846241099485 0.37603488959135656
0.8436102146034754 0.5388161150306087
0.9979643266030066 -0.07789867025699304
0.9141770077316459 -0.4077761622934994
0.07247787535913704 0.9983726546652936
0.682012691875776 0.7327070957213108
0.34834159446119617 0.9384344055757076
0.4965530630256693 -0.8691582454305002
0.9509274905288071 -0.31263062510986606
0.44451239884070837 -0.8968889157955288
-0.18830489354106447 -0.983128815094181
0.9478534799209279 0.32183035997523163
-0.10569874309438174 0.9954038254438586
0.9760089395931728 -0.22227809121505965
-0.9955890313467654 -0.10393979344798356
0.759527313547991 0.6520117023294688
-0.7410664153539 -0.6729201795417648
-0.7958995203107901 0.6070790340384472
1.0003249578960167 0.03675566092906552
-0.30752730356938857 -0.9525901309374043
0.7741628809454829 0.6345650744929081
-0.18683352874250425 0.9834094938211771
-0.6263797286367042 -0.780800509447201
0.1259740093826678 -0.9930415645681985
-0.8250380800681203 -0.566844922741229
0.1344173162423119 0.9919339620631075
-0.0920060179626044 -0.9967627062940632
-0.9717445737287583 -0.2402363074739407
-0.22853128385397298 0.9745637240837844
-0.45041881833157194 -0.8939372953920148
-0.9952038038497864 -0.10756574177179322
-0.9174372889030141 -0.4003870888656219
0.1297981716179518 0.9925489583111942
-0.7990235924097455 0.6029612746873757
-0.23408091985030854 0.9732456642400383
0.8224364643182961 0.5706130581748197
-0.8663646373302973 -0.5014113233499443
0.9026657968336127 -0.43266090559090176
0.8392926339254037 -0.5455170708956397
-0.22415416050917136 -0.9755797826556415
-0.671261580530492 0.7425691149675603
0.25119259866994875 0.9689702154212162
-0.6097037006032293 -0.7938906709810412
-0.5130307874651505 -0.8595349970262337
0.03859700824667137 -1.0002556028108047
-0.8466686010106582 -0.5339974532361133
-0.9977281783683684 -0.08086706430764824
-0.9049713074026605 0.42781763962922237
0.21661865504524264 -0.9772805934256498
0.7846617503045018 0.6215359503754194
0.9998014576913372 0.048969839679920094
-0.512509130226806 0.8598461440479702
0.5278076629029365 0.8505410460294907
-0.7693764895218264 -0.640359912370435
-0.996356281705754 -0.09630763160562232
-0.4525230121507873 0.8928739684154637
-0.3771216047017038 -0.9272433851299301
0.8744993694134532 -0.4870850571465653
-0.33525679394433944 -0.943188147780793
0.9840169582995901 -0.1836072596027259
-0.7855654558662895 -0.6203933546948974
0.06742170724404013 0.998726846235896
0.8352569656997478 0.5516763555292633
0.6164820209031123 0.7886386484970253
-0.9869159090510761 0.16732599457910954
-0.7362625477044183 -0.6781728841879473
0.31998965206477076 0.9484764744428124
-0.60239746929287 0.7994487406891988
-0.5113894449590564 0.8605125423748734
0.38604888781499 -0.9235622643962936
0.5867550570176856 0.8109990771043901
0.8750529965166306 -0.4860897584677811
0.989986589893205 -0.14807954562201728
0.7147413576404144 0.7008179447462353
0.738318157636004 -0.6759343889054445
0.2972532280930039 0.9558459700120562
-0.39044914137730574 -0.9217106205299603
-0.6303368702613685 0.7776094328061502
0.8312560517662716 -0.5576866292120957
0.14532339399316202 0.990394926864182
-0.8815667340462943 0.474174117200581
0.3421306524842666 -0.9407165442526723
0.556523531995528 -0.8320351905630089
-1.0006084975187242 -0.02799347590638882
-0.5150357151004267 0.8583351397740815
0.9118515231379086 0.4129501177516192
-0.23427346267954477 -0.973199334506624
0.91087149246814 -0.41510736467673415
0.5234900333144255 -0.8532052420258924
0.004327281903070494 -1.0009906466252976
0.2280792272433068 0.9746696189479264
-0.7309073429915416 0.6839411202443123
0.5731118302176541 -0.8206971609945845
0.8082230199889702 0.5905730691116119
0.18240083633995488 -0.9842412991246025
0.1460156311152344 -0.9902931058378726
-0.40743272711278006 0.9143301224817232
-0.21649572039999054 -0.9773078343329132
0.8397227654014706 -0.5448547304250067
0.7426509487966338 -0.6711710424708888
-0.9899068616244001 -0.1486115921081894
-0.4948421263019023 0.8701334782876775
0.7460755041404126 0.667362227071348
0.600588750649301 -0.800808436889567
-0.34538655576446076 -0.9395260119321673
0.8619038335846405 -0.5090410412256563
-0.8862656729831407 0.46533230802485726
0.10825405335285718 -0.9951291674615295
0.9392289424968943 0.3461935781844684
-0.6936640702386888 0.7216863291346839
-0.6359891350078183 -0.7729934153354782
0.36047912967778717 0.9338392779631542
0.8610555596564317 0.510474605817713
-0.9852967838533572 0.17661044059803113
-0.676936033742487 -0.7373998957288986
-0.8932348753471092 -0.45181020070781314
-0.9738226097202135 -0.23166899835263402
-0.18956811396657813 0.9828860209440129
-0.7133916400514602 -0.7021918312716889
0.8175883890286841 0.577538073312471
-0.9865319016545111 -0.16957537267520348
-0.9870012220410562 -0.16682202399402016
-0.5696678011646648 -0.8230914872091778
0.4939888376502623 0.8706181874260053
-0.9745689495692978 -0.22850899880616377
0.8985644802479146 0.4411154892279291
-0.6886146500052815 -0.7265059282608117
0.0902512262208047 -0.9969231245014036
0.05552623200681312 -0.9994587723158598
-0.9731757591562343 -0.2343713757921112
-0.5564245086843 -0.8321014157754062
-0.3753153637460041 0.9279759575205624
-0.28963019358678244 0.9581833597818754
0.7774935631093821 -0.6304797850236574
-0.9970863317731657 -0.08842989873980753
-0.034319543276257976 1.0004114998086082
0.8971313414050025 0.4440229231344489
0.6069497088113553 0.7959981475944596
0.7730317620614444 -0.6359425247962102
0.8587771637178916 0.5142983405346099
0.1726857521398573 0.9859922063626526
0.9770365712557982 -0.21771664710975486
-1.0007230096428485 -0.02354693125141954
0.08011278957206622 -0.9977890262710759
1.000145024964344 0.04136337799396946
-0.9418013129182432 -0.33913314050011883
-0.8134614108654545 -0.5833365521144583
-0.15340625612194117 0.9891751718389667
-0.7345255343601548 0.680053850347845
0.4496167907457437 0.8943409537080912
-0.5114197123641921 0.86049455419853
0.03296879620991371 -1.0004569248480761
0.5480724384011894 0.8376261709527553
-0.7746287365283276 -0.6339963095669618
0.19893871296326754 0.9810323075640875
-0.8798221495862039 -0.47740337776089475
0.4491920381317808 -0.8945543655245426
0.5818392825389499 0.8145330252939779
-0.831930082984844 0.5566806418628462
-0.8372910256569392 0.5485843037805134
0.936238555377722 -0.35420102685372895
0.390931801223303 0.9215060101769841
0.9745098480191032 0.22876091474241003
0.7753130402204207 0.6331592924882082
-0.22634102905833192 -0.9750747348612903
-0.4430032765788907 -0.8976352805791263
0.9259363013688287 0.38031955748740254
-0.9894759424126848 -0.15145414945299215
-0.21339258910286377 0.9779900832400993
-0.9879992313897106 0.16080584185078944
-0.1944118660714637 0.9819394209067132
0.7432057703238693 0.670556621738466
0.2988138978421226 0.9553592279642238
-0.9958955077606052 0.10096106983509241
-0.9970421338776901 -0.0889268422503698
0.40529393864342633 0.915280188411668
0.9549198777907043 0.30021496798158864
-0.42404262240799634 -0.9067463010022977
0.5017174747261075 0.8661873790089865
-0.3249626042942483 -0.9467841917830588
0.9923551753765498 0.1312714969190837
-0.9656702417692274 -0.263594355329096
0.8851496189424962 -0.4674517644484334
0.8931289030163916 0.45201964846313614
-0.9729657934714155 0.23524150300178484
0.7765860937260264 0.6315972126532473
0.9734439412001289 0.2332549963897027
-0.9018554727261381 0.4343474488401122
0.771511560979233 0.6377859447145156
0.47609095219234404 0.8805330233674301
0.1737795947299449 -0.9858000063174559
-0.501387751137167 -0.8663782793962543
-0.7458019564274349 0.6676679128047196
0.9526459880766126 -0.3073542278894737
-0.8034055609158245 -0.5971101277733694
0.8438791890848136 -0.5383947568741336
0.8765066266997059 0.4834636835911279
-0.8082209597185711 0.5905758886642697
-0.1908148435935391 0.982644745299324
0.31625553648089516 0.9497280851091965
0.21476235950097727 0.9776902009029103
-0.35213773967582596 0.9370165485710485
-0.25575285041488 0.9677765648664283
0.020586101116329792 -1.0007882955155043
-0.620561879478754 -0.7854323355565369
1.0009645149283553 0.008428514355600361
-0.49635271899238426 -0.8692726720361496
0.7343801787748171 -0.6802108151320939
-0.8311809647019008 -0.5577985334484283
0.8820239182221038 0.473323153547476
-0.049430490876830796 -0.9997787888186443
0.0950215000452873 0.9964797612240519
-0.7191376057357073 0.696306041921736
0.1227103209749636 0.9934501382184319
-0.3337010730835173 -0.9437396854127249
0.7221927061972468 -0.6931368516501608
0.2831930074301645 -0.9601055778104087
-0.021733434613848805 -1.0007640370336484
-0.7694803144273805 0.6402351487607812
0.45592999901527803 0.8911390665872126
-0.9107417610432644 -0.41539191697939126
0.6849041798423288 -0.7300049756231165
0.8841999809629556 0.46924555795991185
0.14966289079312678 0.9897484625496746
0.862154602164793 -0.5086162030117284
-0.39247422201983856 -0.9208501425584527
-0.02648658585835156 1.000649519447028
0.6083884096537211 -0.7948990772412659
-0.9859441175965715 0.17296010226846506
0.9310041725160926 -0.36773935165770044
1.0004884245308414 0.031998630905006854
-0.9976215911238705 -0.08217153353489894
-0.9772060495870124 -0.21695468801237136
-0.6243674502916501 0.7824105616722615
-0.9943339118698492 0.11533027228617336
0.9945714100076046 0.11326389714063949
-0.07245581375080087 0.9983742560050861
-0.9715382926028838 -0.24106917265854064
-0.998790359902651 -0.06647418269924715
0.512214225132324 -0.8600218529619423
-0.1358509505733465 0.9917386345344817
0.7622462717344318 0.6488309650648301
-0.8192597375079409 0.5751647437894815
-0.5923677389711457 -0.8069085833142517
-0.6965101605752588 -0.7189399114080586
-0.7903527274371496 0.6142829691865621
0.8976115119988054 -0.443051434403748
0.5151015148855047 -0.8582956538178778
0.7063351283444589 -0.7092895646113911
0.7786772103898016 0.6290173304604227
1.0009798361385023 -0.006353553662092889
0.6828257475887396 0.731949450734051
-0.9989974073238405 0.06328649271562378
0.9747785512358114 -0.22761321589620573
0.9988495193216411 -0.06557924786795397
0.18471750343629761 0.9838091501527425
0.6766492294651987 0.737663080453504
-0.6315209606635702 0.7766481032247239
-0.6518625193764549 -0.7596553533229269
0.9639753076693234 -0.2697269104183589
-0.7570285532653146 -0.6549112684486538
0.8667814256356857 0.5006904834056348
0.44201441613270726 0.8981226285596315
-0.162931857621404 0.9876508541848372
-0.9832475968315425 -0.18768367889882256
-0.5910149231308285 -0.8078999694495977
0.5551047767201074 0.8329824048937167
0.9817885793808052 0.19517219422197554
-0.48859689795617955 -0.873655579337532
-0.9099998525840397 -0.4170147099288297
-0.8892403761582526 0.4596221855066716
0.7532652916576684 -0.6592362250239953
-0.9825437627408514 0.1913341430561975
0.8083924327728034 -0.590341151060697
-0.15338965436373223 0.9891777463803837
-0.7831064027335316 -0.62349447631695
1.0009999996555259 -2.6260943793233862E-05
0.9272175429597642 -0.3771851376017588
-0.8013533607080184 0.5998614767443935
0.34203741807936805 0.9407504475861809
-0.8523589661351609 0.5248668334434932
0.03791489226826053 1.0002816907972905
-0.17164365387407807 -0.9861741509919816
-0.8539152626529489 0.5223310484820382
0.6595184901608679 0.7530181678657755
0.43114577077008875 0.9033904606243449
-0.9665710198244116 0.2602719032773167
0.6378460639786214 0.7714618582062113
0.6799278512116173 -0.7346421694585419
0.9672727316318048 -0.257651824448317
-0.2019277243803867 -0.980421436998681
0.2025013673483671 -0.9803031144610537
0.5299027199813072 -0.8492373680876345
0.7217579863801081 -0.693589510515068
0.6769371794364022 0.7373988439756929
-0.2842892391242782 -0.9597815524993899
0.29842184332363764 -0.9554817650940924
0.6281791433230074 0.7793535551301299
0.9512122020849133 0.31176328617200916
-0.9929893105663105 0.12638524083548502
-0.7485870226049153 -0.6645438056196958
0.921118495324845 0.39184399647116397
-0.3183734548061979 -0.9490202017211045
-0.1540392308051239 0.9890767995322536
-0.9208223562311735 0.392539409823867
0.5207277925159066 -0.854893891720786
-0.3371588150026391 0.9425099116009423
-0.831853392209393 0.5567952351356158
-0.521379726343309 0.8544964487686162
-0.6970799812747592 0.7183874300862879
-0.7651998624198252 -0.6453450011836153
-0.9958808005455533 0.10110603891335009
-0.8082671147679684 -0.5905127189016878
-0.048750113411211334 0.999812195585948
-0.44706595627955437 -0.895618797667762
0.13932929803066063 -0.991255944098336
-1.000370133024364 0.03550488632310009
0.9957404503957159 -0.102479048813584
0.9776730751467172 -0.2148403084459746
0.21837950911448029 0.9768886272236558
-0.9591600498919619 -0.28637911706555913
0.7144562866000105 0.7011085611641922
-0.7941987352139032 -0.6093023625299976
0.2376580027654903 -0.9723783593445084
0.2390363200879856 0.9720404506391666
-0.8807373505572512 -0.4757128538660623
-0.838800993784326 -0.5462727275147709
0.9650591090217264 -0.26582309172491325
-0.9218134669519593 0.3902062687169557
-0.5299964090826565 0.8491789012684485
0.8778190475976424 -0.4810766255751447
-0.7492571475782331 0.6637881641027729
0.9662091637505184 0.2616120254967726
0.6108769484466807 -0.7929882432019225
0.10846656138796322 -0.995106027044692
-0.7347729733217274 0.6797864941847168
0.9730951111146899 0.23470599635435235
0.4921079067325532 0.8716827451150474
0.7091801641068325 -0.7064449694331513
-0.6660442236216806 0.747252361776256
0.993957563398354 -0.11853000532863954
-0.23319014921891032 -0.9734594774859724
0.9698463339082519 -0.24778839481445375
-0.6037632524721016 -0.7984177696947314
-0.28360366466494863 0.9599843547624155
0.27439764111917686 -0.9626561870928954
0.6835864718316409 0.7312390413050778
0.7507908758083934 0.6620529138995354
0.5759997778115616 0.818672862602048
0.999253896443352 -0.05909865009269393
0.7720780973913273 -0.6371000011996455
-0.1234523796747673 0.9933581982108151
0.7612996828505485 0.6499413765037999
0.28971787830767426 -0.9581568509325077
0.3480060343408567 -0.9385588953615807
0.17545741739037235 0.9855027623922221
-0.8875205642051702 0.46293438856163655
-0.6135362970198516 -0.7909324953743956
0.9975972740719061 0.0824662280227618
-0.9979164496007257 -0.07850961480151511
-0.40436492359651977 0.915691000591783
0.3787454066400393 -0.9265813061728967
-0.8915391171466565 0.45514723178039895
0.7157517304622603 -0.6997860103919482
0.757529649847457 -0.654331589946557
-0.6633835014712705 -0.7496154547337702
-0.091533879682543 0.9968061741734255
0.31639808980978634 0.9496806035529621
0.1543206047774354 0.9890329372377477
-0.09446746621440347 -0.9965324369166467
-0.8998220533273229 -0.4385444930058985
-0.7226757442859928 -0.6926332136280258
0.5889458804418164 -0.8094095069312033
0.6895717769881674 0.7255975223092903
0.9664717721476587 -0.26064019958894297
-0.9116572298646384 0.4133788761360865
0.9850156572373774 -0.1781717008877043
0.5569178546143311 0.8317713046335337
0.9917153805527023 0.13602060128969048
-0.9949798909477708 0.10961759260977269
0.2359118735051341 -0.9728034683014333
-0.6897176606723153 0.7254588537999304
0.06747357257503904 -0.9987233435761682
0.9351899491607106 -0.35696044457164666
-0.94614073921296 -0.3268313045005844
-0.34908150073464195 0.938159424535537
0.6202723780192717 -0.785660981000277
-0.4700501590463701 0.8837725091789641
0.8899291257899254 -0.45828719278502533
-0.9507323791669356 0.3132234716677188
0.061385091548979726 0.9991160445791687
0.9147770918315683 -0.40642818831889416
-0.9663315630960703 0.26115954924969814
0.4910799603049698 0.8722622728210073
0.1828542726101011 -0.9841571596997254
0.7539663723736062 -0.6584342862653682
-0.9608489891479112 0.280660328606373
0.45821491347841375 -0.8899663437827128
-0.025204041238665733 -1.0006826451504192
