1000
-0.0023146131777858747 -1.0009973239553827
0.27769149842841123 -0.9617111997375218
-0.7255596487858663 0.6896116269711019
0.7613191668306816 0.6499185535251604
0.4445930840736395 -0.8968489223909955
-0.557190869926424 0.8315884405585703
0.9418264453191518 0.339063337589735
-0.41685975154355775 0.9100708475404776
0.4660922081703763 0.8858662729119235
-0.9840986145142616 -0.18316909376614465
0.16437797283310981 -0.9874112021074489
-0.6434197437646919 -0.766819426810366
-0.704397924881427 -0.7112134443489798
0.7550935354987254 0.6571413490627683
-0.1294258458078304 -0.9925975772874562
0.9860161920555857 0.17254874384996957
0.9756911814978313 -0.22366876927136237
0.8789775569342076 -0.47895663102829233
-0.5538564404488557 -0.8338129546686853
0.05668939355739125 -0.9993934723911775
0.9833891796948383 -0.1869404216832544
0.6950640648745134 -0.7203380773776423
0.020871607773783815 -1.0007823819337236
-0.605355206370678 -0.7972114362701491
-0.023224080336031912 -1.0007305541915594
0.821979496752436 0.571271132579454
-0.7282817737039833 0.6867362361857572
0.6286989475440989 -0.7789342933501787
-0.2418406326067732 -0.9713465439380303
-0.5387354609302002 0.8436617231665337
0.43046585388576053 0.9037146389421846
0.9793561908992972 -0.20703248862731513
-0.9986047301631525 -0.06920688474261272
-0.7698430206696407 0.639798971182545
-0.768705833883514 -0.6411648313448355
0.892707703842054 -0.45285091973081765
0.717800229391055 -0.6976846212194653
-0.3266239327993875 0.9462123474794975
-0.9819829382002754 0.19419193877077967
0.6583666661317585 -0.7540254192840938
0.8383096039156642 -0.5470265148809169
0.8966465039156444 0.44500117642075104
0.9006829659440554 -0.43677361969127615
0.30897771802383206 -0.9521206697497883
-0.44108418970366736 0.8985798448626918
0.9863062882862503 -0.17088272495193949
0.5685909745849872 -0.8238357261132188
-0.7547640081804059 0.6575198034701678
-0.30577260466397516 -0.9531548217561554
0.9952186658575203 0.10742814867983788
0.8262308913339357 0.5651048700953922
-0.16229691177744157 0.9877553909888345
-0.9966835918700369 0.09285912823757145
0.010799233551973436 1.0009417448356772
0.9965679422319924 -0.09409217031981106
0.8944863466739896 0.44932747035299253
-0.5191283912850944 -0.8558660604100096
-0.1626961723224856 0.9876897060877025
-0.8944534616627936 -0.4493929293162559
-0.4188907824118025 0.9091377851626385
-0.600512974743235 -0.8008652615546705
0.07041509654189886 -0.998520262277634
0.9724103645951977 -0.2375270149432157
-0.04862588882970259 0.9998182449503117
-0.5395590449762164 -0.843135242404416
0.5597996948821545 -0.8298345025424326
0.06949419702432855 0.9985847768617063
-0.05221797752045807 0.99963707555476
0.4821149275132639 0.8772492215265171
-0.5921272402433877 -0.807085083099514
0.6149860867489505 0.7898057439049253
-0.5294584918916956 -0.8495143938532008
-0.23456391280060135 0.9731293700282979
0.9787727355136187 -0.20977352601123864
-0.9347578875595134 -0.358090340061382
0.9590866966345739 -0.28662468201217584
0.9949846406594582 -0.10957447171567287
-0.9891402916515156 -0.1536309976259824
0.8059160624631863 0.5937173572196065
-0.21140387922694293 -0.9784218925636323
0.42811930911104834 0.9048286341436586
-0.6882692827951555 -0.7268331269009705
1.0007722468372755 0.0213520481516686
-0.49898351754965237 -0.8677652039657823
0.9817250282723232 -0.19549160816696512
-0.004469054531418127 1.000990023702332
-0.7776404606756687 0.6302985910821425
0.1605925968832135 -0.988033915321891
0.4113823134615345 -0.9125599115515846
0.9591951668385433 -0.28626147472822616
0.2220162500295286 -0.9760685348492829
-0.39934224074412833 -0.9178925725581718
0.9768715980254888 -0.218455672783125
-0.9966407186598011 0.09331815423204155
0.37119206122990556 0.9296329671864558
-0.9407431712282442 0.34205743053970683
-0.3991257150957422 0.9179867447568687
0.5209773318210541 -0.8547418439087999
-0.12931996650339686 -0.9926113772587741
-0.9851886323485438 -0.17721274979866897
0.5234274579817332 -0.853243632399786
-0.8172223457869071 -0.5780559121283554
1.000999747891576 0.000710437190267267
-0.06983309660175428 -0.9985611341420264
-0.7668137121892159 -0.6434265543157155
0.6730522183750569 0.7409464969486088
-0.8160793526273757 -0.579668431273675
0.6785195921246608 -0.7359430433824238
0.9636567701082897 0.2708627501604068
-1.0009618731458116 0.008736618821261881
0.5770654241071128 -0.8179220600400003
-0.6042762201089025 -0.7980296045955295
-0.9447961662426672 -0.3306980560166001
-1.0009433991112835 0.010644800399719498
-0.5469884653168277 0.8383344313639645
0.9169005255503524 -0.4016147734402801
0.6607142148517307 0.751969232278064
0.13729394863806246 0.9915398991807486
0.7268048728755534 0.6882991186717812
0.2176559312438269 -0.9770500988149904
0.5530843099707217 -0.8343253238780485
-0.8082530581184957 0.5905319585273091
0.4579966176890639 -0.8900787033658188
-0.8944935343272272 -0.44931316144398176
-0.07582153502192328 -0.9981242882662055
0.2324616422509139 -0.9736337015952191
0.9046144423390591 0.42857171011581374
0.9930646306532783 0.12579204802159777
-0.3524572929514602 0.9368963958972883
-0.9499094658718689 0.3157103207800164
0.9816093446800781 0.19607165638293478
-0.7925658261615605 -0.6114249023394804
0.7269883740095942 -0.6881053001211999
0.5867363039931409 0.8110126445231718
-0.9977073545864514 0.08112357612990727
0.9663319034382943 -0.2611582899264792
0.1779092434067338 -0.9850630949895766
0.8938313248474083 0.45062907442987615
0.3439484048212455 0.9400534531721697
0.658923113327189 0.7535392031760554
-0.727893125778889 0.6871481626576894
-0.24709039741562638 -0.9700243994379666
0.15707442031002986 0.9885993255532132
-0.5967019499051028 0.8037087675143578
-0.9339526411960097 0.3601853189720502
-0.9973339833964322 -0.08559162086679505
-0.47072720893866404 0.883412075288093
0.40855645634757903 0.9138285517408113
0.9384477065284687 0.3483057595151955
0.5539270346245116 -0.83376605850328
0.7182723710875751 0.6971985376721848
0.9999453920169697 -0.04593705458590823
-0.7641194304275166 -0.6466239216446663
-0.2230744810162462 -0.97582722646959
-0.9387759760857544 0.34742001485844065
-0.9762851456446295 0.22106178863305306
-0.9685945636256991 -0.2526372326375148
-0.2874044615617887 0.9588533128035687
-0.3293808494983063 -0.9452561853718674
0.6453314178662669 0.7652113179473455
-0.9401737983430953 0.3436193081145423
0.8752185248245533 0.4857916567870766
-0.30556764755006965 0.9532205478118464
0.9605162359231009 0.28179702008381496
0.9413135730396686 -0.34048459173844053
0.4573152241826911 0.8904289897182902
-0.38915866335363986 -0.922256219679113
0.27870684202237284 0.9614174411825054
-0.7406589073024834 0.6733686828428326
0.8868137681122263 0.46428691634224906
0.6242133982684541 -0.7825334711193818
-0.7980887105696237 -0.6041981546324975
0.5719574055100528 -0.8215021158111578
-0.7584686888201619 0.6532428706686544
0.9874692769455174 -0.16402873860606573
0.3090214475319737 -0.9521064777456582
-0.9075573843495518 -0.4223039120261614
-0.5059400362463794 -0.8637277810300027
-0.990061975803726 0.14757467285283862
-0.09885918950866517 0.9961063500699561
0.11784781207805624 -0.9940386779136993
0.7391761903182601 -0.6749959701113654
0.9258756513426092 0.38046718419713815
-0.30439947696382097 0.9535942315388407
-0.870242787213474 0.49464986738391437
-0.8937770263362058 -0.4507367604196593
-0.00889436326508874 -1.0009604838864063
-0.23318448529740063 0.9734608342489113
-0.2526321671331396 -0.9685958848403257
0.052653900777546246 -0.9996142089490866
-0.9345534121576949 -0.35862364649365974
0.818253846636932 -0.576594868572262
0.35026568480117576 0.937717948026358
0.9700905020810603 0.24683074721783818
0.17540913211200465 0.9855113578095959
-0.5295779002418387 0.8494399611364214
0.07691026986346416 0.99804098632748
0.603234639815005 -0.7988172314911974
0.9911024189550299 -0.14041721810906346
0.4456423086401664 0.8963280274262668
-0.8165981327708189 0.5789373796493121
-0.9558798044725066 0.2971444083296915
0.9361723951592563 0.3543758549080075
-0.8570685579382792 0.5171406839474133
-0.49140155300005794 0.8720811394068393
-0.9804063426264618 0.2020009983584362
0.9666931514267244 -0.2598179189060448
0.5583787738053577 0.8307912764128094
-0.670839589544361 -0.7429503651657715
-0.008216828334409391 -1.000966275022352
1.0007983159968152 0.0200930509863226
0.21802836385181582 0.9769670580711001
-0.15866800538437403 -0.988344810310321
0.6307588531600665 -0.7772671800354094
0.7426999698164356 0.671116796716239
0.588142158678041 0.8099937044110492
-0.7011423933971181 0.7144230848603375
0.49370546718221997 -0.8707789109035575
-0.01465899093852226 -1.0008926585726685
0.020102079712894513 -1.0007981346861197
-0.12022248482017768 -0.9937542725159284
0.9021724660852732 -0.4336886457328765
0.1979873826160203 -0.9812247430251937
-0.6772555986310488 0.7371064062419346
-0.9275997222924045 -0.37624427597380683
0.19471998949062175 -0.9818783660376534
0.5078014239662612 0.8626347511072328
-0.965669123999682 -0.26359845021108697
0.46782408017568783 0.8849528970559798
-0.7219499565333232 0.6933896886034092
-1.0009199080303783 0.012662452703131155
-0.9172195091956383 -0.4008857342821172
0.3554423654707348 -0.9357679866444292
-0.9750724314190765 0.22635095203354097
-0.7841800670256887 0.6221435706326849
0.046193573344068685 -0.9999335746846918
0.8810549140096257 0.47512444527669917
0.22416893776959673 0.9755763872394876
0.11531964966325688 0.9943351439034748
-0.5485429539529132 -0.8373181161712746
0.929175033559402 -0.37233688644812535
0.35520321053595716 0.9358587923532847
-0.728322969334968 0.6866925457139427
-0.6880963021578277 -0.7269968906100792
-0.967655303485145 0.2562112675841402
-1.0009414626203632 0.01082535945859302
0.2795665562514914 0.9611678004519719
0.7974928389448334 0.6049844393302277
-0.9938523475376374 0.11940900842870791
1.0009163453898011 0.012941001952109454
-0.9420727351406117 -0.33837842972726084
0.7750192605384899 -0.6335188598568887
0.8989201594746247 0.44039022115632337
-0.9757444798157543 0.22343614324697605
-7.109015094651469E-05 1.0009999974756196
-0.9937046501145526 -0.12063195406157833
0.37168264884832264 -0.9294369309130633
0.7865077232369194 -0.6191983537515886
-0.4187304467089001 -0.9092116436776231
-0.44580759943976966 -0.8962458280414755
-0.2896067352180014 -0.9581904502322961
-0.22338448258118473 0.9757563081742984
-0.283916988886812 -0.9598917352605167
-0.9318871068674002 0.3654961286447596
-0.7983833737718341 0.603808735018552
-0.7986742789329593 -0.6034238942658119
-0.9920994029927557 0.13319074510422205
0.5357976699084197 0.8455305180303714
0.7919199717525809 -0.6122611847401332
-0.7359000499694734 0.6785662211272577
-0.8457065633158808 0.5355197557181641
0.01556509996907289 -1.0008789775307265
0.624248806566283 -0.7825052252225357
-0.815818957643568 -0.5800348509782511
-0.9366281624907982 0.35316948513300395
-0.6558708784424891 -0.7561973226685464
-0.9780657952247466 0.21304530084323425
1.0009846604784163 -0.005541614106882474
-0.182386745504566 -0.9842439103516225
0.9497589736057493 0.31616276196818843
0.9693252467200791 -0.2498190666683741
0.7475467448002733 0.6657138006219453
-0.8326474092039274 0.5556071381344804
-0.49810626196561186 0.8682690549539614
-0.1695085933632105 0.986543378050872
0.17386417577382599 0.9857850923920934
-0.9345466245430607 0.35864133414202476
-0.9399522539256243 0.3442248688577549
0.9541735083193384 0.302578776555074
0.14912487583758702 0.9898296678754503
-0.8299674189282619 -0.5596026121432592
0.9799575556168023 -0.20416706196040027
0.8831248862776863 -0.47126577982813866
0.31272308061863663 0.9508970895151534
-0.8579374023980829 -0.5156979867775614
0.1294542095656612 -0.9925938784949915
0.8098610145796951 0.5883248567449338
-0.28877992706870304 0.9584399583292604
-0.4650863081026086 0.8863947912840449
0.7410569776378296 0.6729305728634161
0.6487982315960764 0.762274133548951
0.6736641359552511 0.7403901889731286
0.9367222863627179 0.3529197617467774
0.9456917571122042 0.3281281769827632
-0.9999878469419798 0.04500339951985318
0.7207797581428729 0.6946060324036222
-0.5796491776001506 0.8160930283414196
0.7392725043369814 -0.6748904832128897
0.8724593825789548 -0.4907296870477155
-0.852544973099706 -0.5245646469620514
0.9616220343677465 -0.2780001133424888
0.8098980143050996 0.5882739212515344
0.6480162817747626 -0.7629389874392392
-1.0003034913154103 0.03733530851889004
-0.6522377152274583 0.7593332356975196
-0.9291284794002972 -0.37245304236546595
-0.11230814596318625 0.9946797878464766
0.9712194322861913 0.24235060212363438
-0.8727058776195131 -0.49029119018023903
0.013513507541703766 1.0009087796167642
-0.15312729593025207 -0.9892183941077365
0.9281550562944111 0.3748722335344653
-0.3105592394685934 0.9516059892522161
-0.23226743497505775 -0.9736800494259433
0.38940221467666314 0.922153411968372
0.7616628096119596 -0.6495157923053262
0.5180328820175157 -0.8565295868495301
-0.9555160545413688 -0.2983120338063751
-0.6359271205743652 0.7730444342455334
0.03674622697764681 1.000325304489948
-0.6827792389568733 -0.7319928352446307
0.4764732752648147 0.8803261997455376
-0.734555608483171 0.6800213658745717
-0.6064694121811276 0.7963641454062818
0.43626866657707647 -0.900927661115508
-0.6608329553357482 0.7518648848976929
0.9147107250667836 -0.40657753190234086
-0.9239307983350854 0.3851660419713707
0.25290622889622394 -0.9685243617924594
-0.7703493983788805 -0.6391891773311692
-0.15882988643035567 0.9883188084704856
0.7471906453935345 0.6661134583810728
-0.5019251806475274 0.8660670372620973
0.5279972905465661 -0.8504233423275052
-0.4525104844623183 0.8928803175407541
0.17522326682136316 0.9855444215074475
-0.9984411916686984 0.07152752462646512
-0.40015887725062566 0.9175368510079138
-0.8157520875619444 -0.5801288922630297
0.2997324844059432 -0.9550714307274829
0.15747825557386314 -0.9885350772842676
0.06830004901424562 0.9986671634256589
-0.8186938524265888 0.5759699436593118
0.8926290911686761 0.45300585603210847
0.19555627727594613 -0.9817121484518633
-0.22996644903632343 0.9742260683833214
1.0006528525203044 -0.026360363104057604
0.6087573570769237 0.7946165617483182
-0.35357523231771865 -0.9364750691243582
-0.4654178334195702 0.8862207627532956
0.3257509956641532 -0.9465132269671739
0.9368919974189026 0.352468984695702
0.6306846421499066 -0.7773273970189423
-0.8327198036980458 -0.5554986305375452
-0.49716259188816314 0.8688097359186554
-0.556963983921031 0.8317404166053333
-0.9683542179054954 0.25355691405409647
-0.09069792289985275 -0.9968825842503481
0.9346982806866121 -0.3582458989039391
-0.22068677304520348 0.9763699853041853
-0.8095265967553501 -0.5887849260516957
-0.9932802979888461 -0.12407759518619402
0.6103403774320741 0.7934013005258267
0.32285712738234573 0.9475042349765092
-0.24494464083619302 -0.9705684534980664
-0.2671819930664047 -0.9646837733584326
0.9142147274233408 -0.40769158951622586
-0.4685103616994427 0.8845897585775325
-0.9889667992774042 -0.15474388494220595
0.9983339665210351 0.07300884391891532
0.6903537357395987 -0.7248535849055175
0.10660739246099059 -0.9953069194337334
-0.10680404242433328 -0.9952858365925948
-0.9588571847228129 -0.28739154355241797
0.8868139562677972 -0.46428655695449284
0.83379974780997 0.5538763224331136
-0.19242635319839815 0.9823304426692504
-0.9707230383490343 -0.24433129725522146
-0.35203864541042695 -0.9370537829482316
1.0009994777656641 0.001022503235987178
-0.6163393660175368 0.7887501416146313
0.7621192913191761 -0.6489801120212828
-0.47033412161236127 0.8836214200929765
0.9905519888727202 0.144248942250189
0.41205022268641345 -0.9122585236565768
0.7349917607960731 -0.679549933089459
0.9978807519872058 -0.0789620466645124
0.131995058404281 0.9922591922259276
-0.9799673666154132 -0.20411996563014678
0.5110814472511535 0.860695506131911
-0.8859380847945033 -0.46595569522289093
0.2394633513291017 -0.9719353390890956
0.7557355060819819 -0.6564029592003761
0.9185683207247785 0.3977854197439374
-0.9507944716364524 -0.31303493847422104
-0.9992957100651759 -0.05838736032169839
0.8333616591215967 0.5545352514548556
0.8036039499156579 -0.5968431047435774
0.9962086406205923 -0.09782302567837242
0.26988888287675605 -0.9639299719894265
-0.5853534068466132 0.8120113232542163
-0.7206588015637211 -0.6947315249279691
-0.7798359539460019 -0.6275801820748718
-0.848684281687684 -0.530788083905677
-0.27569928365818813 0.9622842121693372
0.09358421568245243 0.9966157707838564
0.6890772028158861 0.7260672204138086
-0.7565163436680988 0.6555028770059298
0.48048100257058135 -0.878145207906283
0.48843645152090037 -0.8737452905885508
1.0003958781863906 0.03477192700556397
0.6675859690457765 0.7458753072285016
0.6778621780946719 -0.7365486185641429
0.8496612742796178 0.529222749879043
0.8969473784566699 -0.44439441972161087
-0.5498560062996746 -0.8364564377994662
0.9933531565547751 0.12349294053776738
0.9986661297624663 -0.06831516131326071
0.9231456367793792 0.3870440973522196
-0.5087173563038851 0.8620949201771149
0.8714040706415567 0.4926012034793712
0.6980017805240581 -0.7174918218246426
0.9590573127410837 0.28672298630882553
0.17953479981639725 0.9847681227857075
0.18932911929769425 0.9829320854392533
-1.0009975766893875 -0.002202603453555756
-0.6107035690221455 0.7931217755071497
0.585975101728377 0.8115628011154887
-0.414528784081223 0.9111349445434209
-0.7334977819196924 0.6811622449305976
0.7193339045496702 0.6961032493569658
-0.9875194945119473 0.16372613706695713
-0.9792190686310741 0.20768008000116875
0.2432834220466071 0.9709861876243618
-0.9258337608128855 0.3805691098067062
-0.9772377155357114 0.21681200920277444
0.8607285396850256 -0.5110258124318998
-0.32205055696920404 -0.947778686590823
-0.4881928659319636 -0.8738814139533669
-0.42855412236095675 -0.9046227745350159
-0.7148629060754433 -0.7006939599549663
0.5940419480803415 0.805676835909357
0.0854480836863119 0.9973462914125348
-0.8642384910556026 0.5050671545229755
0.09422137143089725 -0.9965557351024983
-0.6445591039789692 0.7658619728631447
-0.8036967277250522 -0.5967181661756606
-0.9993244085988044 0.05789409623311916
0.8349131002506742 -0.5521966271445414
-0.8814002222282038 -0.47448355952137367
0.04374666744044636 -1.0000436135928548
-0.4662172920502843 0.8858004496461379
-0.9336524602571533 0.3609627175426361
0.5974801399866397 -0.8031304267188147
-0.0743947496705044 -0.9982316470746974
0.8982732512048968 0.44170823647492063
-0.2920487976922721 -0.9574489541309752
-0.9239819687377119 0.38504327217545575
0.6420235100290324 0.7679888101854094
-0.8549542406572433 0.5206287029949428
-0.7426010256862947 -0.6712262782770524
0.49195482370913485 0.8717691503083337
0.894843269413755 0.4486162315218899
0.10598501918362474 -0.9953733850714749
-0.42220869111446013 0.9076016863952019
0.959724819969472 0.2844807022182077
0.11261122354893875 -0.9946455209424164
0.16101073604030838 -0.9879658611914474
0.10514166825518524 -0.995462821805273
-0.9544301259584147 0.30176834602556407
-0.6000416370276123 -0.801218468230247
-0.6029465000679027 0.7990347414573828
-0.6600903115642737 -0.7525169636486476
0.10246638503008063 0.9957417536383956
-0.3662890335068723 -0.9315757317215823
-0.976593689213305 0.21969471133540452
0.239084130930487 -0.9720286921368184
0.18575526795009648 -0.9836137353803005
0.8651041586005707 0.5035829571897749
1.000885818900312 0.015118780514701325
-0.34208167239093834 0.9407343564546894
0.995920706625797 0.10071219446508456
0.5919398405916941 0.8072225375448085
-0.9527223840166424 0.3071173375009058
-0.03221667311273872 -1.0004814271007467
-0.6237370476844522 0.7829132106088664
-0.36614436406150497 -0.9316326017620874
-0.9809322964686243 0.19943126571526076
-0.9543996891482966 -0.3018645944022497
0.7051523984475625 -0.7104654072955628
-0.677961238074898 0.7364574391422436
0.7891769693145221 0.6157927501225927
-0.44972507126483724 -0.8942865090539145
0.8990224251612873 -0.44018141607423367
-0.43301750894479457 0.9024947849972569
-0.9973989122839685 -0.08483165549932717
0.9989608048255737 -0.0638616506382507
0.23517730922712055 0.9729813118578853
0.3860444922204583 -0.9235641017418599
-0.9878915203495798 0.16146623183005027
-0.026839499823847403 -1.0006401157505158
-0.9336858281761466 -0.3608763974867619
-0.7493831328307776 -0.6636459298667694
-0.6606921531843784 -0.7519886160844391
-0.19696823872413646 0.9814298308763146
0.8423847463191232 0.5407300057966696
0.6106498664865667 0.7931631235502178
0.7819265882709437 -0.6249734478799576
0.9317212094269213 -0.3659188269330168
0.6206563495250668 0.785357686531569
0.30889004109747425 0.9521491177913262
0.09228268639070711 -0.9967371297350743
0.30348926295495415 0.9538843049715509
0.6182939454508689 0.7872189003185822
-0.9546031318509816 -0.30122061792031696
0.4704822424066424 0.8835425624043345
0.6363528190558846 -0.7726940466184715
-0.946644843728978 0.32536831413236744
0.6504136041372645 0.7608962764747728
0.9946904887449519 -0.11221333076033713
-0.7438965495403523 -0.6697902086339858
0.4942317335897665 -0.8704803234495619
0.15872868226424994 -0.9883350673868933
0.5954115559190396 0.8046651968850576
0.393623341799662 -0.920359530178542
0.16045825819241133 -0.9880557410277304
-0.9377193885664825 -0.3502618282178378
0.0018481632780248094 -1.0009982938509425
-0.9969729764622619 -0.08969885285764836
-0.9206594561727607 -0.39292132260756296
0.7638099915546391 0.6469894101152677
0.8081319255149395 0.5906977153870805
0.8998411917240754 -0.43850522194906166
-0.7443260720152818 -0.6693128554856104
-0.7608557019896958 0.6504610678201789
-0.1634040466968585 0.987572841628956
-0.4142489653394377 -0.9112621986646902
-0.9096762964080971 -0.417720044710866
-0.7708368318015918 0.6386012674103337
1.0009804695783444 -0.006252961115933814
0.9293411961796082 0.37192195563512354
0.04722229899260595 -0.9998855206861699
-0.16885542254282038 0.9866553837474793
0.4380673884058939 0.9000544223630257
-0.4991164680347693 -0.8676887410451383
0.6189128553153166 -0.7867324052849495
0.6019287204820365 0.7998017350936784
0.08814944909576147 -0.9971111646271511
-0.586564430540069 -0.8111369605838489
-0.9998513189812279 -0.04794100469847254
0.6531248605511911 -0.7585703108677448
-0.9840234563306003 -0.18357243091264885
0.01594795156480044 1.0008729503992435
0.12121303816635023 0.9936339363057619
-0.5570115528593844 -0.8317085607237533
-0.937452915386551 -0.35097440281772124
-0.994402405633372 -0.1147382049300169
-0.9752417181245447 0.22562045835758346
-0.9997261102916298 -0.05048469472194632
-0.06815015337767327 -0.9986774036667695
0.9935698197106444 -0.12173747722109873
-0.9215824994602367 0.390751451294327
-0.006117300741087919 -1.0009813078332896
-0.9445780466874311 -0.33132056035832946
0.8036682655766366 0.5967564988377091
0.7055365532497017 0.710083919004318
0.9187426656369968 0.3973825793089393
0.5962975028667624 -0.8040088855695958
0.8190083879397682 0.5755225977181975
0.9965965589689986 -0.09378858486591733
-0.9450491738867438 -0.3299743307228354
-0.550646349104708 -0.8359363601481012
-0.9693580442568687 0.24969177406253998
0.7123838083074582 -0.7032142700922406
-0.9458726121745828 0.3276064735899324
-0.33917388553154937 -0.9417866400482815
0.13757711461204467 0.9915006492862344
-0.6935095022670025 -0.7218348635701758
-0.7578878145545583 -0.6539167076545113
0.5972592241845405 -0.803294727436002
-0.3053318033105887 0.9532961186782961
-0.9944743620598175 0.11411285293830416
-0.11913649712529781 0.9938850512271095
0.6534858795493497 0.7582593258441421
0.8589761923648566 -0.5139658558215447
-0.5056476307952783 -0.8638989949473965
-0.2994957411343299 0.9551456962382223
0.40845842213357225 -0.9138723747811576
0.7036546775069287 -0.7119488007031265
0.917103507693887 -0.40115103910568184
-1.0009986912484627 -0.0016186781226061428
-0.6273977428095208 -0.7799827384740757
-0.9997326646263296 -0.05035473442625503
0.5973099494290772 -0.8032570101238042
-0.9930895986630667 -0.12559478105092264
-0.1433261551544141 0.9906859306806839
0.6880857543566331 -0.727006873868097
0.03495078237808506 1.0003896454937744
-0.7297922729077019 0.6851308184603948
0.9994958020695935 -0.054855643695611425
-0.8841540476035866 -0.4693321000168159
-0.936685981416185 0.35301610759057206
-0.20103058439183008 0.9806057842676023
0.3432988165015917 0.9402908712672938
-0.12613975008710324 0.9930205251896675
1.0008744419697166 0.01585406609700859
0.3152217747109588 -0.950071698740718
-0.701141220663215 0.7144242357919395
-0.8894585673593047 -0.45919980068716637
-0.7334237647822471 -0.6812419403212305
0.5184340451786801 0.8562868332513762
0.1484208460540917 -0.9899354789361717
-0.5856822835455281 -0.8117741451542391
0.9764402325232601 -0.22037575254533293
0.7980942304074828 0.6041908633786907
0.6492181907939533 -0.7619164919741704
-0.6717167828948256 0.7421573711669418
-0.978072504697316 0.21301449611497972
-0.6492117830613885 0.7619219518653159
0.613233133173076 -0.7911675703532928
-0.9844832820525341 -0.1810902188387618
-0.009107973293792529 -1.000958562989737
-0.06618785946314475 0.9988093748357025
0.9592865352763164 0.28595514200230865
0.865463209991473 -0.5029656371475646
0.9778706376731738 0.21393928105109725
-0.6445392132405612 0.7658787127184293
0.9732457468000887 0.23408057658750242
-0.9534960574329975 0.30470685660111074
-0.3681108044194089 0.9308573659104254
-0.8372151261052116 0.5487001299622906
0.7476109683610744 -0.6656416753676234
-0.015094544394600748 1.0008861847030956
-1.0008603138590042 -0.01672220505960739
-0.9769388168854878 -0.21815487173653328
-0.4156936857892467 0.9106040630235245
-0.6131326423052961 -0.7912454505017553
0.5106188522401383 0.8609700272001133
-0.5374901704787685 -0.84445563331575
-0.9969485892363326 0.08996949716257217
0.5984158364800395 -0.802433478021633
0.6268426700949203 -0.7804288993548809
0.13500701130285803 0.9918538737632021
0.8380881423579627 -0.5473657512477186
0.9790225441277409 0.2086045495420596
0.9825137993733501 0.19148794750830764
0.11762625631636864 0.9940649193211658
-0.6680939204391577 0.7454203602479854
-0.95133276081383 -0.31139521223412564
-0.5429584129229377 -0.84095015419239
0.7624954502498115 -0.6485381163419289
-0.7885294677733656 0.6166216655722152
-0.14444922098611265 0.9905228026433844
-0.9990551201632093 0.06236879729219876
0.8666064405523773 0.5009932905669886
-0.005785628090522208 1.000983279834183
-0.9956155969076461 0.10368501914081678
0.5898077913547617 -0.8087816573446864
0.9950288130085124 0.10917262148941365
0.32410488802491827 0.9470781496573317
0.9692334650092863 0.25017491941857944
0.792178287222253 -0.6119269247660356
0.938693488966267 0.3476428249976359
0.8489550975005253 -0.5303548269110722
-0.18547700552602434 0.9836662444249569
-0.6202984507433605 -0.7856403961135061
-0.7486972501366318 0.6644196171380296
-0.10728060000307804 -0.9952345818263046
0.6667634833268138 0.7466106463893304
-0.0625997278882869 0.9990406768837355
-0.20844892601052617 -0.9790556905738601
-0.42449143556994245 -0.9065362767853085
-0.9017381431459409 0.4345909814937612
-0.28878813579778145 -0.9584374849839932
0.986185394075389 0.17157904450243808
0.454582105374619 -0.8918273989249146
0.468188885690181 -0.884759948978358
-0.8616950411641968 0.5093944012580363
-0.581676104964418 0.8146495620286206
0.1750385627250838 0.9855772428171914
-0.906136932253304 -0.4253432261204721
-0.7038311122741026 -0.7117743781529366
-0.7084842315257497 0.7071429089507777
-0.6573943599015308 -0.7548732711983227
0.5194174099971232 0.8556906883868028
-0.8462852346463496 -0.534604808825709
-0.8796961028394065 0.4776356002740587
-0.7033248179438911 0.7122746664484091
-0.9713305924535205 0.24190469231474793
-0.8505451109818408 -0.5278011123376759
0.19753854591054593 -0.9813152005749972
-0.12820591888935773 -0.992755882562141
-0.2160256064227448 -0.9774118565731058
-0.7355796427369414 -0.6789135358725686
-0.6387011125537776 0.7707541039933338
-0.8060551714323276 0.5935284834000815
0.6037827779827328 -0.7984030041347878
0.12065569044893601 -0.9937017683199978
0.7933692689256142 0.6103820140898948
-0.18717373134701407 -0.9833447992914977
0.06029471360642969 -0.9991824395530171
-0.8187714182674013 -0.5758596744245843
-0.9627663372095443 -0.27401091207489925
-0.4300097160288346 0.9039317696158273
-0.9487812840037585 -0.31908474599105996
0.7732633427320912 -0.6356609180898197
-0.055258080724327294 -0.9994736337266049
0.9274541322100968 -0.37660301730923046
0.12956749047529104 -0.9925790978113207
0.9897180201897223 0.1498640734523666
-0.9780154061620759 0.21327649966564435
-0.9140634975255211 0.4080305411257983
-0.08556747550013388 0.997336055267498
0.9943716587447354 -0.11500436637468853
-0.6036914250197426 -0.7984720805122948
0.5403158118236688 -0.8426504752822072
0.9143862132467372 -0.40730682909115634
0.14931360928324086 0.9898012154381362
-0.9286422652058892 -0.3736636766843614
-0.414908039239183 -0.9109623038165172
-0.35055876794578966 -0.9376084205127053
-0.843029528777947 0.5397242014292416
-0.990076458899636 -0.14747747466225933
0.26586587162999875 -0.9650473243848827
-0.8420543316302757 0.5412444018950126
0.9284293192927656 -0.3741924626145905
-0.1791500551610793 -0.9848381886055101
0.9352206193698094 0.35688008224829565
1.0004641835624353 -0.032747784791490875
-0.9784619761575486 -0.21121827859791148
0.6669640202739053 0.7464315076817628
-0.9607895621273652 0.2808636988062104
0.9416038626095112 -0.33968097668083913
-1.0006623941138757 0.02599563436976551
-0.7712394261099912 -0.6381149956030898
0.6987022117681612 0.7168097510987693
0.813904562578939 -0.5827180819342971
-0.11210590014633931 -0.9947026023653396
-0.5768381485553571 0.8180823616062307
0.5023814854409203 -0.8658024272812905
0.7302067539482241 0.6846890509482372
-0.9808991667416801 0.19959414992799202
0.43144556343506885 0.903247322604499
0.654639206680736 -0.7572638305613285
0.6336053768451254 -0.774948531473508
0.05397278877811255 0.9995438650061903
-0.8904711104387238 0.4572332025061458
0.9964697567547135 -0.09512635740530656
0.8597050139998172 -0.5127458326535418
0.8106354595412756 0.5872573130530646
1.0009887965866977 0.004735937912903841
-0.0748536424793046 -0.9981973413146222
-0.9228265756388982 0.3878042177369721
0.19318459264073515 -0.9821816090551855
-0.9879290138751651 -0.16123666935174477
0.9842540574404107 -0.18233197857778138
-0.7549378383765054 0.6573202113029917
-0.562343880548617 -0.8281125285910863
0.991992160865826 0.13398713662418896
-0.10551340821226644 -0.9954234881131907
-0.6480404336123978 0.7629184729730007
0.7459811746249475 -0.6674676674605171
-0.03364188356488936 -1.0004345174324036
0.5758715755745543 0.8187630478015483
-0.9539114449364791 0.3034039472702996
-0.9974469638741208 0.08426478658549053
-0.09695370978583866 -0.9962936204547149
0.8472466492160192 0.5330798396040013
0.056965232637132775 0.9993777875611392
-0.9821080988436489 0.19355795562495912
0.9063482510697596 -0.4248927485646092
0.5939697457378454 -0.8057300671739384
0.38024246462868294 -0.9259679627790072
0.6796912017239181 -0.7348611231376281
-0.9889992131612692 -0.15453658585069915
-0.8857888896978856 -0.46623925498373375
0.922687228079675 -0.38813564528222066
-0.900292080919473 -0.43757875752107195
-0.18322814208983665 0.9840876220877421
-0.6564973401102402 0.7556535200924956
-0.052175065591226845 -0.9996393162188806
0.8082547137080079 -0.5905296925377977
-0.11680014305622449 0.9941623240608374
-0.03589952344886409 -1.0003560487227259
-0.45703328974054974 0.8905737319666074
-0.2860919906697097 0.9592457312256556
0.9990356089187372 0.06268055609491685
0.6114339244616691 0.7925588659635332
0.6853570260614933 0.7295798426684674
0.9690000201312461 0.251077599529796
0.999179980096621 0.06033545702251772
0.2251066213575714 0.975360450818557
-0.9974052065393947 -0.08475761893840256
0.12193607316871222 0.9935454665289327
-0.8533066456523116 -0.5233247256585535
0.4631742629517801 0.8873954034921948
0.19223747310676453 0.9823674230823852
-0.1988488926502406 0.9810505175024236
0.6838977337319531 0.73094793918329
0.48520501027445795 -0.8755438869665889
-0.1873242574639817 0.9833161356174157
0.8973781410703165 -0.44352392486672354
-0.5626529100861467 0.8279025925624285
-0.24653502993497475 -0.9701656966801914
-0.13452698990254336 0.99191909397277
-0.7283199008465967 0.6866958002134596
0.43489108345428085 0.9015934480307417
-0.684721351105141 0.7301764658907806
-0.643413072538845 0.7668250244261222
0.7477068291531952 0.6655339943516594
0.7392849798952914 -0.674876817279434
-0.9511221930035492 0.3120377765209198
-0.615710969903013 0.7892407753918262
-0.6767501365332725 -0.7375705069362501
0.8147996458399032 0.5814658520834809
0.4480971620076547 0.8951033087865811
0.6700952727905063 -0.7436217623118738
-1.0006214229643582 -0.027527584434213864
-0.8766434913641201 0.48321546855303166
0.9188767144909338 -0.39707251676028515
0.9070899560786685 0.42330699448650644
0.9813584840243016 0.19732340417072833
0.11886975685130621 0.9939169889412854
-0.9994120339941999 0.056361212793695194
-0.9818369023488958 -0.1949289542010756
0.1603565759229643 -0.9880722486530338
-0.7485837406055534 -0.6645475026670385
0.747044755106728 -0.6662770698947466
-0.6981585324492315 0.7173392945938032
0.9889157732252425 -0.1550696406983671
-0.924692495656755 0.38333378206998914
-0.991251663259838 -0.13935975059035055
0.4800501988351414 0.8783807867880201
-0.9084397023732828 -0.4204025536934111
-0.8200587941390156 -0.5740248898395118
0.01677055120983147 -1.0008595049316955
-0.8088954011716096 -0.5896517870433537
0.9577908691234163 -0.29092550768849873
-0.9764544005854727 0.22031296733797864
0.9679221386711098 -0.25520135867652616
-0.797022328569299 -0.6056041675566414
-0.7031151393266346 0.7124816494827689
-0.37412781405176765 -0.928455372515473
-0.9347309942257518 -0.3581605344447341
0.9943316993518484 -0.11534934617961734
0.6318135463579684 0.7764100995212306
-0.10711301372442973 -0.9952526323958506
-0.3625630029965034 -0.9330321906869867
0.2651044251702447 0.9652567760731618
0.17871791322885763 -0.984916700788002
-0.9121603852419312 0.41226742727905585
-0.30330930638051623 0.9539415415333217
0.002187505426331393 -1.000997609797351
-0.8893565613177127 0.45939733003265665
-0.1885115024707127 -0.983089219469034
0.9238214578757674 -0.38542822155142176
0.626265333891734 0.7808922662989274
-0.9937476187021708 0.12027747222054946
0.41898835506057347 0.909092821621442
0.11318607347600823 0.9945802696469922
0.8599704690615064 -0.5123004902809802
-0.938052934423617 -0.34936756034188576
-0.8049771233217919 0.5949897738016784
-1.000626571298664 -0.027339802689115594
-0.5586789895915998 -0.8305894211876944
1.0006086034374828 -0.02798968965333977
-0.38463377405673477 0.9241525089804565
0.2744174456838481 -0.9626505417358638
-0.1984992243844961 -0.9811213268086437
1.0008879674381375 -0.014975868507495993
0.464026371644791 -0.8869501262292996
-0.2774667057770786 -0.9617760795451382
-0.9168870121969623 0.40164562348484206
0.9420794984235467 -0.3383595996126588
0.9999822603451493 0.04512736414866307
0.030610644444744553 -1.0005318527896438
0.7941786103400998 -0.6093285935177077
0.38024116270416713 0.9259684974044112
-0.9957084877093996 0.10278914098026365
0.835564602688445 0.5512102999165573
0.43713606666024996 0.900507112256647
-0.13326188931551508 0.9920898491850723
-0.9853261057024937 -0.17644677787128435
-1.0009663842936485 -0.00820350620772165
-0.6216905174032629 -0.7845392919228861
-0.9926462937229074 0.1290516778588153
0.9017853712888103 -0.43449297362500894
-0.04463745918079919 -1.0000042486099159
-0.02630039294784204 1.000654430525738
-0.9210139474530792 -0.39208966907698123
-0.7369350247545251 0.6774420781808931
-0.12177333140494344 -0.993565426008042
-0.850352405852523 0.5281115278620852
-0.4865189234846683 -0.874814458666133
-0.5632861358897746 0.827471890226107
-0.9249363258528999 0.3827450758896032
-0.5295122208841886 0.849480904985094
-0.8433548645871167 0.539215701159792
-0.33627144689373717 -0.9428268738236052
0.7856808510578083 -0.6202472090070845
0.1921753445367711 0.9823795788554307
-1.0007013866903078 0.024448612968732682
-0.9591714880167781 -0.2863408049434794
0.3532960857236149 -0.9365804160948339
-0.9582791168715044 -0.28931321118809944
-0.9991524006860052 -0.060790461450728674
-0.7673706203817625 -0.6427622662967305
0.5443875290007494 0.8400257247658898
-0.4586450830192218 -0.8897447318317154
-0.6801009677037181 -0.734481908373832
0.9847551483468087 0.1796059514728138
-0.5779739925459956 -0.8172802848108117
0.8998317828287362 0.43852452908732265
0.10989764219449337 0.9949489978084761
0.4723008486526358 -0.8825717581941992
-0.9798496491046844 -0.204684306065284
0.5125484470443309 -0.8598227081395587
0.4739713573608278 -0.8816757637598612
-0.9907108540698133 -0.1431537761578823
0.08582847573317313 0.9973136280796128
0.44040548556707615 -0.89891268112227
0.058688216202551 0.9992780860596127
-0.9085441891293924 -0.4201766966398958
-0.9694598660332506 0.2492961454792108
0.5629993603773447 -0.827667034630896
0.9856462093335516 0.17464979251748494
-0.8562171832717349 -0.5185490671770766
0.743989636569497 0.6696868079014158
0.9147143080108315 0.4065694709643921
-0.9971514516066884 -0.08769254562774463
-0.9916927593723823 0.1361854287667745
0.9892437578382979 0.15296335370919092
0.5023177533818755 -0.8658394046457953
0.88955602703728 -0.45901097455469403
-0.4004827184790214 0.9173955483866558
0.9916408983672157 0.13656254495820364
-0.6774798812707521 0.736900271728385
-0.9162909713036994 0.40300354329375704
0.6608430042619529 0.7518560525247081
0.8024139251766225 -0.5984420545739126
-0.8654480293964052 0.5029917577991502
-0.7111234009411764 0.7044888278985373
0.5005721080078023 -0.8668497936116875
-0.9934560254868159 0.1226626488542415
0.6165900330394182 0.7885542030554711
-0.8235392546410947 0.5690202949501801
-0.7242722476244827 0.6909636107068012
-0.9901160707164577 -0.14721129884965603
-0.9337173920969345 -0.3607947223778357
-0.5859787773158035 0.8115601472075104
-0.5527135653571447 -0.8345709764125477
1.000800551224615 -0.019981408071176092
-0.4173333280752436 0.909853775767096
-0.9003843443112253 -0.43738888019615335
-0.273802308565849 0.9628256829894036
-0.05481215749303974 0.9994981877877309
-0.280405685038692 -0.9609233329449244
-0.1926418785020052 0.9822881993830622
0.9338427189664134 -0.3604702154594971
-0.11100207863797475 0.9948263861287802
0.03915759109077397 1.000233814195445
0.1014962781397694 -0.9958411045562312
0.21040700227119666 0.9786367525263133
0.7718962996293779 -0.6373202512226279
0.9927926733722555 -0.1279207086376942
-0.9609372691350037 0.28035792264061604
-0.49172473228405983 -0.8718989549599022
-0.9728002046715285 0.23592533096518561
-0.42430143352223615 0.9066252221899496
-0.026242034831488324 1.0006559626604454
0.015917113471691467 -1.0008734412995128
-0.24495166916011404 -0.9705666797163779
-0.4690306158742254 0.8843140174014233
0.5598547187280193 0.8297973812431384
-0.6119554634715828 0.7921562413610589
-0.9846128775366092 0.18038426036957397
-0.8734986513951121 -0.48887739363865085
-0.05729321047433632 -0.9993590386010143
-0.7838769804639728 -0.6225254047014342
0.497833524273707 0.8684254614583916
-0.9995640021369696 -0.053598559979949986
-0.9227763179883687 0.38792379014418443
0.6667655679095186 0.7466087847395697
0.9404026170222255 -0.34299259160767526
-0.9639555796638363 -0.26979740627915133
0.06301255605452552 -0.9990147235048517
-0.8186498963800772 -0.5760324184947309
0.2543721263423269 0.9681403934038096
0.999738972589745 -0.050229340879620415
0.9532554896947274 -0.30545862463984436
