1000
0.7978553339268304 -0.6045062994911681
0.9787505874637968 -0.20987683897770285
0.9199853935721242 0.39449699062723387
-0.7109640310712245 -0.7046496622598744
-0.9912834311988208 -0.13913360137182051
-0.9483226005949764 -0.32044538567559505
-0.9400286137905052 -0.34401628632246667
0.6838375389716906 0.7310042546340899
0.20431618181999384 0.9799264757350417
0.38183406544429155 0.9253127830448926
0.9944077532184826 -0.1146918494879621
-0.8753154295994096 0.48561702884598384
-0.14027028658251087 -0.9911232247818937
-0.3938798778391335 0.9202497714389443
0.85555187865014 -0.5196460169559814
-0.35812258545555115 0.934745534242679
0.26315523878901054 -0.9657899980316108
0.10596612990327058 0.9953753961763989
-0.05139353635396408 -0.9996798009468
-0.3785254689575685 -0.9266711764970641
0.40751020048715664 0.9142955957998034
-0.8246455457780001 -0.5674158297302819
0.9673952416558896 -0.2571914586869924
0.6656433105294374 0.7476095124778783
0.9018343715550237 -0.4343912594447033
0.06886042484236472 -0.9986286806869353
-0.194002538631351 -0.9820203740272353
-0.11033164828462047 -0.9949009636073325
-0.29039921045638184 -0.9579505720893485
-0.5539879357016871 -0.8337255946035141
0.9659964973203319 -0.26239620264944785
0.9961040897565495 0.09888196180434568
-0.05030957296666395 -0.999734938305105
-0.9384957811942229 0.3481762034956515
0.5711327306880708 0.8220756680116421
-0.7150432593117189 0.7005099123587575
-0.974192166419672 -0.23011002343780237
0.7298163356147411 0.6851051862815458
0.7872629433711397 -0.6182378652222863
-0.6160642632570534 0.7889650331526386
0.664314441250643 0.7487905736224555
0.9489156532319001 -0.3186849275561623
-0.7417307935964421 0.6721877935746766
-0.8087930563404933 0.5897921600152071
-0.9982831671250025 0.07370019155249331
0.9295875227357732 0.3713058544838319
-0.8501814140606357 -0.528386755308891
0.9157588240590318 0.40421130137345146
-0.6327897390890992 -0.7756146892004752
-0.9425238440614758 0.33711986499697505
0.4586032675676463 0.8897662855920524
-0.9767174345077204 0.2191439096316778
0.016028968133570937 -1.0008716561980227
0.8287004222526289 -0.5614771679759692
-0.8536226700930298 -0.5228090828431027
0.4994102012988577 -0.8675197120749674
-0.3038964577084391 0.9537546555546992
-0.9861100955560214 0.17201127707942435
-0.9901607065197786 0.1469107731388441
-0.9659662126274965 -0.26250766857768226
0.8015755354397553 -0.5995645594800193
0.8709047505714353 0.49348345000831173
0.860859371756292 0.5108053856992525
-0.8091687873964112 0.5892765679232642
0.4708310235759717 0.8833567496987854
0.5400157682457667 -0.8428427908251541
-0.9642333826901721 0.268802871461352
-0.8498141951495436 -0.5289771580345729
0.9885607697168434 -0.15731689221708542
0.6158677962462339 0.7891184052769314
0.9539198197929485 0.3033776152028831
-0.3626915371372661 0.9329822339621517
0.9701090814707773 0.2467577152753784
0.7494617072720559 0.6635571937164537
0.4137327525528395 -0.9114966864805658
0.48800154311078453 0.8739882687550748
0.8649597463061149 0.5038309610078179
0.9808493697059832 0.19983871984021395
0.9882016494076098 -0.15955720011356236
-0.9724806944994173 -0.23723890664461178
0.9921565446956775 -0.13276441849205672
-0.40785732716925716 0.9141407991520506
-0.25567368289670994 -0.9677974828826704
0.987189215595545 0.16570592207840001
0.6001715743893125 -0.8011211402122989
-0.6724686853320819 -0.7414761407137395
-0.6123842570161159 0.7918248049656058
0.19900451233492442 -0.9810189621359716
-0.6812101879514378 -0.7334532567458997
0.6895816153700182 0.7255881722738293
-0.17513935660010935 -0.9855593365037438
-0.9945295643060044 -0.11363074285293126
-0.5414854765746506 0.8418993281020739
-0.09151009372104864 0.9968083580845241
0.997357452047259 0.08531771706861084
0.8363063485673687 -0.5500842584058506
0.2790033121415635 0.9613314474280124
0.6149540125094515 0.7898307176215201
-0.8324181612093082 0.5559505417651054
0.9985951428648794 0.06934508379597723
-0.5748923176824209 -0.8194509277984463
0.9055522364978776 0.42658662305995
0.2167888515132766 -0.9772428530613844
0.3805866191791932 -0.9258265632945253
0.4405384564251743 -0.8988475223365334
0.992616431397549 0.12928116691767197
-0.9070771703719854 -0.4233343914566262
0.32767301597877724 -0.9458495623508909
0.7620356005687234 -0.6490783800635058
0.988919178039166 -0.15504792583695026
-0.41061583172488636 0.9129050546124059
0.9618250591499309 0.27729687266760145
0.9816919878383313 -0.19565745836544388
0.9912743860361951 0.13919803011739967
0.6187899441940247 0.7868290824342704
-0.43009988258738424 -0.9038888709339872
-0.8986799480960626 -0.44088020015652585
0.4046599659654728 -0.9155606544324753
0.19239073961662181 -0.9823374182579879
-0.6657024025505076 -0.7475568949842425
-0.9426036271090626 -0.3368967232859934
-0.7898365506661355 -0.6149465206274618
0.6964488986702224 0.7189992569822546
-0.18364952708417537 -0.9840090706907934
0.7815011880372001 0.625505310206432
-0.35853327998553175 0.9345880842075915
-0.7619256181485359 0.6492074802472407
0.9726837384780344 -0.2364050441517589
-0.5144071558632283 -0.8587119878030727
0.9987334116829836 -0.06732438182462767
0.995606726080873 -0.1037701642213485
0.51655217774371 -0.8574233771412059
-0.9182125226817438 0.398606025030265
1.0005895277355983 -0.028663513145677066
0.7805537116811081 0.6266872451078332
-0.8914949862640323 -0.4552336646889076
-0.046087241070822314 0.9999384812129594
-0.4443849225868148 0.8969520837689774
0.6095382693150689 0.7940176939088892
-0.9412619384603719 -0.34062730836769844
0.08103278193409368 -0.9977147329031589
-0.9617973113835434 0.2773930997977188
-0.010167956688399066 1.0009483566382347
-0.7264187043926509 0.688706661727983
-0.9948174827134499 0.1110818440955807
-0.8879555950327013 -0.4620994062429874
-0.8727846844592491 0.4901508895976513
0.8681684140099016 -0.4982816521963578
1.0009999991862883 -4.036150154468611E-05
-0.09632673713578138 -0.9963544347835132
-0.7949030467496173 -0.6083832231974972
-0.44451908675244184 0.8968856011291378
-0.020515527206228804 1.0007897447233611
-0.9204794700535815 -0.39334278334536366
-0.932279118743341 0.36449505450024894
0.6446223755160632 -0.7658087182737133
0.08407772625719313 -0.9974627491527793
0.5792700103977602 0.8163622082469147
-0.9157515910326678 -0.4042276877220776
-0.01422494243689035 1.0008989214764232
0.6499418686100841 0.7612992627263159
0.93247289670178 0.3639990342248062
0.7737763570859155 0.6350363369247856
0.5682019954484936 -0.8241040543331589
0.8277239149690198 0.5629157313385005
-0.14756599089583775 -0.9900632698625526
-0.9483690276333238 0.3203079571690721
0.8965027692926985 -0.44529067433590247
-0.7109493282836208 -0.7046644964896901
-0.9827322913890565 -0.19036345095951224
0.9427738956665022 0.3364199483529586
-0.6526345149081755 0.7589922199539139
-0.6295875862156506 -0.7782162111413194
0.952631116764558 -0.3074003177810832
-0.7987514378194907 -0.6033217554351049
1.0001640357379133 -0.04090111999016565
0.8981382542015249 0.4419826652028753
0.8622646015393294 -0.5084296971383766
-0.6992819488467074 0.716244201384661
0.9280965965527727 0.37501694290679716
-0.32980591135947096 -0.9451079625272177
-0.013189263165448476 -1.000913104788399
0.9574547076455746 0.292029934779514
-0.5448887715643308 0.8397006768028203
-0.05738748250506219 0.9993536295284723
0.9672113326301517 0.25788221736251254
-1.0000262085957659 -0.04414274710049154
-1.0007360037108877 0.02298805943881355
0.5243871413812627 0.8526541655055627
-0.7705396671514795 -0.6389597963456598
-0.0745536536066569 -0.998219791796325
-0.3487468402988949 0.9382838810197781
-0.9656739294406714 -0.26358084528017783
-0.8463713567118348 -0.5344684523316301
0.7370544781290309 0.6773121114153666
0.6115069439409966 0.7925025283946688
-0.7635439746598666 0.6473033282477488
-0.9979894386987379 -0.07757628662019145
0.4736690842260525 -0.8818381930084752
-0.7335766328688342 -0.6810773257926178
-0.4134266777739123 0.9116355533352272
-0.9975071057808099 -0.08354982894531852
-0.9889911800133169 -0.1545879874242079
0.9998753848366811 0.047436429015036925
-0.9880636900133983 0.16040930296309872
-0.733017766874311 0.6816787758516457
0.9490374070361678 -0.3183221639252714
-0.6936438102838964 -0.7217058018713981
-0.5745894578631109 0.8196633180230626
-0.1955752390441816 0.9817083710923582
-0.3083819524246367 0.9523137988177894
-0.9884105914823024 -0.15825770959294588
-0.9013823202294484 -0.43532851133112815
0.9881484233052292 -0.1598865019924747
0.23837461085248793 -0.9722029340116831
0.8891931070071508 -0.45971362656655024
-0.11471020174570119 0.9944056363554364
0.8068233157192939 0.5924838708452109
-0.2262872751329639 -0.9750872110292998
0.9094000043455739 0.41832120684501545
0.2822440327001786 0.9603849780193048
-0.8722572601013039 0.4910888638531384
-0.4618373622779638 -0.8880919157407823
0.3826022193640798 -0.9249954279550145
0.45219506680714805 0.8930401007543161
0.9861569950612897 -0.17174219368485868
0.7145309893891747 -0.7010324280677229
0.9995944806309388 -0.05302710903079391
-0.12837743500682944 -0.9927337176610187
-0.7800020027460802 0.6273737926564226
0.884223562602713 0.4692011203505019
-0.9899331439814274 0.14843641887032497
1.0006934275664452 -0.02477224304175501
0.16516609532350607 -0.9872796771713608
-0.41278608273152234 -0.9119257918839475
-0.31018175991702973 0.9517290979132529
0.13875189793185785 -0.9913369310281481
0.67054573796795 -0.743215590049763
0.6212010245565615 -0.7849269310514695
-0.6791157116861931 0.7353929902718378
0.6183103072532166 0.7872060492300812
0.37333538923507814 -0.9287742928961228
-0.9953958566263438 0.10577376144917607
0.9860919677994207 0.17211516795874268
0.9312327594748845 -0.3671601117779434
-0.28292843656528205 -0.9601835760846595
-0.4847087333985554 -0.8758187276869388
0.11742522866151207 0.9940886860204132
-0.09980517603790369 0.9960120113914506
-0.845758773383184 -0.5354372953440693
0.5159850026068019 -0.8577648145528345
0.9675389920911458 -0.25665014861334035
-0.4278681296073333 0.9049474369632317
0.9531943254848331 -0.3056494362231249
0.45327106778117154 -0.8924944476648113
0.689541802321813 -0.7256260075622882
-0.6016433374446848 -0.8000164338989676
0.8545978750192831 -0.5212134610814706
0.046488068536105515 0.9999199265360114
-0.5972195354018804 -0.803324234997527
-0.28736614465494387 -0.9588647969897288
0.0057489850050505146 1.0009834909584732
0.47955498559272874 0.8786512481031127
-0.8720415449250647 0.4914718139677049
0.41321342330071303 -0.91173223415875
-0.4038925368676593 0.9158994588177277
0.32818582379116457 -0.9456717533386068
-0.9273826052661067 -0.376779117587279
0.6250000763305139 0.7819053041045646
0.2804481996343208 0.9609109258000286
0.9310274793560395 0.3676803403555043
-0.360856701653397 -0.9336934405209405
0.851303045826483 -0.5265777475041582
-0.4335023030405896 -0.9022620202903948
0.7599456830458107 -0.6515240278148123
-0.7222921016863943 -0.693033274700033
-1.0008120937039666 -0.019394666686565806
0.568292116712455 -0.824041910391988
-0.9244482710635108 -0.3839223803422843
0.18115293856267958 0.9844717430429916
0.2194676685954358 -0.9766447370673145
0.8018267737072872 0.5992285248268501
0.8880896719998802 0.4618416768624776
0.5449596150165568 0.8396547016488421
0.12328310949177856 -0.9933792200937355
-0.48847718348668806 0.8737225195752438
0.6934833090229457 -0.7218600280570919
1.0008058960370676 -0.019711886196966517
0.9930226037924925 0.12612338544924337
0.29360793014508163 0.9569719867143034
0.9849293635914597 -0.17864811427866314
0.7750097174348597 0.6335305342929722
0.25286336006753385 0.9685355549154387
-0.5732627682792097 0.8205917368002538
-0.7670327486325758 0.6431654239191935
0.9899027175620171 0.14863919322753819
0.09595985943610634 -0.9963898360466162
0.9408788495229553 0.3416840507257547
0.013069678819174629 -1.0009146734340364
0.9618246716212516 0.277298216836444
0.40030304875723927 0.9174739610232322
-0.7317081130675787 -0.6830843558969005
-0.8987096863057406 -0.44081957731053345
-0.5048553443063207 0.8643622396457092
0.5871786960742765 -0.8106924070672626
-0.7178389540240614 0.6976447778673911
-0.9155535613409299 0.4046760140111347
-0.6603217445194074 0.7523138930757869
-0.538136914199745 0.8440436372460706
0.04516120170392046 0.9999807327447154
-0.6815779928910445 -0.7331114782941373
-0.0038264258279488038 1.0009926865194287
-0.16113030438005121 0.9879463674766925
1.000542045990668 0.03027563714949684
0.015007814973390725 -1.0008874889265649
-0.5338876387778355 0.8467378514984596
0.371741881561791 0.9294132415093403
0.46678212040989014 -0.8855029373557418
0.8509827522019072 0.5270952053043807
-0.9615864301916278 -0.2781232411563654
-0.4575306832479826 0.8903182991978961
-0.07388780043175211 0.9982692988103748
-0.37573106621176755 -0.9278077203189077
-0.6982324635768746 0.7172673328734331
0.3263446329223272 -0.9463087131390008
-0.901126434480422 0.43585794598768274
-0.10654954629085885 0.9953131136407337
-0.3294056788389688 -0.9452475330560975
-0.8712420269928923 0.4928877462478817
-0.9879958316456505 0.1608267286579549
0.4974894699505563 -0.8686226034868736
0.17231568556240318 0.9860569479036995
-0.931675864098396 -0.366034266505893
0.7849253314982161 -0.6212030456882963
-0.5879565440169877 0.8101284480547514
-0.5114719456121921 -0.8604635081464401
-0.4270698864215159 -0.905324423680215
-0.5210581161001073 0.8546925995035918
-0.6734770692650969 0.740560353498684
-0.8215684265536636 0.5718621516503234
-0.6859342791303202 0.7290371490630418
-0.3141171195701023 -0.9504374967313642
-0.5165964543471562 -0.8573967012742391
-0.43908331350330865 -0.899559249745649
-0.7767985452123384 0.6313359012094866
0.5692181068529293 0.8234025423999899
0.7879019432374146 -0.617423297133098
0.6199419865030852 0.785921709440965
-1.0004309235470161 -0.033748588279574984
-1.0009764631793547 0.006864412644191622
0.4795808427546444 0.8786371351489448
0.06783030045168112 -0.9986991791028141
0.5257814594202144 0.8517950791886212
0.38581566081197277 -0.9236597186584574
-0.7299886155633645 -0.684921616791208
-0.07447357696950829 0.9982257692192517
0.6401937634213343 0.7695147466270083
-0.3931390823122148 -0.9205664897000703
-0.13459607392435136 -0.991909722144183
0.668205867637661 0.7453200107702735
-0.29633960988255975 -0.9561296123510935
0.41725983382881976 -0.9098874826445003
0.5705296236751175 -0.8224943455788184
0.5215784399875061 -0.8543751698991489
0.997310443587532 0.08586547100692088
-0.4960987587964662 0.8694176335459303
0.6055350453424851 -0.7970748452071953
-0.8247010543162645 -0.5673351487521656
-0.7755596562240515 0.6328571873950954
0.06064052774131318 -0.9991615116662845
-0.9223055010486453 -0.38904185216427234
0.8991892258039718 0.43984058043574603
-0.7541223604106242 -0.6582556232412364
-0.9959791213927282 0.1001328604892988
0.3461870921375211 0.9392313331854765
0.43850481649087014 0.8998413893094206
0.853653466468313 0.5227587963742292
-0.32019569964152966 0.948406934775928
-0.4957016340256778 -0.8696441168801597
0.42150717141208033 0.9079276978086895
0.6795718780569509 0.7349714705715784
-0.13782913986463774 -0.991465646507318
0.4996291055437866 0.86739365739756
0.5845123437780068 0.8126169577181743
-0.6582555212530882 -0.7541224494336614
-0.8690010057517801 0.49682819163408465
0.737087319188512 -0.6772763718685989
-0.5627600341397282 0.8278297795894104
0.8765755785587257 -0.48333865464541037
0.5292997966775248 -0.8496132798144876
-0.19035289886718185 0.9827343353586769
0.31789644456707733 0.9491800938344689
0.2981946987534171 0.955552678629158
0.6227135509149402 -0.7837275250410095
-0.8346260834133873 -0.5526303474168148
0.9925634953158267 -0.12968696066462831
-0.3278638694260681 -0.9457834229489149
0.5540590230019911 -0.8336783546608842
-0.9234995115217521 0.38619898008550635
-0.20176711323415952 0.9804545027777443
0.35441626881817057 -0.9361570960031261
0.8410242292873423 -0.5428436660325252
-0.11573695699398105 0.9942866572501984
-0.6654106244184778 -0.7478166225158488
0.38118672605245457 -0.9255796453473958
1.0002543670510136 -0.03862902011928504
-0.955763914766514 0.29751695620617596
0.9952444707429494 -0.10718882150479409
-0.8213162005995142 0.5722243429222306
0.5715061653520117 -0.8218161004535255
-0.35572316661233677 -0.9356612788479022
-0.8713166969571434 -0.4927557342169581
-0.9961327996499577 0.09859231948553175
-0.6251922078019686 0.7817516890315621
0.9737829480699106 0.23183565309993576
0.9980090146050894 -0.07732403744618208
-0.999230909433389 -0.05948604569915686
0.4742837950049802 -0.8815077321247239
0.8335836997714006 0.5542014213942649
0.7378544882800999 0.6764405030192321
-0.352533142715939 -0.9368678579644107
0.9546407791295404 -0.3011012833299519
0.940026641067942 -0.34402167676255907
0.40501656236781153 -0.9154029627479696
-0.8960310844780669 0.4462390566154641
-0.6298597177541687 0.7779959742509205
0.24243208742282557 0.9711990954422329
-0.9973972753900373 0.08485089890230937
0.019231140858216044 -1.0008152492949394
-0.21335898428338299 0.9779974150403278
-0.8001761784650493 0.6014308633725657
0.7002829355198205 -0.715265552238987
0.9258081945927794 -0.3806313003745991
-0.17732639001965256 0.9851681843231632
0.085259523215268 0.997362428458735
-0.1539582263845933 0.9890894117967851
-0.33414957780160215 -0.9435809767343825
0.5663758059268387 0.8253601919530188
-0.5123648901734538 -0.8599321015740398
0.7325324350930258 -0.6822002869661387
0.6357230894372444 0.7732122306044864
0.44966636421250245 -0.8943160296538964
-0.15702528314323874 0.9886071315005702
-0.9962553504051912 0.09734616987344598
0.8982187933462747 -0.44181896663629333
-0.1961645123207335 -0.9815907925943319
0.1563871553894458 -0.9887082773139898
0.9228280325692293 0.38780075077854803
0.14795342873158893 -0.9900054459075296
0.20798686918221887 -0.9791539522709278
0.08795107990288888 -0.9971286815371001
0.8724074266243013 0.4908220471522895
-0.9999757094054951 -0.04527229394427517
-0.7875098722663556 -0.6179232970871289
-0.0028029275938240596 -1.000996075715037
-0.8237164691459222 -0.5687637281488465
0.9487426694756339 -0.31919954122186334
-0.9764625107229927 -0.22027701912035527
0.9864871036323404 0.16983578647351075
0.8526449606042007 0.5244021082683221
-0.9932704477952058 0.12415642366269815
0.02071327524926558 -1.0007856714743912
0.793303559999659 0.6104674124733175
-0.998560713094959 -0.06983911699962367
-0.8470176198658471 0.5334436724123696
-0.41956395404378 0.9088273149873681
0.8363770058048677 -0.5499768214760367
-0.8716283270766724 0.49220428628519824
0.8434147959629633 -0.5391219546176476
0.9333282832951902 -0.36180010447932864
0.09481321968506241 0.996499600287402
-0.7013747331603496 0.7141949899601987
0.42823704615017555 -0.9047729175348764
0.9382662411616145 -0.3487942956764848
-0.7276808026785221 0.6873730060259435
-0.1918665906567025 -0.9824399276239608
-0.2896020498600244 0.9581918663382987
-0.963635483656458 -0.2709384702071382
-0.28680836825797973 0.9590317825271459
0.7015326803548231 -0.7140398437021407
-0.47608615591616377 0.8805356166248871
-0.5228549543741341 -0.8535945739555882
0.5678902937571253 -0.8243188789882504
0.6341187861441682 0.7745284791788142
0.6454006170608552 -0.7651529543153234
-0.9977300421796119 0.08084406553526301
0.6128197868900894 -0.7914877818361983
0.9879998557160156 -0.16080200591140786
0.16917694296963998 -0.986600305071637
0.8012745524634989 -0.5999667420569407
0.7755692921400087 0.6328453785005037
0.7801650520104267 0.6271710226258609
-0.7101575539012346 -0.705462436021235
-0.14202182045198342 0.9908737571030453
1.0009441140519977 0.010577360004337845
-0.5626074912905078 0.8279334579202613
0.5715381235453314 -0.821793875210981
0.6965662602324599 0.7188855577251256
0.9633539431572277 -0.27193782414997153
0.397220340481189 0.9188128215844663
-0.9969383683522821 -0.09008268261485969
0.9974601743680934 -0.08410826683253396
0.7226597113483505 -0.6926499415967049
0.9952131307510176 -0.10747941375332247
-0.266346418949276 0.964914807178798
0.4169944878259657 0.9100091192525274
-0.2010055501395282 -0.9806109161196941
-0.43123524411452846 -0.9033477537656708
0.5089954800830884 -0.8619307404049275
0.5858447861279522 -0.8116568773605592
0.2819846558421294 0.9604611672887123
-0.6449546998097675 0.7655288598043138
0.9300851551288903 -0.370057568776627
0.9092767265015853 -0.4185891000044809
0.9258534426535914 -0.38052122506700353
-0.8104956280594092 -0.5874502846169911
-0.7021484877967991 -0.713434300468283
1.0008666476561983 -0.01633871504872603
0.9676885989984229 0.2560854844938887
-0.059183895869536735 0.9992488511225339
-0.9459207358125261 0.3274674969518183
0.043373284106250035 -1.0000598773202725
-0.85111430249445 -0.5268827612376267
0.9951801544052077 0.107784322969656
0.7460778273287767 0.6673596298611209
0.8599701037640611 -0.5123011034850793
0.042860320007359426 1.0000819931229974
0.5752840047429318 -0.8191759968937897
-0.0923127142796733 0.9967343491534338
-0.8629216584863638 0.5073137208031567
-0.6599803410036105 0.7526134130406913
-0.9858666221656374 0.17340127825283316
-0.9588612909756158 -0.28737784303695996
0.8797359362732733 0.47756222885545213
-0.22991843542664311 -0.9742374007658321
-0.6952205924380204 -0.720187008942905
0.07437001474822098 0.9982334901746932
0.237941173074079 -0.9723091062805754
-0.9887355916545515 -0.15621437128357957
0.9279432569312857 -0.3753962065814703
0.9914648995575288 -0.13783451289636933
0.9789563695215736 0.20891487877396425
-0.2984694347477729 -0.955466899751815
0.9527399144100608 0.307062950369969
0.39295095275249736 -0.9206468099824734
-0.15257978653910126 0.9893029913730587
0.9538901839890109 -0.3034707842435756
-0.9015244195005507 0.4350341607784326
0.4494686067834489 0.8944154356428254
-0.3748486827241486 0.9281645678757462
0.5605134659997222 -0.8293525513513408
-0.007120115316249334 -1.0009746769813326
-0.5234828137677899 -0.8532096715870943
0.5143702714310121 0.8587340821628003
0.006543178548100306 -1.0009786145640114
-0.5538708616301314 0.8338033752852622
-0.23365866724068193 -0.9733471257590008
0.5219062787804221 -0.8541749447095556
0.8732848492625086 -0.4892592074233838
-0.9253246487046619 0.381805309679677
-0.049848065029144496 -0.9997580559379605
0.9819125043195361 0.19454776755577813
-0.9752360610130633 0.2256449097580639
0.9984186241038735 0.07184184743259465
-0.12296588843482323 0.9934185373151815
-0.6941652547078494 0.7212042700625021
0.8527270114260307 -0.5242686753797428
0.9991151886746714 0.06139902083564151
0.7578129891629813 0.6540034200643502
-0.8539470392089203 -0.5222790961031455
0.7217716642470796 -0.693575276873391
0.9631896690756772 -0.272519102790772
-0.9677471084700631 0.2558642883401902
0.9968569696826471 0.09097901953269158
-0.3826714816612927 -0.9249667762266659
-0.9943264014611093 -0.11539500577321696
-0.03691946351383324 1.0003189257501082
0.780083936134382 -0.6272719127978628
0.8612438238567995 0.5101569129870908
0.6513457490219869 0.7600984904806657
-0.19227988452085112 0.9823591227288766
0.7216487787735764 0.6937031354222106
0.6624229450692903 0.7504644174414452
0.6088762658702096 0.7945254513607163
-0.9563697257180462 0.29556377946221535
-0.9357813180611869 -0.3554072660591899
0.993820601214236 -0.1196729401417649
0.8726346424217521 -0.49041796545952576
0.06565397014961377 0.9988446106395096
0.7084744146304639 0.7071527443304039
-0.9875378412138731 -0.16361543989074875
-0.28729386676534147 -0.9588864552797782
0.17628739556136502 0.985354633706155
-0.42180988696541377 -0.9077871001827603
0.9613036528398698 -0.27909906312405086
-0.11021218106396811 -0.9949142049167471
-0.5751080479205559 0.8192995381525657
-0.5236700388525278 -0.8530947722311936
0.28999724088776596 -0.9580723356184976
-0.2751531893738271 -0.9624405032922352
0.28101576000795075 -0.9607450976336823
0.12234084789369051 -0.9934957055451488
-0.11735309364413486 0.9940972042069884
-0.46857764169643223 -0.8845541214093177
-0.9960970909151069 0.0989524404472226
-0.9979539097545675 0.07803200628955045
-0.7964185101413597 -0.6063980183874423
0.8334617728002598 0.5543847700655639
0.319094916437352 0.948777863519085
0.34744578019591593 -0.9387664405079952
-0.9793178075840896 -0.20721397575620257
-0.7407628813879479 -0.6732543008090071
0.09192154961157611 -0.996770499521834
-0.8574694283975841 -0.5164757296945524
0.9990349151293546 -0.06269161309523845
0.81132962266968 0.5862979135035999
-1.0009307749818428 0.011772157586766025
-0.43093188654688447 0.9034925064200273
0.20406076110025112 -0.9799796966157953
-0.6172479803562675 0.7880392951789326
1.0002642350674775 -0.038372647092352094
0.5392545447194108 -0.8433300279246915
0.5644647417512161 0.8266683466298519
0.7015962973829315 0.7139773354235841
0.9740849582191582 -0.23056342765317514
0.9194741445283914 0.3956871207706702
0.47953743543499555 0.8786608264947445
-0.08437388846251183 -0.9974377408869767
0.8274361599710823 0.5633386203450901
-0.5570370303629689 -0.8316914973741194
0.7362342150632434 -0.6782036424041158
0.8102808089510919 0.587746553069913
0.999110384378693 -0.061477148816939546
-0.42612220913024185 0.9057708666577671
-0.9785230025497896 -0.21093537749970803
-0.10568155116488381 -0.9954056508496343
-1.0002874492866924 0.03776266409461247
-0.006141503378756244 1.0009811596310136
0.5692081915909691 0.8234093967315035
-0.8252271275269818 0.5665696673786611
0.4969041519629326 0.8689575730506058
0.30300239496394726 0.9540390708173917
-0.24242205665428299 -0.9712015992817905
-0.2800566200663803 0.9610251243110115
0.9463805693291131 0.3261361954710082
-0.9864587596095614 0.17000033996897024
1.0009986705300369 -0.001631440191595475
0.243811862170808 -0.9708536325650756
0.03888829410110064 1.0002443204447133
0.41117522500300113 -0.9126532388282701
0.15638431218972498 -0.988708727027807
-0.6455402231556588 -0.7650351758501972
-0.663363403747219 -0.7496332400373559
-0.34400474761108574 -0.9400328364589362
0.05315502605813151 -0.9995876866012103
-0.8610271003702129 0.5105226071664833
0.9917533542655558 0.1357434503135196
0.9377748549841374 0.3501132978900976
0.9628657197717156 -0.273661480096297
0.8356734495104253 -0.5510452665465392
0.9948458415321851 0.110827575928188
0.9640821509129183 -0.2693447721622256
0.8555177772490001 -0.5197021577893729
0.049397027834899465 0.9997804427178391
0.6476452155234732 -0.7632540041228437
0.9598393974858284 -0.2840938771498642
-0.6332034310740601 -0.7752769923556599
0.9821428696957041 -0.19338144560915627
0.8868147112728394 0.46428511484869994
-0.7029323199197238 0.712662019201441
-0.19262709642334996 0.9822910982613603
0.9659606892031711 -0.26252799262961385
0.9056886963905173 0.4262968276101119
-0.11062964119139775 -0.9948678718753876
0.6070922085588035 0.7958894711624185
-0.8370808383685476 0.5489049735939815
0.9955717016368578 0.10410565258376409
-0.39764250175647614 0.9186301980649508
0.6067191449439787 -0.7961739000736255
-0.13139863892253903 -0.9923383483919707
-0.1563165336088844 0.9887194452019757
0.9606318444102567 -0.2814026643529664
-0.6634718962613539 0.7495372191368239
-0.9910896649090294 0.14050721017267373
-0.6521949637871791 0.7593699554305794
-0.4212325963125059 0.9080551193643619
-0.9992715342354604 -0.05879966723297866
-0.9862765791441387 0.17105411258351977
-0.8613486225847389 -0.5099799509504006
-0.870595654618241 -0.4940285479198914
0.7902431159763893 0.6144239722308423
0.43230657993661425 0.9028355447940161
0.9436968402767512 -0.33382221863092953
0.9699859473548349 0.2472413030505694
0.4173121968775845 0.9098634679649492
0.858618860425171 0.5145625836787794
0.06009699507287306 -0.9991943510564955
-0.09304150718592549 -0.9966665831362921
-0.0526515650372128 -0.9996143319796551
-0.2922200930192354 -0.9573966874999252
0.8209508799728922 -0.572748332753343
-0.7504137737460426 0.6624803153092349
-0.9732502981165049 -0.23406165259634965
-0.281580760074904 -0.9605796560179897
0.9686925252703761 -0.25226135551309037
0.9436625398430857 -0.3339191682082607
-0.5144802246552999 0.8586682120811462
-0.7848054286366422 -0.6213545197248157
0.8523924590130953 -0.5248124387032082
0.687930681629443 -0.7271536132570958
0.7197120503003784 -0.6957122714545326
0.44636585876701396 0.8959679236039569
-0.9453332871422735 0.3291594996666265
0.02620915508110086 -1.0006568243858305
0.623862464654005 0.7828132760728005
-0.4079146317192866 -0.9141152297327284
-0.71555988228979 0.6999821818142385
0.7812710180434472 0.6257927742994126
0.216448328654578 0.9773183314676134
-0.6642973338611163 0.7488057506623548
-0.7011928336675717 -0.7143735787480114
0.5155126891627482 -0.8580487557896648
-0.8572669208105624 0.5168117901944352
0.6716718507531415 -0.7421980361775755
0.9856439907760047 0.1746623126125124
0.04420664193557674 1.0000233861309342
-0.3682764085488717 -0.9307918601418603
0.8431920856573749 0.5394702092653181
0.20774109423928896 -0.979206126290202
-0.6149299293959498 -0.789849467894416
-0.02102687217399986 1.000779131800108
0.856722128632179 -0.5177143945380968
-0.9725354539277792 -0.23701432626212374
-0.34017471409129707 0.9414256018894452
0.06457463554344521 -0.9989149695767059
0.9080867015804844 0.42116450754150225
0.7457712722101177 -0.6677021862672778
0.7207217196290586 0.6946662528545148
0.5049313477805665 -0.864317843173737
-0.9825772788004319 0.19116195014996626
-0.10865607249800048 -0.9950853520725291
-0.9557590872099523 0.2975324641372752
-0.24046813559477032 0.9716872314503135
-0.9891900724898737 0.15331014476373858
0.21547156704123224 0.9775341445682578
1.0005217126731858 -0.03094030493571428
-0.8852672866238213 0.46722888527326406
-0.5208245728883156 0.854834933935028
-0.9900236484736504 -0.14783157803027666
0.48185375985603646 -0.8773927023360755
0.9130149584241894 0.4103713997023619
-0.8432742357148894 0.5393417871623422
-0.2513290056393982 -0.9689348434875852
0.15822666541943042 -0.9884155615682341
0.9018301117344857 -0.4344001030950212
-0.5122366356775434 0.8600085052310539
0.932715969693438 0.3633757282467138
0.9561056625035155 -0.2964168722065496
-0.07886577678755755 -0.9978883651249247
-0.9937361491734743 0.1203721970634183
0.7771049594145087 -0.6309587007509879
-0.9196108422822725 -0.3953693194430864
-0.7103680082024779 0.7052505178462787
-0.3018768571988824 0.9543958104935947
0.3128562471223122 0.9508532844958484
0.2128439381331179 0.9781096349591826
-0.7817056244782401 0.6252498034058744
-0.6859436264939123 -0.7290283542307392
0.997670586929374 -0.08157450567425034
-0.6747164098995998 -0.7394313803269341
0.6759166665860844 0.7383343821272014
0.6708774343249477 0.7429161918504505
-0.7370472725982938 -0.6773199524267806
0.43992790741525317 -0.8991465043457804
-0.97809791803303 0.21289777532762533
-0.8895821254353505 0.45896039274203637
-0.5923846341472592 0.8068961799551526
0.5885937443079305 0.8096656125596359
-0.031211322125041272 -1.0005132949497508
0.27526171562136653 -0.9624094699831158
0.919124943677795 -0.3964975887811807
0.5903286408107608 -0.8084015684290325
0.430750215775662 0.903579134115668
0.4756285264755817 -0.8807828931142264
0.9657001207937383 0.2634848699621275
0.5389952054348265 0.8434958023121805
-0.8328809519492955 0.5552569854401072
-0.6319834808645776 0.776271782247875
-0.13175068919796587 0.9922916687626986
0.8324921125889162 0.555839799292245
-0.814818687686834 0.5814391680961181
-0.6780383209394385 -0.7363864714520678
0.9933982371367376 -0.12312977890673778
-0.06639403908439133 -0.9987956906064726
0.9632432303903808 0.27232972497893765
-0.12634057653134034 -0.9929949943084952
-0.13943693704378204 -0.9912408085767295
-0.6432893556373911 -0.7669288134655199
1.0009703422926652 0.007705442914246242
0.25157723710096686 0.9688704215593765
-0.9966769900376732 0.0929299603434974
0.6398103701771066 -0.7698335470826365
-0.9477670712952658 0.3220847381798685
-0.31396066543821194 -0.9504891901318999
-0.024545633145197403 -1.0006990116381156
0.7424725441805016 0.6713683945034449
0.9921052899078697 -0.1331468878225162
-0.5962649727841797 0.804033010659812
0.38669669050612776 0.9232912160047924
0.6427214338155187 -0.7674048204918468
-0.8270045337355917 0.563972074823547
0.6444814663523467 0.7659273069478129
-0.9950070389615345 0.10937089382920533
-0.8532036629782944 0.5234926069013973
-0.7974895580852298 0.6049887641477524
0.416865589456919 -0.9100681734500639
-0.4437804657315277 -0.8972513016068066
-0.17985118534326355 0.9847103894702356
-0.14190605882224447 -0.9908903423030914
0.9578762605038698 -0.29064423194538463
0.8017511083160399 0.5993297592427741
1.000916018330222 0.012966273557763646
-0.7767198275228653 -0.6314327434753843
0.1129890596697115 0.9946026706152333
0.6161177065355732 0.7889232989925861
0.20891226908099897 -0.978956926441316
0.44101113060081254 -0.8986157035608675
0.6657801661618172 0.7474876389249142
0.48323272258275884 -0.8766339805330697
-0.7401432201431204 0.6739354669967834
-0.6253305161665808 0.7816410592790259
-0.5856588872844315 -0.8117910246761549
0.8000784166622178 -0.6015609089620756
0.036514921135349106 1.0003337745645098
-0.734390767811788 0.6801993826465975
-0.9868165727050765 0.1679108448987331
0.056648076633515516 -0.9993958151872177
-0.6187457064758081 -0.7868638705123988
0.8932322927829179 0.451815306435906
0.10186106074313644 0.9958038583497671
0.5180054760565832 0.8565461614970863
-0.9877189956864758 -0.16251826223566235
-0.7599229075650855 -0.6515505924775347
-0.6979901022080915 -0.7175031827243261
-0.0364273892939266 1.0003369658816117
-0.5281555134154065 0.8503250870396031
0.9939564098987717 0.11853967783465942
-0.5919355678564526 0.8072256707429831
0.5691570376420608 0.8234447561934641
0.979474359903733 0.20647270592301645
0.0015414719758696817 -1.0009988131182512
-0.2811111842878311 0.9607171811039361
0.44402570596010466 -0.8971299640780206
-0.9254134571988889 0.381590006728688
0.09678159351436466 0.9963103548376983
0.7930634918963975 0.6107792545765554
0.9054692137211695 -0.42676281820604633
-0.4738594346023116 -0.8817359220528432
-0.721756014983535 0.6935915619693532
-0.24409266412375402 -0.9707830711961186
0.9550631780502291 0.29975877957550556
0.9511250238201853 0.3120291477779792
-0.502903344596182 -0.8654994084307475
0.2909210168214024 -0.9577922331965327
-0.6507694735665942 0.7605919354514994
-0.08543063331836903 0.9973477863267268
0.7730760337033052 0.6358887057603445
0.9369243151292179 0.3523830695701001
0.9480344407776484 -0.32129690178931286
-0.6772197273204658 0.7371393633011292
0.9358870463866008 0.35512876031907714
0.56956898978875 -0.8231598665332409
0.8460925573679275 -0.5349096973944296
-0.982025104734564 0.19397859075441487
0.9918925806169873 0.1347223385967352
-0.5502675051435754 0.8361857884364366
-0.9697487066488577 -0.2481701955369899
-0.22419066269985385 0.9755713950081769
0.6841376277687851 0.73072341297573
0.8977255627691154 -0.4428202953240456
0.059734028138389336 0.9992161157038862
0.9421758691534569 -0.33809115869085965
0.3395233179228236 0.9416607226526321
-0.9934623027113572 -0.12261179833705974
0.9779211897804524 0.21370808730224614
-0.5715102874609366 -0.8218132338471544
0.12810884278757287 0.9927684142838292
-0.967806997685187 -0.2556376639534647
-0.9983510681912281 0.07277461536438258
-0.5318207253224754 -0.8480375676333426
-0.8598119447779651 0.5125665026288135
-0.7879279019176182 0.617390169487416
-1.0009147671445593 -0.013062500218284876
-0.26213143329585026 0.9660683783657673
0.8206741828122596 0.5731447336104816
0.8698744429536573 -0.4952973384706042
0.6400847097141926 0.7696054602132821
-0.7216598979228003 -0.6936915681555121
-0.5733564123453373 0.8205263094029852
0.4816730680570576 -0.8774919119333814
0.5344226459031166 -0.846400280922633
-0.47867404472574737 -0.8791314798742524
0.7917407428491292 -0.6124929355614717
0.9209171215434107 0.39231703410405105
0.9941264836659575 -0.11710480124212959
-0.5755613464556113 0.818981157577025
-0.08751407004727658 -0.9971671311990585
-0.7887573462122622 0.6163301459414341
-0.05113054571957494 0.9996932866106576
-0.8894985331644244 0.45912237965311314
0.985804708795337 -0.17375291685879926
0.3868110306313004 0.9232433192728509
0.87007535118246 0.49494432339882316
1.0008100352007543 -0.019500601053945906
-1.0004841908342321 0.03213073125174218
0.7489339326721687 0.6641528171228362
0.96840770134433 -0.25335256852258453
-0.31851350051322475 -0.9489732082576473
-0.4120585643664614 -0.912254755828793
0.9150892778467539 0.40572480028944075
-0.9469930898428214 0.32435333787390863
0.8727270786935815 -0.49025345089552136
-0.8643842250017915 -0.5048177013220242
0.5097769876419369 0.8614687590799289
0.5743268728606935 0.8198473291473583
-1.0006642703377147 -0.02592331131413045
-0.8389402947474555 -0.5460587714239672
-0.9554936048083535 0.2983839324935878
-0.8041870005992954 0.5960572691169104
-0.7632564971705958 0.6476422774393842
-0.621900958775255 0.7843724864338489
-0.5572990490734705 0.8315159468716192
0.9980955284892248 0.07619918641176637
0.015488823143040833 -1.0008801608372722
0.34152787167864196 -0.9409355519198205
0.5530007492411821 -0.8343807112695566
0.8331710089682121 -0.5548216558632977
-0.8521711867251447 -0.5251716562377092
0.8200549651954525 0.574030359875055
0.6929969046886458 0.7223269966517628
0.560278535201424 -0.8295112796053751
-0.42803688618768454 0.9048676279228642
0.04408455507330141 -1.0000287755879773
0.46277199239723815 0.8876052518167581
-0.691490372216679 -0.7237693452555439
0.7906302345593079 0.6139257546321817
0.9860616909341074 0.17228854190621282
-0.9943357619569219 0.11531432041835754
-0.9733585083293571 0.2336112460110792
-0.9516527234517024 -0.31041600143510295
-0.9841484339730425 0.18290122992590305
-0.20443409230321913 -0.9799018838149862
0.830490001425226 -0.5588267688047236
-0.13709002816058852 0.991568113736484
-0.9537134906744958 -0.30402562014650714
0.25742638336215795 0.9673327540970994
-0.27971544648882174 -0.9611244815296086
0.85942043409018 -0.5132226782481915
0.14022303254367285 0.9911299113356715
0.51696088572513 -0.8571770194249779
-0.6724892819895474 0.7414574604177795
0.46912117054079777 -0.8842659822420128
0.9669969398803591 0.2586849788101763
0.704203258397442 0.7114061925949376
-0.2496739024311128 -0.9693626475395156
0.9688417603589983 -0.2516875908432464
0.7576331107068787 -0.6542117925875524
-0.9880596478879653 -0.16043419902100065
0.16564939903161544 0.9871987016809051
0.8352574231410589 -0.55167566294677
0.9838544330210119 0.18447616275525477
-0.3724056190960843 0.9291474882200684
0.7677561257716005 0.6423017447743564
0.9992143762072088 0.059763118901532665
-1.000607842989241 0.028016861858854804
-0.8717592723099546 0.49197232761774146
-0.8879937888104169 -0.4620260068806959
0.7610594202780775 -0.6502226993930591
0.1379923901176038 -0.9914429384839205
0.9802761129501896 0.20263203690252757
0.9880452177646551 -0.16052304399180597
-0.3567796641772203 0.9352589327184156
0.37896140947287094 0.9264929843934788
0.15023348394275735 -0.9896620131653135
-0.6301148417073386 0.7777893585413314
-0.8119165773268818 0.5854848174477298
-0.9732734116961484 0.23396552328353723
-1.0006873063098267 0.025018293114903542
-0.6952287102499887 -0.7201791724592828
0.9631615527602486 -0.2726184573437146
-0.940201725614127 0.3435428869183845
0.9953936155013002 0.1057948496820594
-0.11641954454015575 0.9942069651984252
0.8807708324027695 0.4756508601784849
-0.10529324788318227 0.9954468001607172
-0.4665032431624089 0.8856498880025642
-0.8761947943276988 -0.48402859666866976
-0.9007741377348061 0.43658556181820385
0.7898809035848925 0.6148895495549699
-0.7493869901840026 -0.6636415741520127
