1000
-0.9750379328006495 0.2264995134648992
0.9628060424984446 0.2738713649297483
0.9479076819803852 0.32167068011022193
0.5185556782854447 0.8562131793647668
-0.41443551656738675 0.911177371650286
0.9403928677875406 0.34301932046799516
-0.8552474426107308 -0.5201469137732191
-0.510843442618064 -0.8608367889060763
0.3377729912949924 0.942289979969878
0.4403197562277363 0.8989546775425037
-0.028230273040435544 -1.0006018447334897
0.478298451498576 -0.8793358808180548
-0.5973868510838479 0.8031998195667903
-0.570625561617941 -0.8224277891877253
0.79731899042995 0.6052135387611264
0.6878863894916657 0.727195513704616
0.9855100322114767 -0.1754165796341221
-0.9610791957201029 0.27987100520418356
0.35887512181849274 -0.9344568727018716
1.0008581856232392 0.016849102971898622
0.17935531922042383 0.9848008273084157
0.2886668792465803 -0.9584740125981718
-0.8438286960638574 0.5384738913811609
0.9195441160669656 0.3955244854703977
0.9930370076595637 0.12600992587308196
0.300643177208099 -0.9547851486058104
0.3291710887688963 -0.9453292518052636
-0.46307041013306494 0.8874496015319377
-0.8607635986350175 0.5109667574949415
0.9996353827546253 -0.05225037363515992
0.9952409435794218 0.10722156603567232
-0.9940996193427435 0.11733263323821075
-0.37090997506153534 0.9297455514278362
-0.8089030540171589 -0.5896412885829089
0.6945141148298984 -0.7208683266048262
0.9928269430402926 0.12765446006022424
-0.9997643074966219 0.04972252463220276
0.7736544261236317 -0.6351848777634069
0.8581760447192284 0.5153007629240044
0.5986461012747916 0.802261706320632
-0.9970833054246007 0.08846401552921172
0.7412517374159022 -0.6727160335371131
0.01203736889825064 1.0009276206349824
-0.34848528035892373 -0.9383810576589674
-0.0010619414587837114 1.000999436703307
1.0007237725553926 0.02351448580137158
-0.6237701159426138 -0.7828868644043903
-0.9741245703149882 0.23039601018385622
0.942398266571963 0.3374707500838543
0.3517508169902672 -0.9371618658197096
0.6460951050321035 0.7645666192383468
-0.7732364955046628 0.6356935755689747
0.8955237885807995 0.4472562398512642
-0.027271516832143145 -1.0006284347197385
-0.26747482069231593 0.9646026229985141
0.6539098371487155 -0.7578937424732707
-0.5363800985766854 -0.8451611620577849
-0.7622323939085659 -0.6488472683740117
-0.2132839888269561 0.9780137729654235
-0.4150252445921249 -0.9109089122141943
-0.9936136098327578 -0.12137954669183813
-0.5695476782990835 -0.8231746121839058
0.591869658435333 -0.807273997737845
-0.8135477292409555 0.5832161625391437
-0.9539355768746955 0.30332806525730843
-0.8710433484223444 0.4932387709509363
0.7443058419167006 -0.669335352188028
0.7430477565519845 -0.6707317134913651
0.2732789610162209 0.9629743555598429
-0.966570400067584 0.2602742048555536
-0.4152042070245706 -0.9108273527233893
-0.27982167609743647 -0.9610935592261668
0.8393567252510045 0.545418451994347
0.1919316292127995 -0.9824272236189918
-0.3296382426672164 -0.9451664556951169
0.818544145450074 0.5761826810564581
-0.5576201569881168 -0.8313006438831548
-0.18447031853320317 -0.983855528815211
0.6289237461497458 0.7787527987294621
-0.9191050795159535 -0.3965436329182108
-0.14742598423534173 0.9900841273206237
-0.7033460302792386 0.7122537200256917
0.6575028334009283 0.7547787914811539
-0.998052794364968 -0.07675688672867603
-0.6827862438960379 -0.7319863012012863
-0.3472203103839955 -0.9388498581013056
-0.9921855125085353 0.13254776032877816
-0.8706446447172627 0.4939422057540249
-0.9856698139567034 -0.17451652602134196
-0.9995940272895842 -0.05303565411107902
0.14851869250091176 -0.9899208038918161
-0.021155731789344896 -1.0007764160952521
0.9965111655441151 -0.09469158856999525
-0.5042946082592512 -0.8646895096395286
0.6742947975861571 0.7398158730037113
0.3423440304627814 0.9406389130832821
0.774882070664293 -0.6336866548721202
-0.8755359771903142 0.48521928305190193
0.633898332363721 0.7747089158041836
0.9998208071335062 -0.048573178019398984
-0.9965977249278297 -0.09377619457343017
0.7413348233584405 -0.672624471511489
-0.7812385953741919 0.6258332502334464
0.7859232165049216 -0.6199400759416656
0.9513648033649241 -0.31129730310174436
-0.972242615762664 0.2382127118668792
0.7981081701168212 0.6041724495479575
0.05871077659408745 -0.9992767608184027
0.689705951041963 -0.725469986351814
-0.5565667424495611 0.8320062867545437
-0.7381711690185352 0.6760949084483695
0.8364287634962447 0.5498981029210257
0.9351959307035201 -0.3569447733131508
0.7849238101809802 0.621204967954195
0.7945261481163175 0.6088753566695301
-0.9635336647045851 0.27130034460160973
-0.2228984795328485 -0.9758674437760204
0.9998951027526236 -0.04701896948381767
0.08626852925169612 0.9972756594145619
-0.19204885707957536 -0.982404314167252
-0.9951976556304352 0.10762261020661898
0.5939189466361501 -0.805767512888554
-0.9867129849961603 -0.1685185011800396
-0.8800737224407071 -0.4769394543014419
-0.9973289593877208 0.08565014166132964
0.4804224073055405 -0.878177266022498
-0.5006868122404354 0.8667835462492991
-0.08683357921619259 0.9972266189389979
-0.8508746576199807 0.5272696814914362
0.934377076367816 0.359082830497829
0.5861219170856329 0.8114567753810812
-0.9307071582494005 0.3684904145067079
-0.7368303724985897 0.6775559033493763
0.24067229618837707 0.9716366840786808
0.9159758536203642 -0.40371925342302584
0.2950647097809284 0.9565238193803103
0.4877928351177041 0.8741047706126722
0.9764124840780026 -0.22049866425133768
-0.41005699857456046 -0.9131562067467005
-0.421416207942251 0.9079699222350779
-0.9964911405902012 0.09490209020479948
0.9972984243689073 0.08600495771346568
-0.8257382849984138 -0.5658244292073986
-0.12028900875153539 0.9937462223191458
0.3139875296440555 0.9504803160655266
-0.591177254010705 -0.807781192118486
0.6105939965014867 0.7932061342654522
-0.8816567477287643 -0.4740067290496391
-0.6483940788033103 -0.7626179374842993
-0.2692100752370937 -0.964119772326467
-0.002297591762504573 -1.0009973631694007
-0.9245614179354928 -0.383649820103061
0.37557453053634293 0.9278710966575076
0.5122969310958729 0.8599725893246543
-0.18522374547811785 -0.9837139645806892
0.12003772361672937 -0.9937766071451439
0.4997554849466193 0.8673208490897525
0.5284385184403402 0.8501492411503867
-0.9547958053251433 -0.3006093314145639
-0.9137904348592808 -0.4086417026683479
0.06087912145049286 -0.9991470024833263
0.6358473004932377 0.7731100894797986
-0.15022129315016897 0.9896638636851862
0.761291757029874 -0.649950660187654
-0.723575631291566 -0.6916930719625661
-0.8676707835096181 -0.49914768500295126
-0.714012077774263 -0.7015609401844433
-0.9215895794082724 0.3907347529028915
-0.9667165834825953 0.25973072059296026
-0.7679049940775824 -0.6421237575971694
-1.000988303924792 0.004838946762293859
-0.8890792664673088 -0.45993375385804436
-0.5921292628641609 -0.8070835991766562
-0.9707544471830887 0.2442064767246275
0.0950645803973132 0.9964756522634574
-0.05751975224113036 0.9993460252095463
0.09161539696360838 -0.9967986853117335
-0.9847072997608347 -0.17986810111224733
0.9568956395068164 -0.2938566573907095
0.633272907462186 0.7752202426887405
0.824603173118338 -0.5674774064957725
0.19329516789782214 0.9821598536222872
0.8435809213359599 0.538861975980838
-0.2802828563632401 -0.9609591668894487
-0.4799220540045675 0.8784508080023815
0.7368912318138902 -0.6774897139262024
-0.6980554328662193 -0.7174396229969148
-0.8915668046795218 0.45509299356675165
0.9865677946651062 0.16936642680776165
-0.9508119895302195 -0.31298172560963633
0.821777023449469 0.5715623533181055
0.9542464203770525 0.30234875425174396
0.6562672533902865 0.7558533535862426
-0.0782397202240003 0.9979376464385288
0.8707284409616272 0.493794473541912
0.7008727599298872 0.7146876061526901
-0.5452918983187133 -0.8394389469329941
0.8559256963570226 -0.5190300591639619
-0.5337360541539214 -0.8468334101204334
0.9907641776188605 0.14278425805117048
-0.5936020461077436 -0.8060009992901376
-0.3924666150739904 -0.9208533846668341
0.3516879849905909 0.9371854465436699
0.3368747927054905 0.9426114650478387
-0.13562452724900134 0.9917696242618469
0.8368290035453807 0.5492888300568701
-0.5232296105458687 -0.8533649715379807
0.6026837672204303 -0.7992329302080778
-0.9828173732112966 0.18992369761050598
0.9939543720982776 -0.11855676356378317
-0.1431210198731904 0.9907155866697859
-0.06296057692667922 0.9990180007152322
-0.14923358242771506 -0.9898132843500285
0.15390105923743821 0.9890983085445018
-0.5225338585467687 0.853791172753751
-0.4496059437619743 -0.8943464067876074
-0.09843172373241846 -0.9961486815546486
-0.8684920902208237 0.49771727840598884
-0.7177878267301916 0.6976973812463025
0.67751848873835 0.7368647755305598
0.485463763702287 -0.8754004421589071
-0.9781507646831571 -0.21265484135037924
0.9466247614023685 0.3254267369161742
0.8146469279406375 -0.5816797940421188
0.777948433141113 -0.629918435492475
-0.7193833225784139 0.6960521785010386
-0.7058240827703881 -0.7097981150871987
0.7457062065737204 -0.6677748523847179
0.10479477617130128 0.9954993997422634
-0.9846133974834388 0.18038142225883402
0.9260108587833664 0.38013798733524656
0.8976926659873636 0.44288698042785085
0.9226748412279026 -0.38816509034824975
0.648430044115122 0.7625873575459149
-1.0000398834880437 -0.04383185409288514
-0.625496922774563 -0.781507901175383
-0.9171908387749441 -0.40095132530933775
-0.9048117035357359 -0.4281550900605522
0.8691758295855659 0.4965222827469511
0.17466860830066455 0.9856428751197408
0.4848341329641026 0.8757493154510295
-0.6462090566499809 0.7644703101517689
-0.1851817622316298 0.9837218686889034
-0.817959698066558 0.5770120729576335
-0.9568683190971787 0.29394560705705347
0.002220960966294054 1.0009975361270307
0.07667453310558041 -0.9980591244876434
-0.7210849563697729 0.6942891945703914
0.50098211904009 -0.8666128988205178
-0.2847020236723845 -0.9596591883147105
-0.9852453308089241 0.17689725300075634
0.35299554418828116 -0.9366937310472507
-0.9983525035138375 -0.0727549223602982
-0.8414391655221276 -0.5422002680978917
0.8842923227716079 0.4690715168150742
-0.09673796546259697 -0.9963145919026568
-0.8399979470265633 -0.5444303894816666
0.6942168519958668 -0.7211546036772896
0.9698874804775064 0.2476272909293212
-0.42022646996996976 0.9085211686782967
0.16759261297306932 0.9868706683638231
0.3062336363171061 0.9530067995497211
-0.6951541523404201 -0.7202511398698874
-0.9308526620647309 -0.3681226990108104
0.8408438913888441 0.5431229605844939
-0.7295192100662264 0.685421565275232
0.9135139374060129 -0.4092594362564693
0.930465165721611 -0.3691010368160122
0.9443311154966434 -0.3320237104558426
-0.3836839159909993 0.9245472689970005
-0.9347273749303803 0.3581699799756539
-0.06088026536549708 0.9991469327826747
-0.7851428851355365 -0.6209280553502521
-0.9845107509675717 -0.1809408224510656
-0.9861053411411653 -0.17203853107041445
-0.9749895522412086 0.2267076818735693
0.11954332073684859 0.9938362010246995
0.08889092980339808 0.997045336280496
-0.39227101710148776 -0.9209367237449946
-0.42748074701939565 0.9051304938669007
-0.9513627079696849 0.311303706827574
-0.7602292005788264 0.6511931837690552
-0.9940841038617481 -0.11746401342277271
-0.7471860350413358 -0.6661186298544782
0.9763130623641472 -0.2209384626024651
-1.0009915283993955 0.004118260875926302
0.9326239984708556 -0.3636117125124459
0.41850514950055984 0.9093153687481115
0.8577797534016245 -0.515960167701198
0.056641327388025534 -0.9993961977272691
-0.884006665415402 0.4696096416185911
-0.9917619842869597 0.13568038370815538
0.2794325050240294 0.9612067806335929
-0.32098134236536896 -0.9481413279956348
-0.43629861065139236 0.9009131602677722
0.4860747384320155 -0.8750613399403768
-1.0002001477879372 -0.040008303700464015
0.4729130434755594 0.882243874056762
-0.40792781045856397 0.9141093487403364
0.8792835433097325 -0.478394659736793
0.8044374044851629 0.5957192814280687
-0.16680364740967926 -0.9870043278582052
-1.0007296903247755 -0.023261274738908946
-0.4061352396520932 0.9149071904366786
0.8446256407856818 0.5372229769168259
-0.36429579576165416 -0.9323569987887597
0.29726107369622434 -0.9558435301161838
0.5702817448852718 -0.82266623332346
0.019762444995732455 1.0008048989527332
0.8444812344514661 0.5374499461897153
0.9900994987882152 -0.1473227154899233
-0.9513074328965619 0.3114725800383609
0.9169154623076451 -0.40158067057710517
-0.7720637489345327 0.6371173891687111
0.9181582488697716 -0.39873102466750016
0.8848356665897229 -0.46804577033739
0.9987293389233 -0.06738477256642092
0.7445545345747522 0.6690587007461857
0.7025804637655516 0.713008900319612
-0.4375558097493948 0.9003032341131245
0.9469319397633968 -0.32453181886516236
0.7115466657567466 -0.7040613200925446
-0.48271639364965196 0.8769184017352323
0.710959977502007 0.7046537521296156
0.10322695803598558 0.9956631936225406
0.957559989786069 0.29168453157633073
0.5204305239853169 0.855074891284014
1.000802794533538 0.01986873055483247
0.9905538216781141 -0.1442363558846482
-0.9344715316275339 -0.3588369498500551
-0.6673438301822331 0.7460919596924408
0.5153714167014113 0.8581336159638429
-0.8837942318426394 -0.47000931454778533
-0.2736290423605518 0.9628749384924542
0.9940667916985548 0.11761043168929311
-0.7873323220069329 0.6181495083903014
-0.055044611029658484 0.9994854129984057
0.8344119046724092 0.5529536810086016
0.7911951392655134 0.6131975632719237
-1.0008091665840106 0.019545129352811844
0.9783837577675457 -0.21158029808244494
-0.6999135576575706 -0.7156270060633001
0.5305675295395814 -0.8488221819664383
0.9691432681824343 -0.2505241021073024
-0.9730142897378894 -0.23504083042286622
-0.3036114205742882 0.9538454305058355
0.06033062192569398 0.9991802720520753
0.20500948888191425 -0.9797816641825751
0.716786947246851 0.6987256058400465
0.8499327976224371 -0.5287865727547337
-0.012161625391672294 1.0009261185860985
0.40964284007587654 -0.9133420736912156
0.057944700044356444 0.9993214756707521
-0.8221982958612252 0.5709561824543957
0.31838875279800166 0.9490150694755763
0.7309046528285588 0.6839439951293994
0.9802558460591724 -0.2027300576303774
0.0710203056254449 -0.9984773989374364
-0.3967979717708 -0.9189953044486023
-0.5440379578629796 0.8402521647721468
0.9618464155228601 0.277222785762328
-0.7353120482107878 0.6792033508133305
-0.2794630119445283 -0.9611979114391023
-0.7302470359318768 -0.684646088510486
-0.6419179713164404 -0.768077026151014
0.4271600067779771 -0.9052819056014754
-0.7256080629056244 0.689560685542866
0.970374218176733 0.24571299659947637
-0.24483375017448944 -0.97059643249679
-0.8095078450529212 0.5888107071018458
-0.1034827020488887 -0.9956366457582108
0.5675323623597003 -0.8245653507602765
0.0846393097825672 -0.9974152531616561
0.8484404977755399 0.5311776743561368
-0.4017810636831278 -0.9168276702116132
-0.31160607599215306 -0.9512637139115381
0.07651817926524135 0.9980711238393446
0.23639163598952542 -0.9726869971548894
-0.6101162980167427 0.7935736278974655
0.9796575478508863 0.20560177270341934
-0.9041406331252827 0.4295703848402644
-0.07987698406192245 0.9978079311256106
-0.5599475646660163 0.8297347316007674
-0.5008493002596369 -0.866689666737427
-0.07449536017830571 -0.9982241438233722
0.9966801009530928 -0.09289658962595315
-0.9680675003923747 0.2546493956090603
-0.13639402032863787 0.9916640919275999
0.8774699577105217 -0.481713061184244
0.07632152797049836 -0.9980861808322207
0.8845746542648865 -0.46853887889070256
-0.9066137403071748 -0.4243259665472224
-0.3717752834784298 0.9293998808879487
0.9614965646619643 -0.27843375539478143
0.22275654098168227 -0.9758998531867275
-0.5290573640954955 -0.8497642646618686
0.7874821054585394 -0.6179586827471444
0.28191270092151904 -0.9604822898206579
-0.16958683526495624 -0.9865299312767031
0.2656728287977172 -0.9651004859798894
0.4487248546959872 -0.89478880456679
0.9985111064880283 0.07054481001500597
-0.20039591949531907 0.9807356807262728
0.9977140720154264 0.08104091869171198
0.9442249307658696 -0.3323255634467335
0.9992637243772454 0.058932241970899385
-0.8884298910846737 -0.4611868695304266
-1.0009473067007717 0.010270793955259323
-0.9174180277925794 -0.4004312204126622
0.039396524045274516 1.0002244317617672
-0.007687920724693878 -1.0009704770246377
-0.2737371908391298 -0.9628441983786898
0.9223322314661466 0.38897847600950686
0.549916091734458 -0.8364169367316154
-0.0813503518810053 -0.9976888895085665
-0.7471791582166031 -0.6661263435165496
0.9947775540777563 -0.1114388527537712
-0.995771985024808 -0.10217217742494117
0.9018020838518745 -0.4344582851786999
-0.9750085523536544 -0.226625953582619
-0.7848727873492183 -0.621269432435452
0.506486244357116 0.8634076003122881
0.9962157339625051 -0.0977507616622361
-0.976170062330532 0.22156942345370054
0.4792006315972346 -0.8788445566064635
-0.021005713304972206 -1.0007795761347997
-0.940481595839764 -0.34277597332177595
0.9723692686847372 0.23769519414054077
0.8104533806423311 0.5875085682825542
0.19764204761837942 0.9812943600231351
0.9978577505881681 0.07925218981909071
-0.01581070243160898 1.0008751279198715
-0.24262653565232653 -0.9711505363214038
-0.03720201502865926 -1.0003084574658996
-0.3039131147905593 0.9537493479202491
0.9866171561067558 -0.16907864228168332
0.8148640697100841 -0.5813755652721563
0.8375058480175298 -0.5482562854509179
-0.979795875952574 0.20494155622110485
-0.6902719568052735 -0.7249314627247314
-0.8398513360543663 -0.5446565278482355
0.1779253280100239 -0.9850601898627949
0.07203643645169615 0.9984046032663014
0.7056906407364858 -0.7099307850607184
0.6011296954508296 0.8004024545484558
0.9104604239497288 -0.41600819273336437
0.6830244404520445 -0.7317640423969817
-0.8028606912703605 0.5978425465060837
-0.929175464262918 0.372335811616061
0.5656063084794616 -0.8258877065365704
-0.7607458491207341 -0.6505895426807699
0.7652165883459973 0.6453251683609686
0.5461454883062384 -0.8388838451196569
-0.28026800119854023 0.9609634995691434
-0.510640609469618 -0.8609571231835516
0.030841762900408947 1.0005247551466154
0.7781640802054057 0.6296520184022878
-0.014981222795906206 1.0008878873098324
0.9627488580570914 0.27407231948842725
-0.9584213718565373 -0.2888416070593588
0.3879896909455387 0.9227486113346286
-0.7084901902887973 0.7071369388347237
0.7137062212154337 0.7018720893427708
-0.9962032385835213 -0.09787802325192096
1.0009997990143729 -0.0006343289249969232
0.4865055131292073 0.8748219165606717
-0.9926547119080005 0.12898690990501543
-0.45605888611275175 -0.8910731128238558
-1.0008904068339237 0.014811938017105286
1.0005175262817765 0.03107538580604649
0.336258070588182 -0.9428316445497114
-0.06072903100552908 -0.9991561363436294
-0.1313137028264966 0.9923495913487316
-0.9786226584071264 0.21047254560195935
-0.30014439391295333 -0.954942062537108
-0.38786568479421574 0.9228007426086707
0.040153018943881985 1.0001943486491474
0.9264093232218077 -0.37916588170313026
-0.9991631464943687 0.060613585007593375
-0.7248638306731423 -0.6903429777884744
0.9639098978632742 -0.26996056897482695
0.40968789489735674 0.913321864828918
-0.5822383199570996 -0.8142478362105324
0.9727830149601939 -0.2359961987086978
-0.8803807551210077 -0.476372465632266
-0.291869924453963 -0.9575034972255914
0.4243854131596052 0.9065859149012582
-0.9165825836916308 0.4023398653789785
0.8365741552657585 0.5496768894008393
0.9901839167935808 -0.1467542535101559
0.4332459668386251 -0.90238513519343
-0.8638770865733596 -0.5056850593932197
0.7159269035034863 -0.6996067958788779
0.8919573219654459 -0.4543271242092311
-0.9995440573797016 -0.05396922601746098
0.8749378938503891 -0.4862969071510174
0.5055143081618552 0.8639770160389922
-0.9394295787201417 -0.34564876193282856
0.5872132903707589 0.810667349541072
0.3184087725590609 -0.9490083527332266
0.5406027132045411 0.8424664423440786
0.9126978223633921 0.41107625211525145
0.6419538814010891 -0.7680470129842811
-0.7225278470367067 0.6927874928551333
0.4726397411298718 -0.8823903190225332
-0.5969210580304897 -0.8035460475167311
0.2631402326837534 0.9657940867199074
0.9477877081777719 0.3220240056690288
-0.6396243312995608 0.7699881264081868
0.999537092600589 0.05409806387997191
0.9043185603685633 0.42919569123294915
-0.9817524337061242 -0.19535393242036947
-0.8424491010341886 -0.5406297366652039
0.20352295554268607 0.9800915296885132
-0.994044303817021 0.1178003482547232
-0.08563342772365434 -0.9973303946317378
-0.9489498088683965 -0.3185832077317223
-0.025523382138024926 -1.0006745509726107
0.7748669073673088 -0.6337051963389779
-0.9981336529021971 0.07569815680791878
0.9470572884426077 -0.3241658409020533
-0.5959354735793606 0.8042772602341454
-0.9300827369224434 0.37006364652429335
0.7736922587387093 0.6351387948848615
-0.6686995426428695 0.7448771185029228
0.8655372693893415 0.5028381800321475
0.9196430793106752 -0.3952943291725536
0.6999382868831068 0.7156028189960837
-0.3457234380164047 0.939402099426075
0.9045454619566089 0.4287172812631944
0.8286632151342669 -0.5615320791222348
-0.335957869745536 0.942938656411986
-0.950551576025904 0.31377173441001666
-0.09215805212419564 -0.9967486611120548
0.9766063616088946 -0.21963837202328085
0.9925594873115356 -0.1297176323707054
-0.8734225326824949 0.48901337343931206
0.8451606415783459 -0.5363809186826826
0.9213078783743828 -0.39139850950826777
-0.8902806324779334 -0.4576039722671677
0.9958895451742563 0.10101986840524411
0.42793596959762636 0.9049153584311295
-0.999831404760738 0.048354545331017046
0.36184143806146657 -0.933312259483186
-0.24686735560207693 0.9700811866735886
0.9716686131200272 0.2405433563360316
0.9954060363966017 0.10567791966729485
-0.4317379351295284 0.9031076100720729
-0.5437388934420375 0.8404457244572242
-0.4205665077213513 0.9083638106964999
0.7224004895601985 -0.6929202931673928
-0.6539167973123045 -0.7578877371964917
-0.8013382897840587 -0.599881609424693
-0.022119863585214467 -1.0007555703741906
-0.6145515059946892 -0.7901439403549582
-0.7565169186101017 -0.655502213464361
1.0006868068945958 -0.025038260864082732
-0.07984459341789107 0.9978105235473975
-0.6381696248086023 0.7711942232483642
0.049551293541614305 0.9997728088462662
-0.5009055805675391 -0.8666571406019202
0.6496084250531677 -0.7615838063535378
0.011133802312044435 -1.0009380792267204
0.6365701805485365 0.7725149870626482
-0.8454345815952098 0.5359490351170834
-0.9682763364321025 0.2538541634593094
1.0009879024498025 -0.004921295474228776
-0.8744826693575766 0.48711503876727874
-0.6846116663070283 -0.7302793070848401
-0.3984768879750083 0.9182685716879091
-0.5910380759801576 -0.8078830315965756
-0.5058395093726484 0.8637866581266685
-0.9807995613977987 -0.2000830336682393
-0.11731603812819846 0.9941015779073601
1.0008498633999579 -0.017336404825855165
-0.9993371196436127 0.05767426898026352
-0.9058694505152802 -0.42591259505107903
0.4826158469583618 0.8769737420611081
0.9090362953226234 0.41911098027386523
-0.2542151059064621 -0.9681816358147712
-0.9227788061182887 0.3879178714353154
0.4454661037644613 -0.8964156125352292
0.2084115901617887 0.9790636389358123
1.0007697473392894 -0.02146888004658547
0.33307261538345206 -0.9439616691802835
0.9713831430041482 -0.2416935859458884
0.6640278491399633 0.7490447353573444
-0.9203517198612605 0.3936416031727592
-0.46807554018317743 0.8848199187869963
-0.5564508574869694 -0.8320837957814203
-0.0017103693577729593 -1.0009985387784839
-0.8267031824562352 -0.5644137207020509
0.6316436377217755 -0.776548333927517
0.7668568174519013 -0.6433751794462865
0.9323212021127035 -0.3643873983703656
-0.9940459964433149 0.1177860643498079
0.6400831971508772 0.7696067182172407
-0.8004830838444529 0.6010223227791748
-0.9872177415382704 0.16553588974019148
0.869063364084225 0.49671910493417676
-0.9903837201486566 0.14539974850221496
0.9956272200257227 -0.10357334958304243
-0.3791658732609602 -0.9264093266770652
-0.9978809460490052 -0.07895959417539061
-0.2717624633073927 -0.9634034271981277
-0.714207013011816 -0.7013624901324134
-0.6660733515715587 -0.7472263983065847
0.9404243840762617 0.3429329057334448
0.9901373857369858 -0.1470678665308208
0.28898645677174284 0.958377706232002
0.8317606188670443 -0.556933813753404
-0.970329763996928 -0.24588848916056627
0.12883320730503706 0.9926746721335733
-0.6617129124440437 0.7510905547967044
-0.12147716425605158 -0.9936016800329538
-0.3840095436512571 -0.9244120674162325
0.9652127619177119 0.2652646305695169
-0.5297075083056416 0.8493591440872515
0.4009810068303838 -0.917177862882272
-0.650854104716356 0.7605195161032166
0.2094750759523334 -0.9788366526416775
-0.46504787264209263 -0.8864149570889832
0.8591443465603092 0.5136847202063336
0.8250061750691609 0.5668913574025918
0.040524512475003965 -1.000179365858276
-0.6648091765456476 0.7483513605123585
0.0904411506868502 0.996905912442312
-0.057725237047521465 0.9993341768436659
-0.03449946925987892 1.0004053111718203
-0.8950552216717693 0.4481932062828484
-0.48507418475586633 -0.8756163744948079
0.9337683527976588 0.3606628111041491
-0.9462318031815345 0.326567565210971
-0.25052258637713803 0.9691436599983045
0.14760229017938223 -0.9900578588818945
-0.7622593469751991 0.6488156039653662
-0.5596449147324422 0.8299388949881296
0.7691050690848557 0.6406858767820464
-0.9874583970072407 -0.16409422348117783
0.5429576080747948 -0.8409506738410389
0.7342704353970518 -0.6803292788803257
0.9152167069464479 0.4054372692860139
-0.05869279379349282 -0.9992778172043622
0.9420400840510059 0.3384693192021598
-0.7312086617456316 -0.6836189676919171
0.9646590512559805 0.2672712383140237
0.616162021951142 -0.7888886884124278
0.8324445761679791 -0.5559109889258473
-0.9302741112302522 0.36958230203131265
-0.8386594232657084 -0.546490047272253
-0.8537230102014105 -0.5226452160430078
0.24052085347888355 0.9716741835830514
-0.5377987264734673 -0.8442591603314213
0.6126778115907656 0.7915976877078094
0.649784998263651 -0.7614331592671197
0.21818444562182984 -0.9769322124327229
0.847356137116016 0.5329057861309291
-0.03202312056414981 1.0004876409778054
0.06184414174436544 0.9990877349521927
0.7110311594148739 0.7045819259256796
-0.658655150149712 0.7537734362401346
0.9499931050536728 -0.3154585556780501
0.8207939506200271 0.5729732023625261
-0.8145700192239488 0.5817874902243048
-0.5479682784317259 0.8376943152681475
-0.7786733935141833 0.6290220554424986
0.9576084818708528 -0.29152529126818566
0.8492280039988677 -0.5299177268445537
-0.9117157163902471 -0.413249866892923
0.874769312581396 0.48660009223783746
0.7031790239271445 0.7124185990756196
0.6582081091705834 -0.7541638316851886
0.5960043449183466 0.8042262249133961
-0.6865667738480291 -0.7284415316605096
0.31350983021300044 -0.9506379891208934
0.8725330127012029 -0.49059875840299744
0.08241303357027098 0.9976016699553713
0.9620477921747559 -0.27652313749789115
0.8021554740474267 0.5987884396477176
-0.6595818307835031 -0.7529626873227401
0.8315212402649742 -0.55729115100475
-0.3265457482202867 -0.9462393324731608
0.26593512293325366 0.9650282433123267
1.000102387009109 -0.04238178262747099
0.9996781237324139 -0.05142615026268682
0.08777354932046236 0.9971443245787885
-0.1427273566745292 -0.9907723763088583
0.09060314959829352 -0.996891202329958
-0.4679027891622701 -0.8849112836291376
0.3397058196373798 -0.9415949002116016
0.968287937625117 0.2538099088879262
0.9544629550449671 0.3016644948395965
0.030191479870457734 -1.0005445889830358
0.9277746184225127 -0.3758127956988173
0.67800490062103 -0.7364172422844723
0.7174099204933837 0.6980859588744618
0.7128735848664285 -0.702717761266703
0.9606793859595512 -0.2812403196420808
-0.6416293537060196 -0.768318145342667
0.9417908477977975 0.3391622016149584
-0.8141076012701527 0.5824343856213832
-0.2553643727347892 0.9678791438696092
-0.9997470644305524 0.05006802535044586
0.3195143048041194 0.9486367107726437
0.3772544607461251 -0.9271893398045247
-0.17256314737012177 0.9860136713908776
0.3247913683530856 0.9468429474011677
0.44153858067708135 0.8983566562193818
0.6254621716861886 -0.781535713700658
0.7880462206247445 0.6172391385508996
-0.6910357027726128 0.7242034641546262
0.9736070421892353 -0.23257327318401952
-1.0005743495675516 -0.029188542057988615
0.7087708756975851 -0.7068556046059749
-0.17892511000766478 -0.9848790814149446
0.8888303054932003 0.46041469137817936
-0.9181862030506234 0.3986666483761581
0.5414844495456641 0.8418999886567461
0.3809066110106541 0.9256949571475359
0.9744255580081217 -0.22911968902859642
0.5313578637255633 0.8483276611410273
-0.6550048577258867 -0.7569475783404627
-0.07622341557866412 0.9980936784277928
-0.9988633775761985 -0.06536782799717858
0.5092364111955378 -0.8617884180659945
0.596330033184027 0.8039847582651908
0.908802898593776 -0.4196168389227854
-0.6256608063434149 -0.7813767051849625
-0.9447601297649921 0.33080099335769103
0.6481078034093722 -0.7628612424024951
-0.9988954436954562 0.06487597833141116
-0.7995905190690574 -0.6022092674601375
-0.4439013876347615 -0.8971914834949857
0.9828040470251171 -0.18999264499198731
0.6716768829093014 -0.7421934821630035
-0.6053368395857174 0.7972253825866155
0.6092199673014053 -0.7942619413274659
-0.8074794550599054 0.5915893251708978
0.5123142963015662 -0.8599622444067129
-0.42505924112677906 -0.9062701813105883
1.000951049642137 -0.009899304031303107
0.21630328810790492 0.9773504425505258
0.04483987537465136 -0.9999951927766382
-0.9976317648018336 -0.08204792415642838
-0.9995631075010951 -0.053615241515394686
0.7372205992659775 -0.6771312930428729
0.06916515391133993 0.998607621383104
0.9991271456252111 0.061204140994038966
-0.7736009288826676 -0.6352500317448821
0.9708969690164095 -0.24363923238006854
-0.9432182957699158 0.33517196560108614
-0.9163668663221481 0.40283094010630105
-1.0009808529161006 -0.0061912918971472036
0.9614594401467474 0.2785619230130043
0.35555954443769233 0.9357234689582498
0.5514194789477757 0.835426572618422
-0.959309798745483 0.2858770890276116
-0.9949747711242871 0.10966405439419286
0.05369044223558779 0.9995590709970807
0.36009068765302044 0.9339891309140459
-0.9682948319983977 0.2537836053120745
-0.368605177147289 0.9306617126433299
-0.9912980925606741 0.13902910373576186
-0.9308827813789746 0.36804652875980814
-0.35969179639925486 -0.9341428218442173
-0.9788426607154364 0.20944699941399317
0.5677133392647672 0.8244407585878123
0.9994062122753439 -0.05646435039430014
0.425556345659724 0.9060368627537964
0.8442889315271179 -0.5377519875377474
-0.9572439111592332 0.29272016423296504
0.13605729610573392 0.9917103469140557
-0.995570668675035 -0.10411553041666653
0.5376421181133813 0.8443589004863732
0.6670816972976575 0.7463263422461226
-0.9918429753796394 0.1350870541172026
0.3156614154328081 -0.9499257185732768
0.5749342235233642 0.8194215268233964
0.8594672230054805 0.5131443194455607
0.8676045649013072 -0.49926277546239456
-0.29868010293275066 0.9554010655803569
-0.8434547955775997 0.5390593731836498
-0.8210612208885285 -0.57259014273129
0.8456556784064425 -0.5356001060296195
0.35511471147050894 0.9358923771979432
0.20229120418841418 -0.9803465044095385
-0.995652997231482 -0.10332525878973767
-0.9747853700013985 0.22758401180934645
-0.49023913361197874 -0.8727351212569461
0.2307091449200006 0.9740504558031283
0.7373661009801034 -0.6769728451905584
0.7678066532316774 -0.6422413434630089
-0.32355723781266854 0.9472653872379357
-0.14097103359439742 -0.9910237977401589
0.9126886376179247 -0.4110966440669839
-1.0009926518819223 -0.0038354762933406296
-0.03741139013611257 1.0003006487492065
0.755670988955782 0.6564772322408374
-0.5085908964865207 0.8621695308992526
0.43798941589863694 0.900092368349366
-0.33230372812517567 0.9442326155530264
-0.9033026841916778 0.4313296427700164
-0.1612658590043004 -0.9879242494845468
0.9574120631583095 0.2921697132129702
-1.0009936312023453 0.003570755150249224
0.24419664159934357 -0.9707569212895686
0.9870348398113218 0.16662300260959834
0.009098497520494934 -1.0009586491673217
-0.8068469548274064 -0.5924516786082568
-0.040755966780721166 -1.0001699611424895
-0.8716287282510948 -0.4922035758579767
0.5446956090019871 0.839825990032432
0.6875368710390878 0.7275259795785858
-0.7230750466567649 0.6922163512243245
-0.8682907875334386 0.49806837711760116
-0.374882262659343 0.9281510055715134
-0.7171747348129202 -0.6983275733823044
-0.9007622414649517 0.43661010564465436
0.9539596416535279 -0.30325237360369134
0.20113762282903933 -0.9805838346019595
-0.15421108499243563 -0.9890500195973183
0.9582759928910838 -0.289323558405823
0.6086673262646317 -0.7946855264429222
-0.42248127954125286 -0.9074748307458371
0.023795398971711616 -1.0007171323544817
-0.9665698318269887 0.2602763150998315
0.37156752930673115 0.9294829590502945
-0.6234747522212235 -0.7831221062788892
-0.8324351727815107 0.5559250696957426
-0.28301590707271457 -0.9601577976269362
0.8730213302752742 -0.4897292689684686
0.6235358661347945 0.7830734471577564
0.4920939287859581 -0.8716906362075942
0.3292680664101303 0.9452954778494045
-0.1583210446618175 -0.9884004486123986
0.13503780330046464 -0.9918496819981267
0.8897560245425129 -0.458623175156144
-0.6674618541231246 -0.7459863760756765
0.9977249900390802 -0.08090639190766855
0.9470673183715511 -0.32413653677504334
-0.8281226653498487 0.5623289527792984
0.8476059007029703 0.5325084385185895
0.9883740990044477 0.1584854580620762
0.04335395304910357 -1.00006071553432
0.5548210169880124 0.8331714344049413
0.5754331290344188 0.8190712508748296
-0.68451685598241 -0.7303681769326732
0.7649177629717543 -0.6456793444816763
-0.48161390051538705 0.8775243875986324
0.663545508839374 0.7494720526471259
0.2979987060504325 0.955613819067236
-0.9817973063058679 -0.1951282894163271
-0.9938318634002044 0.11957937652654686
0.9411140586990088 0.3410356704497034
0.9686304722869904 -0.2524995211026781
0.8289019538690249 0.5611796066074684
0.6555772169088704 -0.7564519235681934
0.9714373420161432 0.24147565205753316
0.960663552021458 -0.28129440061529015
-0.9873706554783724 0.16462134946661425
0.8914182305264395 -0.45538394601161725
0.9614977802977898 0.2784295574870299
-0.46634327196492203 0.8857341320582891
0.5225042591261061 0.8538092873675474
-0.6593257860324901 0.7531869010230058
0.6348075998631951 0.773964024458456
-0.8916482345878052 -0.45493343002735065
0.569075568561508 -0.8235010608775173
-0.33979985566069537 -0.9415609688665788
-0.12039457469644005 -0.9937334382940243
-0.6723734999165559 -0.7415624563109713
-0.7658133919439345 0.6446168231742994
-0.9737018081755312 0.23217620195812685
-0.41655883880250383 0.9102086210399842
0.5431858574733329 -0.840803261316796
0.7586640181387311 0.6530160086717594
0.7370362400726499 0.6773319576245987
0.03563536852537089 1.000365493462295
0.9645697083930338 0.2675934932889396
-0.9216920279303873 0.39049302893850746
-0.7330495135498286 -0.6816446366578114
0.9776523880534912 -0.21493442751989708
0.16813002758378917 0.9867792528345305
0.6765750095544716 -0.7377311545857114
0.9922816792265273 -0.13182590440191647
0.1015571095702064 0.9958349027302393
-0.4758776566008911 0.8806483157015883
0.9317614685547476 0.3658163005070991
0.8447649430913992 0.5370039021494957
-0.6758026342004002 -0.7384387581971846
0.9606805672337289 0.2812362845357634
-0.7560509648000769 -0.6560395861721096
-0.16427676683609174 -0.9874280449115674
-0.4486679438957295 -0.8948173423220956
-0.10821936080720451 0.9951329408408105
-0.9099559586242123 -0.4171104810050819
-0.6314133709414621 -0.7767355759821611
-0.3759667852357186 0.9277122271477934
0.15257170309818596 0.98930423804496
-0.8814415739580898 0.4744067365650336
-0.7459877017569472 -0.6674603724771891
-0.4820261744238762 0.8772979922297115
-0.2407572331523736 0.9716156414368871
-0.666792157565292 -0.7465850377615552
-0.944090127645035 -0.33270832704214287
0.709026494406696 0.706599200558104
0.6820211826373953 0.7326991923251238
-0.9066487917471415 -0.4242510676750835
-0.283031349532913 -0.9601532456756984
0.21265133217450138 0.9781515275888547
0.639279570857678 -0.7702743863611349
0.9838790759711439 0.18434468765377532
-0.28632569359694554 -0.9591759990670262
0.729259651288694 -0.6856977183878421
-0.7149619947299297 0.7005928532976909
-0.7743239396926824 -0.6343685335976266
-0.16469628096222586 -0.9873581594523901
-0.6125952120080935 -0.7916616109328272
-0.11678656634708683 0.9941639190399426
0.9554328951591973 -0.2985782692154845
0.04984228331686861 -0.9997583441981172
0.00976685230689784 -1.000952350811973
-0.9835346609634678 -0.186173496189647
-1.0002142130746876 -0.03965511270168565
-0.9422915631242221 0.337768574714863
0.8289790571098272 0.5610657028132283
-0.9245429563891757 -0.38369430773880747
0.9731370901482522 -0.2345318822202909
0.9382538858626336 0.34882752996813193
-0.8830461730714202 -0.4714132541877873
0.05144151304123024 -0.9996773333111184
-0.8466396490945991 0.5340433545892824
0.6330221575445008 -0.7754250112407423
0.5414337049240736 0.841932623891123
-0.5235182854330626 -0.853187907097391
0.7481779153330292 -0.6650043661570371
0.4017867725207974 -0.9168251684085255
0.38008695366833917 0.9260318070407311
-0.29090779365611363 0.957796249517679
0.3144936558848505 0.9503129697148099
1.0004922312508087 0.031879385294862735
0.7429302502637205 0.6708618659926091
-0.9797388441204236 0.20521402808184547
-0.21832922229551158 0.9768998672800796
0.3985074934697886 0.9182552900192987
0.07796742472114068 0.9979589574137572
0.9299785788472068 0.3703253203405483
0.20416761336644146 0.9799574407351838
0.19881303634244457 0.9810577845266292
-0.21102186015702804 0.9785043559105232
-0.9269459395731606 -0.3778521206885444
-0.5434238690545283 0.8406494504499523
-0.5632276554405501 0.8275116966828572
-0.018255221843695078 -1.0008335260548766
0.8933289743108657 -0.45162411766500754
-0.17707134771838234 0.9852140568511981
0.4536341571016605 0.8923099526009255
0.22025568620993452 0.9764673229003574
0.004229277140876216 -1.0009910655020182
-0.3239734093136783 -0.9471231335247133
-0.34342564211801385 -0.9402445577273127
0.2558382408554774 0.9677539948333846
0.566695946434082 -0.8251404148962649
-1.00076578510221 0.021652791246331245
-0.8955827236825081 0.44713821693232664
0.8087535844737802 -0.5898462847223944
-0.2168474779302491 -0.9772298456940876
-0.10621833703267378 -0.9953485142793017
0.8853264579081835 0.4671167551348907
0.23981248468547742 0.9718492538398009
-0.154890435812636 -0.9889438573011977
0.8400430442156064 0.5443608030203652
-0.9876795564823954 -0.16275777617901646
-0.9382413053514554 0.3488613663511581
-0.2818672200872729 0.9604956378038751
-1.0004604907807129 -0.03286040758747978
-0.8853740580880619 0.4670265273672119
-0.04786443194750743 -0.9998549875628678
-0.8583900270861039 0.5149442313485197
0.16182343157499524 -0.9878330714211248
0.584141231988177 0.8128837685003525
-0.981153176684463 -0.1983417350987606
-0.1902607721220113 -0.9827521755720189
-1.0007974549066325 -0.02013589462643655
-0.9924294720961211 -0.130708618365487
0.7082515922616639 -0.7073759128347656
0.93054707384532 0.3688944881099643
0.6957812113130339 0.7196454029477067
-0.6025783950551709 0.7993123781180512
-0.7247216990682943 -0.690492185980091
-0.994455020524509 0.11428128522902792
-0.9647643089582466 -0.2668910417386032
-0.6239588470601922 -0.7827364544821684
0.9757260190608982 0.22351674596676596
-0.8943862952621922 -0.4495265896998429
-0.34247220434112396 0.9405922545150643
-0.5910031505887747 0.807908581458411
-0.8166594236841391 0.5788509183787217
0.9971145641125364 -0.0881109870258326
-0.35463162414686944 0.9360755370988784
