1000
-0.8287966670630394 -0.5613350912469284
-0.7275963583352576 -0.6874623912166188
0.931301948002438 0.36698457957639635
0.016463792670333807 1.0008645980006028
-0.9808897839924829 0.19964025560788093
0.4000428386806444 -0.9175874493585513
-1.0008168867093978 0.019145737836609368
0.9779416091318196 -0.21361462760931765
-0.6999468990867574 -0.7155943952120032
-0.22367256711456454 0.9756903108673267
-0.19331339050975554 -0.9821562671233244
-0.681552802810379 0.7331348968514025
0.28425862394621193 -0.9597906202460025
0.24159052480360546 -0.9714087802388438
-0.9873675828819958 -0.16463977731327603
-0.941585345069964 -0.33973230336468846
-0.9137020736671033 0.4088392356127716
-0.12741879885650614 0.992857215161357
0.9691678783607158 -0.2504288792327847
0.973959112124439 -0.2310944566833536
0.9907049957484776 -0.14319431343111677
0.3904034199302933 0.9217299874186209
0.19507339107690128 0.9818082155358848
-0.651182700672041 -0.7602381800103617
-0.8893100546201659 -0.45948735211263175
0.11334786309915998 0.9945618441961536
0.786454930093101 0.6192654058901205
0.30623897244242626 0.9530050848539093
-0.8478502837407143 0.5321192501317635
0.7740676380843731 0.6346812520237857
-0.0593113078541401 0.9992412965648645
0.7470009304341713 -0.6663262038449955
0.9047579452622259 -0.42826867791711676
-0.3327767093017494 -0.9440660261582867
-0.024419860836608215 -1.000702088734065
1.0002265515316562 -0.03934266908956789
0.9283765519203225 0.3743233600037977
0.9676964244654869 -0.25605591201281086
0.4338167952110281 0.9021108513884715
0.8693642840926015 -0.4961922425271867
0.8367475738594001 -0.5494128662858268
0.6454712912847017 -0.7650933355658379
-0.9934658137284561 0.12258334696383749
-0.9588619589588694 -0.287375614243031
0.17318760849816978 -0.9859041800614726
0.0631884057781659 0.9990036162973654
0.9993868033048953 0.0568068427218281
0.7281074739062393 -0.6869210336289573
-0.5136136519593775 -0.859186834466725
0.8356582839231292 -0.5510682648371713
0.28241385862596574 -0.9603350521854302
-0.8646685666793258 0.5043305164242198
-0.15528848517233768 -0.9888814319082346
-0.9925293950079703 0.1299476819535938
1.000340826987756 -0.036321204019857084
0.9263368360783747 -0.37934293999533775
-0.9992111927595759 -0.059816321050240505
0.8854218191112739 0.466935972314923
0.4442854043441651 -0.8970013820985683
0.5559276350413057 -0.8324334595614119
0.9247979062960331 -0.3830794075782117
0.16828959903666385 0.9867520513564078
-1.0009631151957394 -0.008593137822750741
0.649904778325958 0.7613309261478134
0.09138383147958569 0.996819941285341
0.955856933601716 -0.29721797133673566
0.8587119568045004 -0.5144072076098719
-0.4556534314110131 -0.891280511647915
-0.2940901814219811 -0.9568238945548895
0.09010154022281708 -0.996936664211662
-0.8127501554066359 0.5843271214709184
1.0004692406471236 -0.032592921301530964
0.9422695226873036 -0.3378300558189591
-0.23577049055654092 0.9728377438107179
-0.9811447205541524 -0.19838356113527694
0.9115810475360404 0.41354684592328267
1.0005523635918767 0.02993271973458104
-0.05384523920329562 -0.9995507441921795
0.9367057167096101 0.35296373791585955
-0.6522628413864857 -0.75931165258175
-0.6853650366754725 -0.729572317527761
-0.4211891108349878 0.908075290333369
0.4175694561854626 -0.9097454310195665
1.0009087105225347 0.013518624194672446
0.9521146913177414 0.308996140067998
-0.9698888734821697 0.24762183485203385
-0.9743272883981219 -0.2295372193844889
0.0041693043323061275 -1.0009913170959
-0.9962231054573571 0.09767560674446568
-1.0009730377464723 0.007346952061865135
0.404691092852694 0.9155468963224616
0.1302012742459839 0.9924961602871428
0.8481289697043898 0.5316749483925027
-0.8422855770114948 -0.5408844671077302
-0.8339231604567007 -0.5536904933750515
0.9825122341240587 -0.19149597853884792
0.12092097249825709 0.9936695217274584
-0.48344284741763316 0.8765181191970484
0.6926852611662357 0.72262585683261
0.40976768662409363 0.913286068545195
-1.0000306944743518 0.04404100486076058
-0.42441677292225233 0.9065712343011229
-0.7705046367663143 0.6390020381200752
-0.9598992413535965 0.2838916103881726
0.48457957580019584 0.8758901955823586
0.9698416878049281 0.2478065790000102
-0.9983213038997018 -0.07318178858158181
-0.1269221247723803 -0.9929208297962453
0.5355402711549903 0.8456935721472876
0.40091929360700707 0.9172048408145579
0.6661613539233339 -0.7471479442112056
-0.1731786502480483 0.9859057536591741
-0.7488153358566835 -0.6642865291317012
-0.8157540292041122 -0.5801261620003499
-0.4905698941394099 0.8725492415698086
-0.7231358240779693 0.692152858792822
0.7522623258353129 -0.6603804911782643
0.14657877372847802 -0.9902099086013306
0.9901731574862349 0.14682683063302834
-0.691063457325497 0.7241769797151322
0.8829981403602719 0.47150321750789953
0.2058224538698758 -0.9796112073077681
0.8177244665807966 0.5773453877490938
1.000485460702011 0.03209116582308595
0.6161698840031377 -0.7888825476885389
-0.9462454500881562 -0.32652802052421576
0.249022630466651 -0.9695301591572434
0.687424401360893 0.7276322508064206
0.28379793887347887 0.9599269398715535
0.8248978407428954 0.567048985836064
0.5021747665969236 -0.8659223428191036
0.9211899860958987 0.39167589856492036
0.6877526710801113 -0.7273219805713094
0.9945902264583085 -0.11309854744253098
-0.9052725889188593 -0.427179751102678
-0.3906308409039655 -0.9216336290167916
0.8065808116390064 -0.5928139626356329
-0.8235801955953365 0.5689610368233903
-0.3199046532924548 0.9485051464287552
0.8884977088603058 0.4610562019428732
-0.9694611716259137 -0.2492910682509715
0.9997941503451087 -0.04911880429837835
0.5556968994773965 -0.8325875064587555
-0.6545914722572711 0.757305093372584
0.7062822830254112 -0.7093421858908526
1.0006340686524218 -0.027064010273804343
0.6742141259745029 0.7398893919610128
0.40383936515621965 0.9159229045887112
0.9874726073246111 0.16400868813430128
0.9006955858124557 -0.43674759495383286
0.7347416890842807 -0.679820307376573
-0.3488780565758006 -0.9382350993433854
0.9497977617052888 -0.31604621791697374
-0.12481004302306942 0.993188528508349
-0.11060455356935187 0.9948706613071493
0.932851822669696 -0.3630268267522746
-0.27096194229384685 -0.9636288838698984
-0.669517247399514 0.744142227960877
0.8394741648909139 0.5452376788894022
0.31904162573712885 0.948795784690789
0.7808532614829177 -0.6263139660198312
-0.6275365272790334 0.7798710835327662
0.686825538295395 -0.728197555574887
1.0005065049546689 -0.03142822844821917
-0.8399452726166449 0.5445116518578369
0.6890796307598163 -0.7260649161555152
0.6635498915438351 0.749468172394375
-0.9664441431967943 -0.260742628046536
-0.8393417575536456 0.545441485428783
-0.048178012008796296 -0.9998399267677203
0.2231975661902207 0.975799080982741
0.8144187371834812 -0.581999244436334
0.8986558119562393 0.44092939529733366
-0.023231806397579585 1.000730374862033
0.7906461504278747 0.6139052571965666
-0.8631961531122011 -0.5068465263295167
-0.7685842996678872 -0.6413105131712901
-0.8601312032327161 0.5120305784085948
0.2797659029402984 -0.9611097957840194
0.9901109929559748 0.1472454468828615
-0.704923994627394 0.7106920302061631
-0.4454284615607378 0.8964343175222791
-0.47935349108684655 -0.8787611908720437
0.4493114839774641 -0.8944943769336782
-0.7586884606399952 0.6529876106724495
-0.809122911521777 0.5893395575137671
-0.9662505187112165 0.2614592417381819
0.8984934025957569 -0.4412602468973371
-0.7148463238605643 -0.7007108770834354
0.991285888480626 -0.13911609288351917
-0.7129649356038882 -0.7026250782596247
-0.8767141138061492 -0.48308732404514454
0.27559308165002966 0.9623146332393787
-0.4888971438352618 -0.8734875973645667
-0.7973912762994215 -0.6051182962707207
-0.6014232283758099 0.800181917047629
-0.43941963950955076 0.8993950079988751
-0.6760110310169074 0.7382479840429352
-0.7039329975420667 -0.7116736154807487
0.7836417258452978 0.622821519790544
-0.990017038400287 0.1478758387199363
0.7767074542768826 0.6314479633910655
-0.9858007631758618 0.17377530124240467
0.9790927177577785 -0.20827493856363788
0.09546149029057559 -0.9964377069699352
-0.9996749633579698 0.051487548351440295
0.37594605274667875 0.9277206289741494
0.4587928662366645 -0.8896685370913968
0.016068308596070332 -1.0008710253868185
-0.5414411953306036 -0.841927806880713
0.9988657314952645 -0.06533184862247712
-0.06113515134382762 -0.9991313693755027
0.282636993888983 -0.9602694047429602
0.3190929074096967 -0.9487785391970177
-0.529712385535762 0.8493561023563745
0.03815085478907708 -1.000272718951618
0.9999421544225789 -0.04600747557442629
0.4997931075401608 0.8672991696383372
0.10632791751154488 0.9953368143285257
-0.8883849077672272 -0.46127351501188
0.35144727104119716 -0.9372757415391136
0.26422943220866296 -0.9654966634611886
0.0780270458399654 0.997954297609609
0.9712235173600767 -0.24233423061284715
-0.9211221427990378 -0.39183542214213996
0.874788607287616 0.48656540419535904
-0.09006348810234442 -0.9969401025692761
0.43743652664158494 -0.9003611970535748
0.9259613225716766 -0.3802586344862026
0.8835829257007208 0.4704064342780128
-0.715466808667688 -0.7000773140838616
0.2577578570899425 0.9672444815600659
0.3173211345530046 -0.949372581006
-0.963994949918294 0.2696567012555516
1.0007932881851924 -0.020341935096508775
-0.36783127529646786 -0.9309678581528871
-0.4570825598977282 0.890548445306228
-0.6942560114300982 0.7211169049420291
1.0009288923805664 -0.011931152409241374
-0.9760767395340428 0.22198017600811185
-0.9932261201106098 -0.1245105390319404
-0.008541251656191426 1.0009635592868231
0.4655834480624313 -0.8861337669281638
0.9980301665718473 0.07705054582915538
0.5354390870657759 0.8457576390681721
-0.7152552240971685 -0.7002934844775505
0.8378649158498369 0.5477073879252916
-0.8479290799257165 0.5319936798650223
-0.8161597208717056 0.579555269173372
0.45758276584140134 -0.8902915322549874
-0.5981527202858735 -0.8026296301623866
-0.2473010396425772 0.9699707190383122
0.43137477700854154 -0.9032811310776014
-0.5257170185103054 -0.8518348528022526
0.3890730017570945 -0.9222923610784836
-0.9681044222287257 -0.25450899328154447
-0.9984642002396966 0.07120562365223015
-0.49026955348411655 0.8727180328871891
-1.0000432088429208 -0.04375591899565796
-0.11538631449112262 0.9943274100758541
-0.7024673715124602 -0.7131203208157619
0.05956795688320703 -0.9992260297413996
-0.942981465606099 0.3358376922314909
-0.9711797550756073 -0.24250955307221064
0.9418803273701237 -0.3389136304623178
-0.7143758576214352 0.7011905119492411
-0.7700743819404106 -0.639520481516499
0.9993913543384526 -0.05672672098361915
0.6617597698173976 0.751049270721452
0.5203783336176954 -0.8551066541088722
0.9980930222985357 -0.07623200665714325
-0.9723972900135444 0.2375805345021241
0.31775278714000216 -0.9492281950430889
-0.9939613360007147 0.1184983651181497
-0.5748881869083478 -0.8194538257603248
0.6558823724380874 0.7561873534548075
-0.8143204378078561 -0.5821367747947398
0.15894099869091566 -0.9883009455298191
-0.947510649610283 0.3228383014375765
0.9675335142269202 -0.2566707985878133
-0.9756517546695521 0.22384068801320287
-0.7895310073313071 -0.6153387591094936
0.09208379461035998 -0.9967555240730582
-0.6425280789660043 0.7675667187549602
-0.5323635411127716 0.8476969152320128
-0.4578237626169484 -0.8901676260026873
0.8995872820012017 0.4390258785785758
0.7693590780087655 -0.6403808312914295
-0.8996984214055871 -0.4387980748821657
0.17191059062153963 -0.9861276534162062
-0.6072925052428719 0.7957366480663288
0.9840957615260113 -0.18318442113493155
-0.7985325875461421 0.6036113870917802
-0.372795484452735 -0.9289911338498611
-0.7338663841184823 -0.6807651065241698
-0.5407841990314451 -0.8423499570118813
-0.898074666027797 -0.44211185715728196
-0.8077049569084612 0.5912814072719527
0.550287273624053 -0.8361727790877951
0.997087367237478 -0.0884182226434956
-0.04113254381179138 1.0001545449777105
0.48276441068253406 -0.8768919681342426
0.32806079738638166 -0.9457151332289293
-0.7091850352784839 -0.7064400793677094
0.7019707353517216 0.7136091974671874
0.19069833592339108 -0.9826673621709686
-0.3343358541701403 0.9435149901386425
0.956879516335044 0.2939091547033069
-0.053559106030550085 -0.9995661169533551
0.8230572249093653 -0.569717302286401
0.9936046656995022 -0.12145274101550942
0.8718687279631748 -0.4917783252644178
0.8654597361833066 0.502971614552473
0.9321998253810587 -0.36469780032175086
0.7187610175243331 0.6966947679489098
0.5040736638240786 0.8648183285748341
-0.9210775608364636 0.3919402083526905
-0.9288027707375108 0.3732645349752947
0.18327246615945553 -0.984079368317328
1.0000167160989675 0.04435727136149352
-0.27743720176948194 -0.9617845907864815
0.742474984209125 0.6713656960432663
0.8268977922205182 0.5641285679885683
0.7944340027770881 0.6089955789918131
-0.9204974623894092 0.39330067599059404
-0.24260635252717205 -0.9711555785318136
0.444765955318818 -0.8967632045246611
-0.024226511870454735 -1.0007067882864544
-0.7336596812016801 -0.6809878649278922
0.9599113511077006 0.2838506614658291
-0.7155337679105455 0.70000887635782
0.41966981609525944 0.9087784358459278
0.9145785877391015 0.40687468199575977
0.7594163868782954 0.6521408983806454
0.9728875121653184 0.23556504127900096
0.014134205046980923 1.0009002069375796
0.9727912356752925 -0.23596231011188534
-0.039005116769561365 -1.0002397716876652
-0.7937384692145328 -0.6099018302062801
-0.7388739860718345 0.6753267599512983
-1.0002634665199384 -0.03839267567539767
-0.58885092252803 0.8094785920812779
0.138711212210937 -0.9913426247302051
0.3522451289841657 -0.9369761838525718
0.7385063313091181 0.6757287907262401
0.7716600989098598 -0.6376062199746999
0.5713221669022539 0.8219440258351618
-0.843249200795922 -0.5393809278766155
-0.6758712962022589 0.7383759144026019
0.10579792081860835 -0.9953932890824909
-0.04517608885045268 0.9999800602992921
0.22009998524228672 -0.9765024303586475
-0.7617537614290163 -0.6494091213932441
-0.9732276446112057 0.2341558279533625
0.9011947980787672 -0.43571657750855647
-0.8589993869304722 0.5139270894329983
0.24287721070178092 0.9710878747681503
-0.9136322745822075 0.40899519170980686
0.6632043850101222 -0.7497739283966505
0.3187050009057833 -0.9489089115387443
-0.46491097961159894 0.8864867630351755
0.7226066538062601 0.6927052936674584
0.4661024928040655 0.8858608616491848
-0.9549141938556217 -0.3002330467704516
0.05346888334386075 -0.9995709472138337
-0.7712258971676165 -0.6381313466191778
0.0262371293044528 1.000656091295037
-0.8656261931660593 0.5026850840285957
-0.2186651609694621 -0.9768247270509686
0.28822571672787384 0.9586067682927675
-0.839401392802693 -0.5453497059327154
0.058606351185800425 -0.9992828906774531
0.47961080754096985 0.8786207789996198
-0.6066891482117736 -0.7961967579952035
0.23894714756663102 0.9720623748863911
0.9186738905511951 0.3975415485449676
0.8119147099718832 0.5854874069792386
-0.7878073758806234 0.6175439567416122
0.8515947545001143 -0.5261058582717836
0.6007040665580983 -0.8007219395149379
0.783169753940775 0.6234148991741743
0.906647353459446 0.4242541413645627
0.9979680358749029 0.0778511359710859
0.020661695117694348 -1.000786737699328
0.2013319905765572 -0.9805439457619842
0.7416777833444466 0.672246283510194
-0.8478228532547788 0.5321629538956332
-0.13472700701959794 -0.9918919465241873
-0.9001998810570976 -0.437768402405641
-0.6211991748999455 -0.7849283948893855
0.03398754772959446 -1.0004228339054084
-0.41361182874707786 0.9115515647073937
-0.9488572354348261 -0.31885881948439015
-0.23929004601389045 0.9719780212940363
0.9596766736924001 -0.284643078206182
-0.3466247810445429 0.9390698915234279
0.2073696983077097 -0.9792848452946514
0.09568350416310635 0.9964164124657264
-0.2808847089069285 0.9607834200808578
-0.9975208195629098 0.08338593729485083
-0.9959482119646766 -0.10043982817768915
0.918194444946709 0.3986476655757626
0.2677915326872945 -0.9645147458805332
0.9880099245894256 0.1607401285080906
0.9999022928722244 -0.04686581599490432
0.7664148094183961 0.6439016539069949
0.9597931202711334 -0.284250182550868
0.082199510177524 0.9976192863645806
0.9178114009372466 -0.3995287628063954
0.984478337121885 0.18111709951776467
-0.6296219310288371 0.7781884244625579
0.980776917312714 0.2001940020744119
0.6607534648214883 -0.7519347436622397
0.9184040550969148 -0.3981645282813916
0.8867173506529613 0.46447103252085936
0.3560332431702554 -0.9355433339817402
0.8720964527932346 0.4913743756296798
-0.020328030686906605 -1.0007935707069626
-1.0009442242271747 0.010566928894414494
0.9096815884552107 0.4177085199341816
-0.005647627896122932 1.0009840679547037
-0.06758054286738208 -0.9987161109272995
0.5238703979653617 -0.8529717499047748
-0.08225125939307584 -0.9976150211019544
-0.6002800854318815 0.8010398361092245
-0.21163924614081928 -0.9783710081011935
-0.8972585320827625 0.44376584659557367
-1.0002199528666647 0.039510073239709016
-0.21149088361047771 -0.9784030898099512
0.8961260527069949 -0.44604831314531423
-0.9963270321717637 0.09660975604878301
-0.38270552893869086 0.9249526896656698
0.8576172419002026 0.5162302455256659
0.9221672070327637 0.3893695446146142
-0.9377978650317689 0.35005165953307
-0.9334432372868192 0.3615034201269788
0.7967085589831793 0.606016890889145
-0.2768964947963232 -0.9619403989694526
0.9393658133347866 0.3458220188736901
-0.777400936920922 0.6305939924186341
-0.9980243267655774 -0.07712615110399387
0.5254620621383213 0.8519921485866775
-0.6009391749446344 -0.8005455065246835
-0.9595528409401832 0.28506024879597575
-0.9243035721151063 0.38427061633080223
0.986825867685039 -0.1678562089041384
-0.4985052505610104 0.8680400423731063
0.8699001547332805 0.49525217899067814
-0.4863563345554461 0.8749048610207804
0.773430489384761 0.6354575344506107
-0.1593075604511029 -0.9882419244208971
0.893294044926461 0.4516932026264307
0.9083912986336138 -0.42050713259912315
-0.7872247030083335 0.6182865573287528
0.9185990044621041 0.39771455719049487
0.027797675643120353 -1.000613956143347
-0.5770954538252371 0.8179008724620873
-0.7885103378553052 -0.6166461279334464
-0.8461821684311431 -0.5347679289459762
0.22795326686417577 0.9746990859367571
-0.8979924907537269 0.4422787430455115
-0.07672211111590849 0.9980554682310588
-0.8857597317060344 -0.4662946468576002
-0.82767695356171 -0.5629847782514257
-0.3570588439184717 -0.9351523843628933
0.582752236692584 -0.8138801082652103
0.3727637624832495 0.929003862951781
0.8678901900905189 0.4987660954241404
-0.3038027315319863 -0.9537845146120291
0.9017346103721774 -0.43459831161307716
0.9038443868602978 0.4301933569235261
0.29280081518435314 -0.9572192448062138
0.9993563907233263 0.057339378444892196
-1.0003025175800764 0.03736138812947281
0.8549429199980355 -0.5206472928434689
0.8540731154226072 0.5220729005726326
-0.9908728521680612 -0.1420281339606054
0.8172573046299391 0.5780064861478693
0.3852451578522162 0.9238978127214184
-0.7682196940481266 -0.6417472256867206
-0.6757786262600662 -0.7384607290100522
0.8481742699373225 -0.531602678526256
-0.80247989115009 0.5983535947077946
-0.49686119093413245 0.8689821384490682
0.3701439724455889 0.930050772625989
-0.15119291851322547 -0.9895158924400624
-0.2720331674363536 -0.9633270243352176
0.6319827316500933 -0.7762723922026895
-0.7148273358945451 -0.700730247568854
-0.5069047513106656 -0.8631619622635559
-0.4210427466868147 0.9081431635278783
-0.8990846741231259 0.4400542566058333
-0.35413706391533534 0.9362627515614543
0.9952997668532249 0.1066741491736221
-0.3953983273948997 0.9195983703189755
0.6502064633945652 0.7610732914509166
0.7649704524557196 -0.6456169195968238
-0.6989162032897028 0.7166011029708975
0.619316813484481 -0.7864144483257085
0.9695110774959333 0.24909691008255058
-0.5968587378244977 0.8035923388650165
0.9377653312085071 0.3501388061660674
0.3210260547690987 0.9481261899976119
0.9480458746921736 0.3212631623438198
-0.49551668245278124 0.8697495141769207
-0.15153649624384843 0.9894633344930664
-0.6140606913979494 -0.7905254374654066
-0.5592242945480297 -0.8302223728539593
0.04852999614294193 -0.9998229040556963
1.0007949112639267 -0.020261924593402557
0.8324897703643798 -0.5558433072716288
-0.45292839474953345 0.892668398247418
-0.9386104923055492 -0.34786684770747367
0.9522959476896556 0.3084370730211603
-0.43363074659332607 0.9022002968348628
-0.9922216499869602 0.13227697190801727
0.908071801144837 0.421196633373976
-0.8916947661040973 0.4548422189095458
0.7442713112473571 0.6693737485546767
0.757714033905392 -0.6541180648956413
-0.6693777889196384 -0.7442676774528477
-0.3278921023876277 -0.9457736352805682
0.9808845148333906 -0.19966614274849906
-0.9442689262604302 -0.33220053416419165
-0.3435072019714114 -0.9402147638671561
-0.9995562292074708 -0.053743321934376996
-0.18332157892613188 -0.9840702204111402
0.6832810718375623 -0.7315244198716213
-0.9960654471521682 -0.09927046383265944
0.3634139071703463 -0.9327010947110457
0.7296434877538283 -0.6852892679580128
0.9854213284599278 -0.17591419901836
0.04913828004869493 -0.9997931933324291
0.6020544551259954 0.7997070920424182
0.5745680706754293 -0.8196783101682726
-0.7987518329925561 -0.6033212322561106
0.7986143965292637 0.6035031446945408
-0.09683889335832258 0.9963047870672586
-1.0008986897633263 0.014241236956695559
1.0000675754720147 0.043195422089916016
0.2601669467449181 -0.9665992757194818
0.9824474956609904 0.1918278349704445
-0.5149752493563002 -0.8583714187637054
0.13906536956768317 -0.991293005617917
-0.7252426973431668 0.6899449470431736
-0.010921799737286419 -1.0009404149551056
-0.9130242068645728 -0.4103508226862936
-0.6474897995064591 -0.7633858523283527
0.6613006989234805 0.7514535152644615
0.6483225885555415 -0.7626787142490881
-0.9917730753834522 0.13559928814138086
-0.13020126935601745 -0.9924961609286365
0.1011292369191628 -0.9958784451127295
0.5992862456315575 0.8017836340290517
0.6407907571053075 0.7690176887487093
-0.5286406781627725 0.8500235487276832
0.7549399606874914 0.6573177738028761
0.9775483375111552 -0.21540716754364644
-0.3532520389379744 0.936597030203579
-0.21190232560554648 0.9783140622535081
-0.3908695291531393 -0.9215324254629369
-0.4148863837926845 -0.9109721667226882
0.4429635062732917 0.8976549070272336
0.9868161961246921 -0.1679130580568209
0.3158529235041961 -0.9498620587821436
-0.08831313178420294 -0.9970966807458874
0.7641855243335817 -0.64654580997715
0.7162942571399963 -0.6992306752340466
-0.9945258244291223 0.1136634705768502
-0.22234191813270104 0.9759944013369499
0.9664282724349764 0.26080144600509214
-0.6227698697627453 -0.7836827733947539
0.8790596378849646 -0.47880596596278424
-0.312971311780693 -0.9508154174193182
-0.9658785938618837 0.2628298725780429
0.4176354744248613 0.9097151260157881
-0.9516167424835185 0.31052628781643743
0.6250661460142987 -0.7818524880735698
-0.2738033417883742 -0.962825389167485
0.9931626901359788 0.1250154827286031
0.5020677874761246 0.8659843744426508
0.9688612735098436 -0.251612465297099
-0.637193207903226 0.7720011760366665
0.7906949671441774 0.6138423811801106
1.0009911104278242 -0.004218630639404254
0.4104129930794756 -0.9129962623754526
0.9826495921027862 0.19078988217467907
0.9688804851870532 -0.2515384770242922
0.40039448289848395 0.9174340619709166
0.9984248583940729 -0.07175515410599778
-0.9162264910861495 0.4031501172416573
0.42888715514322406 -0.9044649292002163
-0.9523773930594731 -0.3081854980190371
-1.0003193334013627 0.036908416702067216
-1.000068152706797 0.04318205578263815
-0.074518408422519 0.9982224235140056
-0.23606941602651688 -0.9727652495936002
0.5759694260442607 0.8186942165804305
0.8134124623374087 -0.5834048046718451
0.5897875110392241 -0.8087964464697883
0.899740145866754 -0.43871251397204564
0.3158825158937426 0.9498522180595461
0.9466667448581143 -0.3253045867794395
-0.21097607517099265 -0.9785142286678532
0.9143130654668744 0.40747100303772177
-0.14030808517827242 -0.9911178745404639
-0.7811062345915567 -0.6259984427154751
-0.6588303697156119 0.7536202916193208
-0.9193471348641694 0.395982127901049
-0.2138872708451613 0.9778820150562176
-0.90638280852234 0.4248190254863302
-0.48829026424425875 0.8738269953739538
0.26771557897130305 0.9645358307372827
0.9658007875103137 0.2631156377801552
0.7371312445304252 -0.6772285643245023
0.95082628060514 -0.3129383071958364
-0.9228084165979579 -0.3878474265171419
0.8886510690048278 -0.46076054253438076
0.9694557088756856 0.24931231122498126
0.891020323608587 -0.4561620138902944
-0.023605467225695294 -1.000721630583179
0.1276429229112276 0.9928284263812547
-0.7788731786041385 -0.6287746588811335
0.7232059854870928 0.6920795492973643
0.23481309785740576 -0.973069272495339
0.9283582375184889 0.3743687791891372
-0.8784218076565166 0.47997513251569385
0.7568227425771336 0.6551490947242664
0.49370272268234877 0.8707804669467706
0.5853540036039608 0.8120108930702927
0.8091575321653969 0.589292022803639
-0.9905353247341347 0.14436332793975815
-0.6098791919049108 -0.7937558637776562
-0.7577619254138379 -0.6540625844620016
-0.058757651870403896 -0.9992740056394324
0.8817026722150281 -0.4739212991720026
1.000956199458354 0.009364121202110009
-0.3389543734296034 0.9418656659699115
-0.9034178966629498 0.4310882786496194
-0.15467305341241297 -0.9889778797061544
0.5814021931711362 0.8148450710262612
-0.9828285753958867 -0.18986571935263005
-0.9703614653049212 -0.2457633549805303
0.8729942284702537 0.48977757917000087
0.14247913095565856 -0.990808103137091
-0.820174515008456 0.5738595341463311
0.9981442306880806 -0.07555855176020596
0.0024982347439459996 1.0009968825241984
1.0009097672842813 0.013440154572255551
-0.646704371780817 0.7640513435100934
0.5082927698545188 0.8623453253271691
-0.7077687813222263 0.7078589917389272
0.28378589813249827 0.9599304995785535
0.8599925927380895 -0.5122633506660598
0.8537753651860892 -0.5225596863530138
-0.5904702544872699 0.8082981371781941
0.8580905840622202 0.515443061398403
0.1412417456109575 0.990985251805883
-0.517805469615219 -0.8566670856502908
-0.6847026832079285 -0.7301939712212523
0.8700257146781126 0.4950315705072146
0.9063250989061596 0.424942131463497
-0.8984695918567271 0.44130872698011087
1.0009839067564184 -0.005676126730249913
-0.03310043808988821 -1.000452578085667
0.3428210971059984 -0.9404651484127626
-0.7109524065652046 0.7046613907396545
0.9975582278160738 0.08293721792087105
0.9566534648735603 0.2946441042094882
-0.7540829014885483 -0.6583008261293711
0.9233489322428069 0.38655885622511404
-0.9812331764026995 -0.19794558223579767
0.012177373173868135 -1.0009259271207758
0.20097311522030986 -0.9806175640679928
-0.7492588363365619 -0.6637862578960047
0.8381326292473913 0.547297629988341
-0.9537109003976059 0.30403374559872137
-0.4095352119815294 0.9133903383259776
-0.46488789665112057 -0.8864988683282664
0.9830909870297099 -0.1885022843918629
0.2665592833889151 0.9648560247203662
-0.8914640723399533 -0.45529419909226443
-0.09215638994812858 0.9967488147932398
-0.9812988206284488 -0.1976198993857034
0.8955213244365527 0.44726117367753077
-0.5109246375136569 -0.8607886005178846
-0.7739567750271706 0.6348164383422514
-0.840002014817188 0.5444241132637906
-0.8110498238499061 0.586684909668756
0.5680078983332276 -0.8242378463957293
0.08848869698815877 -0.9970811153087485
0.9957408073600132 0.10247558030101117
-0.722035710383111 0.6933003915558942
1.0008942367134575 0.014550838937516736
-0.7695350649539614 -0.6401693399455353
-0.6724722830389207 -0.7414728778211794
0.7620605564045089 -0.6490490800952194
0.6233535650732506 -0.7832185728840122
0.991991018308445 0.13399559543273887
-0.9963272959582481 0.09660703560572322
-0.35561662630772506 -0.9357017767929652
-0.23493517382321094 -0.973039806020626
0.999368108188821 -0.05713479093421916
-0.20467405659293716 0.9798517900977632
0.8483290170300865 0.5313556990046943
0.10718131162955404 -0.9952452795353356
0.18885512079970848 0.9830232669411887
-0.5888358363619477 0.809489566218074
-0.7532100426394599 -0.6592993490570599
0.655348025954426 0.7566504905685564
-0.9970331381749375 0.0890276439148864
0.4751911438896039 -0.8810189423439713
-0.6507841978413671 0.7605793369793636
0.8837164775727037 0.4701554926473722
0.6346953705878627 -0.7740560616352898
-0.177171142882076 0.9851961155677884
0.993362882808507 0.12341467926617275
-0.8272545432987161 0.5636052879379616
0.5828141018518563 0.8138358081840672
0.9424900467657117 -0.3372143409577455
-1.0008404514957043 -0.017871503850392524
-0.909832356911441 0.41738002146362024
-0.8412412051272264 -0.5425073592091555
-0.8916460378057739 -0.454937735591657
0.7461520802865778 0.6672766091239918
-0.9653267311256051 -0.26484958405546666
0.9613048356244588 -0.27909498921519954
0.12613535291463435 -0.9930210837364435
0.7019012439032017 0.7136775489022602
-0.3732924886192499 -0.9287915363204206
0.9187901158191765 -0.39727285720646
-0.8295018329480875 -0.5602925210421456
-0.9663184794829235 0.26120795587005163
-0.9210766007023705 0.3919424647044078
0.7573389536768773 0.6545522967980579
0.37236892894913154 -0.929162192920739
0.2633479239513003 -0.9657374751714568
-0.844285258887427 0.5377577536636645
1.000702724957763 -0.024393775068817226
-0.8499011697770356 -0.5288374056471673
-0.24384496100676195 0.9708453198072342
0.04743020970144104 -0.999875679876092
0.9630117034184134 0.27314732120078716
0.7697032471025209 0.6399671174363848
-0.7182959572362964 0.6971742377756027
-0.5300239283252989 0.8491617251163752
-0.7058460207475973 0.7097762992625087
-0.46698070952483833 0.8853982250556405
0.38640414673261686 0.9234136859435419
0.3668166220749448 -0.931368115070259
0.9238407703357688 -0.38538192882569533
0.7422096490344653 -0.6716590183122206
0.6218430031219524 0.7844184339166639
0.08887703662329924 0.9970465748203846
-0.2386966131117978 -0.9721239256848669
0.9994024020836875 0.056531749569206
0.13168732244770556 -0.9923000801705874
0.9542918784252575 0.3022052461020381
0.9993738500646306 -0.05703426870748051
-0.8774803667162089 0.48169410005478347
-0.32403178487760764 0.9471031635408214
0.9993938405999676 0.05668290192682928
0.8379335060507591 0.5476024465225502
0.6063360551770189 -0.7964656855084034
-0.5952710539331477 0.8047691422695825
-0.7526719114318906 -0.659913625970448
0.040668731717293106 1.000173512077033
0.15136064461959126 -0.9894902502098452
0.9900013125226883 -0.14798108393762455
0.9967884127159845 -0.09172709673345239
0.46906018587539466 -0.8842983331582958
-0.20837335706169052 0.9790717767696305
-0.41309151588465576 0.9117874749655849
0.8876268650912593 -0.46273053537481545
-0.2726579273244448 0.9631503800898059
-0.507717425759262 -0.8626841922629557
-0.9214832055552725 -0.3909855520087405
0.6404707734414788 0.7692842051981009
0.39988838695195517 0.9176547705869368
0.9610267714782403 0.2800509676864373
0.3217997614217039 0.9478638686799568
-0.7761317694360608 -0.6321554211363289
0.9746844200637822 0.22801596717100472
-0.9628844207547402 -0.2735956729698194
0.0073972265600459235 -1.0009726674785977
0.2620020163399407 -0.966103484847149
0.997802844559814 0.07994049904987818
0.3290039673921489 -0.9453874282220098
-0.8417728180144386 0.541682123437751
0.301740253165663 0.9544390078048579
-0.6329851511870795 0.775455220097634
-0.1904626657555651 0.9827130674582911
-0.15197332963629856 0.9893963346805248
0.8830444464364934 -0.47141648848726864
0.9295233391979741 -0.3714665017013618
-0.985763904778214 0.17398426376085926
-0.2262019209806653 -0.975107015124318
0.9989456027117181 0.06409900797143732
-0.7077449601436636 0.7078828090801782
-0.6822691907775784 0.7324682595960785
-0.7598763981630953 -0.6516048338638082
0.6085060447076076 -0.794809029612965
0.7248809831577664 0.6903249671395567
0.9158918837997051 0.40390971415630444
-0.7619903693452521 0.6491314789971953
-0.9492421524260578 0.317711088974787
0.9871378090629682 0.16601188487082155
0.8476728669104964 -0.5324018319875881
0.6087909182073956 0.7945908493735603
0.8054669518730596 -0.5943265007050604
-0.6569535305653174 0.7552569487782053
-0.4399051286910317 0.8991576489978421
0.5466046987117149 -0.8385847025472594
-0.6166867504751243 0.7884785677419721
0.5764554005208677 0.8183521071093579
-0.7037384621961824 -0.711865982349032
0.36117116772570257 0.9335718438361625
-0.04408721096811388 1.0000286585038716
-0.7997056091239446 -0.6020564248770216
0.8236212903456617 0.5689015469212114
0.8051467387164056 0.5947602282721467
0.34704253155529596 0.9389155879479749
-0.9994581491771375 -0.05553744721726655
0.6901963180350277 -0.7250034776267565
-0.9340288637287013 -0.35998761328922296
-0.9934582846823383 -0.12264435003711352
0.3873443555479393 -0.9230196911361922
0.6278198732615177 -0.7796429995439528
0.1618846126418175 -0.9878230470027558
0.992943246632114 0.1267466329638656
-0.931839872466563 0.36561653693658275
0.28422783694356357 -0.9597997378132498
0.9957344109255721 0.10253771451862921
0.6666522904409501 0.7467099327381651
0.9716428402922719 -0.24064744110163885
-0.7032302682874356 -0.7123680156803655
0.8455282526344378 0.5358012448631997
0.4692566716371511 0.8841940828370335
-0.9203901535169383 -0.3935517314268442
0.9951486324477947 -0.10807497091040028
-1.0009948680036083 -0.003205344043752271
-0.021561289727788393 -1.0007677606644183
0.10518202711122442 -0.9954585582397559
0.5048892861029214 -0.8643424140804861
0.32283156370389415 0.9475129452817511
0.6368980791456615 -0.7722446741678226
0.9371645960636972 0.3517435427762211
-0.021545645983185285 -1.0007680975826354
-0.9991796951164864 -0.060340176225506185
-0.09249451487617763 0.996717494939173
-0.9761054085856841 -0.22185407665800272
-0.5414926613169769 0.841894707038747
0.09674848594668803 0.996313570351736
-0.7781626074786656 -0.6296538384874694
0.9767317012359712 -0.21908031358541877
-0.6463470173478993 0.7643536702112932
-1.0007078269234784 0.02418357157430893
-0.23734458157430682 0.9724549087733154
-0.947982884441798 0.3214489863188383
-0.17633481135202944 -0.985346149485268
-0.9915034209703779 0.1375571379610577
0.9348785139272344 -0.35777529847266676
0.9956387852545334 -0.10346211527354837
-0.5387128479121944 0.8436761626917836
1.0009987724778788 -0.0015676408324783477
0.9999889090877851 -0.044979792145154116
-0.8552204113858327 -0.5201913570495448
0.7570040622338515 -0.6549395771836108
0.10296925099031459 -0.9956898780998498
-0.6244698344498494 -0.7823288476479554
-0.7575873886449851 0.6542647388986146
-0.9679440820780023 0.25511811768311066
0.46009233857287607 0.8889972103367603
-1.0009245169141276 0.012292739329380036
-0.2380106423294608 -0.9722921032991667
0.5689310864172855 0.8236008856892075
0.6598916908737966 -0.7526911427110867
0.7530376954022533 -0.6594961935472131
-0.6863053931878879 0.7286877982244649
0.9982927921026038 0.07356970324792317
-1.0001833322203921 -0.04042650057218358
0.9640628307263733 0.2694139165148155
-0.4333548345205904 -0.9023328584273276
0.3713532356403856 0.9295685958440163
-0.915185959072093 -0.4055066711131808
-0.7964076493880304 0.6064122821944095
-0.7899769803028578 -0.6147661104774548
0.8579870691357008 -0.5156153500390871
-0.8900448661411954 -0.4580623715780435
0.9932802724444953 0.12407779967661024
-0.7791521951653476 -0.6284288796427326
0.18402784961137134 -0.9839383875870554
0.18218100707967705 -0.9842820127684111
0.6822869992184326 -0.7324516712367489
-0.011389363517003299 -1.0009352038961752
0.2463294617993083 0.9702179117340924
1.000747374001274 0.022487628366602817
-0.7896150800464143 0.6152308715947978
-0.23571444278760512 0.9728513254661931
0.92308723414178 0.3871833650410084
0.4181843499320803 0.9094629456288383
-0.18783864147367385 0.983218004701564
-0.5041203406095232 -0.864791120550933
-0.8027658259047299 -0.5979699229555755
0.9829681229454965 0.18914192891320322
-0.8277390838673716 -0.5628934260038968
0.997840429193659 -0.0794699809148993
0.9790116288056658 -0.20865577074041594
0.9869579545939263 -0.16707781379876044
-0.435974996115589 0.9010698101490318
-0.7872052733679066 0.6183112950462408
-0.9978066854664446 -0.07989254307172589
-0.4343127714298923 -0.9018721730782507
0.008814690178668436 -1.000961188676691
-0.7940733225107118 0.6094657976267405
-0.9437575319899206 0.3336505969008505
0.19044382367085547 0.9827167191137149
0.07557579833978298 -0.9981429249888537
-0.996146207758587 0.09845675582805935
0.9990592586684809 -0.06230246920295805
0.584769337120138 -0.8124320416896875
-0.243924118644019 -0.9708254345368885
0.554501156747203 -0.8333843454049361
-0.9188580283967297 0.3971157559841646
-0.058015817331836236 -0.9993173494637823
0.9943886359482533 -0.11485747993479614
0.9519967344412179 0.30935936645470624
0.08155087321754534 -0.9976725189547199
0.9498610012196902 0.31585610388581636
-0.4434400056491293 0.8974196127731443
0.9904510205464698 0.14494059437733908
-0.4753826462873911 0.8809156257036183
0.5645201598244725 0.8266305034002508
0.33988884656570145 0.9415288481933185
0.09446922525188073 -0.9965322701650506
0.8895468971697438 0.45902866766214195
0.48040770183743425 -0.8781853107489755
0.36842690922624877 0.9307322990838953
-0.006722923881692449 1.0009774234689217
-0.6635834274933512 -0.7494384796340366
-0.10284756992597878 -0.9957024542303392
0.7800413782091574 0.627324834739992
-0.6941752223725006 0.721194675967654
-0.9544406680289996 -0.30173500163613276
-0.43117551509212265 0.9033762644574201
-0.006432700924896661 1.0009793306351589
-0.24107807625661246 0.9715360832971728
1.0003037352019277 0.03732877363471609
-0.4665665199783673 0.8856165549690656
-0.19102023004268354 0.9826048400625962
-0.8970575677635446 -0.4441719488195462
-0.883837557466754 -0.46992783702522084
-0.9999056826715568 0.046793437158730244
0.7652785599123947 0.645251676277103
-0.5323671565075508 -0.8476946447112101
-0.41007198079144097 0.9131494787655436
-0.9242379272293434 -0.38442847692491133
0.9782666534132216 0.21212108527842244
0.26324115005445253 0.965766585111542
0.18390060151703572 0.9839621785219554
0.7928865450928406 0.6110089415145565
0.929927477027148 0.3704536239125258
0.7175747067616559 -0.6979165710999585
-0.6618656492144978 -0.7509559656796604
0.9214904537160924 0.3909684689461672
0.21626208749733875 -0.9773595599938097
-0.24643620512107306 -0.9701908043295011
-0.6402655550931782 -0.7694550142543906
-0.132380650175808 -0.9922078227161033
-0.10811678401775156 0.9951440905786754
-0.42084561717895214 0.9082345327619221
0.5729060667489706 0.8208408120227844
-0.6003583803928808 -0.8009811577634253
0.9600748184813067 -0.283297269521056
0.04235707116544748 -1.0001034339118555
0.7374835679255773 -0.6768448766443906
-0.8977816674782859 -0.44270653659044656
0.13390744191269874 -0.9920029218708971
-0.45361939785806543 0.8923174557784277
0.6046130799359081 0.7977744189746969
-0.6426330070107181 0.7674788715660923
0.3854656594153084 0.9238058375067358
-0.1349307947074052 -0.991864245065638
-1.000838183687402 -0.01799805748691303
0.8557789520679229 -0.5192719761334398
0.4058514392547801 0.9150331192119898
0.6949340211593515 0.7204635356735924
-0.8539828854824475 -0.5222204815047692
-0.9995890383318812 -0.0531296004760514
-0.42040177534230055 -0.9084400625737736
-0.9217444237099343 0.39036933455337025
0.9539805984366116 -0.3031864406706282
-0.29753680248903847 -0.955757736649094
0.9293362357206061 -0.3719343503585734
-0.47220627779801744 -0.8826223604736861
0.9006346980784544 0.43687314018732176
-0.9662978661379354 -0.26128420139241587
0.9626403577843673 -0.2744531682542312
0.49573216995366576 0.8696267105333356
-0.9997491379840987 -0.05002660392282662
