1000
-1.000983196483022 0.0058000309164466125
0.8295819264888132 -0.5601739258865136
-0.8493522494787088 -0.5297185633007938
-0.9396330484513982 0.3450952538907663
-0.6417216585139606 -0.7682410513595923
-0.9320790339594327 -0.3650064033044499
0.14610727419881547 -0.9902795890182692
0.9940532781623306 0.11772459460420431
-0.8890860756806956 0.45992059100533916
0.7115922149436408 -0.7040152836633615
0.6028521833521492 -0.7991059035118854
0.9755601321258789 0.22423966778100976
0.2429233471301257 -0.9710763344964681
-0.2310744125642236 0.9739638678401262
0.7396127766911157 0.674517561339405
-0.24486352981479098 0.9705889200720565
-0.1737780941854712 -0.985800270836474
-0.3444089351459811 -0.9398848255991855
-0.5592515673594003 -0.8302040016803425
0.026968283076567436 -1.0006366531903088
0.23325678245211098 0.9734435132251323
0.954557551801149 0.30136502832843226
-0.9002354620543402 0.4376952282808308
-0.35513985187390024 -0.9358828375448415
-0.9174175624843635 0.4004322864670744
-0.9941778680150439 0.11666776225274028
0.9708339645844429 -0.2438901662823914
0.7302018149967116 0.6846943182001062
-0.5167328889527824 0.8573144822493737
-0.6233636545411166 0.7832105427004563
-0.986172549273192 -0.17165285625358492
-0.6212458334000336 -0.7848914666902028
0.8379886250826929 0.5475180948900391
0.9423650730746194 -0.33756342966776964
-0.43279209672841495 -0.9026029032799653
0.7345014519970766 0.6800798607620917
-0.890501140441035 -0.45717471372902496
-0.9554265243090786 0.29859865479716025
-0.659232866935492 0.7532682305474007
-0.051981378514047744 -0.9996494066860537
-0.44042471734532196 0.8989032586164617
-0.23725510323088045 0.9724767431619659
0.887060199655524 0.46381591411582873
-0.563443572165699 0.8273646964822446
0.9656255866299668 0.26375789361748503
-0.1612440759311987 -0.9879278050430071
-0.5636249577809141 0.8272411419691739
0.12245017508859626 -0.9934822366911108
0.9408645377632266 -0.34172345775435115
0.9909667071262149 -0.14137179834544986
0.5626373029264863 -0.8279131991674064
0.04711330119995131 -0.9998906624476712
0.2897630971732434 -0.9581431769399443
0.4617393777772574 0.8881428640764227
-0.34850271852200765 0.9383745814879954
-0.856798062593383 -0.517588716971521
-0.9641961604255709 0.2689363571936434
0.5658516587829774 -0.8257196256917677
-0.2382262048557109 0.9722393096969721
-0.647876115559766 0.7630580180347944
0.4818269275052952 -0.8774074378137029
1.0003441577920766 -0.03622935234393214
0.9863888395009848 0.17040556712707614
-0.9343253557059827 0.3592173849981217
0.37395229403905716 0.9285260802922697
-0.47373907110745267 -0.8818005967939962
1.0004750473192656 -0.03241418966306494
0.23676000377037845 0.9725973990375721
-0.14976465772029585 -0.9897330687099036
0.9753664796522544 0.225080497535367
0.11530013713102936 -0.9943374067073841
-0.741858347971138 -0.6720470158742867
-0.599527312241203 -0.8016033943770692
-0.4717912140476791 0.8828442956418856
-0.9653078694452896 -0.26491832172765206
0.3805510726333391 -0.9258411748877963
0.8284669473418934 -0.5618216061722835
0.3384740131946762 0.9420383975146078
-0.25793145096117237 0.9671982044054178
0.2578948767367967 0.9672079572423463
0.4823970414189194 0.87709411948221
-0.31260257576337047 -0.950936711682805
-0.27394183498969715 -0.9627859944154139
-0.2965601708960215 0.9560612245238913
-0.28201276999724284 -0.9604529127232018
0.8063483069680513 -0.5931301778275637
0.6394442516966421 0.7701376818284646
0.627086815818026 -0.7802327379873323
0.2905670885858169 0.9578996643859743
0.017040463929933147 -1.0008549458283416
-0.7055644838685944 0.7100561661609904
-0.3620118337824012 0.9332461798483309
0.6405503483084611 0.7692179478417733
0.6986638721476955 -0.7168471202115473
0.9705989457125368 0.2448237867971818
-0.11316020338537032 0.994583213396336
-0.7548691877083228 -0.6573990488649774
-0.9186242366612386 -0.397656273455552
-0.9252829233057183 0.3819064176455066
0.1888093484441064 -0.9830320594670918
-0.33336570924428643 -0.9438582011616226
-0.9602250782700341 0.28278755110737586
-0.9571882045014597 0.292902272376422
0.8232728311124446 -0.5694056950471257
0.9748424831607041 -0.22733924655692953
0.8973759413109832 0.4435283755930694
-0.23915765946808734 -0.9720106038093136
-0.5742011194327825 0.8199354087012826
-0.7378425407886772 -0.6764535349915094
0.7172140050359702 0.6982872410264012
-0.9127134115616825 -0.41104163822590384
0.3144336394984819 -0.9503328292507519
0.9569790658662805 0.29358485569542114
0.8892533811342631 -0.45959702364275706
-0.40153391815970063 -0.9169359370028632
-0.975399271322756 -0.22493835044971006
0.6521891674516112 0.759374933651865
-0.2805948072021658 0.9608681252758775
0.06546885766121574 0.9988567608403798
1.0004063882312664 0.034468222844714416
0.4658918573444133 0.8859716571426949
0.4555143468590084 0.8913516027952219
-0.5726663037707034 0.8210081025943656
0.18941572672298176 0.9829153994469741
-0.604306431398696 0.7980067273965634
0.7644939057886384 0.6461811417954197
-0.7275876855811872 -0.6874715701689863
-0.9220991948936172 0.3895305825946699
0.9788815766458216 0.20926504462855358
-0.9542821884340081 0.30223584307226087
-0.8176674394185912 0.5774261498361886
-0.14493565583402745 -0.9904517432303102
-0.9916985942320146 -0.1361429329721014
-0.4233259212844793 -0.9070811233669493
-0.12407911156614902 0.9932801085660354
-0.7781029109273178 -0.6297276077848537
0.17132499663155368 -0.9862295602592726
0.0195990156669677 -1.000808112769319
-0.3368134255498141 0.9426333944696633
-0.9849879234770931 -0.17832495788387065
-0.998164237331931 0.07529379331368885
0.777118938489942 -0.6309414833724803
-0.5421585867974096 0.8414660223454277
-0.9747229247622077 0.22785131104079176
0.6045836856834582 -0.7977966952835824
1.0009972624449173 -0.0023410633868939184
0.6537825938290132 -0.7580035092308001
0.6258248250744757 0.7812453445112502
0.9944980629646615 -0.113906113793494
0.9773010691294192 -0.2165262577113786
0.24427922898970963 -0.9707361424631273
-0.8958948562227267 0.4465124932111752
0.9412796975494868 -0.3405782303394428
0.9115371608481659 0.41364357168081894
0.8292423581919791 -0.5606764765711196
-0.6521716693764148 0.7593899615235774
-0.5600983364307052 -0.8296329631394576
0.7518857528281032 0.6608092120227415
-0.11760465362772364 0.994067475297881
0.6465265068071294 -0.7642018555301805
0.9240141925820166 0.384965936034611
0.5787298031164003 -0.8167452570935766
0.9989222780988269 -0.06446147933339601
0.2249723231977961 0.9753914361911256
-0.5074805303417144 0.8628235690592211
0.21030894433467998 -0.9786578298531272
0.14355791129497622 0.99065237399636
-0.1077501883671303 0.9951838508068989
-0.5049148275734856 0.8643274940070097
0.2559156790763317 0.967733519726841
-0.8441084415835948 0.5380352579964579
-0.9650558085663885 0.26583507359314723
-0.3032471869314755 -0.9539612904191378
-0.9373852336854905 0.3511551276407598
0.06879369791552695 -0.9986332796012294
0.059207698245928246 0.9992474410617318
0.9998043385551156 -0.048910986560973556
0.9885896522265647 0.1571352904683091
-0.16222644561479468 0.9877669666187415
-0.988008098318938 0.1607513535127957
0.9001020244722925 0.4379695714782942
-0.9529816286547861 -0.30631195772687575
-0.9516866018793255 -0.31031211997500546
0.9230324087823294 -0.3873140487220815
0.6149469497964112 0.7898362165259898
-0.9118771373097123 0.4128935534152164
-0.4788960139018434 -0.8790105846171168
-0.513011868446655 -0.8595462889413646
-0.9097415490124873 0.41757791368840386
0.6618363298607686 0.7509818056893443
-0.8283636343741017 0.5619739222121695
0.8346769201751884 0.5525535620434116
-0.9634154423406276 -0.27171986578020524
-0.3799405826737569 -0.9260918710568223
-0.1110926554194627 0.9948162754558515
0.3916155677770797 -0.9212156354918405
0.18109904328881177 -0.9844816588031883
-0.9954477250584157 -0.10528450349422178
-0.29371047548682544 0.9569405188355767
-0.681039131098364 0.7336120922618338
0.9491714235079671 0.3179223313890663
-0.30542273686707133 -0.9532669887311884
-0.9876565496812852 0.16289732923427197
-0.22491912849340043 -0.9754037039286703
0.8230470136363027 0.5697320539906138
1.0008771618445609 0.015681418876389575
0.3680068838565024 0.9308984549531849
0.9034689748133613 0.4309812194860628
-1.0004142316950115 -0.03423981632660781
0.019391618141246608 1.0008121527768654
-0.7652987661876806 0.6452277105577643
0.9749641773878982 -0.22681678247065157
0.04530354947359372 0.9999742938721443
-0.8484175282578917 0.5312143613879143
-0.3651669481565573 -0.932016147914845
-0.9269543526416598 0.3778314811111976
-0.8845338225270268 -0.4686159587612508
0.8524564855464823 -0.5247084335607157
0.9642129596054902 -0.26887612115772075
0.7020119496038473 -0.7135686530484683
-0.5774507376973735 -0.8176500752355857
-0.16366038532234212 -0.9875303935961376
0.09404639841220214 -0.9965722627816276
-0.28646095427501495 -0.9591356117233099
-0.746360564203229 -0.6670434080344679
0.958917644929821 0.2871897460604151
0.9505424987763434 -0.313799232025869
-0.8214248120895915 0.5720684208060949
0.6984939190175945 -0.7170127231056936
0.268657852872214 -0.9642737983011318
-0.6927972561400653 0.7225184854969433
0.9256734769910969 0.3809588087906791
-0.5133447498127854 0.8593475244856698
0.9865925312997805 -0.16922227153507763
0.1096774833540445 0.9949732909204765
0.9449779505243415 0.33017824432087456
0.934300160307024 0.35928291143647395
-0.6694458969853487 0.7442064169365121
0.13283834043713474 0.9921466501026488
-0.30561973339006315 -0.9532038494270711
-0.14425276923009397 -0.9905514315619605
-0.5660990553653156 0.8255500345312192
0.050986017296160556 -0.9997006682203807
0.12264750049353915 0.9934578957473171
0.7636433663283064 -0.6471860698924013
-0.4525301782297515 -0.8928703364942467
0.5734695212194063 0.8204472610914031
-0.17024787546844286 0.9864160688565863
-0.6629597855108982 -0.7499902151330669
0.9437363918913652 0.33371038734188
-0.9748649589929304 -0.22724284747316517
-0.2978676375730439 0.9556546816118539
0.9141965434506402 0.4077323631291756
-0.8987329536980904 -0.44077213834032913
-0.9758737353037626 0.2228709329281899
-0.3928406609213722 0.9206938769899904
0.8186174145400357 0.5760785785045192
0.9342929730925704 -0.3593016009285867
0.6032350193920705 -0.7988169448497249
0.9091673120267088 0.418826692967544
0.9700980352715722 0.2468011384946098
0.8280491181743501 -0.5624372479580999
0.8006692452989288 0.6007743000765294
0.6944973799230048 0.7208844493260217
0.7909370251611664 -0.6135304574584742
0.573323058429043 -0.8205496149981232
0.9792956078150068 -0.2073188667590006
-0.956298433477162 0.2957943646000138
-0.9894222090755309 0.15180478315289112
-0.2111790441822047 0.9784704447750532
-0.5780998691496745 -0.8171912513537631
-0.001592190271956648 -1.0009987337305366
0.8772653698599581 0.4820855430776481
-0.9857556395241708 0.17403108672387585
0.590341399774386 0.8083922511457037
-0.24837872162915384 0.9696953184592918
0.9938441326397155 0.11947736194615105
-0.9566969804817818 0.2945027801855891
-0.6574867560012869 -0.7547927965229293
0.8843326100700232 0.46899555943179294
-0.685047433842363 -0.7298705456353155
0.9239170005452424 0.38519913824343205
-0.7657133548483959 0.6447356498649772
0.9323441706987471 -0.36432862550733724
-0.041699803739281914 1.000131054596399
0.689825766013892 -0.7253560591484344
0.43637741093423255 0.9008749942285755
-0.413966702236533 0.9113904593748003
-0.1680452042010541 -0.9867937015126444
-0.9952346844009391 0.10727964842113917
-0.5804552912587478 -0.815519867844875
-0.112309158257566 -0.9946796735489658
0.8304508400772748 0.5588849633108309
0.7667958691131166 -0.6434478184834107
-0.9529905728039817 -0.30628412976636393
0.4456976723693078 -0.8963004991879572
-0.8031300834233343 0.5974806014427817
-0.9993060214883482 -0.05821061258163281
0.7828116265197301 -0.6238645344828753
0.7707023214440566 0.6387635961141979
0.5567097940295535 -0.8319105752612911
0.09823810578266558 -0.9961677943861836
-0.4708276035765973 -0.8833585725572138
-0.47595731294464094 0.8806052669922643
-0.42816456671224024 -0.9048072191423538
-0.9973324389158654 -0.0856096156172397
-0.15580099814797924 0.9888008136000361
-0.9699714962412677 0.2472979912564524
0.14841061317846246 0.989937013095274
-0.9982312201115134 0.07440047845732714
-0.23972297910386045 -0.971871335769077
-0.9746329449944707 0.22823589229436525
-0.6965167355903997 -0.7189335414643645
0.08226162897388078 -0.9976141660975768
0.9277035343767438 -0.37598823426391653
0.8686744387118561 -0.4973989540888095
-0.6449849703865598 0.7655033559530935
-0.5560283165412337 0.8323662121952822
-0.5244425025326648 0.8526201156067548
-0.6036248308135277 -0.7985224252488717
0.8861870475952512 0.4654820261561255
0.8130685009521931 -0.5838840747608669
0.5724475708162775 0.8211606290285373
-0.9326947354692149 0.3634302277301812
0.9423877610961662 -0.3375000855350341
-0.2526097683357942 0.9686017266871542
0.9995330250149872 -0.05417316590701503
0.24486326528891514 0.9705889868075211
0.48530202465842154 0.8754901169416117
0.6327427480541198 0.7756530247378146
-0.09465249283592551 -0.9965148797684584
0.7649198312122387 0.6456768942886528
0.14710932599179555 -0.9901312267604934
0.9977732349474692 0.08030922501470453
0.8913561475318987 0.4555054535975304
-0.25084171396557103 -0.9690611098041313
0.9766354189316397 -0.21950913076275538
-0.34516492891324063 -0.939607456254109
0.9681732891406005 0.25424689220258156
-0.41503049604087705 -0.9109065195485558
-0.9601753707957642 0.28295628163590325
0.6324014124587035 -0.7759313458807015
-0.41955920589505946 -0.9088295069751571
-0.8551108242641541 -0.5203714809886096
0.9479702232018906 -0.321486323072316
0.45916366946496795 0.8894772198563973
0.7820706142384896 -0.6247932092657792
-0.7739191332500767 -0.6348623277447246
0.8051654679544576 0.5947348730431731
0.1577764904360984 -0.9884875209458478
-0.3591897980627013 0.9343359615083194
0.0953916919568262 -0.9964443913764651
-0.9989593401634035 0.06388455760430364
0.2785863283041733 -0.9614523689096612
-0.5485693515878121 0.8373008219860574
0.7296590797221144 0.685272666446778
-0.988267682029966 0.15914769447000496
0.7577510516247615 0.6540751820406948
0.5345748717370168 -0.8463041453918042
-0.4671012911657278 0.8853346168490814
-0.8572522454109417 0.5168361323842391
-0.5815649979443591 -0.8147288832280206
-0.6262472084690355 0.7809068023040524
0.9174825225508104 -0.40028342560466024
0.9914588682522503 0.13787789004756013
0.25978286080187896 0.9667025733045256
0.3529700297933024 0.9367033458185762
0.9759879620390054 -0.22237018225236269
-0.5529547487861265 -0.8344111970694497
-0.029811862939575707 1.0005559718616805
0.6041061914229237 0.7981583235702613
0.7713860088853518 -0.6379377910861905
0.6680756596676587 0.7454367263286822
-0.9991898010691513 -0.0601725970803127
0.32288294314709415 0.9474954379967591
-0.48027889695383363 -0.8782557606647444
-0.4531001379369301 -0.8925812372000292
0.6237535245247307 0.782900083435285
0.80541976895535 -0.5943904405152483
-0.4058658070795717 0.9150267464088948
0.37332804183415186 0.9287772462653668
0.4549551332484983 0.8916371609185214
0.7145577515566516 -0.7010051495462088
-0.2888873020209279 -0.9584075994748107
-0.7247254516898342 -0.6904882473098045
0.6125248597194203 0.7917160451991008
0.07338069693000525 0.998306703031722
0.7754406652958806 0.6330029815138962
-0.8784404176388689 0.47994107206869646
-0.17524257845489236 0.9855409878318003
-0.9159380923611862 0.4038049169608405
-0.9623930659715967 -0.275319063215372
-0.8114551492925464 -0.586124168318123
0.577674957369784 0.8174916780174696
0.8293808317304348 0.5604716192262836
0.9358855390677272 0.3551327325999529
0.9141483749607273 0.4078403468965049
0.685132217102523 0.7297909598564382
-0.6498269923316876 -0.761397320744664
-0.16468887820860154 0.9873593942402089
-0.060534294080090034 0.999167953469398
0.6713757042131173 -0.7424659344322411
0.6412329409517793 0.7686490196691412
-0.4293464968298433 -0.9042469716067294
-0.14596809457603194 0.9903001137866453
0.2989383536127054 0.9553202922262904
-0.9132070818493009 0.40994368596221153
0.6325717239516193 0.7757925070899282
0.6908519821098539 -0.72437872609215
-0.6420224386846074 0.7679897058069656
0.3364606027615432 -0.9427593875371059
0.6724074200845391 0.7415316995349923
-0.9921557815635342 -0.13277012130013485
-0.5924734418441633 0.806830974064166
0.0058770053283016405 1.0009827475078534
0.796140378988669 0.606763130837544
0.7656063718584981 0.64486268567011
-0.11507348517683508 -0.9943636623535962
-0.6561325063980732 -0.7559703261688137
0.1785664729683774 0.9849441683322124
-0.7777225353559833 0.6301973167187094
0.7130644678886225 -0.7025240669434148
0.1272507057816535 -0.9928787730020574
-0.3282747923683107 0.9456408730038811
0.6328624782737549 -0.7755553388335362
0.7639197763409737 -0.6468597802577903
0.9541493592042629 -0.30265491955376267
-0.12717390170081258 0.9928886134537912
0.7719754918897573 -0.6372243246467975
0.8740327277407008 0.4879219105944618
-0.767318709892922 0.6428242352682899
0.6872986244386073 0.7277510569176786
0.14138009230166385 -0.9909655238709231
-0.4880293094048416 -0.8739727645423703
-0.9992304346903241 0.05949401977161964
0.8563278553023607 -0.5183662838507721
-0.3504983823691204 0.9376309956249472
-0.5051337737435324 -0.8641995548619646
0.99641647473119 -0.09568285574891588
0.990164894495026 0.14688254392423222
-0.8154470333088609 0.5805576077081218
-0.0495061572896535 0.999775044892806
0.32377622877374884 0.9471905582727528
0.9769014957753773 0.21832193557183038
0.7317500156603022 0.6830394678063249
0.4706664325939573 0.8834444573538722
-0.7668750854112756 -0.6433534047282634
-0.46893302287604677 -0.8843657727752319
0.32380394597809553 -0.9471810833040399
-0.589098760473706 0.8092982456476371
0.44110882986102823 0.8985677493759914
0.668905098756319 0.7446925331019502
-0.2730360712388416 -0.9630432512626098
0.024311632068062368 1.0007047239551672
-0.25734853323548873 -0.9673534682015372
-0.9925949532433268 0.12944596863509442
0.49104530721184086 0.8722817814589668
0.6628436395488012 -0.7500928672569143
-0.010322241068454972 -1.000946777475868
0.8522017392236798 -0.5251220769155829
-0.957729319519106 0.29112806552009074
0.3463909502380028 0.9391561689054773
0.08543668417740467 0.9973472680048663
0.9315346858523854 0.3663934074924079
-0.9857626672645391 -0.17399127514763915
0.47936318883398965 0.8787559008000508
-0.5239988024220495 0.8528928743167326
0.40789120775689564 -0.9141256820780286
-0.9266490502636486 -0.378579631841807
0.5514070553572546 0.8354347726197667
-0.859462179719895 -0.5131527663679957
0.7036741857482456 0.7119295192022477
0.9959215670224479 0.10070368582902897
0.5556245990263112 -0.8326357576736966
0.3232411079429191 0.9473733087520643
-0.9635279528791154 0.27132062955216113
0.8757238086657739 -0.4848802026644426
-0.6775277213102008 -0.7368562864332548
0.22842460059035424 -0.9745887347210295
-1.0008084389181153 0.01958235405372172
0.4579102865603485 0.890123120395274
-0.7677686006083576 0.6422868330581627
-0.6086395626532946 0.7947067904411075
-0.728236608990397 0.6867841300773974
-0.9408569342781842 0.341744391644774
-0.4213976542113533 0.9079785333504139
-0.9098515851671909 0.4173381039022795
-0.8526380355953009 -0.5244133677321607
0.16880651524106693 0.9866637524568171
0.996103285582174 0.0988900624552235
-0.9444576594401968 0.33166357883365066
-1.0009995753911356 0.000921990654070219
0.47123418092803915 -0.883141747810101
0.8923502458883402 0.45355489046312664
-0.6534885394337493 0.7582570334845203
0.3362115501487123 -0.9428482346308975
0.551887677466749 -0.8351173519095132
-0.9920692487696487 -0.13341516272757348
-0.2533557335232961 -0.9684068733186855
0.9426633066552647 -0.33672969914422834
0.6231599260111323 -0.7833726486250334
-0.5713476963427616 0.8219262800785843
-0.06389280203439578 -0.9989588128887965
-0.5568351080905035 -0.8318267021428426
-0.3083561765299956 -0.952322145282678
0.5245671754616459 0.852543417327347
0.8674390640559725 0.4995502678907283
-0.399770497121976 0.9177061346808401
-0.5322176676923401 0.8477885079405865
0.5905406339051684 -0.8082467195769384
-0.17641370752640625 -0.9853320271851451
0.9631068215717618 -0.2728117487241681
0.21716721760806412 0.9771588405148733
0.040128962473948454 -1.0001953141115811
-1.0009043758484024 -0.013835837796095643
-0.49175256029258635 0.8718832602164617
0.8639576391687641 0.5055474238109968
0.6026430866960466 -0.799263604862289
0.3441119750253886 0.9399935896824649
-0.993103590310195 0.12548409824754872
-0.9550706336798708 0.29973502411685254
0.6988306713651236 0.7166845141060122
0.7691496120820587 -0.6406324017984251
-0.4311337687684373 0.903396188517266
0.9734207166632474 0.2333518981512898
0.9410219149819904 -0.34128984093234854
-0.6613081127034994 0.7514469908599913
0.4957499320265454 0.8696165849934531
-0.04842361689185528 -0.9998280618821973
-0.433000646894076 -0.9025028752249555
-0.9978899788416091 -0.07884535577631098
-0.9884221363293613 -0.158185588515837
0.7416636225501688 0.6722619065407177
-0.09012399866255263 0.9969346341987885
-0.9395358235303346 0.3453598649281298
-0.22895305202645883 0.974464724845271
-0.4713885166492792 -0.8830593787346308
0.5164067465123103 -0.8575109749481754
0.3968180533562191 0.9189866334885295
0.9311418930429544 0.3673904939167362
-0.8454562140946954 -0.5359149093360479
-0.19375733600307798 0.9820687831027878
0.9768554850768825 -0.218527712831139
-0.6972641586486662 0.7182086695828501
-1.0002507041849988 0.03872374952679312
-0.38721948989797755 0.9230720809574678
0.540386520507176 -0.8426051319889688
0.7478158140440339 -0.6654115330122096
-0.44791427236003695 0.8951948417055242
-0.17044590945030086 -0.986381869233037
-0.10814615036279648 -0.9951408996527614
-0.5492909502332137 0.8368276118722978
0.5476728878196754 -0.8378874673530194
0.9608133005893046 0.28078248059785815
0.13659767691387795 0.9916360595812013
0.24682249899809572 0.9700926007285774
0.5700322309743631 -0.8228391432414907
0.5122731243364849 -0.8599867708764689
-0.41891076564614593 0.9091285774992225
0.9721948640412359 -0.2384075215504804
-0.991262530668673 -0.1392824299484265
0.24489654731109411 -0.9705805897065453
0.7960650702267944 0.6068619315501745
0.5672899791397149 0.8247321259461533
-0.9729450333159912 -0.23532735103626323
0.7894278343472996 0.6154711157785819
-0.8522074239208498 -0.5251128513131144
-0.5347321162379275 -0.846204800189474
0.9699776778641266 -0.24727374394649476
0.6314558901183 -0.7767010099355515
0.7777665781129068 -0.6301429599468199
-0.04645349842136412 0.9999215331636859
0.6532568794294338 0.7584566233332781
-0.9273265621999601 0.37691702938233423
0.09904726740063426 0.9960876662324794
0.853535075912717 -0.522952076376672
-0.9757542700983339 -0.223393384827903
0.9918734202308084 -0.13486333170894954
0.20932546805733696 0.9788686573910602
-0.1257563156398947 -0.9930691562407319
0.5413370326509912 -0.8419947844735262
0.259566571949043 -0.9667606708625576
-0.7900197469825605 0.6147111511739567
-0.8541325468227551 -0.5219756627066764
-0.9823709034612615 -0.1922196869020048
0.7993034778021888 0.6025902010266396
-0.25480462007375143 -0.9680266554124795
0.803669018654946 -0.5967554846452574
-0.5963255088946121 -0.8039881139927267
-0.42171205550343366 0.9078325518745562
0.6530017340185106 -0.7586763047366238
-0.5320202540733076 0.8479124065938493
0.9437631664002717 0.33363465909004886
-0.24837817633671516 -0.969695458130875
0.017744389478746056 -1.0008427132382123
-0.6140703555747892 -0.7905179304761227
-0.2685698823064114 0.9642983035958946
-0.9905269871928906 -0.1444205236196544
0.903888165948953 0.43010136416598116
-0.9974246880563618 -0.08452805247767982
-0.18945364002936782 -0.9829080924886227
-0.4741183996865341 0.8815967009232055
0.22029486800758635 -0.9764584840788266
0.7518651842307379 0.6608326147684287
0.9163473314116585 -0.402875375537811
-0.6328332202865223 -0.7755792127834461
0.20350220176678302 -0.980095839128027
0.697188238148553 -0.7182823682837527
-0.9019530809623004 -0.4341447221176527
-0.8240112505128029 -0.5683365719609522
0.7667215318790318 0.6435363956708827
-0.3227604257150064 -0.9475371800580006
-0.22860797624164542 -0.9745457368429146
-0.938354981711122 0.34855548811906534
-0.8187848495366352 0.5758405770430474
-0.5428191035602524 -0.8410400827606517
-0.993613421960117 0.12138108460837842
0.060665019955491326 -0.9991600248978137
-0.18109385254205781 0.9844826136461098
0.962546404100295 -0.2747824957190534
0.40192960545818573 0.9167625604573014
0.18473607683893836 0.9838056626764037
-0.4556494959767699 -0.8912825235670873
0.3740710842820396 -0.9284782301723931
0.9606512417852962 0.2813364385506583
1.0007587000123002 -0.02197781494350243
0.3132626759648462 -0.9507194622218185
-0.35802479246519825 -0.9347829951278809
0.9622410344149955 -0.2758499441507272
0.5074043974948705 0.8628683430297275
0.4985628592317475 0.8680069558446318
0.604995755184481 0.7974842545209024
-0.16394746005050004 -0.9874827747069767
-0.40454108471712724 0.9156131884021167
-0.6578868207478099 0.7544441205857058
-0.9686714464403022 0.2523422851034935
0.4699718038955095 0.8838141793064879
-0.19931322717522254 0.9809562872386303
0.8960405037897127 -0.44622014249502223
-0.6549657953261859 -0.7569813782073748
0.26451892978079905 -0.9654173894164226
0.4416992319060519 -0.8982776789688163
0.9434334852769154 -0.33456577657951264
0.7067015061830678 -0.7089245243032458
-0.18955181564816337 -0.9828891642420751
0.9730986626927131 -0.2346912709617754
-0.7241162888338162 -0.6911270507262333
0.8970356601725349 -0.4442161910363293
-0.11951173546037061 -0.9938399997420361
-0.32544629027666644 -0.9466180392033292
-0.7588444044282308 0.6528063800760252
0.9397478729802785 0.3447824462310146
-0.9421368983791201 -0.33819974085231286
0.041746527633204876 -1.0001291053811854
0.49656795598336567 -0.8691497368638514
0.9994736153321176 -0.05525841343131524
0.4910796451902712 0.8722624502291711
0.8006291077626484 -0.6008277888073966
0.29184577444022747 -0.9575108583934617
-0.8051404356589373 -0.5947687608364587
-0.5939243824821964 0.8057635061810269
0.8692287812614483 -0.49642957791285686
-0.8189047046884749 -0.5756701178965968
0.47493151823334934 -0.8811589260675771
-0.8446621455460553 0.5371655795762925
-0.4931689553730958 0.8710828786379683
0.768182882735721 -0.6417912890277006
0.20870248765413726 0.9790016709112271
-0.17034971864609286 -0.9863984860882528
0.7578671438167249 0.6539406642219763
0.2907456796406931 -0.957845472803558
0.9826102761664142 -0.19099226469195915
0.7060641181837541 -0.7095593428413143
-0.9992642914695448 -0.05892262548349832
-0.9113164977180261 0.41412949784693054
-0.8315644552674551 0.5572266654923657
-0.8394813933433044 0.5452265494547971
-0.6730170064298315 -0.7409784808320874
-0.9006824858551735 0.436774609694457
0.6305315971451285 -0.7774515451149436
-0.8642242448499609 -0.5050915309263411
0.9098113109023517 -0.4174258958835022
-0.013016375102115714 -1.0009153680402758
-0.6384312958737134 -0.7709776134551581
0.7115932158261422 0.7040142720074712
0.3087759521682415 -0.952186122227475
-0.9472443004064234 -0.3236189662976282
-0.1841127158614867 0.9839225111044606
0.15429163653030878 -0.9890374567713798
-0.7250190366126111 -0.6901799740280221
0.7220904289218578 -0.6932434005884566
0.6400832627584989 -0.7696066636512671
-0.6729237917260469 -0.741063135319144
-0.7384349457102376 -0.675806800020478
1.0008737758371673 0.015896063709354827
-0.22183204781609964 -0.9761104151486735
-0.9990807840619584 -0.06195633073498057
-0.9846765859274386 0.18003616616192314
0.8373589339073368 0.5484806430545823
0.9946950311876102 0.11217305795367874
0.7773974070420224 -0.6305983440545496
0.022382659306607742 1.0007497272357182
0.9991180587877255 0.06135229909503884
-0.10975800979583246 0.9949644110648671
0.9942106436641976 -0.11638812664881987
0.29026085668553137 0.9579925026200264
-1.0004300789589011 0.03377361565315406
0.9930552609284738 0.12586599517852548
-0.8512710437236202 -0.5266294808664801
0.9974822694697506 0.08384582335141039
-0.9659739356036493 0.26247924819763696
-0.7884891693650189 0.61667319529396
-0.7972676568603508 0.6052811605563202
-0.26570529925662567 0.9650915469254443
-0.5362866577536237 -0.8452204568723167
0.8933904110450316 -0.4515025730300876
-0.6368316581400608 -0.772299449171486
0.7829393321884803 0.6237042585330458
-0.5600352472490606 -0.8296755521519744
-0.9980613625462974 0.07664539511430773
0.9842399339881754 -0.182408202510063
-0.7752317144473938 0.6332588640634684
0.6864591553980066 0.7285429486106193
-0.37598375550017105 -0.927705349558785
0.8695731859438824 0.4958260524492495
-0.8158546537118824 0.5799846411903202
0.939719456800379 0.344859888231149
0.9356858591023779 0.355658506261055
0.981457517339619 0.19683023562845112
-0.9981309667129502 0.07573356777989117
-0.8701492925332918 -0.49481431739978154
0.9839348406742284 -0.18404681281505686
0.14388240012217848 -0.990605297247638
0.9994036863327076 -0.056509041264164256
-0.07858479458479832 -0.9979105320919632
-0.614776989722983 0.7899685138707411
0.2672143458684735 0.9646748122357522
0.9003205355998244 0.43752020887868187
0.12740644152363792 0.9928588009673298
-0.05672558473875474 -0.9993914188325045
0.03956408235672322 1.0002178179713008
-0.9022375021564661 -0.43355332970980737
-0.4759881498557746 0.8805885992884968
-0.28929374551464 -0.9582849935202528
-0.26190267677938445 -0.9661304197135049
0.9342447312666085 0.3594270191576901
-0.14022134045566065 0.9911301507273491
-0.6623211553696289 -0.7505542533020779
-0.5210138753276011 0.8547195690494719
-0.05439955871658309 0.9995207291554493
-0.31575765252114585 -0.9498937334640835
-0.996016981342832 0.09975556564278883
0.8035036355965993 0.5969781466545048
-0.8864077577000724 -0.4650615949410676
0.6719901770886042 -0.7419098340744826
0.5027541818469533 -0.8655860631014114
-0.5514221077858296 0.8354248374599794
-0.7556052460083 0.6565529012994585
-0.0319825330374224 1.0004889392594554
0.577805005252527 0.8173997650508148
0.9133783937431122 -0.409561851059461
0.9667674545873993 0.25954130451741336
0.14019357281449837 0.9911340787913137
-0.055359866521298075 0.9994680010779454
-0.46635772957537286 -0.8857265199062877
0.9987257792208899 -0.0674375112205835
0.9295382713237256 0.37142913475453154
-0.7958308906137792 -0.6071689991632305
0.8623681250441465 -0.5082540869563602
-0.8324938899917711 0.5558371372320933
0.5936119188289968 0.8059937281543552
0.769890013000898 -0.6397424230746912
-0.6947926862068048 0.720599835687972
0.20904641272954244 -0.9789282901851952
0.9632530035996719 0.27229515430174384
0.18400212306316535 -0.9839431989237223
0.5892774442809615 -0.8091681491888433
-0.6281369440010225 0.7793875669915811
0.12724955718222877 0.992878920209774
0.7554846401812305 -0.6566916768546991
0.5092681963239569 -0.8617696352349297
0.7208851894903145 0.6944966116357323
0.4689124159844841 0.884376699226972
-0.9443778088742258 0.33189087680428353
0.854012580013458 -0.5221719191786904
-0.4438527426305233 -0.8972155498314563
0.4551861614590618 0.89151924175318
0.9642924008936605 -0.2685910750169108
-0.4378278203154225 0.9001709836235814
-0.8435511419546123 0.5389085923485257
0.7403748033552414 -0.6736810451220129
0.9835381890005178 0.18615485698090628
0.2918628934920234 0.957505640402428
-0.9975298348134829 0.0832780202513567
0.7011713139929732 -0.7143947007315826
-0.5848944614070892 -0.8123419655633402
-0.49501099466081827 -0.8700374217037491
-0.12848280272925416 0.992720086128429
-0.8933922752685169 -0.45149888426278795
0.8547462154495996 0.5209701595817046
-0.6158348151844519 0.7891441442516899
0.3992118998209324 0.9179492682285672
-0.8156201296466343 -0.5803144010923798
-0.740075232860848 -0.6740101258185678
-0.9746193450827456 0.22829396003941962
-0.9776895078917205 0.21476551436030253
-0.18092188786159003 0.9845142307212214
-0.7765088454384336 -0.631692182123438
-0.48468806861544705 -0.8758301639826227
0.8075829973267725 -0.5914479710242535
-0.7455069639034594 -0.6679972805120138
-0.5626099820204168 -0.8279317653834682
-0.9977548273045123 -0.08053759737254955
-0.03747516782692106 1.0002982614182352
0.9218944634657832 -0.3900148692436426
-0.8029060463968751 0.5977816329223733
-0.8942759817405402 0.44974600440914747
0.9739774189403235 -0.23101728808542735
0.8603905687119945 -0.5115946337398886
-0.620787532829022 -0.7852539965412821
-0.7761674668510151 0.6321115909410919
0.5933726738362411 -0.8061698766044473
-0.8437185116924194 -0.5386465195538988
-0.8386325110555495 0.54653134530479
0.28184664931730574 0.9605016742664261
-0.7683591965495615 0.6415801938009873
0.9976493818887754 0.0818334333689137
-0.6520299638780561 -0.7595116366489593
-0.794322264762309 0.6091413134100133
0.43942591710839524 0.8993919409097714
-0.7124638595639778 0.7031331657767258
-0.7826538508283584 -0.624062456636787
-0.4442042903003054 -0.8970415533735335
0.15096237280078606 0.9895510911511121
-0.9157100825201165 0.40432170949752555
0.7060193758997428 0.7096038619216624
-0.5253017092701943 -0.8520910246199125
-0.5397677072002918 -0.8430016739388718
-0.7988643075576433 0.6031722955428632
-0.9767153260939905 0.2191533065529921
-0.44085793052950106 -0.898690872930868
0.9864803996446285 -0.16987472183045338
0.8612942980370694 -0.5100716931656097
0.3126242960972308 0.9509295712563107
0.7278718843495998 0.6871706629166897
0.8562415649172161 -0.5185088065868474
0.49587620739461485 -0.869544585941361
-0.9966000689614944 0.09375128023629559
0.3396398787860281 0.9416186875472534
0.9978663628363781 -0.07914367896236416
0.09250588205532398 -0.9967164400094776
0.6144098237414488 -0.7902541164018075
-0.8601086583250923 0.5120684484267798
0.9153549049393195 0.40512516337982446
-0.25262664621972175 -0.9685973248051926
-0.9791440109195718 0.20803366525717296
-0.891110775032117 0.45598529211111594
1.0009794047298495 0.006421160851148948
0.3640315936558176 0.932460186185129
0.9038883960120759 -0.43010088067186825
-0.9046627617196027 0.4284697043641025
-0.7810967898015875 -0.6260102275216074
-0.5457104675061359 0.8391668997608489
-0.5356831965659407 -0.8456030468942833
0.5933516256466819 -0.8061853684745462
0.6367199631811742 0.7723915383317997
0.890289222270654 0.4575872602124256
0.7592564428668631 -0.6523271065693635
0.9341878799388751 0.35957475575366793
0.9768919391492663 0.2183646931744836
-0.597912524522116 0.8028085780680162
0.7922412250500277 -0.6118454390867284
0.6725303397508516 0.7414202196559008
-0.8782605268187716 0.4802701812855069
0.52666409653005 0.8512496281503953
0.9990447987808294 -0.0625339110321107
0.9506592176534205 0.31344545281529684
-0.1799959395074481 0.9846839400339741
-0.2728818564254665 -0.9630869599541835
0.612677391292573 -0.7915980130084507
0.731166341479425 0.6836642312477617
-0.9165342784970422 -0.4024498929555162
0.9985561474319983 -0.06990436628541492
0.23335444345043416 -0.9734201064915077
0.30227080882114743 0.9542711135388147
0.9938141934484518 0.11972614125746822
0.9943831917676539 0.11490460360652778
-0.7875449980723642 -0.6178785285241751
0.9635546367900549 0.27122585039111835
0.9646161909434222 -0.2674258853772449
-0.9696833084306562 0.24842560526438698
-0.18169635987082608 0.9843715928498197
0.546553456158443 -0.8386181011409549
-0.9994866022269151 0.05502301308449391
0.7890330882391602 0.6159770983273434
0.4207789976267671 0.9082653990746389
-0.3070660300484847 -0.9527389218407438
0.9874315222911502 -0.16425586377898907
-0.9991976999092259 -0.06004128992712065
-0.019040558137664997 -1.0008188932798012
0.25797860076791773 -0.967185629311058
0.7358738599282252 0.6785946229335558
-0.21501324669352395 -0.9776350565248311
0.04335245724323231 -1.0000607803783597
-0.9670822155008219 0.25836599710879526
-0.5805120414359578 0.8154794723031701
-0.5108517535329076 -0.8608318569339506
0.9282035313697091 0.3747521905910642
-1.0005008819781225 0.03160672651508025
-0.6345800355962042 0.7741506174012395
0.4257816956274836 0.9059309839433602
0.43728965659933167 0.9004325384120893
0.8508297668877746 -0.5273421164459512
-0.844260794760798 0.5377961606685805
0.04367059930800422 1.000046938276439
0.9929223461585484 -0.1269102615985166
-0.6717477266338868 -0.7421293632259843
-0.9958887136761267 -0.10102806527153597
-0.4263790568956449 0.9056499874900791
0.8787501133856961 -0.47937379801635616
-0.07769247944980717 0.9979803999262418
0.8208562968155965 -0.5728838800125078
-0.9170197179987636 -0.4013425429747864
0.1475779367118402 0.9900614893004758
0.9081099775351544 0.42111431785336084
0.8347561887401874 0.5524338017898223
0.02649459677261884 1.0006493073708973
-0.5704853002310389 -0.8225250891129714
-0.6045512445482245 0.7978212786803777
-0.46231315413919233 0.887844326168654
-1.0007759609817553 0.021177250082198864
0.32837187323176764 -0.945607166253651
0.9174849652746616 -0.4002778266341429
0.5961815144062411 -0.8040948960665532
0.9772971410370418 0.21654398657276183
0.673868279183775 0.7402043922525033
0.7241862749562139 -0.6910537165554085
0.8831420535324498 -0.4712336079721899
-0.8647872414191708 -0.5041269949909651
-0.04724246942841165 0.9998845678788655
0.8171543662061886 -0.5781520057823567
0.3623268933820745 -0.9331239051337687
-0.9182765526547627 -0.398458495761459
0.7842603951618572 -0.622042307709506
-0.7132971259880895 -0.7022878398898358
0.966804754118198 0.25940232731116847
-0.8585549516800872 -0.5146692092457086
1.0005291957303368 0.030697369450902047
-0.3812554282902601 0.9255513483320147
0.6251470322652805 -0.7817878152349986
-0.5517114119788851 -0.8352338103143724
-0.7037268951795017 -0.7118774171168928
0.4005997272690474 -0.9173444601195152
-0.7723584962109902 -0.636760043761147
0.9657576999807994 0.2632737452306939
-0.4946805619019115 0.8702253395968249
0.8094551929950935 -0.5888830873214783
-0.9537405834547179 -0.303940618331039
-0.2730325703734803 -0.963044243799448
-0.856964793346116 0.5173126162826969
0.46312575592674143 0.887420719950399
0.7255822068104316 0.6895878922661736
-0.9760658770946481 0.22202793421426778
-0.19022875906288275 -0.9827583727577169
-0.20579900901663037 0.9796161329254296
-0.9482263726754867 -0.32073002067578443
-0.6835105564815511 -0.7313100021046344
0.011470834282024679 -1.000934273546907
-0.727979714840947 0.687056427653576
-0.7348776167938769 -0.6796733688584186
-0.7524336192635748 0.6601853138338643
0.9749920438460594 -0.22669696609545448
0.9976156120212214 -0.08224409189433532
0.26210294782606774 0.9660761071162487
0.2514823743738619 0.9688950486916964
-0.4261179866028765 0.9057728531444905
0.3256433878280006 -0.9465502543256235
-0.1879716116079217 0.9831925921351933
0.21899721684026885 -0.9767503360717191
-0.838399813093651 0.5468882458094443
0.33448013966086276 0.9434638499552856
-0.39389626361733 0.9202427579222272
0.8149618477561668 -0.5812384938231934
-0.8835485648318089 -0.470470969969084
0.6027412525074126 0.7991895785893328
-0.9924456092137511 -0.13058603582445774
-0.49204119272186436 -0.8717204050983579
-0.8033839936324774 -0.5971391452376335
-0.10396262178301231 0.995586647797168
0.9927444375006244 0.12829451200877187
-0.8257071673283058 0.5658698382337278
-0.5952139081926615 0.8048114086505099
0.812100917581442 -0.5852291001508555
-0.07249742656137943 -0.9983712351334935
-0.12548206480874116 -0.9931038472442522
-0.42826374982633253 0.9047602779657651
-0.1274833717774011 0.9928489260306751
0.7756012974480442 -0.6328061530965945
-0.5125305025831619 -0.8598334047487638
-0.10352979089996348 0.9956317503958027
