1000
-0.36903464270501274 -0.9304915004897055
0.9650202564678524 -0.2659641039815722
-0.18373968098387736 -0.9839922406360443
0.1985322974157931 -0.9811146349345763
-0.5268386003903147 -0.8511416387057881
0.2399131975704162 0.9718243964994593
0.07142742210554545 -0.998448357889058
-0.37001874534416207 0.9301006010609456
0.23099037880334197 -0.973983801148812
-0.5047991146085682 0.8643950797467588
0.06350967412071389 -0.9989832437499042
0.5796899708986099 -0.8160640524122901
0.9350038226397349 -0.35744769078717414
-0.885382065646075 -0.4670113465776706
-0.3540845368246751 -0.9362826180067936
-0.7058645874476002 0.7097578348897807
-0.1392558603411127 0.9912662636046162
0.8320808360425213 -0.5564552832804976
0.7454464971076246 -0.6680647573027425
-0.4695503230681717 -0.8840381745753831
-0.14562575851377788 0.9903505129282697
-0.9285761033137221 0.37382806255644274
0.8755622412706145 0.4851718887787895
0.8842903125201411 0.4690753065159486
0.7575964547404035 0.6542542409222669
0.5199919153882353 -0.8553416907475482
0.8708068802753591 0.49365613261165553
0.34069055555991745 -0.941239047932179
-0.06683870638995879 -0.9987660323259481
0.5776092168719328 -0.8175381291319644
0.40458538127183863 0.915593615782199
-0.776410057366204 -0.6318135981605713
-0.1420445591024836 -0.9908704977086467
0.966866581194406 -0.259171785056632
-0.9838354202790203 -0.18457753331433308
-0.9790596889172111 0.20843014546205613
-0.9707639233661416 0.24416880449962483
0.5304974746837383 -0.8488659666603299
0.02885513446948769 1.0005840200676541
0.1181264797602105 -0.9940056009799244
0.2807407392037364 0.960825497866985
-0.9444259200204103 0.3317539473670232
0.1677896844676827 0.9868371809909857
0.9064503179442233 0.42467495934987326
0.9914862401043684 0.1376809198244361
0.9520556315695634 -0.3091780626058061
0.9784467516192763 0.21128879346923762
-0.8052303029370838 -0.5946470879705478
-0.43810232282979744 0.900037418517217
0.972256140834387 -0.23815750378651648
-0.2665021963626787 -0.9648717942472297
-0.3652780486595845 -0.9319726107388812
-0.40011424610559543 -0.9175563143825838
-0.4848393982486878 0.875746400452694
-0.4523250848399811 -0.8929742536179327
-0.8568778973211146 0.5174565383513337
0.9217738788535502 0.3902997774317587
-0.4580772736945733 0.890037196596045
-0.9028314453526047 0.43231514116732794
0.48619551222799684 0.8749942422035448
-0.6273929764657299 0.7799865723725455
-0.5648492452788864 -0.8264056692132941
0.9003776498186291 -0.43740266083676493
0.7957440417835174 0.6072828171173886
0.7272587944293037 -0.6878194864390188
-0.8505518342715302 0.5277902776836038
0.5931671756996715 -0.8063210909262359
-0.7193955720686717 0.6960395181941816
-0.9655819561615185 0.26391757413119593
-0.6253511134363868 -0.7816245805524998
0.8576310040833464 0.5162073816161401
-0.3499607931099149 0.9378317777116957
0.2536791643789921 0.9683221992498036
0.06274931537295479 -0.999031292513015
-0.9218606536509589 0.3900947772660212
0.9852398005307235 0.17692805162036973
0.3423573569552095 -0.9406340628207355
-0.8319234516722462 -0.5566905518847395
0.2814615814972757 -0.9606145835563046
0.9958624138218897 0.1012869820699553
0.9424816035671949 -0.3372379381644491
-1.000217065055518 0.03958311220363875
0.3366554443167435 0.942689827998529
0.9762205921335644 -0.2213466862060347
-0.7281720251229397 0.6868526056064408
0.9500977050961302 0.31514338129027347
-0.5205025260179768 0.8550310640023001
-0.28194519990714884 0.9604727503939494
-0.9750469935548506 -0.22646050507681723
-0.6930349703727186 0.722290474698708
-0.7154753068512296 -0.7000686289830012
-0.9065384788596217 -0.42448673282787447
0.9576691146651598 0.29132604898369285
0.6352046015913558 0.7736382320679135
-0.4033514519163468 -0.9161378751241404
-0.4757966533801693 0.880692082757777
-0.7939946384618605 0.6095683014181589
0.7538513173742992 -0.6585660113405744
0.39944969812956466 -0.9178458142107527
0.8586420967060776 0.5145238087437654
-0.7383398336192799 0.6759107116262133
0.7412634361309676 0.6727031427422582
-0.25824318759421216 0.9671150169763576
-0.2928564824108614 -0.9572022151614239
0.9193013539638452 -0.3960883999819248
-0.014037654500284442 1.0009015657176936
0.6898858026485944 -0.725298958570812
0.3951440747062328 -0.9197076493237158
0.5798209679782452 -0.815970982996804
-0.914875098917418 -0.40620752501750196
-0.3378304173149713 -0.9422693930807645
0.17585042911323118 -0.9854327103261249
-0.047384103606057146 -0.9998778659043566
0.3991255161242875 0.9179868312663974
0.5016404937108291 0.8662319637773451
0.7047789997517657 0.7108358189546308
0.9244567374215985 0.3839019935293557
0.5707954125003983 0.8223099154628382
0.8679928805942934 -0.4985873636962943
-0.8597168135464281 0.5127260482027183
-0.892737420697521 0.4527923339527046
0.16473799605953698 -0.9873512002597089
-0.2906369611619324 -0.9578784666159676
-0.5363857420999175 -0.8451575803789023
0.8827026526228205 0.4720561693830896
-0.73229463731369 0.6824555400622163
0.9872067946133528 -0.16560116143683687
0.7736714021658654 0.635164200400734
-0.8399909473012684 0.544441189158129
0.8299000274282993 -0.5597025499982182
0.7840131590142992 -0.6223538916825532
-0.8734825486013686 0.4889061640937427
-0.3322533546210322 -0.9442503419872669
0.47550482632821345 0.8808496807847384
0.9872467141484681 0.16536301098810735
0.6470821721132989 -0.7637314073240246
0.8074424186119034 -0.591639874100926
0.8301183968959236 0.5593786259189225
0.9897585873120636 0.14959591853399004
-0.7609354344960596 0.6503677917365627
0.9679474423464928 -0.25510536814203455
0.8329471578978732 0.5551576642268892
-0.4673400349382501 0.8852086148156915
-0.1791250635150538 0.984842734461055
-0.9904195267084092 0.1451556444465415
0.23608830013724166 -0.972760666627875
0.9319515552339576 -0.3653317652449727
-0.38438009749598023 0.9242580487336752
-0.6279990572416874 -0.7794986748568288
-0.12501134408213918 0.9931632110840478
0.6479069662976286 0.7630318230735883
0.9850476730442257 0.17799461180090903
-0.8448461534369084 0.5368761281923976
0.9810446317944918 -0.1988779284566538
-0.36314008526739444 -0.9328077392860704
-0.48940600507972876 -0.8732025894326587
0.41005225365169135 -0.9131583374613458
-0.2316293019668229 -0.9738320524969192
0.24335914012363152 0.9709672131015994
0.9783414401982573 0.21177588717981957
0.05779388631077017 -0.9993302090425856
-0.914709602581971 -0.40658005723883284
0.8376491864171498 -0.5480372619582422
-0.5895218174589879 -0.8089901277147031
0.8915760140002418 0.4550749512546704
-0.3599434963917063 0.9340458657931706
-0.7766431715630049 -0.6315270256010878
0.9509878487550487 -0.3124469739335696
-1.000974531010193 -0.007140607041712632
-0.49221681867181966 -0.8716212499799401
0.9884022049050002 0.15831007971362437
0.9758105247687493 -0.22314752911591462
0.2723460955327397 0.9632386019300057
0.27598208039486416 0.9622031445079167
0.09471492783693818 -0.9965089474986382
-0.9723543038595243 -0.23775640425834998
0.6438493712987899 -0.7664587314905825
0.08162066994177282 0.9976668112342197
0.8667011054530147 -0.5008295057267714
0.5470112202888459 0.838319583976247
-0.9544649351640315 -0.30165822969433675
0.79047262965023 0.6141286687444663
-0.3838100789314436 0.9244949017223616
-0.017433595224889867 1.0008481751782008
0.9256519319851745 0.3810111557580881
-0.8307847643616413 -0.5583884627251642
-0.9578960679533275 0.2905789445220596
0.9843864574711155 -0.18161580973986705
0.8315697337275565 -0.5572187882226162
0.6888313183780735 -0.7263004989820158
0.6027312730167058 0.7991971049294793
0.8714194139401928 0.49257406042962787
-0.6539571413131273 -0.757852925920038
0.9971286073406029 -0.0879519210875452
-0.3593806484801515 0.9342625698902776
-0.8937791632106413 -0.4507325231337161
-0.983433681071343 0.1867061727272778
-0.8652191850669657 -0.5033853015256362
0.6621533646316929 -0.7507022856678459
-0.40079044778907025 0.9172611498156
0.029272907707229873 -1.0005718849110063
-0.8844197821812885 -0.4688311517875091
0.4959568875227776 0.8694985714299472
-0.0075636500726481036 1.000971423766722
1.000866302627312 0.016359836953170177
-0.271523681693539 -0.963470752166139
-0.07016166794605323 -0.9985381016020508
-0.9584306152904496 -0.2888109341316048
0.14744001501703777 0.9900820380007788
-0.8993854608442624 -0.43943917988949704
0.9826879717459255 -0.19059210420654682
-0.5124494226736722 -0.8598817297753338
0.9942420657741273 -0.11611939822956349
-0.30662337220356917 0.952881476165064
-0.15948732036719346 -0.9882129298092047
0.9213876331807292 0.3912107225289382
-0.757106146916514 0.6548215652383708
-0.24880598482619765 -0.9695857785233166
-0.9993703356987348 -0.05709581530548585
0.8086406842513246 -0.5900010540444394
-0.9514962162305951 0.3108954012185781
0.5203951300364564 0.8550964323597308
-0.4640149297604493 0.8869561121946256
-0.06888908736367835 -0.9986267038499419
-0.9776192905073258 -0.21508492003846524
0.32109360602295467 -0.9481033151356321
0.8630895369851831 0.5070280575537239
-1.000876790837407 -0.015705080802511824
0.1274676501407991 -0.9928509445871433
-0.08819010155801012 -0.9971075699177034
0.8352817676917993 0.551638802625108
0.40535336257181104 0.9152538726778084
0.99395261734381 -0.11857147412168564
0.3401481770802168 0.9414351903498219
-0.933791215801141 0.3606036124231523
0.6253349429687044 -0.7816375177167016
0.3455862505129317 -0.9394525764807999
0.6177646595681413 0.7876343221245876
0.467293617526294 0.8852331190252597
0.44171502165670873 0.8982699146931357
0.8642690546297832 0.5050148524641042
0.6568301577070749 -0.7553642458618882
-0.6788162437113673 -0.7356694279862318
-0.9768432099379007 -0.2185825775267061
0.967757814495244 -0.2558237918634405
1.000310673551967 0.0371423798108091
-0.6906251978414462 -0.7245949462330409
0.2565893266295824 -0.9675551237318614
-0.5698720158323357 -0.822950111228615
0.952601051468897 0.30749347430531243
-0.67366792207175 -0.740386744054437
-0.5493794782329173 0.8367694956775895
-0.5363528192958544 0.8451784741895574
-0.961259779736244 -0.2792501313543608
-0.02086444219529018 -1.000782531348284
-0.3208946323862542 -0.9481706781511916
-0.973763614065966 -0.23191684699734189
-0.9693340690098333 0.2497848327197624
0.7245277384741852 0.6906957044759165
0.245216217228555 -0.9704998747079353
0.6547538304604517 0.7571647254708622
-0.7112696677131652 0.7043411529871042
0.8734226488230875 0.4890131660015519
0.03030020615089156 1.000541302249544
0.8867427127673927 -0.46442261072640006
-0.54349892814131 -0.8406009249990433
-0.9548443365559903 0.3004551429863544
-0.9731208008242296 0.23459946079053612
-0.5663101753779951 -0.8254052248825084
-0.8547512890350248 0.5209618353516536
-0.7693859031399287 0.6403486019736095
-0.6401577703019512 -0.7695446894898529
0.8877736312972637 -0.46244889401237643
0.8878741160191972 -0.46225594004093573
-1.0007606954476926 0.021886764197810393
0.9687521666868243 0.2520322192490145
0.08473270648258582 -0.9974073232396763
0.5575833225782281 0.8313253504992036
-0.6272488602880761 -0.7801024722863719
-0.989104443905342 -0.15386162304715306
-0.8341134551906584 0.5534037801369823
0.6395677407670703 -0.7700351322959919
-0.4842018883391251 -0.8760990419631935
-0.05966630305599767 -0.9992201620662134
-0.8763188758147384 0.48380391471214146
-0.904936124161299 -0.42789205553261467
0.5027243783756478 -0.8656033730218584
1.000936651634555 0.011261412638098765
0.9977456354779668 -0.08065139108947941
-0.8322402840226548 0.5562167829631635
0.8576530535184927 -0.5161707467402674
-0.0045881917985651595 1.000989484708016
0.2077523337943251 0.9792037417223298
0.3374102042490406 0.9424199457081862
-0.5693033129905322 0.8233436328884824
0.9740120855743359 -0.23087108341048806
0.6690967409664826 0.7445203497742904
0.42481017694828976 0.9063869557540878
-0.5470825926333048 -0.8382730085345833
0.9979358127148582 -0.07826310561902979
0.6521657619701478 0.7593950348230469
0.04495168227792648 0.9999901730819081
-0.9109893430169153 -0.41484866747961135
0.8811846459341441 -0.47488379607006714
0.918217062527747 0.3985955670638041
0.5461218571125814 0.8388992294572126
-0.8988094849278024 -0.44061605713343943
-0.05143335685079719 -0.9996777529799583
0.9766539974553021 0.21942645522948834
-0.22185755324860992 -0.9761046184024232
-0.7871657316562881 -0.6183616344066153
-0.9519223456296229 0.30958819081321043
0.8289000995014689 -0.5611823456297026
0.9838667224699426 0.18441060819880456
0.9530736682054144 0.3060254613156816
-0.9957338433871266 -0.10254322568313007
0.11196528970545695 -0.9947184395099817
0.8300512417655034 -0.5594782712881224
0.9949272459478 0.11009439254896682
-0.4376418262794984 0.9002614241934092
-0.9130514489640007 -0.4102902040565176
-0.734098914970928 -0.6805143518240494
-0.6839522665809101 0.730896912730404
0.13077075122131124 0.9924212868661241
-0.8306902568983531 -0.5585290476726776
0.15944569121674146 0.988219647422786
-0.9981635203560224 0.07530329760689422
-0.927479441349737 -0.37654068289307024
-0.6765602439789067 -0.7377446958583994
-0.6424375281335312 0.7676425095353163
0.5481769976646171 -0.8375577468040077
0.9779128187019787 -0.2137463894861174
0.7320760597532249 -0.6826900048603265
0.6171959380998099 -0.7880800555737315
0.8934437679302599 -0.45139697999275513
0.18064707976457434 0.9845646919184801
0.5324318347487327 0.8476540221966142
0.8495585769171433 -0.5293875937217628
0.9533329634501493 0.3052167439695213
-1.0001427861027383 -0.041417477067686975
0.8348397806035331 0.5523074693699559
0.9869251270226277 -0.1672716163949225
-0.8582507589026319 0.5151763143265192
0.6788762114699551 0.7356140900636696
0.7185101458197812 -0.6969534922461016
-0.6787568099420923 0.7357242642167201
0.11234599778292367 0.9946755133118335
0.22703392375065778 -0.9749136359013452
-0.7987732338704306 -0.6032928980621057
-0.9078791551221186 -0.4216117167427256
-0.46486419943493623 0.8865112949555216
0.5264267174116528 -0.8513964477229112
0.6967421219270002 0.7187151143065388
-0.9993279566863116 0.057832819273846744
-0.9743185410160882 0.22957434663368034
-0.9255070168755422 0.3813630313941492
0.03457275384403587 -1.0004027812294605
-0.9586755214650253 0.2879969523167942
0.46520183975529444 -0.8863341628800558
-0.9997195253087774 -0.05061492582620943
-0.040625325008757124 1.0001752761231066
0.41693503677473365 0.9100363592239881
0.28797233556573304 0.9586829162704512
0.9940008547330769 0.11816641142859768
0.8243677415666195 0.5678193609453198
0.017593537291694553 1.0008453763921608
0.7191871134434283 -0.6962549072408103
-0.3246238206746291 -0.9469004039763665
-0.9447148937277967 -0.33093015814349386
-0.667936304003794 -0.7455615962438995
0.20836797725108075 -0.979072921725595
0.332485085530973 0.9441687708770405
0.9850889795688724 0.17776586379830528
-0.1839869777582195 -0.9839460310481447
-0.9826939468631964 0.1905612940720998
-0.936501466463161 0.35350530874705266
0.1798177118529694 0.9847165026056802
0.32280074484737814 0.9475234451589986
0.6990585082706083 -0.7164622823390439
-0.9333016112870096 0.36186890218568346
0.9948205196863715 0.11105464245558426
0.6623396352378098 0.7505379454718096
-0.9750286303663361 0.22653955496986983
0.6098636144106261 -0.7937678324409518
0.20773610312559826 -0.9792071851544957
0.5482798302560189 0.8374904344136899
-0.7415884962129479 0.6723447793242828
0.47698426222961243 -0.8800494381483761
-0.2630465565728642 -0.9658196048306118
0.07723912792565568 0.9980155896163567
0.9393241711869302 -0.34593511158017276
0.6988287561137377 -0.7166863816402025
-0.3069661965557665 -0.9527710922210468
-0.31897821473438076 -0.948817104886325
0.38450082243550066 -0.9242078324416124
-0.8386408788041244 -0.5465185050834472
-0.8207510562858272 -0.57303464433287
-0.7460844861280416 0.6673521855505203
-0.9831652171000352 0.1881147412741505
0.57395497982338 0.8201077253239013
0.9403728392289804 0.34307422409797295
0.12042141457879532 -0.9937301861727065
0.5460021520507784 -0.8389771450736419
-0.6184492887359131 -0.787096866505034
0.7120409946082812 -0.7035613846689213
0.5409263498933428 0.8422586799737151
0.7366219464820726 0.6777824931059834
0.9886731931279633 0.1566088030417092
0.5041933205423776 0.8647485735868267
0.9416123713643406 -0.33965738928164535
0.7641378096434329 0.6466022021872
0.8366557101371896 0.5495527478730634
-0.3850634690673193 0.9239735519969398
0.9237370469203431 0.3856304813508443
0.8718538360515771 -0.4918047260469849
-0.937673449341114 0.35038479190846356
-0.963062074450248 0.2729696700287141
-0.26158283227070067 -0.9662170676722899
-0.18846464660320073 -0.9830982031215043
0.9971178029236648 0.08807432709185788
0.7429362026045866 -0.6708552741534322
-0.9963766659151251 0.0960965120067284
-0.2972382355910231 0.9558506323180079
0.9656469724929411 -0.26367958683830084
0.9505496650086247 0.3137775236564777
-0.2121059579861533 0.9782699333960827
-0.05552579677456448 -0.9994587964956583
-0.8701045902157872 0.4948929198174258
0.6557658752268871 0.7562883820923832
-0.9865879746752656 -0.16924883522836265
-0.08599966630919172 -0.9972988806745486
-0.5516163692732835 0.8352965827475656
0.8517558627758721 -0.5258449868800972
0.6875348190788771 -0.7275279187455115
-0.37034706702775144 -0.9299699188382075
0.5098799172686656 0.8614078418299307
-0.13744390925798167 0.9915191232688776
-0.791204023728818 -0.6131860996755617
0.30658545808206183 0.9528936755444504
-0.05703528696986071 -0.999373791951873
0.3009185467933592 0.9546983964560604
0.8763702524388823 -0.48371084403826387
0.14834673494436154 -0.9899465875648783
-0.992805091349633 0.12782429577449989
-0.9908015806114142 0.1425244816090321
0.870200825328883 0.4947236840873204
-0.062494323798131086 -0.9990472759049065
-0.6911279761937591 -0.7241154055275434
0.5328654584683917 -0.8473814980109435
-0.9192021715396618 -0.39631851816029257
0.29847917024250326 -0.9554638585165568
-0.7474778362859154 0.665791171660699
0.7260828419025156 -0.6890607423839835
0.7526844091168188 0.6598993713229809
1.0009413246822612 0.010838106076273548
0.4225231862763518 -0.9074553195936862
0.5842568936298735 -0.8128006411451523
-0.7884296837108812 0.6167492471365975
-0.5966856027534446 0.8037209039627864
0.406600400592604 0.9147005598762548
0.6960957830555756 0.7193411296542447
-0.9273333602802717 0.3769003036763167
-0.07997791767769453 0.9977998460031651
0.7811385629147866 0.6259581020543005
-0.436301758177099 0.900911635961914
0.6157295450778407 -0.7892262839757906
-0.8019814764962016 -0.5990214615161734
-0.7222169132402259 -0.693111628981768
0.1086578798019623 -0.9950851547264397
0.7651519089622234 0.6454018563743564
-0.2892126522056102 -0.9583094707891584
1.0005915223618167 -0.028593799636670057
-0.36011900090426935 0.9339782145145094
-0.04779812055555939 -0.9998581597763535
-0.9897838316370409 -0.14942880120611923
-0.6238906803513486 -0.7827907887620622
0.32786901815074226 -0.9457816380840074
0.30943125933319504 -0.9519733692427919
0.8771689592849883 -0.4822609427134759
-0.1462279435620486 0.990261777774753
-0.12168984759491586 0.9935756543878912
0.4288048793594856 -0.904503938873401
0.8603200116478382 0.5117132767070477
-0.7095218832065823 0.7061017612575294
-0.9428047660059594 0.3363334256306502
0.9862005311397245 0.17149201841405123
-0.9365657710783031 0.3533349069148185
-0.11318118303429571 0.9945808261810385
-0.32278218650796076 -0.9475297673810253
-0.14057008065170168 0.9910807496998285
-0.8650375666785306 0.5036973379271392
0.6918746210222622 -0.7234020381401348
0.9800294407905797 -0.2038217240229888
-0.4083281624700008 0.9139305836516647
0.999720938385967 0.05058700774587965
-0.2146945372567912 0.9777050964744392
-0.324190364105587 -0.9470488941026682
0.8253539181305646 -0.5663849484463064
0.30723355872300817 -0.9526849113922167
-0.8974062297402097 -0.44346708877149177
0.02181249228224095 1.000762317026594
-0.6378998794677717 0.7714173603018034
-0.878054280111011 -0.48064714831020705
-0.977725654237277 -0.21460089712368113
0.6781185820568505 0.7363125618032104
-0.8141872557248359 0.5823230311564714
-0.9609248837665868 -0.28040037046725114
-0.5440112206460664 -0.8402694757107252
-0.1306943794394565 -0.9924313473399232
-0.7534579062292934 -0.659016072293058
0.6972985170256079 0.7181753115736351
0.0842982809743806 0.9974441336860749
-0.3365633558073929 -0.9427227097761389
-0.4240192515276179 0.9067572300974273
-0.9991997915513199 0.06000647101604053
-0.9986918657759427 -0.06793789246780002
-0.8291798869950998 0.5607688605858866
-0.40154740105535736 -0.9169300326119152
0.4222106848804575 0.9076007589093208
-0.8784779241173535 0.4798724172511537
-0.9949736003751267 -0.10967467600388789
-0.9979662180920443 0.07787443448951722
-0.39973930683467035 0.9177197211411212
0.7575096390950865 0.6543547559833517
-0.751959776349402 -0.660724976637449
-0.799432662469352 0.6024188062943946
-1.0009663890921492 0.008202920688642265
0.07062732567572777 0.9985052733300385
0.07989885701459927 0.997806179900566
1.0007033948186177 0.024366279947787797
-0.5930730465156082 -0.8063903282509626
0.938080045019578 -0.34929475967449963
-0.8026987634442074 0.5980599427859554
-0.8290080268355959 0.5610228974312473
0.06906905022476437 0.9986142730309081
-0.28405488396340445 -0.959850937852611
-0.7570760627937029 0.6548563469531202
0.06962801880072061 -0.998575454834479
0.8491046592086109 -0.5301153437792844
-0.2906600585934049 -0.9578714581500373
-0.804993879556149 0.5949671031890255
0.8747064556912872 -0.48671307396862273
-0.25470801078119487 -0.9680520798200305
0.9883172198960768 0.1588397710174933
-0.5857596387501789 -0.8117183289856524
0.9746303383753543 0.22824702302186223
0.99073714473957 -0.14297171060487612
-0.25817177338198427 0.9671340834800526
0.5325690615269416 -0.8475678112719434
0.3370022473822908 -0.9425659049951284
-0.4340258707427947 0.902010279057816
0.3918341023821618 -0.9211227042095779
0.4178273538918709 0.9096270127583708
-0.602918800912492 0.7990556423092467
-0.06193253560038042 -0.9990822593931431
-0.9602628397274092 -0.2826592978103711
0.12573022755730195 0.9930724595307178
0.6479876828843627 -0.7629632775108868
-0.8166404177306408 0.578877731588221
-0.8534575843177207 -0.5230785330813728
0.9267497836150972 -0.3783329731458394
-0.4843699845454634 -0.8760061175993166
-0.6529224891670189 -0.7587445045204243
0.3177786785482737 -0.9492195275383418
-0.13589531707047672 -0.991732556084711
0.17283612499160345 0.9859658583834873
0.6914583146426144 -0.7237999717543482
-0.9295087414194143 0.37150302774660715
0.8251862175328938 -0.5666292495042554
0.0759663376890863 -0.9981132779089293
0.8773189817983887 -0.48198797098707596
-0.21269371069193052 0.9781423134861804
-0.9761067575655736 -0.2218481413823938
-0.15976899161719388 -0.988167429800044
-0.8570680524171106 -0.5171415217577688
-0.9365794021013475 0.35329877378711966
0.7105657066732562 0.7050513289824621
0.16129215879228861 -0.9879199560248406
-0.552513220595854 -0.8347036246877075
0.9794099426699251 -0.20677805541036973
0.6107540416745919 0.7930829090190703
-0.023371867768544736 1.0007271135514466
0.959137313228314 0.28645525719241255
-0.8824993079366622 -0.4724362089121792
0.6658270333103802 0.7474458921641739
0.9836501574372587 0.18556230159613846
0.49233706607173255 0.871553333635916
0.544290090052822 0.8400888630795499
-0.47120448955624167 -0.8831575901400845
-0.08274705982999135 -0.9975740193536978
-0.23911332162368987 0.9720215118103539
-0.6717869153488047 -0.7420938891852822
0.502009996538166 0.866017877053211
-0.15181872089644036 -0.9894200705389843
-0.9842737499614364 -0.1822256434666973
-0.9795587058791958 -0.2060721760361532
-0.5700180997176105 -0.8228489326688856
0.39170181522819447 0.9211789662964182
-0.7754760531970555 0.6329596281896007
0.9883681257016974 0.15852270530404702
-0.9594392757552688 -0.28544224658975287
0.9952039926114989 0.10756399532432581
-0.4871717738894773 0.8744510636538674
-0.1273543598981885 -0.9928654828399075
-0.9670383264900269 -0.2585302208628004
0.79835904211174 0.6038409060989698
0.994383714531509 0.11490007952355177
0.6648449759339294 -0.7483195560557085
0.06829359782584551 -0.9986676046092622
-0.846790565748608 -0.5338040256116026
0.9734632653203295 0.23317433622052353
-0.07321707211055715 -0.9983187168192117
-0.7692393369004221 0.6405246619490922
0.05520966236063354 -0.9994763094651243
-0.9935458178555572 0.12193321049546693
0.7690592639510461 -0.6407408591084817
0.4103025771472433 -0.9130458888721478
0.2645001051603292 0.965422547059149
-0.776644865283551 0.6315249426813598
-0.9988107358850652 0.0661673173155332
-0.7023667937649832 0.7132193821092481
-0.2859574066793476 0.9592858601924779
-0.17649420684362158 0.9853176112049561
0.9909087751534781 -0.14177728775736168
-0.1079625642157372 0.9951608335982495
0.9206044289937805 0.39305023256199134
0.8613346137378575 -0.5100036109451147
-0.673524360229303 -0.7405173436035837
-0.647433202399375 -0.7634338533434903
-0.8793869014157456 0.4782046398963666
0.9889229570978819 0.15502382050762645
0.9812840554466071 0.1976932030350564
-0.9720148633444786 0.23914034673683685
-0.837918404053049 -0.5476255546896907
-0.3935153053688579 -0.9204057281658207
0.5186315216932037 0.8561672410844694
-0.40754740112776733 -0.9142790142150277
0.07526076489258339 0.9981667281911291
0.5847990726188679 0.8124106379560229
-0.36374747776211075 -0.932571054891638
-0.45511875915875366 0.8915536523742115
-0.009027729800988125 -1.0009592899287365
0.24283374556503917 0.9710987447293163
-0.6302249762350602 0.7777001217239957
-0.34290992304346923 -0.9404327645708235
0.36783899700024997 -0.9309648072219756
-0.1648312883555979 0.9873356300564837
0.0630492825567989 -0.999012406313892
0.18772702891431806 -0.9832393211293997
0.7018173766841227 0.7137600225455445
0.8746965144629574 0.4867309396230666
0.8618546614556538 0.5091242898616805
-0.0869633347467276 -0.9972153119611274
1.000557747277625 0.029752216097697088
-0.8885482179454034 0.4609588532461958
1.0009665682987128 0.008181023670581202
-0.9933568393622735 0.12346331314278901
0.9307371505556207 0.36841465304138493
1.0004945669614351 -0.03180599755785867
-0.4442754279538633 0.89700632334249
0.8022768617288346 0.5986257905691438
0.3549011965330439 0.9359733653792792
-0.34371805014390383 -0.9401377037462506
0.4412932822905729 -0.8984771777876235
-0.8084476681682273 -0.5902655062201718
0.31432427351395514 -0.9503690078490167
0.4233127218674442 0.9070872832893072
-0.9877941897867453 -0.16206060170055964
0.28796699793225783 0.958684519590195
-0.4659996761127095 -0.8859149518226058
-0.9956319234057492 0.10352812707360402
0.5068840332118473 0.8631741289420639
-0.09636148185970576 -0.9963510750803662
-0.8011070658339273 -0.6001903606948011
0.66072953170766 0.751955773918504
-0.5391503307551698 0.8433966568860651
0.2071281097542569 0.9793359720492393
-0.9008308844517887 0.4364684611948588
0.1593440229501972 -0.9882360458665972
0.3681058952332608 -0.930859307250306
0.23207674828624997 0.9737255172300254
-0.9867565463512582 -0.16826324088444655
0.9968662986464336 0.09087674412609327
0.9508487860723465 0.3128699186958456
-0.61339534425932 0.7910418140913856
0.9653211699159916 -0.2648698527806087
-0.30170796784338655 0.9544492140181237
-0.9808080650817038 -0.2000413444033112
0.6493321818322622 -0.7618193471138377
0.6535151148106373 0.7582341292200184
0.2049748292353744 0.9797889157262033
-0.7835705455365839 -0.6229110692285861
-0.5748826082443406 0.8194577394461439
-0.9970616989597223 0.08870720640146541
-0.989666204906224 -0.15020586828253982
-0.8930639399963699 -0.45214798360510267
-0.5205756032095441 -0.8549865737793894
0.3977204032860401 0.9185964733276465
-0.05054006557266533 0.9997233126079988
0.8199927774907682 -0.5741191904674285
0.9590052175130616 -0.2868971815524257
-0.9358215831225606 -0.35530123073525144
0.6738050534064081 -0.7402619468836605
0.8481472480166551 -0.5316457896774642
0.03170411821875859 -1.0004978005412961
0.2943578417522976 -0.9567415852773044
-0.040790963827944254 -1.0001685344330662
0.45075560487282795 0.8937675227237399
0.9418609242825189 -0.3389675490510549
0.6893086798024344 -0.7258474660347206
-0.2010738074519517 -0.9805969222656042
-0.4518607590802802 -0.8932093004460897
-0.44074394251746357 0.8987467814318796
0.43626268300917864 -0.9009305585968503
0.9021545345302894 0.4337259455306276
0.6950803026415762 0.7203224089806557
0.9714875989400996 0.24127338250540623
-0.014593189130846066 -1.000893620137021
-0.4666796295497778 -0.8855569565890622
0.10673764787827701 0.9952929591459054
-0.2235071165500679 0.9757282248922977
0.9044669788500993 -0.4288828326825102
-0.2447088827991848 0.970627921852228
0.404999867173663 -0.9154103492911337
-0.7244099091335527 0.6908192842915706
0.7440476994058011 0.6696222972758111
1.000507349709967 0.03140132443604944
0.9884965486427364 -0.1577199204964234
-0.5251364921749704 -0.8521928564510307
0.5526459871471568 0.8346157276795979
0.9924468476192422 0.1305766236760191
0.6798225027675742 -0.7347396577909971
-0.8160796743019066 0.5796679784077209
-0.9837856493002125 0.1848426255790568
0.9883106674895141 -0.15888053539194544
-0.8188850779161854 0.5756980364446305
-0.49083517434983553 0.8724000410482375
0.9307997816422791 0.36825638690277385
0.7940255118899398 0.6095280850526243
0.9157275530336609 0.404282139866435
0.8362035653951014 -0.5502404903499198
0.6345657357097624 0.7741623389594252
0.1707053890050187 0.986336996246539
0.29783844947606597 0.955663778749458
1.0009672818392883 -0.008093249487489417
-0.8801801437033662 -0.47674302787804007
0.8814356159170311 -0.47441780636161196
0.7640167174377213 -0.6467452786651706
-0.488761408230148 0.8735635556872107
-0.8084533618555518 0.5902577078738203
-0.8284401127217177 -0.5618611746985438
0.7527659902198236 0.6598063079179892
0.997068722953281 0.08862822185011592
0.9666693805108271 0.2599063461764906
0.922740194530888 -0.38800970786450567
0.9749459442364043 -0.2268951427796241
-0.2573519081756929 -0.9673525703477144
0.9851808605521003 0.17725595053995502
-0.20549107608304504 -0.9796807733390669
0.08086645525486054 -0.9977282277326394
0.8158957495137572 -0.5799268280786675
0.02356756167484804 1.0007225239978874
-0.5833292869036019 0.8134666207291701
-0.7172535383847118 0.6982466338440957
0.5359365846875219 -0.8454424742071306
-1.000762716948426 -0.021794136046307946
0.9048877480235492 -0.42799434981886114
0.06202169161777775 0.9990767286694597
-0.6402869134278228 -0.7694372414258824
-0.4125956939946961 0.9120119480012502
-0.9928042437087117 0.12783087918798416
-0.0785075086732373 -0.9979166152950464
0.8540276605385743 -0.5221472541678349
0.5612103087998646 -0.8288811671746201
0.7670497188106774 0.6431451849096445
-0.9170721371840584 -0.4012227501035597
-0.8880744780481239 0.46187089260912745
0.9696453713203749 0.24857363874106264
-0.3448383489938403 0.9397273610272303
-0.808468987720408 0.5902363051306982
0.2496693358551872 0.969363823718231
-0.8808092692473475 -0.47557967913689686
-0.9879028149621388 -0.16139711332574094
0.17721889373145297 0.9851875271767299
-0.899163453027884 -0.43989326516664506
0.9180918434181887 0.3988839017170183
-0.9500197828949147 -0.315378204872022
0.15918816652278817 0.9882611636804884
-0.44475589875994337 0.8967681921869414
-0.3467694037912609 -0.9390164964441539
0.0010804562463993068 -1.0009994168900898
-0.044236341126376436 -1.0000220728182707
0.36305447872936564 -0.9328410612074002
0.9195797120578832 0.3954417190579929
0.7710085099488774 0.6383939830437094
-0.971956408115362 0.23937782003244132
0.9876134707155324 0.16315830491035424
-1.0003369927029921 -0.03642665274127981
0.7888886759679697 0.6161620378841134
-0.8903502903329611 -0.45746842569079227
-0.19316657525766906 0.9821851527096219
-0.3734933663937953 -0.928710775893028
0.6863799124521235 -0.7286176060062063
0.06814036197988796 -0.9986780717875254
-0.9877525166627653 -0.16231440424797008
0.6566310634736245 -0.755537323023487
-0.9496428677064352 -0.3165113328370693
-0.5048801355477951 -0.864347759139364
0.5191873606480297 -0.8558302895687513
0.73592206490241 -0.6785423453180893
0.5396396987566326 0.843083623091951
0.99234132928452 0.13137612490034795
0.7393936112384722 0.6747577992581717
-0.9255069270467557 -0.3813632493941584
0.9870411858355308 0.16658540591657248
0.7789851268458032 0.628635961549312
0.990951838721329 -0.14147598147677656
0.8769029344800462 -0.4827444909061976
-0.42544202545337695 0.9060905489950373
-0.9944408487928433 0.11440453772542976
0.9989175103523914 0.06453531987508862
0.5581081284347013 0.8309731144718914
-0.7258056107030086 0.6893527511166055
0.30015868169978366 0.9549375716769385
0.352969036834201 -0.9367037199863874
-0.009575242239426853 -1.000954202117188
0.9721348200431305 -0.23865224000564136
0.21184511829068026 0.9783264515775947
0.9260308266601088 0.38008934222784446
0.9634955243728305 0.27143576498598065
0.5117907587036071 -0.8602739210888507
0.204776493909869 -0.979830387129314
0.05691266697640419 0.9993807824536316
-0.9149084667194842 0.4061323645377237
-0.7166872513248038 -0.6988278642044101
-0.9555509839580355 0.29820012920324174
0.2557338734602953 -0.9677815796784901
-0.5318184726219067 -0.8480389803411764
-0.04967442097213621 -0.9997666987358016
-0.08675720207184537 0.9972332665373057
-1.0004115843512635 0.034317078777111876
-0.6172606717526467 0.788029354216879
-0.28422796511654774 -0.9597996998570621
0.8702894857926786 0.4945677010467982
-0.9886238724698251 -0.15691984827537567
0.2934987326282342 -0.9570054827145037
0.8660249295337653 0.5019978301009246
0.6698981191132273 -0.7437993748374359
0.6519409289608675 0.7595880627982784
-0.8922714399377257 0.45370990453312526
0.3909573829133223 -0.9214951572013637
0.6595460642790473 -0.7529940166389232
-0.5398445010032288 0.8429524985054466
-0.4201384373688427 -0.9085618820120438
-0.9064119135667703 -0.42475692218517846
-0.22048095354607636 0.9764164834349187
-0.4887219762593743 0.8735856168236354
0.7268712301087313 0.6882290424271702
-0.8853259085224137 0.46711779638434126
0.0836626987766431 0.9974976455277519
0.4426006485616872 0.8978338743290842
-0.7698750326017506 0.6397604506191779
-0.9941198584299922 0.11716103053119756
-0.923842378673056 -0.3853780732835094
-0.7635807729502385 -0.6472599193374453
-0.05474262609476485 0.9995019984413482
-0.8144555995997944 -0.5819476576811177
0.7796759616586589 0.6277789378528443
-0.46425097324954123 0.8868325850107526
1.0006802640380474 -0.02529840241484671
-0.9423464362408228 0.3376154529997418
-0.08160287904004054 0.9976682665758075
-1.0001839120588636 0.04041215236321171
0.8317744038476002 -0.5569132258296345
-0.9962224421553943 0.09768237172561971
0.9953610932834889 0.1061003957461888
-0.10298542012174622 -0.9956882058367205
-0.4731007685916488 -0.8821432212277047
-0.05853368123237467 -0.9992871500031343
-0.8184721755579042 0.5762849102982927
0.954288831315722 0.30221486797653363
-0.5543448266686924 -0.8334883401377954
-0.8652134504526078 -0.5033951580576563
0.6182174164498665 -0.7872790013699416
0.6097148502800354 -0.7938821079656564
-0.460524109483941 -0.8887736182988462
0.4915268800526716 0.8720105080706806
-0.9342080403172215 -0.3595223740000846
-0.9873688367453956 0.1646322575440318
0.7982429773580095 -0.6039943286973978
0.9851059898935817 -0.1776715753174561
-0.9060042844953724 -0.42562569997126376
0.4953535540590571 0.8698424319847019
-0.4147454732197622 -0.9110363288276245
-0.5518223839781784 -0.835160497473773
-0.5935434283205945 -0.8060441667163378
-0.46298341380680524 0.8874949907125091
0.059568653687430986 0.9992259882018015
-0.9489682689898458 -0.31852821609775106
-0.9938616557311029 0.11933150995202704
-0.17600205883789533 0.9854056399700694
0.9980161297800362 0.07723214809182842
0.04624892549016862 0.9999310160661109
-0.9673484918384865 0.2573672382759813
0.39647169311380476 0.9191361142722405
0.7744057308480155 0.6342686844151704
0.9631086840777476 -0.2728051734370693
-0.002562213714711112 1.0009967208042592
-0.8352491145030038 0.5516882423270846
-0.967566894905684 0.2565449354062029
-0.9839482519729852 0.1839751000524441
0.21998526848563854 -0.9765282800048862
-0.9320597158975952 0.3650557299932356
0.20986769537369165 0.9787525481134316
0.6093475031000569 0.7941641017231428
-0.9910697416388052 -0.1406476704677039
0.9830715754425858 -0.18860349296031725
-0.8721509209141144 0.49127769250054726
0.9896928831199874 0.15002998734135473
-0.9690519678407937 -0.25087702888842855
0.9325215888668467 -0.36387427265094174
-0.4643158315330192 0.8867986291079847
-0.5702602484021999 -0.8226811345182661
0.9985672588235649 -0.06974546297496033
0.859116917757162 0.513730592454288
-0.7994397346036353 -0.6024094211886707
-0.09879648646327616 -0.9961125710794496
0.970482316763756 -0.2452856963804717
-0.031642472273348814 -1.0004997520981354
-0.3087173410983003 0.9522051266955013
0.43269780151947596 -0.9026481111486426
-0.5378954900396606 -0.8441975134972818
-1.0003045591004003 0.03730668898406811
0.9564182796133828 0.2954066255542979
0.2327560898530988 0.9735633531703503
-0.8345660558652221 0.5527209950757859
-0.6856697792766131 0.7292859204638196
-0.5571944111949125 -0.8315860677844205
0.9862147248195378 -0.17141037468345793
-0.8018363142410893 -0.5992157584412022
-0.4185536657016139 -0.909293037984863
0.18978807932095337 0.98284357094487
-0.4222772318825115 0.9075697986566342
-0.9106733165965059 0.4155419478694303
-0.2907926509416933 -0.9578312138149929
0.4344891108237874 0.9017872324309957
-0.5865016411105032 -0.8111823623419623
0.9542011973042837 0.302491446264306
-0.37300093835535664 -0.9289086607336716
-0.6903393066367056 -0.7248673269725657
-0.922619214636924 -0.38829728917769385
-0.796430111357285 -0.6063827815195798
-0.8021269693936579 0.5988266234657121
-0.9992397747329054 0.05933694120640606
-0.9021343831103517 -0.4337678582031006
0.636048626764582 -0.772944463975834
0.9922989729533173 -0.1316956653644749
0.9474812110534915 -0.3229246888991441
0.961315904853414 0.2790568599333508
0.3401618985280984 -0.9414302325662586
0.41778133256794303 0.9096481507471742
-0.9293762529375167 0.37183434547634375
-0.16282564258762772 0.9876683705150864
1.0009879770893375 0.004906090357516993
0.08735557533788868 -0.9971810284283323
-0.9692132637820883 -0.25025317042721407
0.652630491593499 -0.7589956794622931
-0.9298107337157762 0.3707465434322079
-0.9931043753767574 0.12547788493412107
-0.9879600835563731 -0.1610461837464158
-0.9947994078262818 -0.11124359841572452
0.007216583897291539 1.0009739861339322
-0.10365436800636244 0.9956187884894507
0.02703233377842928 -1.0006349249004312
-0.31160105355027456 0.9512653591014228
-0.08643559198863324 -0.9972611936887821
-0.9123193044259166 -0.4119156306476023
-0.9621556297115896 -0.2761476855131949
0.47565352459198634 0.8807693935095727
0.42140452694553393 -0.9079753436464069
-0.983383935427005 -0.18696800673937758
-0.9947158926599077 -0.11198791403451988
-0.023714920736718974 1.0007190427559831
-0.6525755036871527 0.7590429579328557
0.03906200300183346 -1.0002375517453266
0.9956291013620219 -0.10355526312579524
-0.8747860287163439 -0.4865700401408699
0.9509909431095027 0.31243755555902464
-0.6306818757547974 0.7773296415256595
-0.14700457724682783 0.9901467842034742
0.9728475318591306 -0.2357300993840156
-1.0009799031493232 0.00634298755886313
-0.9922677648645627 0.1319305984625438
0.3157448164273096 0.949898000260704
0.9303523658460913 0.36938526684828793
0.9885298697976382 0.15751094094653928
0.6302156692654469 0.7777076637222401
0.20925582078808835 0.978883548470554
-0.5438189071056704 -0.8403939530210782
-0.051841286408349216 0.9996566815779944
