1000
-0.8583191486085038 -0.5150623643132675
0.9953204893384596 -0.10648062501248472
0.9474534511526801 0.32300612672033957
-0.883553013487714 0.4704626152594695
0.498977411989522 0.8677687147646191
-0.21236498943461807 0.9782137349589989
-0.7256085840112015 -0.6895601371956321
-0.9820566123429596 0.1938190139110967
-0.9998558194639519 -0.04784705094432943
-0.18610562478843165 0.9835475059305002
0.8791417068760098 0.47865526136368336
0.9986892610428044 -0.06797617139687501
-0.13861276377303763 0.9913563949050817
-0.9998485636467802 0.047998435114807156
1.0008951327817013 -0.014489070843236395
-0.1756433057504908 0.9854696490227588
0.8218836447094505 0.5714090256192228
-0.5112790193337807 0.860578157048555
-0.2618452714741301 0.9661459795531104
0.930102931184113 0.37001288815759
-0.39550161074852924 -0.9195539548581795
0.5055620839394901 0.8639490605832962
0.8296057539794893 0.5601386372712768
0.3333049933912672 0.943879643482392
0.9660056480452595 -0.26236251246063785
-0.3896623888139499 -0.9220435037154192
0.9871702217863529 0.16581903756288877
-0.3551690448125108 -0.9358717591673384
-0.6123547593522388 -0.7918476170947676
0.7139819677786081 0.7015915832498183
0.9987819921965201 -0.0665997902695686
0.9994093822447361 -0.05640821466058859
0.38438202303991525 0.9242572479368187
-0.9987350770467581 0.06729967218646883
0.8592089146325065 0.5135767138568786
0.9851516672296643 0.17741812915993901
-0.9739634557535893 0.23107614947572175
-0.8610050463318029 -0.5105598007982709
0.8228759002648519 0.5699791687099709
-0.298625723613792 0.9554180640934832
-1.0007281383055593 0.02332794897733568
0.866752461750557 0.5007406215290999
-0.07815378955110906 -0.9979443798022016
0.9905969106773167 -0.14394012837480838
0.659895143493819 -0.7526881157513197
0.5644796900143401 0.8266581394756327
0.6924519296092483 0.7228494484887076
0.05322018098637441 0.9995842197312729
-0.6502733003634315 -0.7610161856586564
0.6705833327716892 -0.743181669451564
0.6911351113155003 -0.7241085953825647
0.9287406930046692 -0.37341896732384505
-0.994831590393628 -0.11095542688343195
0.37854311842799226 0.9266639668676079
0.990278633197688 -0.14611375237163263
-0.8705922571813824 -0.4940345349627147
0.7645052272464783 0.6461677471932583
-0.971294615221713 -0.2420491074995001
-0.8851718638879764 0.4674096398033376
0.3378545139096746 -0.9422607534174696
0.42804021496215183 -0.9048660532781384
-0.9459138208898739 0.3274874706756273
0.9945692509115124 0.1132828545778798
-0.7152802000067544 0.700267974048719
0.9920655940347682 0.13344233635710412
-0.7816186508598587 0.6253585248703454
-0.7648746582879526 0.6457304059039558
-0.8562830998175459 -0.518440211564318
0.5879046227048605 0.8101661277801335
0.31039129839111856 -0.9516607808894278
1.0004663454246825 0.03268167181433574
0.7973091429098571 0.6052265118386247
-0.7411440593450405 0.6728346626754266
-0.9550358579250914 0.29984581050480713
-0.8379947338926719 -0.5475087451065508
0.9873028512183295 0.1650275127854657
-0.9777390428085025 -0.21453988945628108
0.19535199388601465 0.9817528194432439
-0.8514605431571721 -0.526323040961056
-0.8668983238278837 -0.5004880579438493
-0.7850118725354667 -0.6210936805171666
-0.9953953432069722 -0.10577859292821948
0.8494970356253706 0.5294863420936443
0.34738485552309367 -0.9387889870216839
0.8142806562122248 -0.5821924191524556
-0.8785197156792104 -0.47979590365375097
-0.4699675111289953 -0.8838164619892626
-0.7320301637632949 -0.6827392176671
-0.5841039654304309 -0.8129105470889438
-0.997391029778246 -0.08492428226302574
0.9582477945930623 0.2894169382699158
0.14645009286551397 0.9902289484254044
1.0002116979165292 0.03971850136817501
0.029573785258408588 1.0005630371073526
0.6542019800299622 0.7576415836824673
0.05028307943964123 0.9997362711845894
0.9799201324191518 -0.20434660280912886
-0.2981483818271606 -0.9555671312963028
0.9350291185283873 0.3573815153362398
0.9615964829846213 -0.27808848216279447
0.7919501637671851 0.6122221313454201
0.4976238280391219 -0.8685456382756698
0.46295065593717877 -0.8875120788853164
-0.15332024792064186 0.9891885065939419
-0.8020760940960608 -0.5988947647789277
-0.8338401773993928 0.5538154553229344
-0.3179296731825643 -0.9491689643630515
-0.9591195265503569 0.28651480553336
1.0002657882791819 -0.03833213792924639
-0.9584698264542992 -0.2886807783290492
0.23458367578368564 -0.9731246061300756
0.87135561148641 -0.492686917150379
-0.621261051828276 -0.7848794209821176
-0.5090949229590914 -0.8618720087212931
0.8591247678620756 0.5137174644159322
0.36684127701585 -0.9313584044165707
-0.9559898470678031 0.296790182289237
0.38276898146338445 -0.9249264331985995
0.7252468999692183 -0.6899405293828147
-0.3728240513041505 -0.9289796697286545
0.8436917599400117 -0.5386884203408551
0.9878452443779564 -0.16174910559213487
0.6607049692376273 -0.751977355792517
0.2182920798092761 0.9769081675841085
0.14818419367241772 0.9899709312629615
-0.8353526254389276 0.5515314960836694
0.20456262231576158 0.9798750601741526
0.005916881463351786 -1.0009825125913783
-0.921145706131964 0.39178002510930215
0.5956619648117211 0.8044798466566083
-0.8468716585495838 0.5336753638172529
0.5576774167997883 0.8312622322657967
-0.9391438689485178 -0.34642429680438036
0.7691704851718308 0.6406073405296964
0.5407428576416229 0.8423764965320267
0.27047069888231506 0.9637668810693342
0.49640209223569076 -0.86924447816712
0.9802932704139052 0.20254901624350133
-0.14434155076928387 -0.990538498354061
-0.1286006322798366 0.9927048289281293
0.0677651465645311 0.9987036021318275
0.09820495455630332 0.9961710630712952
-0.9565375880408474 0.29502007163072486
-0.26582872059821006 -0.9650575585451464
0.8221441760293764 0.5710341091572181
0.4175530290806718 -0.909752970814361
-0.9928431023004717 -0.12752871917483974
0.9973024914669659 -0.08595778332287497
-0.32739123279763055 -0.9459471341926291
-0.7757970967314725 -0.6325660951260496
0.08700716083156074 0.9972114890854552
-0.1426443509817778 0.990784330282321
-0.5814137860469705 0.814836799239288
-0.86468592156252 -0.5043007605106059
0.399810045647559 -0.9176889055662037
-0.8568954388089471 0.5174274895561908
-0.8829884572554905 0.47152135089894803
0.472119716854615 -0.8826686654442414
0.7287847575083838 0.686202431665355
-0.9694686749779957 0.2492618868507766
-0.9959853328990571 0.10007105800357234
-0.7666525840288838 0.6436185325189412
-0.9014602201327246 0.4351671765175535
0.06263975267254843 0.9990381681322902
0.9668435194410931 0.2592578039611551
0.4951655197945239 -0.869949485893646
0.7829653594310896 -0.6236715849956166
0.2695966440183261 -0.9640117476120589
-0.5903568717502803 0.8083809522602713
0.0036173348311263945 1.0009934639590408
-0.9218336108059372 -0.3901586779612724
1.000580129048354 0.02898974566254494
0.2994974843735402 0.9551451496259199
0.6690741985970382 0.744540607872889
0.9985968929240199 -0.06931987768666154
-0.574858751950593 -0.8194744750788805
-0.05225222295272702 0.9996352860901312
0.6402867575750611 -0.7694373711186732
-0.8828794848431994 -0.4717253599744312
-0.08693680996394165 -0.9972176247305767
0.7298970742731057 0.6850191683212671
0.019917297376037122 1.0008018291676102
0.8380226992198367 0.5474659401207522
0.7333341840984569 0.6813383699988212
-0.03207083970145023 -1.0004861124677562
0.7312842281833954 0.6835381317894529
0.1335222280158032 0.992054844565408
-0.9776315376525945 -0.21502924588767902
0.2581187531197425 -0.9671482354261467
0.678476998921664 -0.7359823108840675
-0.12840817007375735 0.9927297426078807
-0.9952845627813252 -0.10681591215351036
0.07084277088223055 0.9984900108732825
-0.9076712107202697 -0.4220592058344419
0.2560403649936162 -0.9677005381283694
-0.5585001905794292 0.830709658739286
0.4111887368170797 0.9126471512664543
0.3949394651551851 0.919795531008352
-1.0001388576998471 0.041512230954803477
-0.9827814685878252 -0.19010940271422014
0.1341105888417416 0.9919754785076703
0.5727696629225836 -0.8209359982578117
-0.7950526270484894 0.6081877343578179
-0.16110429547349878 -0.9879506090792128
0.8913699217182574 0.4554784985660548
-0.9057220030123195 0.4262260588694124
0.8978990302524117 -0.44246845251585865
-0.30093102345217676 -0.9546944637547793
0.9964547425677868 -0.09528350336845193
-0.11406313451766605 0.9944800658354117
-0.9566612995167915 -0.2946186654080896
0.18832976383238526 -0.9831240512035284
0.9875278840936588 -0.16367552699625332
-0.062474899156713455 0.999048490802803
0.9516632655069603 0.31038368044185033
0.544677356728495 -0.8398378278377675
0.9926875942357439 0.12873360187010552
0.563649038099803 -0.827224734790472
0.1537124311860403 0.9891276401450304
-1.0008783724979122 -0.01560395673957911
-0.6437659980835228 0.766528759872404
-0.8075098327183896 -0.5915478594865493
-0.07825940885037862 0.9979361026270115
-0.942979775577113 0.3358424375395963
0.7911845050485372 -0.6132112841191861
0.02486574512690979 1.000691108544132
0.9988510103660568 0.06555653354706344
-0.4973585505199835 0.8686975723602899
0.9563562199789116 0.29560747708345886
0.9887207057149899 0.15630856051557873
0.10007335665528617 -0.9959851019406585
0.04896694661923747 0.999801599387993
-0.9669611880745431 0.258818586576521
-0.9783081158926822 0.21192977699820803
0.33857633106065194 0.9420016284728535
-0.769207473786124 0.6405629260826522
-0.9732314233961619 0.23414012153896382
-0.9607374618148495 0.28104186425790817
0.7308488770334675 -0.6840035957061334
-0.33452213386155155 -0.943448960970711
0.8454205920263904 0.535971102371898
-0.9847574149314 -0.17959352365167966
0.39159635982336405 -0.9212238006983376
-0.5232685302741249 0.8533411071926379
-0.8905096623380475 0.4571581140946494
0.43756825229194835 0.9002971868145373
-0.7627621269541008 0.648224450082266
0.048536546535785 -0.9998225860873415
0.43994359676472095 0.8991388278045391
-0.02774045757121076 1.0006155440596254
0.9870392576890216 0.1665968300439875
-0.2950869260728408 -0.9565169659033141
0.9942663856912117 0.1159109756862343
0.14638919918480575 0.9902379523942875
-0.8670629923676887 0.50020272616849
-0.947545605723703 0.3227356891849748
-0.47144606290943086 -0.8830286573872882
0.6704376925312452 0.743313056816157
-0.802677807485581 0.5980880682392355
0.5521142318758857 0.8349675891674482
0.634627087574028 0.7741120459709351
-0.9948046555866689 -0.11119666012560402
-0.9900603624680787 0.14758549613555005
-0.5045504251877504 0.8645402642114828
0.9995807171092054 0.05328592669220238
-0.1631504853827038 -0.9876147625058003
0.9038177962242637 0.43024921990436593
-1.0006457841598 0.026627328878789068
-0.9475046104250124 -0.32285602553358894
0.07138510597920505 -0.9984513842167468
-0.05872150602128564 0.9992761303716766
-0.23243389694761918 0.9736403255564878
-0.6570541279379856 -0.7551694332794816
-1.0009187538205722 0.01275336231246108
-0.9993298875795769 0.05779944454915087
-0.9392954407653696 0.3460131138517586
0.3551912882609249 0.9358633173404888
-0.7773950675598575 -0.6306012281415289
0.14497483500872216 -0.9904460092373505
0.9461299868577733 -0.3268624297292513
-0.7922154904571549 -0.6118787597880233
0.10829114682286235 0.9951251315888818
0.9971256368305902 -0.08798559186133864
-0.7982699103097742 -0.6039587322773178
-0.7968670392353898 0.6058084860582788
0.8943560734318303 0.44958671456749977
0.9395259928310693 -0.34538660772356755
0.9262696505363521 0.37950696238048676
0.29714777796821523 -0.9558787569815287
-0.9953619795387155 0.1060920811784266
-0.28265574979976194 -0.9602638840991233
1.0002416218954158 0.038957641458745314
0.620296162031934 -0.7856422031487695
0.666224506638137 -0.7470916321006219
0.6633243484848863 0.7496677988996867
-0.9930204913896354 0.12614001617364257
0.4638595221951788 0.8870373969956737
0.8250007176490042 -0.566899299592642
-0.025231389549505767 1.0006819559587357
0.44537170508338836 0.8964625169582471
-0.11493725665088499 -0.9943794180460337
-0.9803419679318989 0.20231318768536022
0.2224249547107808 0.9759754810044702
0.8113761899388132 0.5862334674857577
-0.7135416917780874 -0.702039353665067
-0.13386957183242845 0.9920080331012457
-0.14544123984296659 -0.9903776278536085
-0.9573402343006112 -0.2924049859172219
0.9933172342912249 0.12378154975614027
0.7910365907912582 0.6134020802290644
-0.47699662538060117 0.8800427372437764
-0.3792333547139945 -0.9263817046295602
-0.021478474859148625 1.0007695414618318
0.9985283710940748 -0.07030001507975374
-1.0008495895573404 -0.017352206859738893
-0.08982417742606298 -0.9969616929199091
-0.2456616332953289 -0.9703872226728211
0.3650087763496469 0.9320781046606199
-0.35291246072167115 0.9367250370665743
-0.9893833233566566 0.15205801348083461
-0.9922393090306887 -0.13214444223765687
-0.9226780711044064 -0.38815741278900256
-0.8830000517272631 -0.4714996380164576
-0.974859771466981 -0.22726510065416022
0.8008920846383558 -0.6004772008691327
0.8023966121094197 0.5984652678939066
-0.6367096984261486 -0.7723999999547404
0.8596362992679082 0.5128610269663463
0.9216647328840951 -0.3905574479608468
0.5575945114762924 0.8313178458156151
-0.7853062132497248 -0.6207214765346676
-0.9937476745407106 0.12027701087460635
0.9476467270593952 -0.3224386464020962
0.8514491602814077 -0.5263414551943306
0.8082021368583137 -0.5906016474559275
-0.9373754168128128 -0.35118133201382673
0.6672622543032137 0.746164917415844
0.5920245164746177 -0.8071604375172232
0.6338578225935863 -0.7747420607769516
-0.8375359945288862 -0.548210231451867
-0.9694190632529569 -0.24945476504119823
0.9906040725918271 0.14389083141217243
0.9048904032252325 0.42798873600934434
-0.6538923133217578 -0.7579088616573368
-0.05413914045215678 0.9995348685619234
0.9159669294316387 -0.4037395004053669
0.4748798043106535 0.8811867971422832
-0.4104606703009863 -0.9129748288622557
-0.37206706310250526 -0.9292831110884757
0.7233974238642444 0.6918794455297648
1.0009482791360482 0.010175583255204167
-0.9950919525053205 0.10859560791831825
0.3297772398806426 -0.9451179672700678
-0.40160813393782474 0.9169034337131573
0.5564670149798282 0.8320729903316413
-0.2545617575807707 0.9680905492656092
-0.700317938885876 0.7152312804083995
-0.6758679643906703 -0.7383789641575738
-0.9311221198968404 -0.3674406045047472
-0.3705183862335078 0.9299016751586788
0.9929493544820747 0.1266987743967211
0.07428019521811649 -0.9982401778121127
-0.806351680587385 -0.5931255914339726
-0.9607890183171712 -0.2808655590867747
0.7086042304742081 -0.7070226619805446
-0.9349266817237782 0.3576494090599968
-0.6040208157136081 0.7982229351407208
0.08621653492657998 0.9972801557763263
0.6109104136339718 0.7929624622348587
-0.33592160630138485 0.942951575861612
-0.5204916857848116 -0.8550376629300519
-0.44366724613385694 0.8973072911260666
-0.789664022975033 -0.6151680508762516
-0.9184134043449159 -0.3981429626648974
-0.10702909314783897 0.9952616606802209
0.6976067325839748 -0.717875927060875
0.948692193053555 0.31934953082670436
-0.4691496899695473 0.8842508515130068
0.22732266309434154 -0.9748463503771743
-0.8936211031318771 0.45104581146194767
0.41796882698345705 -0.9095620152964133
-0.21552617838072233 -0.9775221053421764
-0.8590868030332507 -0.5137809502639319
-0.9636856984329375 -0.2707598098607354
-0.7606233598035226 0.6507327443130558
-0.860602537122691 -0.511237980883646
0.41982720715467464 -0.9087057368217205
0.30976804742725905 0.9518638331153797
-1.000812312652342 -0.019383365122459077
-0.33841667282420385 -0.9420589979160519
-0.9996851512196017 -0.051289359822892774
0.9945033438746375 0.11385999746251778
0.9454819538125678 0.32873222387646983
0.8745252597335728 0.4870385714580798
0.06512744384870324 -0.9988790797978172
0.79282875606314 0.6110839251357985
-0.9597053473299559 -0.2845463869148378
0.7946337198447022 0.6087349598025164
0.3486522534949784 0.9383190321702279
-0.9576465032074367 0.29140036872757863
-0.33569461156272057 0.9430324107726914
-0.3158879205662672 -0.9498504206664962
0.5911805795801759 -0.8077787582792998
-0.8688892145161178 -0.4970236743833876
0.9729220743346123 0.2354222531377079
-0.04933538621703051 -0.9997834863943376
-0.39559288326883174 0.9195146930348925
-0.18235293439423667 -0.9842501751677829
-0.5525257131793873 0.8346953553696159
0.9095137971079923 0.4180737409479358
0.06492970192671525 0.9988919530197988
0.9053872513472389 0.4269366757469916
-0.7630722398561813 -0.6478593649557521
-0.06857404169829608 -0.9986483869736937
0.6545075186856086 -0.7573776521551238
-0.7975481936815726 0.6049114635674057
0.678568937692229 0.7358975450422699
0.8096818847720446 0.5885713597109439
-0.3908204223801528 0.9215532526395851
0.9829711188873376 0.18912635837813735
0.9283767202251869 -0.3743229425829053
0.8718642381174264 -0.4917862851807883
-0.08569063038842024 0.9973254814069653
-0.9938688279018957 0.11927176080243043
-0.006040987233396519 1.000981771299181
-0.6727682976106713 -0.741204302287864
-0.39000905670151753 -0.9218969224868866
-0.8238204791111164 -0.5686130654470847
0.23102701015553226 0.9739751129154152
0.5254921771782081 0.8519735745458933
0.020243313195531586 1.0007952878940167
-0.9776041511255228 0.2151537210976052
-0.9932267867238687 0.12450522131291798
0.9103693551032306 -0.41620744501862067
0.9123035409511568 -0.41195054213822907
0.3015261079502313 0.9545066821266289
0.6939266328755949 0.721433869586076
-0.17599900546571873 0.9854061853241424
-0.13986311916222088 0.9911807644916312
-1.0009837462585014 -0.0057043602880666976
0.08336012993385808 -0.9975229765461096
-0.342267714030311 0.9406666848211779
-1.0009242916748597 0.01231106555828291
-1.0003291380333539 -0.036641719411716796
-0.3485335185177814 -0.9383631421095009
0.9448653249651673 -0.330500404959614
-0.060239972589149225 0.9991857413426488
-1.000907060114561 -0.013640271728465202
-0.5832786980356267 -0.8135028951502657
-0.4207014047823292 0.9083013420744103
-0.6674568462653662 0.7459908567626625
-0.18008271724882083 -0.9846680734888693
0.8722611045458054 -0.49108203540399603
0.7674007535595609 -0.6427262896725309
-0.09740381848188863 0.9962497157566206
-0.8302406895898007 -0.5591971006268293
0.023063644616285253 1.000734264576273
-0.9690478068285466 -0.2508931009031213
-1.0009469724609912 0.01030331602814614
0.037978689769899265 -1.0002792705656565
0.8414901171818402 -0.5421211881906968
0.7886198881505856 -0.6165060194461671
0.41910682604102334 0.9090382106192343
-0.12886245195133264 0.9926708762107865
0.49920668869098894 -0.8676368376032556
0.5110475510507781 -0.8607156328108618
0.8844246408278249 0.4688219861488717
0.004819526139765754 1.0009883976189675
0.6396023611172589 0.7700063763717984
0.8915595035902841 0.4551072967530251
-0.9427598273604613 -0.3364593703781679
0.7424970838483997 -0.6713412548597191
0.19247872660732757 0.9823201819181064
0.5196685474327232 -0.8555381936589175
0.29373872696615516 -0.9569318472494802
0.25237971570112794 -0.9686616948670046
-0.5201503102571762 0.8552453769178546
-0.7202856258927897 0.6951184195029162
0.9497524460662914 -0.31618237014592737
-0.7267663937258483 0.6883397481990454
-0.41306091695066777 0.9118013374018891
0.8757853083044511 0.4847691138656397
-0.09937125084098293 -0.9960553973079501
-0.7751218687655135 -0.6333933126908257
0.019376036869713467 -1.0008124545564085
0.31668949567209986 0.9495834683328006
-0.8961634643297797 0.44597314403498306
-0.9714051560634767 -0.2416050967452726
0.7394755922409681 0.6746679542410988
0.8039665972899912 -0.5963545174155663
-0.4463677417846532 0.8959669854933657
0.9395973397519577 0.34519246679359084
0.6090709592413062 0.7943762122627258
-0.10637481543054493 0.9953318032908008
-0.014033023766602117 -1.0009016306530656
0.46378710492069347 -0.887075262482999
-0.9336755588622511 -0.36090296588316234
-0.6582499484308918 -0.7541273137811203
0.9643740853954675 0.2682976396050764
-0.9770607135975867 0.21760827636874122
0.9482543105076126 0.3206474116591809
0.8417383531784451 0.5417356779726059
-0.38764164706122517 0.9228948767133017
-0.9448668041345987 -0.33049617614197896
-0.6291892755081495 -0.7785382813873252
-0.6857823683376718 0.7291800486006004
-0.4277624145934122 -0.9049974125163087
-0.5067070257421302 0.8632780491032794
0.13324481901647328 0.9920921419935083
0.9860430258382787 -0.17239533403109128
-0.7548821750294603 -0.6573841356640662
0.5657533553702855 0.8257869827547921
0.8569458882786195 0.5173439325655302
0.3155760028852613 -0.9499540969978294
0.867507179425493 -0.4994319709882674
0.7680882851597239 0.6419044992834951
-0.2475227889039186 0.9699141554659495
0.23832717345979743 0.9722145639675758
-0.023264834531702118 1.0007296075735006
0.9220329856173209 0.3896872764584561
-1.0009945540003389 -0.0033019481617213176
0.5987857191190488 -0.8021575048449548
0.771831098850793 0.6373992115203606
-0.786772439788582 -0.6188619619827366
-0.24659426389714517 -0.9701506424329291
-0.7442731258179495 -0.6693717309426644
-0.7902846467320783 0.6143705536071484
-0.947934376625566 0.3215920048936223
0.647614479984129 0.7632800831378257
1.00070439122416 0.024325323937892832
-0.9305644536057522 -0.3688506441439784
-0.8147777054397818 -0.5814965956205453
-0.5380765744346377 -0.8440821050375881
-0.5375109212947196 0.8444424252066578
0.9181151972531773 -0.39883014501509223
0.8168084551001518 0.5786406032045309
-0.5348006595828725 -0.8461614825254837
0.9876856909945095 0.16272054512168505
0.49521718092981787 0.8699200789221525
-0.7984217503458945 -0.6037579884147275
0.5259022309647955 0.851720519575671
-0.42265117373870603 0.9073957159570979
-0.32625317353628475 -0.9463402489366618
-0.026329907304934754 1.0006536543586466
0.7493437874004116 -0.663690355726529
-0.08621258517465577 -0.9972804972310964
0.4295446713807487 0.9041528495162777
0.9999703485117668 -0.04539055074853946
-0.8354156473964471 -0.5514360308187842
-0.9013535702826277 -0.4353880353647307
-0.9172793559894622 0.40074877800881387
-0.983468409066262 0.18652315772760109
-0.7280543491742368 -0.6869773392539803
-0.11067208908909325 -0.9948631507381585
0.4762052081469459 -0.8804712373119998
0.7893413106574038 0.6155820784344294
0.05425917792471707 0.9995283595831255
-0.380835461479083 -0.9257242306864469
0.8362998966387875 0.5500940673029963
-0.97666892606574 0.2193599983077911
-0.5027003054985647 -0.86561735359895
-0.4165454448690852 0.9102147506818464
-0.04032240266926856 -1.0001875343369249
-0.8475956810173204 -0.532524705080229
-0.9748220578065433 -0.22742681375294377
0.26301136016784077 -0.9658291900862503
0.48901491982631995 0.8734216668867666
-0.38833385447350544 -0.922603824764319
-0.9485999867475352 -0.31962331758270685
0.39143730384126546 -0.9212913964438617
0.9035302009062333 0.4308528473276482
0.430167585496815 0.9038566525660141
0.05615439636513213 0.9994236758096475
0.9328895214196576 0.3629299392794731
-0.9630013962280811 -0.27318365775200837
0.7753074560632097 -0.6331661303108326
0.9824376438970548 0.19187828395627254
-0.4431224136281621 -0.8975764739231705
-0.9001178336196255 0.43793707949877025
0.35733291323556693 -0.9350476934994186
0.8957421080929449 0.44681884001148275
-0.9874946129695007 0.16387614028959796
0.9994586514639341 -0.055528407269563124
0.5502804246781132 -0.836177286355038
0.19210316897838453 0.9823936952507697
0.7889856677032473 0.6160378366292619
-0.6209023148612299 -0.7851632412434794
0.8542424004809075 -0.5217958616361544
0.29767443489184875 0.9557148794550697
-0.3914445153115331 0.9212883324087627
-0.9806615325201549 0.20075845844003967
0.21963727393317503 0.9766066085682624
-0.8432169734997973 0.5394313075840539
-1.0009966505054517 0.002589532171352968
-0.9440741586786551 -0.33275363696763627
0.29177810040811974 -0.9575314825749748
-0.908267154134903 0.42077520925036
-0.6775510317382256 -0.7368348521822689
0.5063456247676866 0.8634900742212508
0.4044326620949208 -0.915661084589061
0.6461296184147396 0.7645374524555504
0.7432992857195068 0.6704529602059126
-0.8991998848867562 -0.43981878884336506
-0.409087428691603 0.9135909783302879
0.5839404510256146 -0.8130280128359673
-0.994366808656133 0.11504629434717698
0.4029423703102167 0.9163178739983108
-0.4802204069922938 -0.8782877436854938
0.6772594924662441 -0.737102828555396
-0.6663957488930565 0.746938890309818
-0.9889499224542252 0.15485170608611962
0.9056985346607249 0.42627592509244017
-0.9884507062580643 0.1580069659791425
-0.5131782117491339 -0.8594469867222533
-0.6679308989520146 0.7455664385050829
0.03421411180079311 -1.0004151111182211
0.6734391235362767 -0.7405948601568143
0.8580984069192168 0.5154300379709182
0.10210981812125478 0.9957783814902009
-0.17062772863495754 -0.9863504337814605
-0.9856630764319589 0.17455457530149784
0.7860025081202096 -0.6198395415175931
0.03395496784033621 1.0004239402168271
0.9975050759725644 -0.0835740594261665
0.9766800171174195 -0.21931061115121
-0.9556870869770789 -0.2977636508797965
1.0003573761828157 -0.035862514086892075
-0.8789813828208818 -0.4789496097234973
-0.9699426609245911 -0.24741106385633516
-0.20286088789104884 0.9802287795020381
0.36015783780035515 0.9339632390361909
0.8934506969445364 0.45138326522958533
0.7393956832917467 -0.6747555287135713
0.013043212619930732 1.00091501867269
0.9262112991708659 -0.37964935043829173
-0.4580416630918282 0.8900555234770875
-0.3942138789320892 -0.9201067425344279
-0.2821594551087857 0.9604098301728867
-1.00067043033831 0.025684428094497305
0.3809650030572255 -0.9256709277305883
-0.9428240332542115 0.3362794110828991
0.3512707626535958 -0.9373419073661228
-0.7915703644847363 0.6127131123694854
0.8841202755687622 0.46939571613747816
-0.9680637554024987 -0.25466363202469855
0.7848953941975393 -0.6212408712950955
0.8272364700659198 0.5636318147451195
-0.34629837430136734 0.9391903087001218
-0.9092485583777449 0.4186502825605074
0.9817777158117876 -0.19522683405564062
-1.000115883200184 0.042062098981337975
0.918583421927047 -0.3977505461477039
-0.9728193887856706 0.23584621430642938
-0.34790934723334366 -0.9385947400809727
0.8221119154587521 -0.5710805533904493
-0.9674049946732521 -0.25715477106451856
0.9911404469174997 0.14014854435269386
-0.3712021172748774 -0.9296289518569482
-0.03107144776988237 1.000517648586712
-0.7972683420266321 0.6052802580640684
0.857634368471003 0.5162017919547971
0.9796570137505858 0.20560431758424869
0.9987947735738507 0.06640783298347026
-0.7555820436245446 0.6565796032105756
-0.7010689246419638 0.7144951804605547
-0.02747371012291443 -1.0006229036215801
0.7149746678969485 -0.7005799199703401
-0.905720806790658 0.4262286008076881
0.22402432944306194 -0.9756096042052816
0.5493066527090874 -0.8368173046068884
-0.9218757725448247 0.39005904680558645
-0.790936844016544 -0.6135306909822436
-0.9646356348128765 -0.2673557406325117
0.2733911533125859 0.9629425098573716
0.9213116323489886 -0.39138967295834737
-0.6500280996366313 0.7612256365117965
0.7592174019032925 -0.6523725443695608
0.8389102329046072 0.5461049543155031
0.45072057184609543 -0.8937851901406337
0.9966559929672293 -0.09315488007885664
0.9970565685407917 -0.08876485300873092
0.6343449084150189 -0.7743432941324806
0.4529744323620121 -0.8926450378657314
-0.7322832387847115 -0.6824677708104414
0.44284554101690854 0.8977131094071432
-0.9093863253352488 -0.4183509427421587
0.9624973033899853 0.27495443434686895
-0.9785858049521317 -0.21064382817018074
-0.2269759780567272 0.974927128243538
0.1945388368602047 -0.9819142737291675
-0.9942634291996255 0.11593633320146575
-0.8943386566716744 0.44962135979366535
-0.8721405992084309 0.49129601587267036
-0.8291890198829308 0.5607553560204172
0.7327184617689909 0.6820004807790708
-0.40980873358365894 -0.9132676507347436
1.0003900209695766 0.034940033550209394
-0.8620922075338006 0.5087219532411574
-0.2813531739142313 -0.960646340506426
-0.66235732091367 -0.7505223377302408
0.4996641438696395 -0.8673734739609116
0.9400204310418002 0.34403864495720254
0.2193046372424722 -0.9766813585217788
0.8062888169952181 0.5932110447289831
0.899946338867352 -0.43828938745907287
-0.5287582293731118 0.8499504308312407
-0.9591210817241623 -0.28650959947665405
0.9564642651871481 0.29525770001815155
-0.9941547870004648 0.11686427804962682
0.6523373537548229 -0.7592476387162195
0.16869389942302 -0.9866830130783928
0.8025755559348219 0.5982252727993957
-0.8345682713046085 -0.5527176499186879
-0.537915748042292 0.8441846054081426
0.9006955738135851 -0.436747619698856
-0.7148299194250303 -0.7007276120539313
1.000977442392615 0.006720105738698973
0.9770358328356362 0.217719960856084
0.5732755530000051 0.8205828052869121
-0.9451940676697416 -0.32955906062787604
0.6741554693939562 -0.7399428377153295
-0.10064100462287295 0.9959279031076993
-0.6757662615662374 -0.7384720439724117
-0.8512520743177168 -0.5266601427579122
0.9524466389528179 0.30797142716083326
0.9214018817579092 0.39117716228453814
0.9951571194074323 -0.10799679482605648
-0.6133618131006704 -0.7910678139261249
0.9609456146042334 -0.280329316648994
0.2716852308752506 0.9634252100315113
0.4222457193064069 0.9075844602721088
0.36693010076997046 -0.9313234138305228
-0.9911957393782144 -0.1397569541685664
0.7085020004903719 0.7071251058342796
0.7041223915036491 -0.711486231618843
-1.0009826737323244 0.0058895575119804035
-0.8713882163106692 0.4926292484971941
0.7415155946302626 -0.6724251801651453
-0.9846844487940908 -0.17999315626733559
0.002303680791505186 1.0009973491747173
-0.9298937080956943 -0.3705383807975089
-0.9979371010009874 -0.0782466768990548
-0.5547423466413404 0.8332238167760563
0.7786473329859299 -0.6290543146930148
-0.7952499942439875 -0.6079296395594953
-0.6895343367430238 0.7256331018168606
0.2383061340159242 0.9722197213029493
0.1182829908007883 -0.9939869888923197
0.8793111037401261 -0.47834400052610787
0.526979701171429 -0.8510542841401314
0.6551507840423004 0.7568212802034301
0.8622035264885044 0.5085332623445461
0.930498448910472 0.36901712233337614
-0.5141688603692862 0.8588546926148505
0.6387554771303594 0.7707090504437891
-0.9223537456314125 0.3889274584285656
0.6137551767433014 -0.7907626590961404
0.3516029375640587 -0.9372173570182771
-0.25197607632943836 0.9687667711877926
0.34112789376603697 -0.9410806342151279
-0.7469195517915268 -0.6664174241056012
0.46531551375308305 -0.8862744905844376
-0.013536624402078784 -1.0009084672435322
0.9462243096107685 -0.32658927707691865
0.43739211894344937 -0.9003827709847404
0.5816771906016677 -0.8146487868607866
-0.9001760274953536 -0.4378174499979236
-0.21324957519195287 0.9780212772125418
0.48072812992416675 0.8780099459001666
-0.5544368498740465 0.8334271290891268
-0.8035077047587137 -0.5969726697206363
-0.0071288167130780095 1.000974615048889
0.5102021217308217 -0.8612170428999695
-0.7388408412499011 0.6753630218638998
0.4050603330137861 0.9153835953406422
0.9963299241837339 -0.09657992636171896
-0.9730426887324642 -0.23492323406657029
-0.785603121735676 0.6203456577740838
-0.9866938018329873 -0.16863078433182252
0.9780951221028097 -0.212910620023262
0.6535081678547495 -0.7582401166827883
-0.9657033576751586 0.26347300615988106
-0.9223256844246521 0.38899399976168925
-0.9817264709742236 0.19548436302808672
0.5562416699897722 -0.8322236505693583
-0.9809978680367933 0.1991084702047262
-0.9948269439980681 0.11099707876995986
-0.6312312984338755 -0.7768835484662316
-0.922925295290253 0.38756921873827804
-0.8705667837569615 0.4940794217725121
-0.9407278140815124 0.3420996635681178
0.8192898070689094 -0.5751219105833033
-0.33899034228113956 0.9418527208858696
0.6910602238305988 -0.7241800653423172
1.000799834456888 -0.020017276314865235
0.702477146728519 0.7131106914947769
0.26079965298228724 -0.9664287563003899
-0.5259142135316778 -0.8517131207192694
-0.8421582618687112 -0.541082675721808
-0.7392564895825402 0.6749080252968545
0.9764618464612738 -0.2202799636949301
-0.7706422883105335 0.6388360223621589
-0.8677783632577952 -0.4989606319757321
0.958660859503655 -0.28804575410117317
0.7045140992770329 0.7110983644474729
0.8671467321606254 -0.5000575415921136
0.9731585662572118 0.23444275403647688
0.10990691284616268 0.9949479737697976
-0.43578399678892393 0.9011621985761892
-0.958159882324023 -0.2897078526806174
-0.9999410757015124 0.04603091488230867
-0.5768803273765828 0.8180526192647308
-0.10614235054319318 0.9953566202227049
-0.9998535922207382 0.0478935707928089
-0.4384960938553594 -0.8998456399147533
-0.03867330339245743 1.0002526558848595
0.39216111120750313 0.9209835301765695
-0.9204060623814518 -0.3935145236601451
-0.4730221617241052 0.8821853742371013
-0.7618904029113941 0.6492488074317222
0.4510704120269516 -0.8936086858316878
0.9117503569135641 -0.4131734341266249
0.15235928015370714 -0.9893369748225547
0.11872497554059595 -0.9939342936949529
0.8056282316131377 0.594107862620828
-0.8743550328848804 -0.4873441047851915
-0.3091974146251536 -0.952049346824586
0.5718631208625811 -0.8215677519214766
-0.9289749218599488 -0.37283588152872577
0.9129057205992446 0.41061435106091204
-0.9984798973781416 0.0709851712101618
0.8239950669974347 0.5683600351571992
0.9947158074972434 -0.11198867047655689
-0.9949652626875133 0.10975028949924286
0.20401696474352954 -0.979988815291704
0.8818522069658238 -0.47364299326550363
-0.6474939861433407 -0.7633823012804314
0.36518231068891116 -0.9320101286788184
0.6342732909117477 -0.7744019579236493
-0.9923329413096972 -0.1314394674047536
0.9567361307836951 0.29437556972861095
-0.3439135825286113 0.9400661932823327
0.3798662205980544 0.9261223755252598
-0.26104756902539833 0.9663618197683153
0.5525327012820612 -0.8346907295603255
0.2574336152599963 -0.9673308295170625
0.28352745390519307 -0.9600068660598416
0.9964490782218549 -0.0953427213310788
-0.009328261620070603 1.000956534288651
-0.9734823616940812 0.2330945976862488
-0.7036980106958143 0.7119059697338924
0.7458975843099495 0.6675610786441807
1.0000886173858556 -0.042705472427404
-0.8409808919904577 -0.5429108023487229
0.6499439045546009 -0.7612975245804493
1.0004592080174661 -0.03289943909953872
0.993078108139938 -0.12568560431967432
0.9828784954966693 -0.18960712826843806
0.6037946533824512 -0.7983940233661357
0.37799344522398154 -0.9268883187135896
-0.6943250091652142 -0.7210504709434182
-0.7585733225508215 0.6531213626227574
-0.729024774467168 0.6859474310857174
-0.08935153523744853 -0.9970041640588624
-0.8654442156475318 -0.5029983196813169
-0.9454721317995028 -0.32876047206211306
0.7963882271575228 -0.6064377887672385
-0.8438115904584934 0.5385006962000214
0.8301554010730944 0.5593237077660572
0.5517342025734455 -0.8352187556027727
0.27918335019756435 0.9612791774362244
0.8862277883540352 -0.4654044554461371
-0.23496669290512914 0.973032195369314
-0.44237047676981495 -0.8979473042904281
0.9189583732593042 -0.3968834945127014
-0.32208240235889224 -0.9477678650865541
0.9967863295344852 -0.09174973162450485
-0.24963794209033466 0.9693719089538869
-0.38637461012989754 -0.9234260450339105
0.9906571333593792 -0.1435250644458212
0.20873172531893197 0.9789954376019236
-0.8327796392429284 -0.555408923643128
0.470934971428907 0.8833013374184682
0.8270399885613035 -0.563920080614726
0.9670328827480923 -0.2585505824474475
0.9873610923033204 -0.1646786974857227
-0.42499745416420304 -0.9062991580896157
-0.9914600733116713 -0.13786922437155977
0.8345637742554409 0.5527244401150663
-0.5791824718490372 -0.8164243163348573
0.33808477777441603 0.9421781588623372
0.5426822935834514 -0.8411283660839198
-0.6985877661409786 -0.7169212878678924
0.30166654615554034 0.9544623067102165
-0.7958532338906193 0.6071397121798598
0.9931819198347323 0.12486262096158128
-0.3600427710832347 -0.9340076032831346
-0.3019049295092153 0.9543869307246593
-0.9517813462629408 0.3100214007224404
-0.4524247874978582 0.8929237434728219
-0.8285493957087753 0.5617000078962285
-0.7869978373736023 -0.6185753017776194
-0.13017296132431383 -0.9924998741259662
0.6201166307207059 0.7857839170558275
0.34731190670762224 0.9388159774200244
0.8145184320991954 -0.5818597114173386
0.38056250880287806 0.9258364741646655
-0.5693862109183616 -0.8232863067099021
-0.5110707336349978 0.8607018677926668
-0.9574264502808735 0.292122563836767
-0.6834995327273808 0.7313203051751346
0.8518291547194137 -0.5257262511707107
-0.8239858471059562 0.5683734017079614
-0.8192473552012934 0.5751823806373818
0.025036902932659658 1.0006868408705796
-0.10367806250226014 0.9956163213586735
-0.3380447607790736 0.9421925173285017
0.9983330955355835 0.07302075292914624
-0.9710220271201325 -0.24314033570658047
-0.7107235277627296 0.7048922379232875
-0.8116547626633533 0.5858477159176227
-0.0006975384002206176 -1.0009997569630975
-0.8802196548163269 0.47667007381943577
0.1436157724591023 -0.9906439874652121
-0.9737236989744276 -0.232084377017408
-0.8887515926974267 0.4605666145931415
0.9443863904748592 -0.3318664573075545
-0.31007386247035457 0.9517642564273548
0.5379756246902013 -0.84414644892885
-0.2335294152009643 0.9733781445234404
0.7850191455765331 -0.6210844878744677
-0.051360642777898945 0.9996814914628764
0.9214581110163449 0.3910446900831023
-0.858839392787357 0.5141944159524137
0.29269357730383544 0.9572520408988866
-0.23089215442625366 0.9740070908491391
0.7029787146242752 0.7126162549263116
-0.3644050534282582 0.9323143016364965
-0.8159208924303595 0.5798914530286212
0.2641392271020874 0.9655213455464938
0.9989823985427518 -0.0635229675138874
0.8340686552190364 0.5534712986064481
0.39496522185953065 0.9197844712330447
-0.9597359798558558 0.2844430504865966
0.6713470911568211 -0.7424918068203008
0.4816694022490401 0.8774939241596219
-0.8961238887031989 -0.4460526606752353
-0.8785240721291311 0.4797879267860428
-0.34569684660492844 -0.9394118853023995
0.9890758732405087 0.15404517835208262
-0.19354583375955173 -0.9821104877936697
0.525571981690566 -0.8519243464427175
0.9617602800043075 0.27752146548697076
-0.12937732366356836 -0.9926039029349282
0.40014603351236805 -0.9175424523499275
0.3528791715529946 -0.9367375781317157
0.9996775752226696 0.051436811690885396
0.6860634557196545 -0.7289155882034666
-0.08917614287369978 0.9970198671752583
-0.9661367769019471 -0.261879224677173
-0.7461181506784018 0.66731454744239
0.995135478421684 -0.10819602389388451
-0.714542673899349 0.7010205183707312
0.9995698713297224 -0.05348899260485397
-1.0006772440280625 -0.025417578256029815
-0.9967357634886116 -0.09229744190807564
0.8244831765269168 0.5676517344499925
0.254253492442599 -0.9681715558622559
-0.20955987010827287 0.9788185025019724
-0.35373043754965494 0.9364164551901731
0.9872666865084252 -0.16524372820375005
0.9025046432999336 0.4329969616776307
0.9030442321047605 0.4318704838980355
0.9538529658423243 -0.3035877460534299
-0.6796514631075687 0.7348978763717726
-0.7474158462988556 -0.6658607607460929
-0.9942716319611516 0.11586596513777499
0.927723924048475 0.37593792140205734
0.4750088085724185 -0.8811172633529611
-0.996302263896961 -0.09686484890707499
-0.7288027042342173 0.6861833707551444
0.43237553472277396 0.9028025237964254
-0.7855843923220527 0.6203693758882617
-0.19737717035728822 0.9813476716341412
0.1320103266041364 -0.9922571610574897
0.41526119576637344 0.9108013720294242
0.5390405995222046 0.8434667936953667
0.8017277663390951 -0.5993609836158217
-0.41999270834919367 0.9086292560409384
-0.3929478047963942 -0.9206481535883808
-0.7514991444920943 0.6612488456153632
-0.24126966249576634 -0.9714885228139234
-0.557640460144575 -0.8312870245647689
-0.5126996398975582 0.8597325626314931
0.6452577627428232 0.7652734280112738
-0.6017027627808201 0.7999717402895731
-0.9833951679363874 -0.18690891813759006
-1.0009566613957148 0.009314612581558133
0.5256862910628044 0.851853815738729
-0.8441619103711819 -0.5379513631161061
