1000
-0.6437222345140204 0.7665655123942613
-0.4215112885722334 -0.9079257863978616
0.2993517720246658 0.9551908273144651
0.291474496510085 -0.9576239438757744
0.8466691132891746 -0.5339966410026592
-0.6831979644754455 -0.7316020375426847
-0.68382149048592 -0.7310192672902779
0.7254017770656414 -0.6897776901509715
-0.8496473906493032 -0.5292450392425331
0.9376777518068607 0.35037327775735305
1.0005923931606204 0.02856331124191532
0.3772152130763641 0.9272053079139233
-0.19478140224661245 -0.9818661850470477
-0.9724623494893947 -0.23731409318783928
-0.022873358839798474 -1.0007386319391223
0.7657739547522167 0.6446636721757711
-0.2122650477334203 -0.9782354264238895
0.639671787006275 -0.7699487027771387
-0.19236453250826493 0.9823425505560047
-0.3433626051465532 0.9402675796745159
-0.9808683928438733 0.19974532765468359
-0.44033663671679696 0.8989464090617079
0.9996952607080193 0.05109193398106298
-0.8418034822513198 -0.5416344683174731
0.7262141346401518 -0.6889223691018137
0.5447286571163399 -0.8398045547127194
0.42534602377052644 -0.9061356190232247
-0.055314971888476824 0.9994704867503477
-0.029141712856399545 -1.0005757145622691
0.6287266005510669 0.7789119730492652
0.36669249918401825 0.9314169909563487
-0.4434411446856816 -0.8974190499425853
0.5788128645353424 0.8166863950430369
-0.00173411685671733 -1.000998497920315
-0.7206351707178811 -0.694756036839127
-0.5067356207535885 0.8632612644266365
-0.8012071562962129 -0.6000567412334736
0.8192868274495122 -0.5751261551761605
0.5297997634288795 0.8493016017120792
0.8110890842634957 0.5866306311373486
0.654392082776277 -0.7574773937219026
0.9859961481427352 -0.17266324405526923
0.9715189126235396 -0.24114726292200597
0.8210662860690188 -0.5725828794863047
-0.9969746590278336 -0.08968014973412447
-1.0005421801932952 -0.030271201727835075
0.7718132580060968 -0.6374208145064094
0.9887156964784869 -0.15634024285851886
0.8026150425271055 -0.5981722941671679
-0.9436868201994552 0.3338505434799249
-0.9726442180252592 -0.23656759106443961
-0.9021639547168417 -0.43370635089847176
0.31489914522106877 -0.9501786823219305
0.6642711913594074 -0.7488289419686939
0.6044941902569008 0.7978645085136034
-0.33641648375456445 -0.9427751319684959
-0.06379511531137179 0.9989650560767422
0.9833681679985757 0.18705091864817155
0.45481330437882955 -0.8917095144496385
-0.02935764534742648 -1.000569402220383
0.6549389756381402 -0.757004582674414
0.3493431815428572 0.9380620136800735
0.004306055579656953 -1.00099073816162
0.7168727240064732 -0.6986376010318504
-0.5496683799242419 0.8365797464148049
0.9470241410082231 0.324262665670344
0.19635157064053313 0.9815533916741339
-0.9742127494661266 0.23002286577131906
0.2517857201139774 0.968816262841766
-0.8128064404881717 -0.5842488256735722
0.9969077210967271 0.09042121221113092
-0.1347605137930558 -0.991887394779383
-0.2261967190360698 -0.9751082218386415
-0.6765277578491472 -0.7377744864520632
-0.629385123429665 0.7783799627466174
0.7464909961544379 -0.6668974378870823
0.22807793616339742 0.9746699210683816
-0.9823618989833232 -0.19226570007642835
-0.8663448423244056 0.5014455246364263
-0.6563774957530286 -0.7557576219059805
-0.10571136647577324 -0.9954024849264868
0.21580025155268795 -0.9774616368071928
-0.13583766221491256 -0.9917404547178599
-0.41105717167577766 0.9127064158939118
-0.7824975520229243 -0.62425842491562
0.129942147563442 -0.9925301195866052
0.9418861954050303 0.3388973220688488
-0.2639472206454067 -0.9655738525423961
0.8799864922525392 0.4771003808980577
1.0007373275745428 -0.022930355404188155
0.9693421904922744 0.24975331375507123
0.7311449250017976 0.6836871350582192
-0.19170304372293587 -0.9824718535547785
0.30945091005077735 0.9519669817114171
0.28483921380230337 -0.9596184774588731
0.9808299963975932 -0.1999337844554979
0.8653430625158508 -0.5031723205380918
0.9317887633501049 -0.3657467709966586
0.9071207766061278 -0.4232409439663129
-0.18324950755459232 -0.9840836437930464
0.9808067009430196 0.20004803269532578
-0.5759362815598127 -0.8187175334528118
0.7348907476032301 -0.6796591712668677
-0.7823147834268879 0.6244874535422962
-0.6808901320871743 -0.7337503853670608
0.9145310886378721 0.40698143436135803
-0.9799578946494018 0.20416543467078835
0.22535108830614325 -0.9753039972230386
0.8321412316827385 -0.5563649616335801
-0.6220680520641267 -0.7842399751358909
0.49553089285403606 -0.869741418024508
-0.07337151036184028 0.998307378249416
0.4696123898577756 0.884005205466613
-0.7203315118174992 -0.6950708691081191
0.9081979025300358 -0.4209246605273245
1.0001525055069689 -0.0411821044645934
-0.46574092519658605 0.8860510090265843
0.9953416858235425 0.10628230549789669
-0.70532135160559 0.7102976777163669
0.3508348269888105 0.937505159544059
0.9868682788977681 0.16760668275864476
-0.6734732263742466 0.740563848264998
-0.550080117171834 0.836309072467961
-0.7774743229191644 0.6305035108557182
0.9960338256937111 -0.09958723850950849
-0.4121759569969199 -0.912201721371799
0.153451855269855 -0.9891680990176743
0.23653266745525273 0.9726527115196374
0.7779945644877382 -0.6298614590745609
0.9844866914149271 -0.1810716831171846
-0.2347746200601568 -0.9730785568368101
-0.6153471459364385 -0.7895244707973779
1.000947026570461 -0.010298058057367814
1.0009527286575908 -0.009728051856531252
0.1911237544627943 -0.9825847090607739
0.12644360609868024 0.9929818802358691
0.8848301995027722 -0.4680561056624347
-0.7304018526046716 0.6844809228252192
-0.4588334443978622 -0.8896476101816909
0.8920260986555818 0.45419207315551224
0.589028111009518 -0.8093496675977317
0.9329967905100113 0.36265408986804215
0.47980893198912206 -0.8785126002417143
-0.9734933043694529 0.23304889261235243
-0.8261765611952325 -0.565184297138217
-0.7831437471994895 0.6234475689441271
-0.5726250738863331 -0.8210368595603194
-0.6971040922797789 0.7183640334306732
-0.41015403060631955 0.913112627870949
-0.6477630862461659 0.7631539714217848
-0.9975790865658233 -0.08268594830137455
0.8067045079336687 -0.5926456250403757
0.9008369758546313 -0.4364558888743313
0.6674496242137187 0.7459973184515918
-0.6963620467015014 0.7190833747999573
0.360932702636669 -0.933664063872756
0.8732673898952621 -0.4892903695613846
0.7123682499356206 -0.7032300309881975
0.9380074296937276 0.3494897163571006
0.6476954121089005 0.7632114078897679
0.6172127948812124 -0.788066853658319
-0.5852376950513316 -0.81209472371824
-0.023040508333505356 1.000734797524166
0.8437452777696629 0.538604591738127
-0.9318055441646435 -0.3657040167458278
0.8377902994591461 -0.547821516675052
1.0005865433156642 -0.028767504855489567
0.950270368562377 -0.31462235558256846
-0.08863820723665923 -0.9970678353140628
-0.28114446579959296 -0.9607074421228669
0.8865739845662334 -0.46474462868370214
-0.7571670329891739 -0.654751162010707
0.9980454645506598 0.07685213523291214
0.9961633170214371 -0.098283497194838
-0.6616031687611785 0.7511872250545583
-0.9435721255591414 0.33417457094728786
0.981404106068195 0.19709637386945308
0.6309870675275886 -0.777081926577201
0.4514957961100441 -0.8933938359396474
0.9658838920918591 -0.26281040123534316
-0.8649825083578341 0.5037918818668972
0.9985609552283492 0.06983565488664645
-0.8512492142976616 -0.5266647654415603
-1.0008485504755624 0.017412036381927606
0.6723767513653833 0.7415595082145017
-0.609237978666097 0.7942481258088359
0.9974825496045775 0.08384249062588486
-0.9905806112289731 0.14405225668914065
0.23119717764937073 0.973934733463678
1.0009844695154662 0.005576001151432349
0.9740488208171248 -0.23071604769666282
0.3929537147710808 0.9206456310913598
0.22470413285969817 -0.9754532549926579
0.16144011035858297 0.9878957894269054
0.20437374171975464 -0.9799144726431318
-0.9943061327250282 -0.11556952204365355
-0.6398161715665722 0.7698287254980128
0.9429997076179374 -0.33578646701808074
-0.6755228894172336 -0.7386946770306335
0.5241171624349716 -0.8528201451895432
0.9872869236398543 -0.16512277374654502
-0.9542818616690258 -0.30223687480103795
0.7014438613413425 0.7141270961016305
-0.6478339888140753 0.7630937838413078
-0.7339598260066608 0.6806643620818356
-0.8925022496418783 0.4532557052968957
-0.9866898067754379 -0.16865415857739438
-0.6046397860828345 0.7977541783567818
0.34560729916637123 0.9394448332727826
-0.03204698406747293 1.0004868768815407
0.04072389676747471 -1.0001712674497665
-0.2212281188782576 -0.9762474683283883
0.9983141942607138 0.0732787113531748
0.19954098172659251 0.9809099839493876
0.9118569491463465 -0.41293813615784775
-0.12536190043250386 0.9931190230379997
0.7084777948828123 0.7071493577441671
0.027775054102870737 -1.0006145843278433
0.8755338364268318 0.48522314585323906
0.8386797154882324 0.5464589049769227
-0.9135884037389976 -0.4090931783269312
0.166667403410603 0.9870273434106915
0.11539755417879781 0.994326105706549
0.44003865425630395 0.8990923104777956
0.41265299556519014 -0.9119860225086102
-0.5448641398579264 0.8397166600091259
-0.7011278144322225 -0.7144373925191031
-0.14883697795091613 0.9898729989218004
0.9844732972698002 0.18114449194697485
-0.8506107787887913 0.5276952747640686
-0.9443933323799778 0.3318467021928058
-0.17123296640400526 0.9862455430654603
0.8459399400524572 -0.5351510233794243
0.9835784030666338 -0.18594226260022356
0.31080389291124644 0.9515261111242374
0.9247764145595749 -0.38313128699485915
-0.9955029454177452 0.10476108850424305
-0.7326582240856159 0.6820651923971135
-0.4607565851541707 0.8886531208728564
-0.8665129026510886 -0.50115505538624
-0.7115386470796998 -0.7040694239291964
0.8599297888784061 -0.512368771686507
-0.6847544046052626 0.7301454686387447
0.3060203088748149 -0.9530753226037084
0.7995479560311544 0.6022657768845938
-0.1219689180150674 0.9935414349881104
-0.8517371121713737 -0.5258753576181039
-0.7254419094166414 0.6897354826757409
-0.9078338970257441 -0.4217091597428856
-0.7636814344695615 -0.6471411489362369
0.3553524101474973 -0.9358021503514323
1.000134958029997 0.04160607799752953
0.402928051824734 0.9163241702873085
-0.603213512615907 0.7988331854633851
-0.2757320100550354 0.9622748352892795
-0.9019026795846607 -0.4342494174526993
-0.7828986383149047 -0.6237553383536434
-0.7505901804099794 -0.6622804398984726
0.9865432739213134 0.16950919939819342
-0.933213952539034 0.3620949030109006
-0.21064934035572008 -0.9785846184197359
0.958544580764538 0.2884324646896327
0.9753504291421615 -0.2251500396895397
-0.8828550574215493 -0.47177107540118735
-0.6828470982441132 -0.7319295324138754
0.8200112483522092 -0.5740928083296737
0.3382044201836811 0.9421352186221573
-0.7551139120647689 -0.6571179344731359
-0.3785376711826191 -0.9266661920538806
0.25832957631854064 0.9670919449561574
-0.8375865549988262 0.5481329791986598
0.9977124823040734 -0.08106048762895492
0.423337285459722 -0.9070758197304092
1.0006017723580953 -0.028232838217899636
-0.531432934530348 -0.8482806352242533
-0.5781493289234529 -0.8171562601273767
-0.8246695768322393 0.5673809029631994
-0.14923599617853123 -0.9898129204271893
-0.7175326272283173 -0.6979598332732541
-0.9753663243883314 -0.22508117035682118
0.7950525216525361 0.6081878721365164
0.8522360584195822 -0.5250663774509413
-0.8534205806996717 -0.5231389035793792
-0.11090663958245164 -0.9948370305213453
0.551188647635816 0.8355788859930583
-0.9846453457394162 0.18020694524270023
-0.9596541147634099 -0.2847191247838052
0.9938401315488855 0.11951063937112061
-0.9955704477862629 -0.10411764257156413
-0.5719013816853699 0.8215411186461484
-0.5540917230053447 0.8336566214557216
-0.820997239236143 -0.5726818778053233
-0.12877300530940186 0.9926824835281344
0.5761508586270107 -0.8185665447007704
-0.19524500625386326 0.9817741020891357
-0.22838527562427238 0.9745979508895065
0.9854034249132988 0.17601446011376637
0.5215339316387727 0.8544023397377865
0.8613619659248843 0.5099574135729554
-0.4980235305958934 -0.868316510825863
-1.0000151536216983 -0.04439248277547873
0.9844808468504649 0.18110345713042447
-0.8583657455163145 0.5149847055245638
0.790587944142273 -0.613980213506017
0.5668548535037085 0.8250312570195684
0.8580370654042888 0.515532146807933
0.732952778346298 -0.6817486521544744
-0.14122844091837417 0.9909871479871801
-0.8311014282732846 0.5579170331887229
-0.8011954369568208 -0.6000723887995255
0.2354375935231866 -0.9729183622257371
-0.8210027578266158 0.572673966267973
-0.9992826926278111 0.05860972798530527
0.9673865809543416 -0.25722403268254107
0.9213187340654293 0.391372955453075
-0.16580287491803908 0.9871729365561603
0.4490912536404086 0.8946049663978433
0.3170343871460308 0.9494683761805555
-0.0707856800445563 -0.9984940598224056
-0.41453336651248984 0.911132859712469
-0.8712507825297994 -0.492872269397673
-0.9657098384738675 0.26344925104235334
-0.47314040352180176 -0.8821219635374843
-0.4587750886575577 0.8896777045802878
0.7430695504291904 -0.6707075690828015
0.8811134730369111 0.4750158393494185
0.9657943975011418 0.2631390920319642
-0.7508461446191765 0.6619902318845184
-0.9704465576928668 -0.2454271351380393
0.6052744645994858 0.7972727403491267
0.3874012618797575 -0.9229958083837497
-0.7001789871117176 -0.7153673084557395
0.8326436259643316 -0.5556128077546181
-0.8250039114394904 -0.5668946516854271
0.191255813959742 0.9825590127959728
-0.0983521545023109 -0.9961565407629231
-0.9811639258421176 0.1982885539462215
0.9201038818440519 0.39422055580031207
-0.5740323496757636 0.8200535723510518
0.4324937419199156 -0.9027459017908137
0.47438032402952174 -0.8814557891202746
-0.007812650702457472 1.000969511268451
0.7993581626476723 0.6025176576736464
0.9668760402451079 0.25913649453510135
0.43950615999472065 0.899352731316637
0.8629976403067143 -0.5071844564111196
-0.6519310710267499 0.7595965235767702
-0.996108499978549 0.09883752460723101
0.7804648648586859 0.6267978898505586
0.30221685880862603 0.9542882008344477
0.9980947960225808 -0.07620878002332084
-0.7479740397915798 -0.6652336700723017
0.9380376053371926 0.34940871622394487
0.09240680658493655 0.9967256302999207
0.8758861258864142 -0.4845869318086163
-0.15573514733292548 -0.9888111871763952
-0.7382805023626484 0.6759755171832449
0.3190294739725068 0.9487998707508479
0.4993200449797283 -0.8675716066593248
-0.7707718101949846 0.6386797449494906
-0.12455652897276297 0.9932203537434466
-0.3699852672689607 0.9301139188314063
-0.6179931060877386 -0.7874550913087228
-1.0002436233494507 -0.03890621992384065
0.9455504916937314 -0.328535032618658
1.0008368191198194 -0.0180737791875999
0.9325789905366952 -0.3637271318028921
-0.7378458655418143 -0.6764499084949682
0.5612543218565952 -0.8288513655639915
0.7920483641217925 -0.6120950815780113
-0.23847458602785623 0.9721784156310211
-0.4583998093336996 0.8898711225805835
0.9143273577339418 -0.40743893149681765
-0.08038936456062606 0.997766781400112
0.8786087259837855 -0.4796328873473433
-0.8380138733699445 0.5474794498787171
0.8968032813949905 0.44468514083470057
-0.8595589639402719 0.5129906310157394
0.6801459900951087 -0.7344402168710156
0.23797309787489188 0.9723012931637123
0.097894003192336 -0.9962016684080482
-0.5225345237220302 0.853790765655492
0.6197592704031695 -0.7860658030657045
-0.4425226240729129 -0.8978723334548311
0.38572873513344497 -0.9236960229926037
-0.5616562636324635 -0.8285790496521263
0.8802695408995244 -0.47657794259128333
0.0271627830937256 1.0006313922791965
0.7027464581217405 0.7128452956970038
0.987595570211528 0.1632666215077864
-0.9954965920998365 -0.10482144397789873
0.8003743779647366 -0.6011670775230136
0.8596024276696093 0.5129177968685765
0.890176639017491 0.4578062377769917
0.8636079919350167 0.5061444816116917
0.2974209097073459 0.9557938075070662
0.9885441901335122 0.1574210410119259
0.06351029068004367 -0.998983204552377
-0.5003872344970258 -0.8669565246034073
0.34749705562645133 -0.938747461424502
0.9991899995807746 0.06016930062558319
0.9821193643725832 0.1935007858495496
0.9979092602131675 -0.07860094389260606
0.8561051611495787 -0.5187339906474744
-0.9917454630202538 -0.13580109196446988
-0.8034858607890226 -0.5970020699395635
-0.868782781613331 -0.4972096925565744
0.6579424967918674 -0.7543955666063284
-0.7355460325915255 -0.6789499495094367
0.866037376575402 -0.5019763563898156
-0.14642142769415367 -0.9902331874422337
-0.8497166209439534 -0.5291338810656427
-0.983582174386199 -0.18592231235039214
-0.3742407614475326 0.9284098515586588
-0.27801574815336033 -0.9616175142845139
-0.8144378079595124 -0.5819725568840033
-0.9990460344486725 0.06251416681346586
-0.888680516208759 0.46070374440732914
0.291349544395519 -0.9576619669698299
-0.9968979953789521 0.09052837571406486
0.37885413780283345 0.9265368542425453
-0.34305664763880833 0.9403792514250953
0.7473053614363987 0.6659847571592112
0.7792110166074006 -0.6283559433932818
-0.8084099255860191 0.5903171962716374
0.46412846174903255 -0.8868967081878684
1.000693965524462 -0.024750502276254607
-0.8630759736867256 -0.5070511449989148
-0.3353992187561243 -0.9431375106832416
-0.9447215543961365 -0.33091114314774556
0.9315472439072802 -0.3663614777357879
0.9810147416209091 -0.199025316787742
-0.7887757338113381 0.6163066134241828
0.9962051826765543 -0.09785823423899032
1.0009567441675655 0.009305713592567986
-0.47236519646796743 -0.8825373199847011
-0.9375321090830708 -0.3507628036697293
-0.48046376521270134 -0.878154639182436
0.8229311878713627 0.5698993420145596
-0.9774736073055813 0.21574602434579004
-0.7767122498624941 -0.6314420645740532
-0.3920859993467997 -0.9210155097044899
0.617122153975564 0.7881378350723688
-0.5106313330935601 0.8609626250094098
-0.35351504949611084 0.9364977895220908
-0.7091791776485653 -0.7064459597093783
-0.8278701420087934 0.5627006557401015
0.9820494488791627 0.1938553067525699
-0.6753455789602893 -0.7388567851612325
-0.9982799716550739 -0.07374346203118586
0.2622996401029807 0.9660227216799028
-0.8124415640287949 0.5847561073117967
-0.7591894607989998 -0.6524050602284779
0.894923822080553 -0.44845551916855114
-0.9845740520482124 0.18059605763516504
0.6289838912591962 -0.7787042214707968
0.9471098837218666 0.3240121419890811
-0.6516740988806438 0.7598169969460415
0.10840258142678585 -0.9951129987795402
0.9692210971850796 -0.2502228302360729
0.5929336251929344 0.8064928493889855
0.40385192205344683 0.9159173680271254
-1.0007830080721825 -0.020841563137006955
-0.0594985128471819 0.9992301671631886
-0.9972895713085359 -0.08610755460025939
-0.980977166896627 -0.19921043654253445
0.7621378358851094 0.6489583338800435
-0.4396679931816903 0.8992736267519387
0.6546498302105369 0.7572546466052983
-0.9692951186258055 -0.2499359378084424
-0.8843417279966245 -0.46897836637092793
-0.9546231325956105 0.30115722590258953
0.15167335365497506 0.9894423650678461
0.9650390517325893 0.26589589810876146
0.3013526694612487 -0.9545614535526664
-0.26052360801523244 0.9665032072718257
-0.9995842241327199 -0.05322009831810146
0.899522277681552 -0.43915905086266044
-0.08128415811425511 0.9976942846582096
0.4455594907617653 -0.8963691985962684
-0.8810758266193812 -0.47508566358813037
-0.7537988205270536 0.6586260989150239
0.14882440849198483 0.9898748887798957
-0.9699115260270219 -0.24753309209060037
-0.6124907948786079 0.791742398882977
0.5705671809570965 0.8224682924068696
0.8812631031731399 -0.4747381836187685
0.4190775241284301 0.9090517195244642
-0.6225125968465246 -0.7838871518065572
0.8222204945757323 -0.5709242141472353
-0.7960965418957201 -0.6068206456455448
0.9233769597744966 0.3864919018008107
0.9816860353811805 0.19568732186214718
0.9921595278794545 -0.1327421230733412
0.39179174187482957 -0.9211407226904513
-0.8897222765351611 -0.45868864236766355
-0.9629237637584757 -0.2734571724954594
-0.4437308583662842 -0.8972758357013303
0.5170327706844738 0.8571336617111338
-0.7205668050007759 0.6948269421452898
0.7363012319376835 0.6781308840091635
1.0006098706997208 0.027944349308720435
0.18365091240875198 -0.9840088121411479
-0.9680608689950142 0.25467460399619335
-0.9943116806924202 -0.11552177993181453
0.5255468692698537 -0.8519398383692686
0.03508252986886906 1.0003850339234388
-0.8449701800710864 -0.5366809059307365
-0.4894122583580073 -0.8731990846129621
-0.9904110861840265 0.1452132237910061
1.000687787015518 -0.024999058341976105
-0.6762263610131577 -0.7380507493871289
0.8226254179903567 -0.5703406189955182
-0.7711409410517998 -0.6382340080517056
-0.7795049479117363 -0.6279912707841736
0.115614514652202 -0.9943009021426742
0.6429145239085152 -0.7672430611921408
-0.3904165855020598 0.9217244109629043
0.6241795963816885 -0.7825604331045573
-0.982208851524656 0.193046035925673
0.8476658126876068 0.5324130633264542
-0.9886909622965098 0.15649658486114504
-0.8353200396723592 0.5515808474936092
0.2526125110334603 0.9686010113918785
-0.3149190156819602 0.9501720968129433
-0.853684157516442 -0.5227086752727973
0.6703204178473157 0.7434188169645696
-1.0006437585120573 0.026703343439789376
0.9333831925589376 0.36165842427418315
-0.25435223773733107 -0.968145618777471
0.9985065121476125 -0.0706098095083799
-0.9763484777512651 0.22078190594518202
-0.027303157280746625 1.0006275718780204
-0.95671343730637 0.29444931461531776
-0.6155855952526709 -0.7893385679905771
-0.06075020189691911 -0.9991548493449268
-0.9643119820874954 0.2685207649372503
0.6714979504318563 -0.7423553748480684
0.48480751305089864 0.875764052293426
-0.38696386838182867 -0.9231792700050033
1.00096410571526 0.008476972906034568
1.0001294195536818 -0.041739000266123774
-0.2827657329473952 0.9602315034775324
-0.5830696504645833 0.8136527408588438
0.1871144697376473 0.9833560775298025
0.606415693743753 -0.7964050517050245
0.8629850852070029 0.5072058188844663
0.9567483971859825 0.2943357003186219
0.3424458736021494 0.9406018411915111
0.4374453859025046 0.9003568927667566
0.7110637785596872 -0.7045490066847162
-0.5222256856864791 -0.8539797030429276
-0.6345599431320075 -0.7741670869859448
-0.97028752510873 0.24605511296938284
-0.5987692793783509 0.802169776339604
-0.6233040451728246 -0.783257982577384
0.4033808510711907 0.9161249308850196
0.8633605253605943 0.5065664845299961
-0.26048545609671186 0.9665134904190877
0.6937423897729259 0.7216110424821323
0.6310615017302743 -0.7770214804198987
-0.6796581400942444 -0.734891701275523
-0.9852916749110606 -0.17663894064151558
-0.5852831288672158 0.8120619798164436
1.0009637899180692 0.008514180691959847
0.7204475299600125 -0.6949506144860346
-0.821687391171271 -0.5716912026524028
-0.9817231933225457 0.19550082274144945
-0.9204363621846746 0.39344364675038596
-0.9029460534469492 -0.43207571624031255
-0.5004272911503825 0.8669334035967758
-0.664329279880366 0.7487774087762226
-0.9837292320399761 -0.1851426423869952
0.8867339327434032 0.4644393744305253
0.7260877659615264 -0.6890555537262577
-0.34355747304882406 0.9401963958196748
0.9037139341517776 0.4304673335108212
-0.3310347668367898 -0.9446782431840548
-0.946634364115519 0.32539880251102177
0.4631420788922579 -0.8874122011553355
-0.8900592376692265 -0.4580344456912334
-0.2928968125912771 -0.9571898751939817
-0.6953579094861969 -0.7200544269115953
0.8659350004281642 -0.502152939883334
0.5522430665955166 -0.834882384169878
0.19754778878331952 0.9813133399413365
0.8491412854672225 -0.5300566736822329
-0.04226371140780471 1.0001073835834018
-0.9299072210823109 0.3705044671511723
-0.8644203712878132 0.5047558040306611
-0.8724528551392455 0.49074129188338994
0.7048106379951055 0.7108044488950055
-0.9933366670529773 0.12362550662416907
-0.49304733543203905 0.8711517233084983
-0.9888374170900016 -0.15556851404694383
-0.9575532857222474 0.29170653918369416
-1.0008499671192463 0.017330415961637227
-0.44042963802070784 0.8989008476761763
0.22497708208443162 -0.9753903385500468
-0.8451170307707337 -0.5364496288574153
0.6360006037749225 0.7729839791340659
-0.8382332499345669 0.547143508326777
-0.25717528438609794 0.9673995416067395
0.9956074574363796 0.10376314710468093
-0.33275595420857035 -0.9440733419278101
0.06708902150927733 0.9987492494079421
-0.6494578973406286 -0.7617121763382082
0.7992706254252278 -0.6026337754659669
0.9349773410613014 -0.3575169530273201
-0.6854045184883534 0.7295352260417234
0.8500604895408514 0.5285812748495428
-0.9490824221970859 0.31818792540967406
-0.7093267836767225 0.7062977516308799
-0.22899412374934425 -0.9744550740225381
0.9138501335483813 0.4085081803509026
0.05006396818845532 -0.9997472676077815
1.000967230370186 0.008099612647465563
-0.7238069236702473 0.6914510374907342
-0.44328062174126853 -0.8974983511899476
0.8765235417222367 0.4834330158426361
0.3757391640903292 -0.9278044409080508
0.8322809649518198 0.5561559092366705
0.7834819388935508 -0.6230225127775099
0.9470434386708431 0.32420630047934784
0.6786498466046192 -0.7358229309443454
-1.0000546940796162 -0.043492629827653444
-0.03679150300915207 1.0003236402816478
0.04445517610825953 -1.000012368582101
0.5396275769453354 0.8430913818798684
-0.9817455530502415 -0.19538850801947308
-0.5271306348027556 0.850960806296297
-0.7772450427115822 -0.6307861314108536
-0.2731690277077255 -0.9630055463501838
-0.06391708084973131 -0.9989572597341935
0.19677404160168288 -0.981468785317057
-0.582277224077804 -0.8142200159172255
0.1156706128282367 0.9942943776004871
0.4878824690060629 -0.8740547445306547
0.6651882637713717 0.7480144208107409
-0.6379782072477992 -0.7713525828548734
0.8276629298550732 -0.5630053947731907
-0.400730452028163 0.9172873621811783
-1.0004162507244259 0.03418077363785923
0.30215619389557424 -0.954307410895745
0.15572547608998105 -0.9888127103231171
-0.47952167977702365 0.878669425110389
-0.25703953525363993 -0.9674356192101844
0.475767600297196 0.8807077781576859
0.551507349124564 0.8353685676763258
0.032889571103304094 -1.0004595324712742
0.7070021246772561 0.7086247213453999
-0.08252351472556009 -0.9975925368191867
0.5571388386265824 0.8316233008362759
0.07272830277609452 0.998354443058831
-0.9920292818234354 -0.133712018924549
0.476469009927129 0.880328508330306
-0.7058999702168944 -0.7097226444518926
0.9654936280975904 0.2642405232036745
0.09147955795721559 0.9968111608905432
-0.6729706631699434 -0.7410205709105561
-0.38686589050907727 -0.9232203327270357
-0.05127879412107278 -0.9996856932423754
0.933829657432814 0.3605040511546483
-0.9133213198302542 0.4096891098668875
-0.49577214966683886 -0.869603918812882
-0.9457050275365867 -0.32808992805635445
0.6081951364266605 -0.7950469646674692
0.7389999162893657 0.6751889540893798
0.5821452486120218 -0.8143143800268097
-0.3147353455629809 0.9502329515720611
-0.9614594088388122 -0.2785620310726532
0.4673380049556545 0.8852096865286037
-0.9744581921082419 0.22898085473055774
-0.9227715159045675 0.3879352129353386
0.8254420959040805 -0.5662564315833232
0.9218973527416252 -0.3900080396709577
0.23959988664481083 -0.971901689637277
-0.49203703198781057 -0.8717227536049671
-0.9715997436465402 -0.24082138224413835
-0.20291309269642635 0.980217974132474
-0.5165418287067286 0.8574296118028049
-0.25274837865147837 -0.9685655667475738
0.1307186984214768 -0.992428144443211
-0.5657568940723448 0.8257845583501872
0.7098447391142056 -0.7057771931366763
-0.5541868419882099 0.8335933925884579
-0.9790575564262342 -0.2084401621681657
0.626777835147894 0.780480970535041
-0.38393016120571033 0.9244450396408416
0.28724444395089294 -0.9589012615589482
0.9616862945191534 0.2777777365701221
0.01472012977100993 -1.0008917612706802
0.14091070458495994 -0.9910323775403961
-0.5727760170991653 -0.8209315648919931
-0.5803282808342919 0.8156102540208253
0.9824657148695916 0.19173450160516872
0.16988852950759947 0.9864780218239764
-0.9591326456144782 -0.2864708852860476
0.9658448278911435 -0.2629539283523401
-0.9866466824189799 -0.16890625823699
0.6726773350671312 -0.7412868560058128
0.6088639206568615 -0.7945349118335551
-0.7411027462638212 0.672880167251363
0.2986525531538111 0.9554096778318241
1.0007757241211714 -0.021188440474581488
0.9832609862067008 -0.18761352031190698
-0.5850451779962023 -0.8122334268567085
-0.8173336275247566 -0.5778985562512009
0.968935807578437 0.2513252888038172
0.6296063158371591 0.7782010582477766
-0.2039251420102955 -0.9800079267312488
-0.9991187888567189 0.06134040881411729
-0.5612220712702707 0.8288732030407953
0.5970643634161573 -0.8034395720516004
-0.46097904816398666 -0.8885377409844925
0.9092013709569079 -0.41875275169254605
0.6330460787363997 0.7754054824390062
-0.9835519387493747 0.18608219630675657
-0.12047768550652213 0.99372336557766
0.9105573213912671 -0.4157960611414697
-0.9966187192992555 0.09355281044582162
-0.7483088733941741 0.664856999661989
0.9948615424730353 0.11068654528971937
0.2701695374625767 -0.9638513479926546
-0.9079347802024117 -0.42149191557940763
0.9920489028766966 0.13356636665396945
0.9810974997653823 -0.1986169578714658
-0.9298380250694944 -0.37067809098308235
0.27104190529541816 -0.9636063955650302
-0.21976581593857236 -0.9765776907880158
0.9959596815582482 -0.10032603206741932
0.9764937711038585 0.22013839963842122
0.6692251863832487 0.7444048964846389
0.14629675568793643 0.9902516141239984
-0.33627706795915147 -0.9428248689787495
-0.7445154657527188 0.6691021754971451
0.09346775995591129 -0.9966266993457601
0.5606227982348057 -0.8292786492484757
-0.5352869039005682 0.8458539652401849
-0.9688551204470379 0.25163615714669385
0.3460799226348845 0.9392708273703769
0.19531889085207918 0.9817594057997681
0.9995689138266773 0.05350688284096259
-0.977779123072064 0.21435714703369535
0.05746816867210577 0.9993489928896083
-0.38063692487876005 -0.9258058821474624
0.0909096535253381 -0.9968632979982276
-0.9685905439200917 -0.2526526434229038
0.44850451762819765 -0.8948992667709018
-0.9856327275393454 0.1747258607171545
0.5155236318425114 -0.8580421813710016
-0.6310237916513868 -0.7770521053120616
-0.5706352996555123 0.8224210325539246
-0.680673329591123 0.733951509558591
0.9589211236194355 0.28717813056783975
-0.4337054946008753 0.9021643663728967
-0.9962143680389934 -0.09776468131523285
-0.5882377148326311 -0.8099243118023339
-0.33321067162681633 0.9439129453048125
0.5459913361705074 0.8389841838954677
-0.4841071041911015 -0.8761514205157154
-0.6823649276092804 0.7323790723175955
0.9389059106632504 -0.3470687121041199
-0.8472042027895503 0.5331472955719858
0.9538868455199148 -0.3034812777488362
0.45437079161904587 -0.8919350781999111
0.7822351791394487 0.6245871632660045
0.6304244451873446 0.7775384356481863
0.9465538791484901 -0.3256328513355887
-0.15443817643320462 0.989014585160394
0.9018340239278887 0.43439198114840055
-0.45226054635643853 0.8930069418595667
0.5773460034304719 0.8177240318853675
0.49673010783981286 -0.8690570752059084
0.13334319119233223 -0.9920789249664792
-0.56540527693587 -0.8260253463502631
0.18917224615808473 -0.9829622888409835
0.5357547539667283 -0.8455577115738762
-0.7424955623694166 0.6713429375972639
0.5827595801914173 0.813874850142897
-0.9870948263896363 0.1662672659148934
-0.14119214116165532 -0.9909923204920345
-0.9678109894512642 0.2556225512300607
1.000889877709994 0.01484764956730007
0.23797495040479133 -0.9723008397506592
0.9363449041516506 0.35391979383645134
-0.9707872032450364 0.2440762299276198
-0.7579171501897418 0.6538827061853374
0.947615498149502 -0.32253041355331324
0.877640614744996 0.48140206828598625
0.24383790869510147 0.9708470910927217
0.8947857754881132 -0.4487308948402548
-0.5341734110097343 -0.8465575981409804
-0.9768906315000376 0.2183705430855035
0.8122064256570696 -0.5850826626395343
0.9600582216949964 0.28335350881159205
0.25852034649489547 -0.9670409662719358
0.312851359526061 0.950854892632254
-0.34178645459762974 0.9408416548248607
0.7141826473176984 0.7013873011897805
0.6008075817415743 0.8006442716474287
0.27383544321381 -0.9628162597504761
-0.9672766720300445 0.25763703100773705
0.7241437095517531 0.6910983200070929
-0.623768635562551 -0.7828880439043845
0.6371776969218425 -0.7720139782059497
1.0005059712525706 0.03144521407067274
0.3216597833934741 0.9479113796907722
-0.9837221457336073 -0.185180290509729
-0.3296904691373102 0.9451482394630063
-0.9998912819816996 0.04710015092325319
-0.6376743400200565 -0.7716038077148047
0.034654002483978034 1.0003999700678925
-0.9790596634774008 -0.20843026496053457
0.6604130136902346 -0.7522337744003402
0.6663914988702708 -0.7469426820268299
0.5900039971453992 -0.8086385368954733
-0.18269763415367632 0.9841862498910708
0.40154279721696967 0.9169320487381666
-0.18329377098237348 -0.9840754003220796
-0.1909143206477694 -0.9826254231250078
0.4953913597987352 0.8698209014715386
0.5131607460288263 0.8594574153122064
0.8196891743676242 -0.5745525715063179
0.9779473022970776 0.21358856226368567
-0.9659625638133025 0.2625210949833013
0.9477056956157868 -0.32226528590184456
0.875457254541913 -0.48536130405084427
0.18951655606079998 -0.9828959634563841
-0.9934040400275385 -0.12308295274718078
-0.9162577394493783 0.4030790926097696
-0.9971426541344817 -0.08779252420133155
0.9917129738534007 -0.1360381471898386
0.6525454305309687 0.7590688118300953
-0.17118263164376904 -0.9862542809151774
0.5850916057465756 -0.8121999833076171
-0.31675765044974336 0.9495607357518308
0.9676213995996886 0.25633928110365695
-0.45533810780490536 -0.8914416456396057
0.9091932659494879 -0.41877034894092446
-0.8058366248304321 -0.5938251713104603
0.9999462654357988 0.04591803829650292
0.9983876815257017 0.07227058445684638
0.7912737059298864 0.6130961770423818
0.26343431512439686 0.9657139129239777
0.5200288241310907 -0.8553192515504576
-0.8035406105300482 -0.5969283769674527
0.4483976129853755 -0.894952837119933
0.16389794884474915 -0.987490993561199
0.9946741804913325 -0.11235779752156116
0.28595631520540465 -0.9592861855536894
-0.09495814598305176 -0.996485800456515
0.8873913624724833 0.4631820050576553
0.5859221301141385 0.8116010457376892
0.06712342335173874 0.9987469379365042
0.9544915064205663 0.3015741437374859
-0.013131757921870307 -1.0009138608960721
0.9675040804549933 -0.25678172501745117
0.49834514773513117 -0.868131967922418
-0.9260901825016873 -0.379944698441749
-0.9390304321340707 0.34673166501792185
-0.7003525823179713 -0.7151973576856595
-0.9303485950426392 -0.3693947640427342
0.14601316880271298 -0.9902934688950495
-0.09936247064426769 -0.9960562732232889
0.11605116886542531 -0.9942500320366947
-0.8833528527543819 0.4708383348142919
0.7659940875912957 -0.6444020932423935
0.7461730749068239 0.6672531320901353
-0.9968940219927016 0.09057211996643878
1.000986113867905 -0.005272555701875426
-0.055196514331335884 -0.9994770356569833
-0.4988173979106211 -0.8678607051489755
0.9959696971630245 0.1002265550290597
-0.6947080742023141 -0.7206814078621093
-0.5880762807855994 -0.8100415347236071
0.8859882311030955 0.4658603378125332
0.9395291383263927 0.3453780511782211
0.8262196046354454 0.5651213718450651
-0.17502558512677413 -0.9855795475510997
-0.987833630426027 0.16182001915503383
0.25503724779766074 -0.9679653930982215
0.8745461796721892 0.48700100576978156
-0.9624989650905122 -0.27494861738094406
-0.49809649272129025 -0.8682746592747882
-0.342611815979894 0.9405414098012693
0.5728808999569457 0.8208583766183543
-0.5527052233573974 0.8345765010311813
-0.07352032540176372 0.9982964298006974
1.0009662197942268 -0.008223553420231105
0.14574516485279 0.9903329475090855
0.40765776391284003 0.9142298111096483
-0.3177609433934192 0.9492254647098992
-0.5163010074510568 0.8575746438095192
-0.5352449812237121 0.8458804939675747
-0.9338163805629236 -0.360538440935722
0.21019480823081102 -0.9786823501999066
0.9982592040232732 0.07402406083714254
-0.8009028061945156 -0.6004629006272997
-0.9055607374805651 -0.42656857682400257
0.7256742249282258 -0.68949105815436
-0.3425269809438843 0.9405723083981731
0.8742486645171675 0.4875348937152591
0.7221969610303073 0.6931324184299771
0.6131909875101074 -0.7912002356144615
-0.39996298177889406 0.9176222606315391
-0.9067322838700554 -0.4240725944785789
0.061723296771175405 -0.9990952079935613
-0.8933633691888676 0.4515560769068611
-0.7013093523527931 -0.7142591912621817
-0.5148562881324722 -0.8584427776913571
0.8381862574489176 0.5472154948681339
-0.8634149683663458 -0.5064736838187569
0.12770412565427525 -0.992820555936911
0.3056587800471144 -0.953191329261922
0.5609729030077881 0.8290418578642544
-0.7916825551037064 -0.6125681447353158
-0.9602423780165094 0.2827288019661227
-0.897165648614303 0.44395359999269834
0.8701205002490742 -0.4948649462694856
-0.8844902889265005 0.46869812117685705
-0.14388644063008024 -0.9906047103677664
-0.7994556473561336 -0.6023883032649168
-0.6381603814580815 0.7712018721043641
0.03365519430705629 -1.0004340697398078
-0.42827355148118335 0.9047556383365036
0.4758010932491613 -0.8806896840902038
0.011541710781353041 1.0009334587834695
-0.9976848219728545 -0.08140022116059437
-0.7475989856905779 -0.6656551333794544
-0.3637038087268321 0.9325880867336853
0.9926037445153797 -0.12937853907834507
-0.7264355805271382 -0.6886888610571538
0.8701636563032739 0.4947890573253596
0.9354859644265697 0.3561839557881443
-0.42946976590980074 0.9041884317825467
0.8179524354380681 0.5770223681634302
0.4435101062460194 0.8973849707108118
0.43361010039883613 0.9022102198668065
0.14441674656216108 0.9905275378869588
0.9268961697148121 0.3779741929920748
-0.8450329255659395 0.536582104350741
-0.9376511273241794 0.3504445226104919
-0.7435276388101656 -0.6701997092847622
0.9129998000064811 -0.41040512324790196
-0.9847353409970834 -0.17971451858811485
0.36156626753993215 -0.9334188953397302
1.0008451723783534 0.017605139219678087
0.7825380560633187 0.6242076503957975
-0.9395130660212493 0.34542176939989117
-0.24512768175042654 -0.9705222406723412
-0.7074037538520167 -0.7082237845738277
0.3047600654323258 -0.953479051955356
0.8937973000934721 0.4506965568379903
1.000199017662009 0.04003654665368004
0.7765333511191679 -0.6316620572740103
-0.39701212831739824 -0.9189028076836471
0.3333997754927145 0.9438461684519398
-0.8055954222693085 0.5941523505118316
-0.9039541589132672 -0.42996264789328786
-0.05633632032375173 -0.999413437478394
-0.9106483439653094 0.4155966718264712
-0.9428018636422818 0.3363415613816409
0.9483467577935838 0.32037388623668717
-0.3652540596561821 0.9319820126508227
-0.03075478813076842 -1.0005274324110418
-0.24271100935979942 0.9711294280040881
-0.12022646248058415 -0.9937537912981287
-0.9903963330710709 0.14531381021560355
0.684044722972331 0.7308103837341852
0.7021419512644953 0.7134407335402759
-0.7005768365342604 0.7149776892404743
0.04871225308756614 0.9998140409091747
0.9778689278327564 0.2139470962158999
-1.0008843961630023 -0.015212676208426715
-0.9094702402015099 0.41816848540726714
0.9733440991524289 0.2336712747539728
-0.43913398731371023 0.8995345136157713
0.14788857713843412 0.9900151356176174
-0.9255718926155099 0.38120555032704206
0.5669877633060416 -0.8249399228193603
0.4978210774672806 -0.868432596595335
-0.9182711923317025 0.39847084878785494
0.6263370760889002 0.7808347245841513
-0.7185936214731323 -0.6968674243915615
-0.17725351322706587 0.9851812990757907
0.9705252480878859 -0.24511577432704673
-0.3008877978125417 -0.9547080879135355
0.37508087296435494 -0.9280707617074775
0.9130445843608577 -0.4103054800624878
-0.418550711647532 -0.9092943977498952
0.2177070836761908 -0.9770387022616903
-0.9713973795962666 -0.24163636090933577
0.8739881448681743 0.4880017649864467
-0.8875063994899826 -0.4629615436127795
0.4239833916952213 -0.9067739980649073
0.7648231245330934 0.6457914432534982
-0.5179402140424283 0.8565856260045949
0.6249854762109385 0.7819169741893229
0.6294560646080771 -0.7783225955399935
