1000
-0.6268879638646969 0.7803925171101876
-0.9653513753094867 -0.26475974427409205
1.0001453707901573 -0.04135501525835339
0.01728678683950813 -1.000850721636731
0.8878587407706415 -0.46228547071822496
-0.9259602016128781 -0.38026136410242656
0.7266075667272027 0.6885074029919893
0.5438946350026502 -0.8403449446598307
-0.6148086865394846 -0.789943845444468
0.2613157036541137 -0.9662893474646999
0.16543913843297722 -0.9872339598466789
-0.7642907389666981 -0.6464214309022703
0.5321233982462473 0.8478476803287639
0.640842258878982 0.768974771520421
0.9440378608743308 -0.33285660161068986
0.36536736445814244 0.9319375992999267
0.6132663598801342 -0.7911418152514564
0.8693945020424994 -0.4961392947734281
-0.10558008285352845 0.9954164184423734
0.5937217359045912 0.8059128366730728
0.9517835094281606 0.3100147596173683
-0.43013488069656924 -0.9038722168581951
0.692905759870416 0.7224144294921035
-0.9679952950585112 -0.25492373123070716
1.0007702297122252 -0.021446382486099595
-0.2835028131784991 -0.9600141430832553
-0.5185915993237694 0.8561914231705519
0.15934800373591523 0.9882354039930865
-0.034863306826306124 -1.0003926978127813
0.3435048550587098 -0.9402156213077375
-0.7533894501348493 -0.6590943304455816
0.6514791100973291 -0.7599841900373929
0.8715293894784889 0.49237945050057924
-0.1678016016181959 -0.9868351546709149
-0.9716570202435073 -0.24059018062154655
-0.5767140280525919 -0.8181698661325496
-0.341485581641145 0.94095090070163
0.9274695378625463 0.37656507583289633
-0.3631842287250847 0.9327905531282814
0.6391914140530218 0.7703475424773538
-0.9284107895279227 0.3742384345415891
0.1689358171532805 0.9866416217060546
0.04840322851307625 -0.9998290491226542
0.2269163310385406 -0.9749410129377097
0.08987424949758371 -0.996957180262646
0.8449785010476456 0.5366678048544313
0.6491592034307754 -0.7619667503251839
-0.18519922926095286 0.9837185804289503
-0.993473867622203 0.12251805724782569
0.13321504505515425 0.9920961403870863
0.0967901304786353 -0.9963095255200207
0.9248199776571705 -0.38302612042286444
0.7053391087684723 0.7102800445188484
0.970109040358434 0.24675787690535472
-0.8910852140168253 0.4560352413581528
0.8598976339734206 0.5124227347482869
0.9796292216580452 -0.205736695982152
-0.6268975624794698 -0.7803848064623626
-0.19172171787716324 0.9824682096099748
0.7660312903251129 0.6443578681469193
0.739731460514507 0.6743874007757518
0.626227153086664 -0.7809228852690718
-0.2837717274035702 -0.9599346887816868
0.3892943685277115 -0.9221989452567219
-0.06829501008324927 0.9986675080314413
0.6636724702580329 -0.7493596280969508
0.7664832013071432 0.6438202405283274
0.11737203283075659 0.994094968254631
-0.9080598987331585 0.4212222932285588
-0.4663678086523981 -0.8857212129404829
0.9260317913130871 0.3800869919866701
1.0009178438655633 0.012824579194338938
-0.44753487076532106 -0.8953845762849991
-0.8337669353747935 0.5539257147630221
0.3846624851061431 0.9241405588718451
0.596016138858504 0.804217484403442
-0.9201845574157875 -0.3940322071779301
1.000372321728745 -0.035443164630720135
0.4344132452568006 0.9018237812042078
-0.9967856272007805 0.0917573615899378
0.5052155931876878 0.8641517253353215
0.9884948789863762 0.15773038457351699
0.7262941503869943 -0.6888380122449937
-0.07879352529719513 0.9978940727207674
0.7306562749135229 0.6842093304899417
0.16726738229995708 -0.9869258446400723
-0.659316120735398 -0.7531953617345408
-0.6808980047225431 -0.7337430798071349
-0.9569263718053198 0.29375656408582085
0.9088521858056946 0.41951007658483147
-0.9570305500117067 0.2934169837352468
0.37797420888623073 -0.9268961632334164
0.004418638392093792 -1.0009902475223023
-0.9812483706850333 0.1978702479605445
-0.2790195406237168 0.9613267373531904
-0.9959200209917969 -0.10071897431814437
-0.06157327427720288 -0.9991044649558846
0.17316405942986327 -0.9859083164887955
-0.8398459498757971 -0.5446648331563366
0.916874783624309 0.4016735380304217
-0.03011115478133493 1.000547009569133
0.2764717309221216 0.962062566572947
-1.000012670129948 -0.04444839231706455
0.9197548424704716 -0.39503421339438194
-0.9985999254071016 0.06927617900065652
-0.7191092035615005 -0.6963353741934588
0.7589383987447552 0.6526971019628836
0.5684312890153351 0.8239459142858616
0.9197349581657673 -0.39508050664113276
-0.9716793446547292 -0.24050000243525138
-0.9077410133659946 0.42190905732548256
-0.6558150855829958 -0.7562457097542887
-0.7797471385253387 0.6276905288130021
0.94211636816004 -0.33825692726821743
0.3544754319984918 0.936134695494982
0.24575682784631256 -0.9703631184082162
-0.11523086364510537 -0.9943454369903867
0.982271061129596 0.19272924652822584
0.9437435005555204 -0.33369028328558287
-0.9116536922177656 0.41338667790062555
-0.6929193550923447 0.7224013893524909
0.7776539478042518 0.6302819507684335
0.9748657450398016 -0.22723947532942523
-0.8234809589082362 0.5691046567333391
-0.7587804256542586 -0.6528807438146281
-0.4427261381186993 0.8977720014717002
0.9914225540956675 -0.1381387680212305
0.8408136429728059 -0.5431697872588265
0.6452758406986855 -0.7652581848047133
-0.9786555282333119 0.21031965447474765
-0.8600686993978253 0.5121355604877807
-0.22873825039663015 -0.9745151680735855
-0.4133453880444916 -0.9116724138539833
-0.4329103235903786 0.9025462047612154
-0.18564018848992006 -0.9836354611427076
0.6399734598581932 0.7696979736735271
0.575587860160995 0.8189625237062359
0.5284644237727525 -0.8501331382827825
-0.3252193059239154 0.9466960457582818
0.8440899970298505 0.5380641940457912
-0.33736313787437394 0.9424367953361945
0.944219809577574 0.332340113740863
-0.9945972546678878 0.11303672415237738
-0.8528485008796195 0.5240710205185798
-0.8324779720666607 0.5558609772450123
0.6997579914364084 -0.7157791233480363
0.9749077188422781 -0.22705933088456298
0.8666787608179026 -0.5008681718248273
0.6947788860937208 0.7206131413167319
0.7669429269153875 -0.6432725292241684
-0.8897000602924192 -0.45873173284139124
-0.581451598339708 -0.814809817557569
0.16094314713216004 0.9879768739151721
0.7078015949469005 0.7078261807750712
0.6915607093235854 0.7237021385348115
-0.8929458224718754 0.4523812088604323
0.7170872504604964 0.6984174075916245
0.1706437245438104 -0.9863476665323521
-0.9839513248435272 0.18395866475561204
0.9372852040142976 0.3514220345053458
-0.3486743097853955 -0.9383108363946769
-0.25232692108587784 -0.9686754486902831
-0.9698496125498022 -0.24777556182359595
0.6104614521739901 -0.7933081465670343
0.8759284266739515 0.4845104656707591
0.18362159516446655 -0.9840142833258351
0.8244219837693744 0.5677406033372719
-0.7998879001059847 0.6018142132452824
-0.8588772508848194 0.5141311777285396
0.8794972489144214 0.47800166228995933
0.6546020421141346 -0.7572959569811558
-0.6243047543203759 -0.7824605892522479
-0.616072101064316 -0.7889589129290568
-0.6146680452513089 0.790053285637706
-0.7291697996709096 -0.6857932656769717
0.562448823163023 -0.8280412558094737
-0.8343348312353285 -0.5530699678951263
-0.9875266123147373 -0.16368320002425038
0.9387938271489553 -0.34737177505810335
0.4779952770772249 0.8795007192105456
-0.9847449080545824 -0.17966208854561405
-0.9913624919165698 0.1385691510436905
-0.13657098050144012 -0.9916397366407194
-0.8160914387384902 0.5796514156091928
0.63953532702257 0.7700620530127
0.055292941331921516 -0.9994717057720367
0.3938415355138592 0.920266181549711
-0.402708648851302 0.9164206152964689
0.32413330456695044 -0.9470684245979847
0.9299684037329669 0.3703508715506927
0.9744418677441189 -0.22905031409573087
-0.13995605153297264 0.9911676465862371
-0.9453869828472049 0.32900524716645274
0.8065908109537016 0.5928003573590777
-0.8564168545826087 0.5182192308153286
-0.9994336837192669 -0.05597599349128402
-0.9936615422527334 0.12098652589408147
-0.9875994074529466 -0.16324340843840773
0.8112065894436262 -0.5864681314813621
0.7960023734624476 -0.6069441666596278
0.5682099496553603 -0.8240985700222109
-0.19467092964445445 -0.98188809400632
0.9396351420386672 0.3450895533712572
0.6326327107056209 0.7757427752452858
0.920795096391308 -0.39260335003884234
0.17036378469860639 0.9863960567962379
-0.7305615853774713 -0.6843104339192525
-0.049684629410915546 -0.9997661914669349
0.23109788954580096 0.9739582975915739
0.9061892955096835 0.4252316553405489
-0.7591248598774603 0.6524802273755324
0.42362222710274977 0.9069427813839781
-0.7543395215948184 -0.6580067523666457
-0.467321623093665 0.8852183349824508
0.21016808926908725 0.9786880883371274
1.0007857457743834 0.020709685048573328
-0.8653825064620292 -0.5031044797151939
0.4063318893427941 -0.9148198706319816
0.9285664878738931 -0.3738519460930268
-0.5785766025155579 0.8168537904800064
-0.6553140486016826 0.7566799176040498
0.832317418899931 -0.5561013524491347
0.8484177816987891 -0.5312139566100516
-0.5428262444930799 -0.8410354738591821
-0.30659329261541424 0.9528911548142521
-0.8905334464216496 0.45711178151999
-0.35626464593004636 0.9354552378710265
0.8051029918287724 -0.5948194453347667
-0.7503326551557052 0.6625721897325525
-0.6616838417527381 -0.7511161651591166
-0.7066024375924812 -0.7090232684393113
0.19675481908693393 -0.9814726390307923
0.7656533553204307 0.6448069009297018
0.060970360710600253 -0.9991414389939091
-0.6076016014206432 0.7955006561600497
-0.6826794146722266 0.7320859353810768
-0.861140636428327 0.5103310732179804
-0.10895841678708108 0.9950522917973973
0.09095273811709115 0.9968593679296011
-0.5038935659608684 -0.8649232764721041
0.9777536781322068 -0.21447317990588236
0.6133295707772519 0.791092812260478
0.43741942088875163 -0.9003695076074874
0.9100771254411782 0.41684604561962924
0.9556936389977363 -0.2977426210324357
0.33623586687736656 0.9428395631416969
0.019604940357201082 1.0008079967274395
0.1263492766248857 0.992993887340888
0.9914760804643036 -0.13775406297870776
-1.0007274339936498 -0.02335814317288636
-0.3308553862622845 0.9447410827212049
0.33376418548452574 0.9437173668465846
0.7605159155407976 -0.6508583119305941
-0.26085934721132564 -0.9664126452879644
-0.20294572106283304 -0.9802112192289408
0.9744059356698209 0.22920312504723986
0.7886423284717703 0.6164773132424455
0.7520646410775867 -0.6606056127833312
-0.8242394213467076 0.5680056129106865
-0.34342681254330354 0.94024413022701
-0.7510202606466829 -0.6617926926902323
-0.2872584720329631 -0.9588970592536444
-0.8304190620066314 -0.558932179656912
-0.3924594680033995 -0.9208564307070287
0.9997392888630653 -0.05022304554258372
-0.6053359360603721 -0.7972260686366904
-0.11280464180034634 -0.9946236035748878
-0.946886359746622 0.32466478362426465
0.3220131871055155 0.9477913838657473
-0.9364554059125723 -0.3536273076801614
0.19885883606216243 -0.9810485020221997
-0.9319079476914404 0.3654429873858954
0.9990877824551881 -0.061843374332054175
0.7476019018901909 0.6656518581737524
-0.8208371541904017 -0.5729113075342489
-0.4356843379981511 -0.9012103847732297
0.4646266438439794 -0.8866358225507697
0.6398001638628549 0.7698420294586832
-0.9876881793006274 0.1627054408119524
-0.930153235407791 -0.3698864131871006
0.8466882202334807 0.5339663451172376
-0.5737516177979485 -0.8202500113223021
0.35768925666085066 0.9349114373401408
-0.9871503082252358 0.16593754539230132
0.7299797891057644 -0.6849310238973729
-0.6063793957357029 0.7964326892005399
-0.3056586985254511 -0.9531913554033772
-0.7439594620876361 0.6697203287718503
0.9816806146214756 0.19571451370913145
0.7515750472336059 0.6611625733326132
0.00499319247766868 1.0009875463905038
1.0000973071860824 0.042501484199340626
-0.9180577536462672 -0.39896235532938423
-1.0001205149290076 0.04195182496789607
-0.5899244699652886 -0.8086965560308597
-0.19884427449720862 0.981051453543431
-0.6634219541942904 0.7495814236579165
0.9575547576505333 0.29170170740129087
-0.8231602086447019 -0.5695684953576794
0.6336764283383591 0.7748904336539072
-0.8005986173566111 -0.6008684164496272
-0.7002387846057844 -0.7153087756583264
0.6107747088047462 0.7930669928098618
0.99821348130303 0.0746380984811738
0.634735698061432 0.7740229929443095
-0.7465847434721342 0.6667924870712384
0.37915671552720176 0.926413074751552
-0.8832824820843024 0.4709703354172044
0.984958887294282 0.1784852664507907
0.23651753402967382 -0.9726563915877601
-0.9454505029783412 -0.3288226671292623
-0.602059156110559 0.7997035529141042
-0.964218969922623 -0.268854566710993
0.012076976336245769 1.0009271435237301
0.9642252619272369 0.2688320000694698
-0.32622559878461305 0.9463497549519525
-0.6384490663984494 0.7709628976902508
0.2563511285625637 0.9676182609297429
0.26775592779207574 0.9645246306508739
0.994873255181362 0.11058121958470353
0.5077725139304518 -0.8626517687321745
-0.9432885497937759 -0.33497419576432347
0.9813240693469439 -0.19749448326562014
-0.5463161092263601 -0.838772739661806
0.9949111756968734 -0.11023952319139106
0.8686899420065414 -0.4973718776294774
0.2142408332219247 -0.9778046151355472
0.6887107155882435 0.7264148609671539
-0.7605915277852388 -0.6507699500294374
0.8348088984487919 0.5523541464230304
-1.000997071823802 0.0024211980865432702
0.23372889184445098 0.9733302651809226
-0.01434024145318205 -1.000897276185256
-0.8242301201396454 0.5680191097617983
1.0004139112881085 0.034249176650375635
-0.6493786988030044 -0.7617796961989187
0.9924070117765316 0.13087903948598942
0.9395890865257961 -0.3452149308497827
-0.8443115734737427 0.537716437258796
-0.02928504479088724 1.0005715297526687
0.7952354486585587 0.6079486665803462
0.1293005796896881 0.9926139028302549
-0.6021050775170994 -0.7996689787831761
0.6538631252671722 0.7579340429192017
-0.35856015262774366 -0.9345777746916354
0.99821347381571 -0.07463819861687888
0.7617094375576114 -0.6494611094866783
-0.7262739008970719 0.6888593621892282
0.7825635134180976 -0.6241757344424108
0.007298944484360903 -1.0009733889616717
-0.0661018174916151 0.9988150728359605
0.9107705697951021 -0.41532874833691114
-0.5981446944543924 -0.8026356112807739
-0.1427297750753584 0.990772027919106
-0.9470269007080506 -0.32425460572720305
-0.799418025656835 -0.6024382294102258
0.4731384984809521 -0.8821229853343524
0.9749542303395923 -0.22685953527002833
0.7570902946271095 0.6548398932421851
0.9777940340473561 0.21428912007238693
-0.12730089428789654 -0.9928723393838211
0.936451644132599 -0.35363726924823996
0.9563045860170868 -0.29577447280434505
-0.9816552218657187 -0.19584183767460558
0.06342775116423793 -0.998988448572979
0.551920334357506 0.8350957696711789
-0.8260325253398514 -0.5653947886925275
-0.988080943359786 0.1603029923901458
0.968519639920494 0.25292431098705537
0.9584433360330286 -0.28876871647371904
0.5621893587219515 0.8282174382007427
0.8744138452897448 -0.48723857315036373
-0.5705679519754238 0.8224677575313032
0.751633334167601 -0.6610963099035536
0.5132041399540991 -0.8594315043876234
-0.14026939247193096 -0.9911233513219005
-0.7229523168477671 -0.6923445295259043
0.8135404928769192 -0.5832262566530927
0.8377272128880783 -0.5479179836314669
-0.60077242741615 0.8006706504278189
-0.5025752918051559 -0.8656899422235205
0.9177147136648187 0.39975080277980646
0.9711501784736036 -0.24262796798944666
-0.9875845789777545 0.16333309329505544
0.5605274102514145 -0.8293431270329804
-0.8651679256237333 -0.5034733959922075
0.994646694853163 -0.11260085442694831
-0.8764334654843409 -0.48359629917846625
-0.7544023275041712 0.6579347446793558
-0.8382443069710496 -0.5471265683830614
-0.9989940277047691 0.06333981852044496
0.7886094378819067 -0.6165193869486855
-0.2737300157359764 0.9628462382359824
-0.07482920296957314 -0.9981991737037946
-0.34924698631278156 -0.938097832079064
0.36145114680918966 0.933463479987472
0.9310359650307902 0.36765885249669317
0.9579617980075212 -0.2903621765282059
-0.3654688803018704 -0.9318977935003908
0.9604246465794933 0.28210901836463026
-0.23324837950662308 -0.9734455267027192
0.44326586647615196 -0.8975056387662119
0.052062230104074333 -0.9996451991564759
0.8420507412749406 0.5412499876381736
1.0009983172340668 -0.0018354548663662336
0.31364820328519055 0.9505923440549959
-0.9975743578100521 0.08274297939923524
-0.13265268748670703 0.9921714894626603
0.5379450856988803 -0.844165910690798
0.970845620793064 0.24384376265742425
-0.46518557463201143 0.8863426996113215
0.23700881733311888 0.9725367964793703
0.9521617370682037 0.3088511396502542
-0.9684193775344101 -0.253307933582558
0.8754795511409257 -0.4853210849881585
0.22839287647985865 0.9745961696894032
-0.9872479947926414 -0.16535536513191462
0.7111394574487607 -0.704472619808238
-0.9931605421635482 0.12503254572073225
-0.7769592033814676 -0.63113817526817
-0.9913184383735991 0.1388839578228124
-0.10520430853350544 0.9954562036905426
0.39089074940558116 0.9215234245688729
-0.9332568200783349 0.36198440267126775
0.4106584293115638 -0.9128858934365014
0.21977806206632433 -0.9765749348792293
-0.9697383800845119 -0.24821054407713386
0.5295498005916612 -0.8494574790378455
-0.08072047063191581 -0.9977400491214944
-0.2465492063508464 0.9701620941099316
-0.7017972642511969 0.7137797978995593
-0.6760496850803663 -0.7382125867951166
-0.45496321977605664 0.89163303474636
0.977311272188934 -0.21648020060145776
0.6403501430302329 0.7693846205384925
-0.03265601590072498 -1.0004671831826826
0.47234098581715495 0.8825502779543375
0.04938841964462574 -0.999780867993085
0.9636100628320456 -0.2710288671134886
0.49523712620483323 -0.8699087244236479
-0.9429387945923313 -0.33595748191216285
0.9903256273041463 -0.145794896703037
0.5340096105972835 0.8466609331897497
0.9448025821065458 -0.330679725481929
0.9830413906440297 -0.1887607593771865
-0.20902575870487028 0.9789327005457797
-0.4341596184457202 -0.9019459106349264
-1.0007719292265653 0.021366929403605548
0.9804056520765398 -0.20200434989468594
-0.9998956840620356 0.04700660585613467
0.30825064136650665 0.9523563104726809
-0.6960175346837623 -0.7194168412073335
-0.6072756948669715 0.7957494771747179
0.7805332081770009 0.626712781849005
-0.8357280304127239 0.5509624843693709
-0.9212932943063437 0.39143283697994063
-0.9966882290798905 -0.09280934227539628
-0.7172156447194179 -0.6982855568961094
-0.9714123353889673 0.24157622948906313
-0.8848838000967667 0.46795476311958345
0.9958948398211384 -0.10096765827545502
0.5645840790366163 0.826586848249097
-0.9300240521338605 0.37021110525281936
0.9631027030336988 0.27282628797310393
0.9426009166128755 0.3369043068893109
0.6616458858600722 -0.7511496000960397
0.9629297855306926 -0.27343596716199264
0.18235127514061 0.9842504825777805
-0.35024300523153007 -0.9377264192110545
0.9944112591711514 0.11466144789616585
1.0008742570475124 -0.015865736024212998
-0.8027620738800328 0.5979749599605563
-0.14214478221342366 -0.9908561252217691
-0.6406552548302604 0.7691305769883122
0.3589367338574035 -0.9344332084679886
0.4888740804727244 0.8735005056907227
0.7964270970453095 0.6063867405311408
0.9340286892740205 -0.3599880659314353
-0.9178171192677324 0.3995156262013804
0.9844442071288999 -0.18130251804746614
0.9976355728832424 0.08200160802035872
0.9905111362782836 0.1445291974263455
-0.26116202153215023 0.9663308949367398
0.967747664623972 -0.25586218480824474
0.6106933795130423 0.7931296213223531
-0.32236594688871106 -0.9476714600991974
-1.0009632676916695 0.008575356086785097
0.9970966621718658 -0.08831334149336735
0.2591897717623724 -0.966861759619114
-0.052901151217007794 0.9996011545611156
0.5717855058109547 0.8216217714645291
0.5777709909461594 0.81742380808311
0.9878720928494279 -0.16158504933715656
-0.9746468200780843 0.22817663357951082
-0.7720332409557924 0.6371543571688854
-0.5068303326214619 0.8632056614358007
-0.15951536756560336 0.9882084028738121
-0.4481882951260096 -0.8950576808854505
0.9428950325411177 -0.33608028446977445
0.02744232963154967 1.0006237647309768
-0.8940778329601283 -0.45013978785408515
-0.967753256337486 -0.2558410343322432
-0.8225658209499604 -0.5704265686351905
-0.14978569375926232 0.9897298853450149
-0.9168805058960364 0.4016604759094779
-0.4087607664114641 0.9137371809457643
0.9800465502414503 0.2037394398731683
-0.4909852341225963 -0.8723155964864892
0.7542932091216632 -0.6580598412552942
0.14862833677085127 -0.9899043476562422
-0.00858358322479723 1.0009631971751125
-0.29067016998959117 -0.957868389852292
-0.6839596789475435 -0.730889976380832
-0.9974807578616726 0.08386380444329573
-0.9968534566499262 -0.09101750361932454
0.9931410033326235 -0.12518764914906816
0.6545162280669949 -0.7573701256301
-0.9109301292845342 0.41497867362270796
0.015645687025440624 -1.0008777210416375
0.3649757445781725 0.9320910394750122
-0.5930942711250259 0.8063747178320227
0.2463850327957991 -0.9702038010718228
0.5494326819837159 0.8367345624319465
0.35051572607942594 0.9376245121427942
0.13723911266595007 -0.9915474905190688
0.48361401668943454 0.876423689126162
0.2823843028773068 -0.9603437434005062
0.014916324758909234 -1.0008888565948204
0.7713562073782715 0.637973824963853
0.968124975865157 -0.25443079826563697
-0.7437176869640961 0.6699888074414189
0.9454959391824681 0.32869199714848935
-0.2829686050949414 -0.960171739081412
0.9284610625904386 -0.37411369295099817
-0.10125489253064711 0.9958656770562018
-0.6069389043917417 0.7960063858636766
-0.8793149658182412 -0.47833690103113036
-0.06685071679791198 0.9987652285014759
0.7533679846054079 -0.6591188661930303
-0.30157795716752633 0.9544903015487698
-0.9861573953078778 -0.17173989542206525
0.9859178336175032 0.1731098649845505
-0.760903597127556 -0.6504050398623508
1.0008808449968407 -0.015444549796288608
-0.13885012486810233 0.9913231777902263
-0.2021209413370919 -0.9803816221620069
-0.21280973230642436 -0.9781170777752876
-0.8672294404345726 -0.4999140902630552
-0.9909807987307665 -0.1412729859064787
-0.8393092573694101 0.5454914944286569
-0.9644397344085164 0.26806155765799483
0.700086929910002 -0.7154573995488396
0.30863666219415775 0.9522312800730973
0.2145542871175342 0.9777358834979346
0.11746358065736615 -0.9940841549985345
-0.7835948065268347 -0.6228805496916504
0.8044717135594881 -0.5956729489263894
0.9365066492048014 -0.35349157839359485
-0.7506097603923673 0.6622582484225569
0.4682778803281687 0.8847128499097079
-0.9418458361537478 -0.3390094702509763
-0.9990234950433292 -0.06287333577448412
0.8526881642930434 0.5243318552925809
-0.9317393823410062 -0.3658725507534015
-0.23126453712698117 -0.9739187408954831
-0.9928655132793591 0.12735412258939488
-0.9904440245260142 -0.1449883936069096
-0.5737909512434373 0.8202224968087326
0.680362135222895 0.7342399913890166
-0.09626507982811644 -0.9963603938363298
-0.8897391462145575 0.4586559186289765
0.9812961475142583 0.1976331725031885
0.5822418575721698 0.8142453065820577
-0.5958399012854501 0.8043480664713164
0.7157079939967432 -0.6998307419148987
-1.0008233813849303 0.01880317189290568
0.6041969756188112 0.7980896031480936
-0.18846329442519422 -0.9830984623395576
0.6751587016319989 -0.7390275553797663
-0.23493047646976606 0.9730409401590915
0.939343618289384 0.34588230191642944
0.31037598399904154 0.9516657756568883
-0.32203750855700664 -0.9477831202772055
0.9889378540232393 0.15492876066086078
0.2900462807594689 -0.958057490455348
-0.24337587355959425 -0.9709630189503122
0.8370635183114383 -0.5489313857961451
-1.0005918036708767 0.028583954006782982
0.5452497409776651 -0.8394663304527402
-0.017830743218718734 -1.0008411785074933
-0.6583735371736268 0.7540194198755673
0.5889840228622995 0.8093817522114903
0.8123983449904667 -0.5848161497913261
0.9636730615075882 -0.27080478305338734
0.6223064829129642 -0.7840507900158615
0.8861608383503431 0.4655319200379465
0.8004607257694425 -0.6010520996558097
0.7781885978485094 -0.6296217167304277
-0.962853918449105 0.2737029991198571
0.7908348804671473 0.6136621153668465
-0.9817515245295978 -0.19535850143725617
0.8677401041646364 -0.4990271652168306
0.16852885604296713 0.9867112164563899
0.7125669577461758 -0.7030286841433709
-1.0009844825982288 -0.005573652084247391
-0.9636031145056512 0.27105356982524464
-0.750176326659188 -0.6627491825118514
-0.9834997008603874 0.1863580918756374
0.1771146413952899 -0.9852062747482975
0.9522961535276181 -0.3084364374980738
0.17897460808535587 -0.9848700877073551
-0.9917192350408676 0.13599249556485277
-0.6313520056590112 0.7767854561913116
0.7032282027023414 0.7123700547636983
-0.41669124262991364 0.9101480145094745
0.9599829773480303 0.28360832710273387
-0.4861439261625553 0.8750229043032279
-0.8199431607434269 -0.5741900496787442
0.7564319991126947 0.6556002064660843
0.1738857371877949 -0.9857812893348388
0.9557646671826157 -0.29751453908221703
-0.7158922327975532 0.6996422736085449
0.820119048379507 0.5739388002958957
-0.9564912168702188 -0.2951703780024819
-0.5511948666204537 0.8355747836138069
-0.7665419392361963 -0.6437503051587716
0.886133942863863 -0.46558311320809737
-0.18853789627500978 0.9830841579784477
0.013366047552359407 -1.0009107596448488
-0.9448504092230363 -0.3305430443846323
-0.4906767708066302 -0.87248914411056
-0.944960662490886 -0.33022771892254293
-0.82971129348283 -0.5599822938870916
0.4722760022533351 0.8825850540857848
-0.4662383663155285 0.885789357452113
0.2979575714026526 0.9556266455283847
0.4573043055952087 0.890434597308575
0.3647116633144133 0.9321944017437747
0.19800069826181863 0.9812220561564198
0.9443151004664051 -0.33206925637752627
0.40159145302417615 0.9169107398530846
-0.19431817768106097 0.9819579654051958
-0.9397766438792517 0.34470401741066203
0.7188767277289714 -0.6965753730427787
0.12781547695943535 -0.9928062267379432
-0.5564255252085651 -0.832100736026818
0.2611193521877594 0.9663424258062174
-0.954024741467399 0.30304750892898386
-0.8863949734112584 -0.4650859609913575
-0.4976891585156442 0.8685082046221497
-0.48662813780913217 -0.8747537113338909
0.9442851773773431 -0.3321543372973468
-0.634921272438149 0.7738707759086924
0.639919429622047 -0.769742894473339
0.7559254223263653 -0.6561842392809404
0.6988657796697236 -0.7166502787319832
-0.18479591761666714 0.9837944240705037
-0.5604280695812006 0.8294102596577215
0.4127270290930766 -0.9119525203956633
0.9940581968509707 -0.11768305431707965
0.942062707297794 0.33840634674714803
-0.27733530850789984 0.9618139771571362
-0.07507020758325529 -0.9981810777275869
-0.9988585665108722 -0.06544130276702545
-0.4804334911800713 0.8781712023019933
-0.16858402452142107 -0.9867017921723671
-0.7249358812098246 0.6902673164322175
0.8890348358828012 -0.4600196306537805
-0.4929680200633313 0.8711966088058648
0.9999432555735168 -0.045983536543379645
-0.630839300188534 0.7772018896899574
-0.46443704031187705 -0.8867351552669737
0.9153568774587905 0.4051207065664418
-0.6018639970404154 -0.7998504416867787
-0.018609726872954462 -1.0008269970707795
-0.46311436102738046 -0.8874266666098113
-0.5633537723366342 -0.8274258439244472
-0.2032585389761681 -0.980146400459275
0.08889091551728671 0.9970453375541649
-0.5886606148931853 -0.8096169961615042
0.0832391772143288 -0.9975330768333858
0.06173215210713155 -0.9990946608786487
0.9533683494476929 -0.30510619507211206
-0.21699929257651882 0.9771961456234314
0.9995633534695804 -0.053610655663278634
-0.6660560997376125 0.7472417761356225
-0.2040647398703981 0.9799788681097296
0.9668993622380382 -0.2590494611144272
-0.9057833381693944 -0.42609569851702156
0.5004050550668777 0.8669462387388939
0.4037701375056923 0.9159534246121002
1.0009916967919323 0.004077125655164762
-0.34104970243893384 -0.941108973746566
0.7994679170566793 -0.6023720192680388
-0.6016908048876219 -0.7999807343390749
-0.7160552599713592 -0.6994754210602036
-0.740136199713295 0.6739431770364334
0.7895061714313822 -0.6153706243165665
0.389398432546917 -0.9221550090575902
-0.6968973372409041 0.7185646118106136
-0.3814590148011259 0.9254674602745114
0.4728931298979647 0.8822545481295672
-0.4827685067762269 0.8768897130569226
0.9918368416509107 -0.1351320818456757
-0.256799883880777 0.9674992607949732
-0.2798586580984434 -0.9610827911721957
-0.83094457898208 -0.5581506128817685
-0.9066762878517253 -0.42419230196623736
-0.7341399207131543 -0.680470114564397
0.9792339707458523 -0.20760980356744088
-0.8443127225717301 0.5377146329639104
0.958299368171521 0.2892461252325841
-1.0003667979732382 0.03559872908925406
-0.9444554349425428 -0.33166991332873763
-0.9960664681750317 -0.09926021850327738
0.03611618996119328 1.0003482497723915
-0.40014121054758667 -0.9175445556601117
-0.763380694803436 -0.6474958801424326
0.9813957709209437 -0.19713787261327176
0.19800723807531673 -0.9812207364654422
-0.9793606504464393 0.2070113918535098
0.6849939396663027 0.7299207509178224
0.555402485556487 0.8327839329848267
-0.3887955191780662 0.9224093691344738
0.028095764970389705 -1.0006056306011517
-0.6390094223780817 0.7704985127253852
0.272780717271109 0.9631156110691277
-0.7633996057637803 0.6474735839551331
0.22394932434779252 0.9756268242131144
-0.9319485678072618 0.3653393859988186
0.5840648792977678 0.8129386303841661
-0.6022458447719973 0.799562969662092
0.9955054533765844 0.10473725362773881
-0.38070283300396746 -0.9257787818603067
0.6621277508269057 0.7507248774250812
-0.11859559558149445 0.9939497395284485
0.9287817007072404 0.37331695974247675
-0.32119575649194165 -0.9480687137605425
0.9837107556063892 0.1852407873668942
-0.2646757310565349 0.9653744130593521
0.9442293837326088 -0.3323129111183281
-0.9089082926659211 -0.4193885018966548
-0.13657678677279092 0.9916389369699132
0.06338338031913372 0.9989912647762842
0.9921533306768485 -0.13278843483841532
0.9239392054151602 -0.38514587456806865
-0.7762139179478419 -0.6320545495319696
0.2293374326610279 0.9743743336010287
-0.4401249463592336 -0.8990500717937137
-0.9987374727562776 0.06726411013611804
-0.5414514789336417 -0.8419211934383005
-0.6366100076075489 -0.7724821669229112
0.15079625069718014 -0.9895764198765415
0.4660452365654107 0.8858909850961858
0.9793534876635062 0.20704527572810424
0.8302887456124719 0.5591257451676392
-0.8529222511840421 0.5239509838096937
0.7930642664353122 0.6107782488787726
0.8889392356583877 -0.4602043408172953
-0.9582816928671887 0.2893046786963445
0.45218102903790697 0.8930472087063592
-0.7518840174201318 -0.66081118660943
0.03390462164686171 1.0004256477274975
-0.32532694054965966 0.9466590631017051
-0.9602489453230323 -0.2827064962217958
-0.6931903878965847 -0.722141320052926
-0.2947291398183005 -0.9566272702270016
0.9904734921873276 -0.1447869513258699
0.15960630113257984 0.9881937201980067
0.03931639321267454 1.000227584714972
-0.10293062350645855 0.9956938720031231
0.18215395364368236 0.9842870197112097
0.8292160168868171 0.5607154334761634
-0.06921501127150588 -0.9986041669323663
-0.4560841462492927 -0.8910601840168002
0.9817183822465229 -0.19552498039705843
0.7922043665369416 -0.611893161948884
0.7877342783810084 0.6176371966320942
0.29701088796690767 0.9559213003323594
0.552901896601507 -0.8344462191983714
-0.7782948233294379 0.6294904034046896
-0.27806681371632397 0.9616027491171452
0.9996681401928686 0.05161985551443393
0.6325454365882998 0.7758139407430864
-0.5269208042102136 -0.8510907507959782
0.20202744830673697 -0.9804008925590942
0.5473069166809057 0.8381265649967432
0.8654190650645076 -0.503041590549801
-0.9344823835706525 0.35880868829518603
-0.41055415376926635 0.9129327942531157
-0.032308982954778846 -1.0004784503528439
0.9970855251890661 0.088438992861997
-0.23672209825215482 0.9726066256195754
0.1298106862199094 -0.992547321664371
-0.028018600439113868 1.0006077943077563
-0.31005130228260114 0.9517716059816363
0.22671362675917978 0.9749881698983324
-0.16997493850701031 -0.986463136807219
-0.9428665679276544 0.3361601330977927
0.7526146371566591 0.6599789450713942
-0.9564050322534823 0.29544951223553495
0.9605826460714294 -0.2815705596585179
-0.7270794244760463 -0.6880090918756678
-0.8502946358759064 -0.5282045363310123
0.725788104799411 0.6893711822608188
0.3621578183750098 0.9331895384057053
0.9576557672319377 0.29136992207056783
0.4880694547217422 -0.8739503460538369
0.9329721302287993 -0.362717526756478
0.26118371254726214 -0.9663250324295801
-0.8985447254576262 0.4411557280057453
-0.2024306251169934 0.9803177250334421
-0.12216691024551588 0.9935171090832126
0.402581446864436 -0.9164765019576537
0.5059738882443066 0.8637079508809318
-0.35362101044640054 0.9364577838700827
0.9964714648935649 -0.09510846257233362
-0.6083220464011704 0.7949498649992289
-0.0025246994428490656 -1.0009968161251679
-0.9739089504685676 -0.23130576343276246
0.11234196179961854 0.9946759691572995
0.41680413072717143 -0.9100963227091774
1.0009860515589284 0.005284371719170436
-0.7797563558714826 0.627679078413504
0.9873395093585889 0.1648080497413308
-0.8820585969180847 -0.47325852512437594
-0.7118258001471033 -0.7037791061440629
-0.8303724707143255 -0.5590013952395706
0.4696046655828694 -0.8840093088100381
-0.6645192417236289 -0.7486088280130374
-0.06483906359867121 0.9988978405380841
-0.2839865973958797 -0.9598711436956059
-0.24935957358684513 0.9694435533132327
-0.7836090598472881 -0.6228626183399107
0.9430904969731264 0.3355313912571839
0.32038664968101593 -0.9483424459055779
0.16396090972935504 -0.9874805416213134
0.7072063827533638 -0.7084208722171466
0.5798417090220777 -0.8159562442180072
-0.9899944135653059 -0.14802723097283835
-0.9604152954664645 -0.2821408517639082
1.0006527021071976 -0.026366072243778602
0.9856940906607153 -0.17437935553426467
-0.7741745667752347 -0.6345508176327391
0.2506816274039102 -0.9691025341428672
0.5636710231166085 0.8272097543541637
-0.9792134198892154 -0.20770671223835585
-0.6645959496444366 -0.7485407294972062
0.7621673816926269 -0.6489236336301873
-0.20177836567078591 0.9804521870786085
0.8408877637126185 0.5430550329739993
0.6348189264833256 -0.7739547341922253
0.07916492672862573 0.9978646773866942
-0.9571577709842207 -0.2930017089447059
-0.9975064450144776 -0.08355771750460216
-1.0009643889181832 -0.008443465973651696
1.0009399288110163 -0.010966262435193296
0.944875957553216 -0.330470005958019
0.9934007843354209 -0.12310922663135654
0.15605006491923165 0.9887615370951196
-0.22709848434594646 -0.974898599038779
0.9191810244526593 0.3963675621013401
0.49075550227624426 -0.8724448618598147
-0.6965005208325867 -0.7189492502812249
-0.7203752033267775 0.6950255868900826
0.5524352654339293 0.8347552201124256
-0.08609410296460135 -0.9972907326525804
0.38898465971659213 -0.9223296235647899
-0.7635898653823895 -0.6472491927266532
0.862111632523289 0.5086890337603409
-0.7467979264716916 -0.6665537165282193
0.3994352865371382 -0.9178520860514477
-0.48632924140588124 0.8749199214520035
-0.6764257098143442 -0.7378680499263812
-0.8168885897204305 0.5785274686517194
0.9939879140718745 0.1182752158275089
0.9353558024819371 -0.35652562707801466
-0.9932651325776839 -0.12419893882572432
0.22254117892228506 0.9759489862097709
0.30422692037577925 0.9536492966068131
0.9887966972838513 0.15582712036275198
-0.9734257377933334 -0.2333309516577354
-0.4973625276011017 0.8686952953356218
-0.32270140458414753 0.9475572824264602
-0.830144695147819 -0.5593395973091254
-0.8515459839097624 0.5261847938577802
-0.9073386007395725 0.4227737735573892
-0.24329015710984245 0.9709845001097949
-0.892743556460554 -0.4527802363157667
0.6054660598186904 -0.7971272485667705
0.5822300333637626 -0.8142537615812603
-0.233092544504184 -0.9734828533141017
-0.6304740418875862 -0.7774982202590115
-0.4865091129640285 0.87481991461269
0.12309306085097371 0.9934027875793073
-0.26342016645991584 -0.9657177723860271
0.01820335828492047 -1.0008344707028984
-0.5149383436079612 -0.8583935590871411
-0.913211483313591 -0.40993388094202576
0.9343860454602528 0.3590594909609692
0.60832851043278 -0.7949449184658237
-0.9929307103673333 0.12684480442423712
0.7443866427416899 0.6692454901661691
-0.5657023923966822 -0.82582189559049
0.6859857364085864 -0.7289887306700765
-0.9680187849569775 -0.25483451879684016
0.5151282749946821 -0.8582795933150241
-0.9536839989386103 0.3041181187769986
-0.3570128134626613 -0.935169958362369
0.5854951715175077 0.8119091107566686
0.9561097100297555 -0.29640381641742847
0.9194518789836774 -0.39573885610764215
-0.8992639036880351 -0.4396878796643777
-0.9951788060156465 -0.10779677201694064
-0.6229400615921475 0.7835474967502426
0.5176062836563506 0.8567874503746314
0.8509009128287972 0.5272273101301941
-0.45276373082709687 -0.8927519274958347
-0.8889495883070666 -0.460184342898253
0.7276110292911154 0.6874468634403125
-0.6135960188784171 0.7908861647649156
-0.5763751155093846 0.8184086547816705
-0.7308020922632085 0.6840535811935471
0.9415062576029323 0.33995141843287097
-0.7415995860749897 0.6723325471322983
-0.390779154703401 -0.9215707527093595
-0.48649700049661854 0.8748266505472916
1.0003815988152156 0.035180346102803246
-0.8202286631798666 -0.5737821364404514
-1.0005176107122622 0.031072667323966404
0.394035544150497 -0.9201831284836849
-0.6436510914489952 -0.7666252490470928
-0.686869887184546 0.7281557237837859
0.9781413386760877 -0.2126981936287922
-0.8125558016662773 0.5845973564586769
0.5221479541728297 0.8540272325594358
-1.0004077478226094 0.0344287393974065
-0.4684490284889601 -0.8846222401159433
-0.1503325518361176 0.989646969306955
0.8172465620060275 0.5780216751033893
0.14798929761594326 -0.9900000847429963
0.21740448720230196 0.9771060786548736
-0.6591049079606449 0.7533801963830677
-0.5959140004786436 -0.8042931704506381
0.34966720632401016 -0.9379412800498558
0.2645314651990404 -0.9654139546949012
0.9608629799584534 0.280612426213382
-0.8609898888949844 0.5105853613457816
-0.2771970247798399 -0.9618538399638507
-0.7118776513161794 0.7037266582676545
0.897980366551706 0.4423033588925859
0.9954266126015989 -0.10548392732784571
-0.5113543309789905 0.8605334091068336
0.4275443765452566 -0.9051004397770049
-0.4711555463504538 -0.883183701810221
-0.3866154947992334 -0.9233252185341544
0.10591836674136977 -0.9953804798100275
0.9951481308524577 0.10807958947396114
0.4689845475792709 0.8843384499906507
0.806866771355182 -0.5924246899673108
-1.0005378525586104 -0.030413904672115705
0.5155186097638095 0.8580451986854708
0.2647977846085626 -0.965340941463894
1.0003996850452384 0.03466222960785868
0.813307325394558 0.5835513640285237
-0.8773057287569317 -0.48201209351039015
-0.13494410328701695 0.9918624345079629
0.8153761251643289 0.5806571919058651
-0.9991223235327642 0.06128280850687668
0.781570949747957 0.6254181405348554
-0.15185641178734735 0.9894142864336818
0.9963252376354321 0.0966282611387559
0.6916000166971933 -0.7236645748580223
0.8282224803513715 0.5621819305532882
-0.948345517125797 0.3203775587449983
-0.9952381781205283 -0.10724723218494536
-0.4581319794651923 0.8900090389379788
0.9382490189493016 0.34884062039945
0.693187671841074 -0.722143927210879
0.01891412685248231 1.0008212906435436
0.5472266274622856 0.83817898935505
-0.8444670431503039 0.5374722439651957
0.9913070515299564 0.13896520998791245
0.5662541959810221 -0.8254436295313484
0.4448605928379676 -0.8967162611104206
-0.7335660139591264 -0.681088763058178
0.5786430662295515 -0.8168067102469609
0.533694231690958 0.8468597682378104
-0.3291128774852337 -0.9453495194230489
0.991360019452084 0.13858683859574722
0.7311231351087667 -0.6837104367411163
0.3602991491048879 0.9339087338462435
0.999090813769212 0.0617943835795254
-0.9651048277221866 -0.2656570561971362
-0.01289377706346285 1.0009169548534174
0.4964016979077296 -0.8692447033570715
0.7836862366587577 -0.6227655116266745
-0.9955386571200237 0.10442117687356339
-0.5811839945193752 -0.8150007144257622
-0.6184111891292184 0.7871268011951988
