1000
0.9751970779152141 0.22581332827277428
-0.8802662856951284 -0.4765839551102224
0.9046738238749539 -0.42844634716084234
-0.357225882590685 0.93508858874831
0.8801105674213036 -0.4768714597387341
-1.0005741526520795 -0.029195291479502825
0.1900535747212608 0.9827922663186103
-0.8833116680352568 0.47091559446759895
-0.10150547264913852 0.9958401674075389
0.8984855088313237 -0.4412763198044024
-0.9719784439273095 -0.23928832930305233
-0.4821344211857398 -0.8772385079942009
-0.6374582483200845 0.7717823408505078
0.8756054029962186 0.48509398908235263
0.8906611415499839 -0.45686292356994734
-0.027677992564465955 -1.0006172738502976
-0.12655499315867466 -0.9929676901624784
0.6850436719323258 -0.7298740764991423
0.6674129286658007 0.7460301486198389
0.03922515418214078 1.0002311669206212
-0.8471715252582787 0.5331992186711846
0.6669540662417465 -0.7464404018564376
0.5364697019431609 -0.8451042887697447
-0.8046399306701906 -0.5954457002708734
0.9416378706458907 0.33958669079555076
0.9712840649706848 -0.24209143961326382
-0.014959455224714651 1.000888212888622
-0.2759980731559811 0.9621985572708918
-0.9801109945325969 0.20342919750203992
-0.8423452508546788 0.5407915294848545
0.929340396201801 0.37192395457603894
0.8893136374233211 0.459480417746939
-0.8293302706763165 0.5605464317431229
-0.6818030305048193 0.7329021951082181
-0.860274767178224 0.5117893365013113
-0.4331831143219713 -0.902415308749978
-0.06722939869180086 -0.9987398099362711
-0.6368173356219999 -0.7723112591768275
-0.9826051401449705 0.19101868641754124
0.1750787888539136 -0.9855700978080892
-0.42268119646872476 -0.9073817312199796
0.9222213975431247 -0.38924117705300154
0.6193740885111536 0.7863693397386357
-0.24671445455189267 -0.9701200842757365
0.3055161192926964 0.9532370643509047
0.9092516823217937 -0.41864349773403625
-0.36465247527293254 0.9322175563018127
0.9543396420088622 0.3020543786976059
0.7685032061913303 0.6414076878816202
0.13701951870095602 0.9915778595223667
-0.7933744057378301 -0.6103753372476192
-0.32229064860516765 -0.9476970707043788
-0.05863362294738464 -0.999281290858617
0.6251559484347965 -0.7817806854461103
0.8857206899363432 -0.46636880193542973
0.46645812604330483 0.8856736513231994
0.9518507241634019 -0.30980832608180076
0.3429606464739474 0.9404142677406442
0.6813325980240151 -0.7333395467788749
-1.0000638728094366 0.04328106169435935
-0.9740967373403489 -0.23051365751921796
0.9430390196040156 -0.3356760454728591
0.49789103810455354 -0.8683924885529412
0.7653193687951962 -0.6452032731991696
0.9619606025074984 -0.27682629792599345
0.6933517313204177 -0.7219864103118419
0.5497973601737521 0.8364949866831083
-0.9241361219056693 0.38467314461650426
0.2465623185982228 0.9701587617743131
0.0012749718729420326 1.0009991880349969
0.7881360583971238 -0.6171244229928399
-0.25942190427367 0.9667995012322994
-0.17147825955694979 -0.986202923590941
-0.07023120135870899 0.9985332134464594
0.940656399561409 0.3422959800584384
-0.19509597262665346 0.9818037285857393
-0.07518421278397618 -0.9981724971907681
0.9750419077146656 0.22648240152414828
-0.5730326047009302 -0.820752480318925
-0.9312395954193662 -0.3671427732138755
0.20948567993405656 -0.9788343832858376
0.9762747542483399 0.22110767561833666
0.687071858938649 0.7279651507143658
-0.2511623964284556 0.9689780444469912
-0.8083028795805249 0.5904637625306327
-0.1693109031593262 -0.9865773249327054
0.02313205545871599 1.0007326855910397
0.7094104477951925 -0.7062137187558908
-0.7103746258875347 -0.7052438520789422
-0.44078313509301703 -0.898727560397238
0.2676328450348551 0.9645587904625353
-0.5816584095593159 -0.8146621966121462
-0.11870353139870482 0.9939368549528067
0.008723233242188592 -1.0009619898886282
0.3439933172449498 -0.9400370193193538
0.9509536627974662 -0.31255100577679
0.9831057106034129 -0.1884254807051281
-0.9842732937366924 -0.18222810770219572
-0.6230706319599553 -0.7834436722502914
-0.9056528154361909 0.4263730501479904
0.8822726295086473 0.4728593947675114
0.8111883917789272 -0.5864933017887908
0.9117918799675614 0.4130817928996872
-0.30784799454826145 0.9524865417698108
0.26823139549968766 0.9643925126566932
-0.758746793615485 0.6529198290588368
-0.8302652156628527 -0.5591606850095208
-1.0000771305033684 -0.04297363196366466
0.6581930232099458 -0.7541769979240628
0.8698863919526938 0.495276352247434
-0.8241837615310909 0.5680863730353528
0.5509424287091534 -0.8357412519721994
-0.4457649930312899 0.8962670199152785
-0.2276369814381588 0.9747730016171576
0.8975358153406301 -0.443204761008758
0.7057960178088928 0.7098260218145775
-0.9797242708559855 0.20528359188134718
-0.5001879646400308 -0.8670715080252973
-0.3528248736391991 0.9367580309458164
-0.5566668100707861 -0.8319393382726984
0.6764407994979996 -0.7378542164780975
-0.584123741036626 0.8128963372763939
0.8312330170986143 -0.5577209618484271
-0.04573972879460707 -0.9999544375669303
0.6760313175153656 -0.7382294072566052
-0.6146274111413813 0.7900848976367307
-0.6292844291388555 0.7784613717092099
-0.43427129180006524 -0.9018921471652265
-0.8700903755075893 -0.4949179108186149
0.9155318270064381 0.40472518298007304
-0.8323112881572423 -0.5561105282280059
-0.8583881133625927 0.5149474214303911
-0.32111335581796063 -0.9480966262545858
0.24612882487371443 -0.9702688295345184
0.25335073076625786 0.9684081821319992
-0.5097499830244036 -0.8614847385802143
-0.0877881179828956 0.9971430420661929
-0.8995511497905485 -0.43909990766396445
-0.525324080700783 0.8520772325534096
-0.1506585535042601 -0.9895973930119278
-0.6542604255565937 0.7575911136955772
-0.9993252935845413 -0.057878818251330004
-0.7313544596005582 -0.6834629868708147
0.05552816174792272 0.9994586651047138
-0.6448288791179265 -0.765634845507647
-0.42591911188457743 -0.9058663864673713
-0.6929355208513837 -0.7223858829894322
-0.9758451394296099 -0.22299610725661811
-0.8054371622741776 -0.5943668712400784
0.8736174974927173 -0.48866498552133036
-0.45156807115579944 0.8933573065199785
-0.9736136740500296 -0.2325455088854708
0.8706647480793012 -0.49390676898783953
0.9714059446693746 -0.24160192602916053
-0.6411128302552164 -0.7687492041505773
0.19924519413473285 -0.98097010791064
0.9659215832285146 -0.26267183909456215
-0.9203760661959668 0.39358467548119475
0.3615022782566405 0.9334436795089773
0.7134305707662331 -0.7021522774271738
0.5579668951565518 -0.8310679538457475
0.9951520046422188 -0.10804391540745611
0.15527974152208904 -0.9888828049232291
0.9881558283921923 -0.15984072952329856
-0.28248255092553815 -0.9603148485900865
-0.11384852742337177 -0.9945046570044455
0.6280120986159865 0.77948816796148
-0.9334863642208113 -0.3613920417134425
-0.8489741897345205 0.5303242641673244
0.930661328568865 -0.36860614686469223
0.2790088170519233 0.9613298497432015
-0.9099459932421616 -0.417132220503926
0.8491007203539758 -0.5301216527311062
0.6966260745215183 0.7188275956700187
-0.14992653692898292 -0.989708559892498
-0.3215402704052137 0.9479519262640601
0.8441327909736136 -0.5379970550134059
-0.4321012801492461 -0.9029338202179508
-0.9982910703530925 -0.0735930625349764
0.6336404342833052 -0.7749198668515761
0.17811269428745424 -0.9850263286499827
-0.19678640637586786 0.9814663062304645
-0.2851338959808488 -0.9595309590434186
-0.11904736087920204 0.9938957318892646
0.8215715470519603 -0.5718576685458091
-0.92285549846472 0.3877353852222326
0.9641455107276639 0.2691178815011971
0.12899220548695123 -0.9926540237784824
-0.9496104389607468 0.31660861361747195
-0.8541154004597789 -0.5220037190455943
-0.9420882948114799 -0.3383351072224077
0.9398624074137873 -0.3444701077457377
-0.9539953028130133 0.3031401692463524
-0.6491284245675772 -0.7619929713707438
-0.984513657332217 -0.1809250080180792
0.6766119050876882 0.7376973159051138
-0.266429155368204 0.9648919655431821
-0.7366244808615158 0.6777797387024065
0.31842794557046433 -0.9490019196396672
-0.871002493272995 0.4933109128249914
-0.023333003963346595 -1.0007280204561309
0.9513931356504481 -0.3112107026392376
-0.4235566931302298 0.9069733886419074
-0.7352666250982659 -0.6792525230108505
0.42070011738313745 0.9083019383629071
0.8996519319040933 0.4388933827494243
0.961879513796284 -0.2771079229091517
0.7160785063801238 -0.6994516228449333
-0.6654656098230955 -0.7477676926310575
0.9913720320367211 -0.13850088120796353
-0.43768115006597014 0.9002423067579804
-0.6853000889683573 -0.7296333243896975
-0.9000591434627268 0.4380576882890456
0.9837594396855123 0.1849820662379111
-0.9950259944430692 -0.10919830759943759
-0.7782745006873202 -0.6295155292603214
-0.6797375028207899 0.7348182954029906
0.052534689276888855 -0.9996204811940284
0.9011126087795699 0.4358865291546389
0.7041257958821048 -0.7114828624593795
-0.20343381056960044 -0.9801100370453982
0.8428696874739046 0.5399737863430432
-0.5766895180303564 -0.8181871422809792
0.8950762482773233 0.44815121306294753
-0.9693164937103229 -0.24985302684003186
0.9907632151863702 0.14279093610438384
0.347136102845232 -0.9388809967729801
0.8432675950974828 -0.5393521697912301
0.48654736210584326 0.8747986422187939
-0.9174761178019084 -0.40029810549531536
0.9957799766859556 0.10209426052094062
0.7419778351488187 -0.6719150929603178
0.7610197615080403 0.6502691155162188
-0.8827775238631685 0.4719161401796011
-0.5996254496776899 -0.801529987024084
-0.8742867690581584 -0.4874665582887164
0.8766234829292114 0.48325176582921925
0.8229353673057346 0.5698933068894351
-0.1548588590548966 0.9889488024019321
0.1220099402385656 0.9935363981671641
0.2894498304108674 -0.958237859654439
-0.82807769722002 -0.5623951701133189
0.5174056675606962 0.856908615417111
-0.2923511505263234 -0.9573566758454944
-0.4653166471411499 0.8862738955274032
0.2745488444151955 -0.9626130749321249
-0.995672037100736 -0.10314162368156932
0.8006884216485679 -0.6007487423523458
-0.729368211898894 0.6855822426750929
-0.9126553111462592 0.41117062521114633
0.01019390028566786 1.0009480927585435
-0.4724388570735525 0.8824978902677532
-0.9167537637015496 0.4019496694102923
-0.6904787910623812 0.7247344610911175
0.08581669036070655 0.9973146422546572
-0.6076289255266242 -0.7954797853266671
0.9989877329855514 0.06343902067646211
-0.9947153206737215 -0.11199299449954672
-0.9763264429858227 -0.22087932616397365
-0.17628975636334848 0.9853542113379082
-0.4703050644791862 -0.8836368860144016
-0.19962025840135103 -0.9808938538067092
0.9204656243050025 -0.3933751828379647
-0.41111805345261926 -0.9126789940199836
-0.9274576459140285 -0.3765943640518384
-0.9135310293667894 -0.4092212829070038
0.6902013045106357 0.7249987305173828
-0.06779424602318455 0.9987016272171323
0.9611258248944472 0.2797108305392703
-0.9645508105053111 -0.2676616034352844
0.27251126959181254 -0.9631918853195652
-0.6298856349602554 0.7779749911602016
0.6078842865402553 -0.7952846623552127
-0.5115245676001171 -0.8604322266986013
-0.8382475210107527 -0.54712164417004
0.6971917995742496 0.7182789114309422
0.7279607269954074 0.6870765459192432
0.907377638451817 -0.42268998241927114
-0.12522076347985228 0.9931368286361769
-0.8409288129141586 -0.5429914655045548
-0.6581320465572856 -0.754230209746546
0.9881448504080401 0.15990858204634312
-0.5630241596206652 0.8276501650355926
-0.1739208412987452 0.9857750965417704
0.9187583886954929 -0.39734622585556495
-0.4221426588015188 0.9076324011514708
-0.19658984186351722 -0.9815056974241552
-0.6263639200799559 0.7808131912449165
0.6829261632192598 0.7318557614657555
0.08151773012024005 0.9976752275545603
-0.5750761620641716 0.8193219195319644
0.4016321216367155 -0.9168929266111668
0.29955702776402054 -0.9551264770265694
0.841732404749835 -0.5417449204137128
0.43937426254911927 -0.8994171765145569
0.8658808155684826 0.5022463670654667
-0.8697412119820843 -0.49553125449353336
0.9821760936327966 0.1932126318236466
0.8142766217488745 0.582198061894095
-0.22918161330593742 -0.9744109954852151
-0.7614543257504574 -0.649760194068486
0.8903124470910726 0.4575420708030094
0.7122527986214237 0.7033469633516232
-0.8942611691031567 0.4497754566828379
-0.9810456310692511 -0.19887299907210854
0.8230233011592348 -0.5697663080149222
0.6237274114032528 -0.7829208876152157
0.47023348515643765 -0.8836749795245027
-0.34583154954599205 0.9393623046187334
0.29985087471212546 -0.9550342679372156
0.32028333185933644 -0.9483773443799056
-0.950390611457184 0.3142589468162206
0.20066470902402805 0.9806807199860218
-0.36590681912775674 0.9317259252139586
0.8498742949028391 -0.528880594145221
-0.9767472736434833 -0.21901087514098969
0.24450311423416307 -0.9706797757910668
0.22339270724684623 -0.9757544252264115
0.9546957662080439 0.3009268914278617
0.3039719258538054 0.9537306057229833
-0.7874034328527271 -0.6180589243201176
0.46723389646473495 0.8852646417848062
0.8688201992892893 0.49714430632052875
-0.9528207444758522 -0.30681204164191955
0.4182577282585133 -0.9094292016160619
0.8801779081852528 -0.47674715514896665
-0.3745557072872956 0.9282828352062285
0.9724798790862551 0.23724224913025638
-0.2213066101977264 -0.9762296780383147
0.5814266800447628 0.8148275987791068
-0.9780929569961878 0.2129205661143459
0.6052301915731169 -0.7973063496601343
-0.6050309495358384 -0.7974575537944084
0.3353445202301996 -0.943156960824431
0.8629546441996261 -0.5072576091635261
-0.412372760522112 0.9121127706481106
0.5100783103939148 0.8612903791786422
0.9774547227762316 0.2158315660936562
-0.23705687722930188 0.9725250829455719
0.1934817405945694 -0.9821231165472564
0.4410331594422515 0.8986048921925507
-0.693671766617016 0.7216789315190155
0.8415437508159611 -0.5420379280664809
-0.9654227292770178 -0.26449944006616355
-0.5071432144637628 0.8630218769089009
0.938025552908431 -0.3494410709845541
-0.363673016903732 -0.9326000947759645
0.8185420438947401 -0.576185666583803
-0.999339772808232 -0.057628278506226455
0.45085918895589855 -0.8937152744213502
-0.09665963556615974 0.9963221942987205
0.8059151290539295 0.593718624233726
-0.4621651974426349 -0.8879213536529067
0.5394678694149879 0.843193582677699
0.6209438252421091 0.7851304133032276
0.7400676798389966 -0.6740184190789777
0.7956694527221835 -0.6073805413451941
0.09687153915218413 -0.9963016134194941
-0.9937067177098403 0.12061492104352463
-0.22443321456803972 -0.9755156237593821
-0.6656032218191996 0.7476452040265498
0.9981906589818084 -0.07494270025468246
-0.9378206277989701 0.3499906714110327
-0.8209900020945544 -0.5726922528381047
-0.8392296110297306 -0.5456140210541579
-0.4444453118124018 -0.896922162067577
-0.8997018234265708 -0.43879109941167177
-0.7832457703976541 0.6233193909659681
-0.9378768338004644 -0.3498400271844491
-0.9309176441973877 -0.3679583396554371
-0.10008972388508877 0.9959834572785868
0.8726798348041653 0.4903375428479597
-1.0003445916993567 -0.036217369560025386
0.66687936727109 0.7465071396229983
0.6619887115858942 0.7508474850013468
-0.9131322012895736 -0.4101104521565595
-0.8113664946263712 0.5862468860452179
0.6065359208083667 -0.7963134915152115
0.34115006997930003 -0.941072595368242
-0.08948694702967253 -0.9969920191813516
0.9048186893208484 -0.4281403268272004
-0.7525136505612983 -0.6600940885350424
0.27732622178563465 0.9618165972315642
0.17032818296942073 -0.9864022050291329
-0.44021687081296934 -0.8990050648642851
0.08422637038445928 0.9974502085477049
0.5602306402692998 -0.8295436273659453
0.07920378078837835 -0.9978615941646549
-0.858944077238839 -0.5140195250925
0.6509119235049187 -0.7604700308619182
-0.29403956596580816 0.9568394502980315
0.5168494618086257 -0.8572442089790598
-0.20304704329214096 0.980190235724841
0.965955699986333 -0.26254634955358536
-0.34103787305168587 -0.9411132605294552
-0.8874481423956739 0.4630732064787032
-0.2655001563828681 -0.9651480026196358
0.05221282095684741 0.999637344904505
-0.41203038749459014 0.9122674825844982
0.6652895113821572 0.7479243718751853
0.7128939138988865 0.7026971378381494
-0.06502490316371093 0.9988857602191303
0.39452440632685876 0.919973637020344
-0.20044848962536055 -0.9807249374859965
-0.6865979354567343 -0.7284121601308905
-1.0006941970360328 -0.024741140200270784
0.27620995889255306 0.9621377544866297
-0.7850261801778357 0.6210755963933828
0.9466004861588924 0.3254973419303891
-0.8636145919682209 0.5061332201501529
0.9977374932090098 -0.0807520565992046
-0.9980333517333615 -0.07700927754415306
0.736624754269859 0.6777794415566688
-0.9206235422814076 0.39300546229948674
0.9114479065848504 0.41384020295531204
-0.11007279275518274 0.9949296358512367
-0.9931303160380592 0.12527240464741046
-0.9885300935872924 0.1575095364487468
0.9814077557992432 0.19707819985247738
-0.9932319933577415 0.12446367892123197
-0.45763683621524576 -0.8902637396518519
-0.9622131798251337 -0.2759470901654969
-0.41608682683304327 0.9104244902988984
0.50763811538782 0.8627308640621955
0.012284841169021583 1.0009246138833094
-0.4519447747811164 0.8931667932407955
-0.20545317773007699 0.9796887218706835
-0.9718246057722129 -0.23991234986070037
0.9140949517317614 -0.40796007061783485
0.5643798432403071 -0.8267263105430033
0.7480340065266533 0.6651662386799879
-0.9250017314797743 0.3825869793385807
-1.0009503370655288 0.009971094644229895
0.9588293934425134 0.2874842504741117
0.6311001540292174 -0.7769900871853502
0.665391540442975 0.7478336030875617
-0.9101623748974429 0.41665987486323497
0.1618367431961937 0.9878308906648188
0.12240759412691547 -0.993487484017821
-0.4139843250425521 -0.911382454636396
0.3086973708283801 -0.9522116010864631
0.7581045202124882 0.6536654621695971
0.26687121971619954 0.964769792275436
-0.8830453779398549 -0.4714147436165511
0.9144735874202725 -0.40711062122069125
0.1951988187994554 0.9817832862395333
-0.7634927239397464 0.6473637775556075
0.1422815548810851 0.9908364946552083
-0.44466615236044704 -0.8968126966903155
-0.8790315100592396 0.47885760338849453
0.7334563688071464 -0.6812068372060245
-0.8300789423967868 -0.5594371719768287
0.9974265167467178 0.08450647129367912
-0.9680934541925854 0.25455070997635926
0.39582736561604664 -0.9194137787903011
0.6394747204528235 -0.7701123826441069
-1.0003331266193285 0.03653266740875519
-0.9952671175640596 -0.10697833750684392
0.502342001207186 -0.8658253367874836
-0.5246990933361488 0.8524622346193546
0.8863787657273912 -0.46511684947718956
-0.5057952059512958 0.863812600994386
-0.8544456877369034 0.5214629101938221
0.8449313083450647 -0.5367421021107784
-0.22393648656367457 0.9756297709610532
0.9852608337121476 0.17681088640930395
-1.0009848540861026 0.005506531596536849
-0.4700261340191835 -0.8837852868989055
-0.21063599514853545 0.9785874910031225
-0.6521329619620383 -0.7594232021229129
0.9844713440446807 -0.1811551068969901
-0.5169043772711077 -0.8572110969638508
0.9473070307726015 0.32343529406791294
-1.0001954800102355 -0.04012482731544717
-0.7996259003064019 0.6021622867293968
-0.6737683455426612 0.740295357640925
0.9588233789542951 0.2875043094819072
-1.0003042105538222 -0.037316033394435164
0.9576692041634515 -0.2913257547779484
-0.99493554784672 -0.11001934207650489
-0.30655282116474836 -0.9529041755790211
-0.9969394105065377 -0.09007114842654775
-0.2388388371187701 -0.9720889927798554
-0.5877185471033674 0.8103011226641038
-0.27241943071485336 0.963217864124724
0.3898386826822903 0.9219689807604898
0.28766839145380063 -0.9587741634808391
-0.5786851463197433 -0.816776898197358
0.9452641103626406 0.3293581055026969
0.930308587156162 0.3694955110194245
-0.8902995361221844 0.45756719285873565
0.6584175841782246 0.7539809578795148
0.20228085616990138 -0.9803486396314178
-0.08831064581828871 -0.9970969009254601
0.29609042911641414 0.9562068070170059
0.2463369578731306 -0.9702160085186244
0.5656833956290587 -0.8258349083864025
-0.8815988170686294 -0.4741144648111817
-0.8633287116693354 0.5066207019135377
-0.9563197649801153 0.2957253913825748
0.9876162291166393 -0.16314160715596088
-0.3083147775843985 0.9523355490178254
0.19655553799056233 -0.9815125676654582
-0.10407665206748096 -0.9955747337565496
-0.18612669327545747 -0.9835435191440914
0.1390546973761348 -0.9912945027274345
-0.8082449930310613 0.5905429969445237
0.9904667371828769 -0.14483315412676015
0.5862521535653222 -0.8113626885924825
0.5160066389473729 0.8577517989268432
-0.11494709927465611 0.9943782803180802
0.3602522475123717 0.9339268269850078
-0.27310586755723626 0.9630234603091501
0.43749054066442994 -0.9003349525755093
-0.34954943743540684 0.9379851762094061
-0.09444678722200753 -0.9965343969896077
0.9442933482339825 -0.3321311073673388
-0.6039341208485671 -0.7982885303415478
0.36756685581880744 0.9310722885487872
0.73272190881722 -0.6819967773672025
1.0005735177335282 0.02921704314870245
0.8631544391223773 0.5069175615653242
-0.5423845106947738 0.8413204161069615
0.7272398371052159 -0.6878395302155723
0.702271708353331 0.7133130081853927
-0.08901277855893981 0.9970344654289626
-0.9220365402376302 0.3896788658198196
0.8150753690852619 -0.5810792912421885
-0.2845295913513305 -0.959710326945295
-0.6725879448545998 -0.7413679629146823
-0.9818220411327444 0.1950037936706143
-0.6844854958030969 0.7303975671065647
0.27588164599479026 0.9622319457403216
0.9198453042718847 0.39482352539959403
0.24415642848585192 0.9707670361260899
-0.5091116794830507 0.8618621106731328
0.9899991451946724 -0.14799558275103314
1.0009339627428127 0.011497922767591207
-0.9844193953172281 0.18143719057366123
-0.8070741197696404 0.5921421832618076
0.12756614352828385 -0.992838294499825
-0.9117606227395294 0.41315077976644965
-0.8545320484767084 -0.5213213770086553
-0.896658323727058 0.4449773595262824
0.9066250785604737 0.4243017404220902
-0.2764547589219319 -0.9620674437218092
0.44086111894028435 -0.8986893088307664
1.0005548133342226 0.02985072048911202
0.8976295167506051 0.4430149553435811
-0.9191363382935644 0.3964711737671455
-0.8361750088217279 -0.5502838854827418
-0.7931785647448609 0.6106298096467961
-0.9003454216086868 -0.43746899523083477
-0.46046297497588173 -0.888805292893984
0.9784569825303425 0.21124141009190653
0.9856289735972203 -0.17474703547039017
0.901099762373691 0.43591308566052195
0.13881780537565327 -0.991327704097231
0.3756932663467422 -0.9278230271025374
0.3435916119008538 -0.9401839204280049
-0.9929922073880026 0.1263624788721
0.01873113596640125 -1.0008247321811188
-0.9895171661846978 0.15118458197119594
-0.9998554351058438 0.04785508216797567
-0.9858516101493571 -0.17348660687764936
-0.04937750149906022 0.9997814072814668
-0.8193639791840698 -0.5750162342192152
0.8801338550957346 0.47682847766709613
-0.6910645581073921 -0.7241759292656964
1.00025589329865 0.038589479412392005
0.0995604387773025 -0.9960365048684064
-0.9479294073297578 -0.3216066521691586
-0.9464559941701023 0.32591724578408454
-1.0002532771382 -0.038657231849825564
-0.555671193543142 0.8326046628901018
-0.8649864857581935 0.503785052830759
0.998526434989575 0.07032750974554752
0.7284153020828721 -0.6865946021427186
-0.6638707714951495 -0.749183955216898
-0.8520508428761252 -0.5253668824298736
-0.0296636483136736 1.0005603769731852
0.7526598251495189 -0.6599274108611459
0.26758048170570065 0.9645733180065397
-0.933908287113156 0.36030030705145266
0.9108592004825836 0.4151343359639486
-0.36160249843502995 0.9334048602431553
-0.9599917894189269 0.2835784975068576
-0.9645538086026106 0.2676507991958893
0.27362236730034156 -0.9628768353808067
-0.561472928579839 -0.8287032945946208
0.4251286873522794 0.9062376063649796
-0.9867455666799748 -0.16832761697777182
0.4905317215765522 0.8725707020792893
0.2990975663606919 -0.9552704568849135
0.11696042110510396 0.9941434805373502
0.9711200223502692 -0.24274863993524792
0.884053970190692 -0.4695205829248331
-0.9834535116795201 0.18660168907386657
-0.7823033170474795 0.6245018175606144
-0.3017307655866816 -0.9544420071950286
-0.5977224777595128 -0.8029500853608701
1.0005998891631018 -0.02829950188233715
-0.4206989260829486 -0.90830249013897
-0.7445222017568409 -0.6690946802143519
-0.7373249668226931 -0.6770176462249079
-0.9807235708645708 -0.20045517591383138
-0.2819274127795856 -0.9604779715971674
-0.32808818220638475 -0.9457056332160182
0.036997433438237796 -1.000316045017265
0.8767214330286616 -0.4830740407723955
-0.5429653272637709 -0.8409456899166238
0.927002525139258 0.3777132753629921
-0.9428943991968401 -0.3360820613529229
-0.12325987723440543 -0.993382103052073
0.9337331578417826 0.3607539188239162
-0.668791270936301 -0.744794760937137
0.6277951890204801 0.7796628762758553
-0.125143427868425 -0.9931465765239994
0.8668485702817212 0.5005742264645032
0.266398665260479 0.964900384053937
-0.7563947818080268 0.6556431453569752
0.7452671359186015 -0.6682648398050617
-0.9054675363527069 -0.4267663770862924
-0.564965733517231 -0.8263260373190096
-0.7621150187971777 -0.6489851293548856
-0.986937511178902 -0.1671985317758341
0.705640929353818 0.7099801960763976
0.8309149398775556 -0.5581947354537466
0.5491918163732907 0.8368926746176033
-0.29552058855096486 0.9563830726975939
0.8946546850024407 0.4489921988221883
-0.5975746936649805 -0.8030600758917135
-0.823917103705116 0.5684730479294274
-0.9876382039428563 -0.1630085215948202
-0.9061908953083668 0.42522824607523496
-0.9868333061219419 0.16781247250558504
-0.09592098773011914 -0.9963935789199359
-0.9880029251623692 0.16078314548049413
-0.6179499134012368 0.7874889869245181
-0.9978751509635405 0.07903279755576943
-0.65710731084314 -0.7551231568668101
0.5408621230070146 -0.8422999251432621
0.9987930574873867 -0.06643363842962403
-0.9952441997650773 0.10719133749501857
-0.36597486853213457 -0.9316991980263194
0.5699279706316864 0.8229113611390035
0.8807172282771403 -0.47575010648010524
0.9416074874321647 -0.339670928417028
-0.9036610950566986 -0.43057824524809457
-0.21868748630550996 -0.976819729189259
0.46335240229627916 -0.8873024012625387
-0.4179709424648124 -0.9095610431714171
0.8274928070017964 0.5632554077505938
0.5269682931634921 -0.8510613479652074
-0.9996797189994069 0.05139513032639232
-0.15763841735080653 0.9885095494607692
0.8695064663468319 0.49594304610614875
0.5010442064048309 0.8665770036345029
0.9057895407820855 0.42608251291243887
-0.6964028368872784 0.7190438712452465
-0.45687705008533847 -0.890653895239514
0.14342874994548563 -0.9906710824936172
-1.0009993649734037 0.0011275295307881688
-0.2848145773680544 0.9596257898361509
0.40653412016262147 -0.9147300198110934
-0.6482228235914488 0.7627635092052645
0.8363474977445045 0.5500216932235547
-0.7675714914348813 -0.6425223774596741
-0.7029591269685377 -0.712635577144189
-0.33991445304735446 0.9415196039432837
0.5895353886966292 -0.8089802379998626
-0.8207826867878792 -0.5729893376575782
-0.9089127341774039 -0.4193788760180415
-0.7473480352639962 -0.6659368695207112
-0.7576298757072066 -0.654215538974643
1.000187089909046 -0.04033342508731923
-0.6274058081834946 0.7799762508292263
-0.5130053540941363 0.8595501769360238
0.4565524697475697 -0.8908203199115939
0.7372436254536686 -0.6771062226327054
0.889114330691282 -0.45986596629821797
-0.4676848881471786 0.8850264659312517
-0.7989108065296205 0.603110705600714
0.8918873479257413 0.4544644745301747
0.6388359849239165 0.7706423193455506
0.37445364513714774 -0.9283240100544115
0.4271837206426751 -0.9052707157629042
-0.9985633973967712 0.06980072620981795
0.63351766006933 0.7750202412713366
-0.9568385299177571 -0.29404256097515147
0.11792827147615673 -0.9940291357835775
0.922750435654505 0.3879853521712145
0.06367258027126614 -0.99897287376665
0.8544900582237658 -0.5213901997513429
1.0004657142408313 -0.03270098818970146
-0.5412807639833621 -0.8420309581847855
1.0009519312634658 0.009809755345463984
0.7728366272092267 -0.6361796504477857
0.9886710982571147 -0.15662202741335746
-0.7935035579708927 0.6102074266079808
0.7158298273764337 0.6997061227674265
-0.7519019372089983 0.6607907965622368
-0.7169857076000077 0.6985216496983584
-0.7636876135006606 0.6471338570849664
0.9677541631065052 -0.25583760433139546
0.6662470503787452 -0.7470715279420183
0.983249833362625 -0.1876719616574893
0.8385359651330625 -0.5466794629198753
-0.19288300366328964 -0.9822408802823406
0.8600752321501975 -0.5121245893742886
-0.6179370869811278 -0.7874990517665899
-0.9988017070999466 0.0663034681915838
-0.9144254940127692 0.40721863402784375
0.3741837751051225 -0.9284328206435181
-0.8988045422765247 0.4406261394686963
-0.3911542223972599 0.9214116204502714
0.3489288541140798 0.9382162089660545
-0.729601415065925 -0.6853340609759593
-0.9990083858846519 -0.06311295375865762
-0.8260070319839788 0.5654320322664944
0.7862160137444056 -0.6195687046097929
0.800481248198938 0.6010247676110115
-0.9351227946692324 -0.3571363309578076
0.028579941132060315 -1.0005919182988077
-0.43533782449289443 0.9013778223174751
-0.5611306394214907 0.8289351033117303
-0.9789690038192949 0.20885566681576392
0.9745830139236569 0.22844900737687893
0.1752237346188359 0.9855443383360425
0.9931621995431824 -0.12501938009183977
-0.9253023007386615 0.3818594666205615
0.37343134801253364 0.9287357150026815
0.6847270036339084 0.7301711652034265
0.15585750605666002 0.9887919082424765
-0.9827805927862502 -0.19011393016480058
-0.02119906708195881 -1.0007754990780173
-0.47389054703334654 0.881719201011544
-0.9026540323563029 0.4326854491092883
-0.9897856243913377 -0.14941692590951633
-0.7440253980812751 0.669647076458936
-0.9452964565361102 0.3292652566856607
-0.15511087677088078 -0.9889093062093048
-0.47550110173658877 0.8808516914028662
0.3193744383052354 0.9486838083140322
0.46396189153745426 0.8869838573508468
-0.1643761875444276 -0.9874114993093605
1.0006950818083054 0.024705328264750026
-0.5695326943930226 -0.823184979222425
0.006720748296434864 1.0009774380785692
-0.9569335490183866 -0.2937331829451267
0.9786459180224455 0.21036436755782778
-0.651142531063133 -0.7602725854854276
-0.9993763734474188 0.056990035928093215
-0.9559808952107679 -0.2968190155499118
0.40200661719688685 -0.9167287928989226
0.9620165219370377 0.2766319061861175
0.008087101102361802 -1.000967331532733
-0.6366705194686401 -0.7724322945343054
0.8643588681022648 0.5048611166776181
0.39389851210993293 0.9202417954850677
0.9891785649522428 0.15338437547228068
-0.025719433335961238 1.0006695312383989
0.3504826947283562 0.9376368597148631
0.4373218289102376 0.9004169134121176
-0.7725188063613058 -0.6365655455788535
-0.7877756879057995 -0.6175843792912384
0.12644673409633536 0.9929814819201669
0.053034932154462915 0.9995940655943149
-0.9932571614604139 0.1242626702095259
-0.7100868882842424 0.7055335648194223
0.12630675740727992 -0.9929992965925296
-0.3238438102890074 -0.9471674543276375
-0.8024269524066391 0.598424586770458
0.8524458515113656 0.5247257095293338
0.503885859409952 0.8649277661670333
0.3043054495379285 0.9536242411880683
-0.9602867967978798 -0.28257789704021036
0.9187695865670977 0.3973203327282966
0.136301299508298 0.9916768403831709
0.9220654161542071 -0.38961053416504127
-0.680154115583436 0.7344326919840334
-0.16802381541736866 -0.9867973436590667
-0.9172912494654637 0.40072155376781077
-0.8863612148906385 0.4651502947839456
0.9838876622784217 -0.1842988551681819
-0.25769692803274424 -0.9672607162924
-0.903098045260178 0.4317579421935923
-0.8499030840360952 -0.5288343292052192
-0.9335982116982339 0.3611030034683453
-0.8546419786722487 -0.5211411404707785
0.5934289364770392 0.8061284620652779
1.0009973631662918 0.0022975931169113076
0.6191424813624649 -0.7865517069921912
0.27552785992441425 0.9623333094128418
-0.9884013889091041 0.15831517426498937
0.6745917948149935 0.7395450698695013
-0.5659082072609612 -0.8256808711328396
-0.2761466356643479 0.9621559310274307
-0.101360872296372 -0.9958548958394082
0.17998296324084628 -0.9846863119506862
-0.5228799793207851 -0.8535792448422672
0.023360184861145626 1.0007273863361856
-0.2573401086742626 -0.9673557093786747
-0.7331930370676327 -0.6814902570070543
-0.9957121936701092 0.10275323535859614
-0.09442535853864954 -0.9965364276657666
-0.5988624284099523 0.8021002380244845
0.034779899166819866 1.0003956010568749
-0.2604986380616092 0.9665099376457785
0.7254577183109499 -0.6897188550004056
0.2550068825499052 -0.9679733931530241
-0.9813403130319578 0.19741375336672767
-1.0000968144467197 0.04251307720599977
-0.6551300635642066 -0.7568392166202533
-0.9266067530244321 0.37868314624434907
-0.7346381544029555 0.6799321893361273
-0.9826735423538263 0.19066648671904263
-0.6187040279534731 -0.7868966423833235
1.0009991734031645 -0.0012864082482934346
0.9176768409304072 -0.39983773661322664
0.34582670891700434 0.9393640867095322
0.9397745069166157 -0.34470984341853655
-0.5971064603247874 -0.8034082866378732
1.000893390312757 -0.014608943433210154
-0.25975629872017036 0.9667097109656019
-0.7034376423733895 -0.7121632420254275
0.8502472921153857 -0.5282807418886796
-0.6861150911875469 0.7288669848776965
-0.3673517029760282 -0.9311571974272722
-0.5087551230804335 -0.8620726330996786
-0.2572841782166784 0.9673705865072436
0.035231185397242584 1.0003798096600636
-0.5215191957167992 -0.8544113344864421
0.9920006778175955 0.13392406508701557
-0.6445751247335554 0.7658484893075924
0.8497825571070149 0.5290279819032854
-0.02228941469326799 1.0007518083883893
-0.045490358541345935 -0.9999658130555162
0.916499406985202 0.40252929954945255
-0.7158417066684856 0.6996939695280715
-0.8144804305121115 0.5819129044047789
0.26836490771888294 -0.9643553682668208
0.7823094732464535 0.6244941057118606
-0.9682834424643418 0.2538270573626926
0.9077469081585975 0.4218963743960201
-0.13530506814171525 -0.9918132578944314
0.5207911596877405 -0.8548552906726953
0.14528881053206832 0.9904000007745237
0.9953443618114866 -0.10625724168302374
0.9937825810970613 0.11998825570889347
1.0009859426433085 -0.0053049628167298486
0.6632339926936056 0.7497477381997882
0.8845426796807834 -0.468599240100898
-0.9978819619631566 0.07894675413569063
-0.9536506985981198 -0.3042225255685679
-0.9819630771857938 0.19429234427482375
-0.7825151713035705 -0.6242363388010536
0.7982251628105805 -0.6040178718018385
0.9944586167184569 0.11424998745913763
0.8169412785057872 -0.5784530641921865
1.0006494740077778 -0.026488302474067554
0.9758295446580569 0.22306433998389147
-0.2525219170916482 0.9686246338950701
-0.7830448583371242 -0.6235717679880906
-0.778451713248418 0.6292963770280287
-0.7704726275926872 0.6390406326129978
0.6688423505220404 -0.7447488906659425
-0.011172506748808542 -1.0009376479546306
-0.9778983411479003 0.21381261511001817
0.9116778397134082 0.41333342058862504
-0.39450080325099385 -0.9199837586796413
-0.8578465906202978 0.5158490350491424
-0.471481513930241 -0.8830097292907072
0.6773635551636552 0.7370072008712356
-0.9371940917095108 0.35166494631223183
-0.8780204876793589 -0.4807088757400893
0.9823876838990249 0.19213390779222123
-0.7122667432967263 0.7033328418277333
-0.989752945214942 0.1496332430923963
-0.31503988263124194 -0.9501320289052956
0.6090749183886737 -0.7943731766555505
0.9366623874584195 0.35307870499464244
-1.000209923442827 -0.039763161927770456
-0.8949345851208586 -0.4484340401380752
-0.5254435977352316 -0.8520035361423426
0.9089300696650833 -0.4193413030678313
0.933090115691362 -0.36241390149810837
0.9058918097110605 -0.42586503624789357
0.9863010143914668 0.17091316219169225
-0.9910353796580643 0.14088958891982184
-0.20200176403701875 0.9804061848672379
-0.413898329947459 0.911421511961784
0.9990811354663575 0.061950663880654955
-0.75814713864039 0.6536160311462604
-0.9972299659301864 0.08679513264509288
-0.1530492520464921 -0.9892304718557801
-0.021661789210079198 -1.0007655903797943
0.8542853779025522 -0.521725495928552
0.8318811369637956 0.5567537821728944
-0.981811351548109 0.19505760680187656
-0.9671776273654704 0.25800859893363887
-0.8020456710023639 0.5989355070676374
0.5602832051379332 -0.8295081253612677
0.22529073096021998 0.9753179412598796
-1.000110190937474 0.04219722719573883
-0.7276613140649211 0.6873936368728708
1.000639500136402 -0.026862441563858537
0.4455783410988219 -0.8963598283856891
-0.5014082043646031 0.866366442445611
0.9890843546795054 0.1539907118245332
0.6790717410308691 0.7354335935577762
0.808230804065036 -0.5905624161427694
0.3016314008956963 0.9544734139795094
-0.9988800759362798 0.06511216397518883
0.15105622081077755 -0.9895367694807332
0.7529889294761525 0.6595518721725819
0.6229436862905446 -0.7835446150097309
-0.906363073896141 -0.42486112822608096
-0.2048522394049057 0.9798145538880279
0.5874781433908881 0.8104754351848026
-0.661303211782398 0.75145130386891
0.8677983211850979 0.4989259201006956
0.795578633296122 0.6074994964958198
0.9794928269846795 0.2063850815479665
0.626358884054171 -0.7808172310895897
-0.9536574277099727 -0.30420143091970864
-0.9748507414584555 0.227303831639283
0.9980150558903332 -0.0772460239508481
0.15281749094271643 -0.9892663010847851
0.13713013944527866 0.9915625672925125
-0.439271177756607 -0.8994675271472136
0.9996941133882273 0.05111437818193615
-0.9071120709296254 -0.42325960210462565
-0.638158484956237 0.771203441433167
0.351222900594758 0.9373598423752773
0.9964140235308612 0.0957083784787955
-0.9142274537014468 -0.40766305069084824
0.5063137167706558 -0.8635087840953815
0.7587890790166825 0.652870686709868
0.5794543200943093 -0.8162313954535452
-0.9505361620389028 -0.31381842625370576
-0.7174587480027753 0.6980357762423717
0.3566382142416873 -0.935312880346732
0.846278143300542 0.5346160343384654
-0.8731055346500601 0.4895791308495824
-0.9857323687282695 0.1741628469029914
0.7180914097930221 -0.6973849203857723
1.000471331616995 -0.03252867369746998
-0.8602872493407191 0.5117683544551962
0.9989689830351296 -0.06373359344771744
0.9399060557494919 -0.34435099297872357
-0.18485290904072316 0.9837837170939465
-0.656474447024072 -0.7556734085598348
-0.3083834093623881 0.9523133270253178
0.5748541990697271 0.819477668891534
-0.9996593990577101 0.051788858604703676
0.02897699681258846 -1.000580498338701
-0.9425889709273563 -0.33693772701510816
-0.9848878240940137 -0.17887697993693677
0.36969444588873457 -0.9302295505298794
0.5388124031338224 -0.8436125853904476
-0.997957728234144 -0.07798315624380997
0.7111684673068046 -0.7044433342068689
-0.8898512609031228 0.4584383638714393
0.8741217507288822 0.4877624062006767
0.7471483286880897 0.6661609227045628
0.11985224816078745 0.9937989930618792
0.6888796271750491 -0.7262546793399443
-0.7895278154999794 0.6153428544736913
-0.9209407003593114 0.39226168105194903
0.9929637697422191 -0.12658574951123575
-0.707931245400786 -0.7076965110732794
-0.8393634798549354 0.5454080570415268
-0.9386733322579749 -0.34769724662083473
0.9847104195131968 0.17985102085377236
0.026199746006051638 -1.0006570707836018
-0.06920102912920112 -0.998605135960886
-0.974002654140455 0.23091086966045876
-0.934710412479759 -0.3582142442755718
-0.3768394857884936 0.92735807644656
0.9746449787555997 -0.22818449856748946
0.8388820735034009 -0.5461482095133467
0.9637105332270726 -0.2706714025293242
0.9677928797366329 0.2556911064763014
0.7645497982623757 -0.6461150098681817
0.956330580404792 0.2956904140864795
0.9545294082091887 -0.301454157151325
-0.6552002905371105 0.7567784215211781
0.7212357029429226 -0.6941325959789154
-0.22137793358844074 0.9762135066265535
-0.5787293377304162 0.8167455868568338
-0.4951909583843941 -0.8699350060403048
0.7140526895648008 -0.7015196052322945
0.3564518980974202 -0.9353839021186682
0.6957792535489855 0.7196472957851064
-0.8064117246798962 -0.593043953091839
0.4698929495537275 0.8838561059130032
-0.21978045932719226 0.9765743953728914
-0.9132008066717845 -0.40995766451427895
-0.43529837499468027 0.901396874149778
