1000
0.8847041590386651 0.46829429953789564
-0.4718602007779055 -0.8828074257287569
-0.8397523173107584 -0.5448091827155737
0.19632263072681713 -0.9815591804188384
-0.6885038614538052 0.7266109225460344
-0.7958360529404495 0.6071622327188724
-0.31288541668975 -0.9508436864295211
-0.97886603874504 0.2093377132568183
-0.37907987954325606 -0.9264445179963398
-0.9899130025220896 0.14857068162225517
-0.8466757704660935 -0.5339860856854297
0.42278670154084796 -0.907332576842808
-0.5701303350634388 -0.8227711717363771
-0.8866495360750322 0.4646004737168596
0.721739276777787 -0.6936089794374615
0.9580850244773572 -0.28995531702698907
-0.8188473487521768 -0.5757516994690774
0.9145145646827826 -0.40701856343791093
-0.6657203101683153 0.7475409477944349
0.7694548153964584 0.6402657940755558
0.9975221040263624 0.08337057022006508
0.7518158287518726 -0.6608887649507555
-0.8974449561824649 0.44338871278219705
0.405104044993138 0.9153642513940544
-0.8298910297551984 0.559715891083911
1.000962737925951 -0.008636971910578307
-0.8060700338856129 0.5935082985701604
-0.9010605966085633 -0.4359940380778387
0.5058883203496576 -0.8637580722249734
-0.963782036137173 0.2704166910885585
-0.5675365408079484 0.8245624747996648
-0.9370958760135011 0.3519265820572367
-0.052456426546995456 -0.9996245911910729
0.1163386613612365 -0.9942164331133717
-0.05914381943053508 0.9992512239788193
0.5066441286149936 -0.8633149639268126
0.9856498306183348 -0.17462935435386576
-0.654233193212268 0.7576146308640557
0.7252353940895997 -0.6899526238515967
0.3660200930259218 0.9316814324120105
-0.8565298282994733 -0.5180324827974349
1.000343947664624 0.036235153797874745
1.000984354901499 -0.00559653843282967
0.9810149503776723 -0.19902428780300419
-0.4175556823162453 -0.9097517530433314
0.6007063805634933 -0.8007202035357341
-0.6479003488030657 0.7630374420831955
-0.7997509286302787 -0.6019962227082548
0.5882466439791453 0.8099178266017316
-0.9682888077418861 0.25380658935850503
0.8023395048563539 -0.5985418272325342
-0.6057011986662824 -0.7969485917763007
0.9798139145654088 -0.20485529728081173
-0.43834543722860075 0.8999190395034804
0.748905115012193 -0.6641853120241172
-0.15191391290836645 0.9894054593870347
-0.7933443375584632 -0.6104144182962286
-0.7101545805018893 -0.7054654291970555
-0.5961408201305237 -0.8041250665002966
-0.9364028039899214 -0.35376657371749104
0.806789123740883 -0.5925304294409007
0.9591664167327963 -0.28635779195259875
-0.8152736318070186 0.5808010892553437
0.9996061741834118 0.0528062168158515
0.8126542370380779 -0.5844605128013862
-0.4158509246515169 0.910532266570756
-0.09636114133505597 0.9963511080139398
-0.8405051587117597 -0.5436470161593088
0.48788449187326804 0.87405361539757
-0.41508334086264087 0.9108824403501852
0.1388732805662526 -0.9913199342012481
-0.9437057607707475 -0.3337969998189089
0.9841851889630825 0.18270334924598824
-0.29782667139178576 -0.9556674493816818
0.8169117889930125 -0.5784947095732474
0.3543346661615742 0.9361879855863168
-0.057846345647409356 -0.9993271738000725
0.943361232758284 -0.33476944981400364
-0.11827117770553598 0.9939883945621023
-0.8472110489211707 -0.5331364164882095
0.5108063444490071 -0.8608588028652796
0.9215294271919935 0.39087659794261964
-0.6921454476984332 0.7231429175690899
1.000142730836424 -0.041418811608499834
-0.9918392202690364 -0.1351146222142888
0.40541496478431266 0.9152265874246304
-0.994940737328357 0.10997240201298321
0.9973394818561496 -0.08552752732838091
0.8195285228652814 0.5747816978734186
0.3049405901018306 0.9534213321026268
0.9404251077803198 0.3429309211144043
0.8839399947340538 -0.4697351229252086
0.902729453113752 -0.432528073633315
0.9272391962119768 0.3771319039913849
0.677979207249163 -0.73644089683952
0.2545025933014369 0.9681061047234665
-0.8605427729338989 -0.5113385727199113
-0.0018925943824353488 1.0009982108308204
0.7477300908778756 0.6655078596048013
-0.28532891931150356 -0.9594729844057777
-0.6697120856659252 0.743966882537789
-0.004973185012080648 1.000987645993114
0.7041849320153455 -0.7114243329564595
-0.8898880925941082 -0.4583668647047035
0.14828361516992153 -0.989956044212135
0.4882567947727563 -0.8738456971103276
0.6209568074918852 -0.7851201457289744
-0.5723909948948823 0.8212000663439128
-0.3831292243996912 0.9247772690820698
-0.7667648491252586 -0.6434847831502462
0.12746569501537564 0.9928511955949125
0.2562343642904046 0.9676491877517865
0.7746023507228423 -0.6340285468767528
-0.8522676449523338 0.5250151058468726
0.8803740808354313 0.4763848001281835
0.9823007043365997 0.1925781043104854
-0.9786422158860814 0.2103815897020948
-0.3975226469461656 0.9186820696872854
0.9801626025041853 0.20318039435984578
-0.5931866187207513 -0.8063067873772625
0.8879608839898121 -0.4620892430083516
-0.7643822128294333 -0.6463132620563956
-0.9910435849946615 0.14083185946698726
-0.858705146011334 -0.5144185768551264
-0.5095286920400388 -0.8616156405195807
0.9836419024481565 0.18560605525728754
0.4581559300045385 -0.8899967099948608
0.5864617176396769 -0.8112112263418942
-0.6618317378810242 0.7509858525520858
0.8284473222170796 -0.561850544461203
0.644152094295916 -0.766204332677769
-0.8621836410121775 0.50856697609163
0.06439785453999518 0.9989263818373433
0.5185961687564324 -0.8561886554674442
0.007272516904811465 1.0009735813186427
0.45991598565556646 -0.8890884579941799
0.5106499162257 -0.8609516032035051
0.9486478299229192 -0.3194812901916736
0.8763711640236117 -0.48370919245751337
0.998301222614858 -0.07345521714405139
-0.9973871513183996 -0.08496982043624504
-0.9373240369446021 0.351318444955391
0.46614294581974386 -0.8858395758050616
-0.9237421177529136 0.38561833448289573
0.03227887984141055 -1.000479422035348
-0.5304952428615904 -0.8488673614300541
0.4495404017210277 -0.8943793530826262
-0.3459400987334529 -0.9393223344988071
0.6043509369703839 0.7979730227163191
-0.9150044694343636 -0.4059160269256915
0.8428356422013135 0.540026925472332
0.9698717974935605 -0.2476887087184436
0.6981439353268445 0.7173535011180657
-0.8534484235056021 0.5230934796150707
-0.679971935426194 -0.7346013660705756
0.12987798287550628 0.9925385179247149
-0.6715418764235916 0.7423156392057773
0.9174523571518275 0.40035256007243847
0.976025693780759 -0.2222045118349041
0.7856146134280217 -0.6203311044662679
0.44244315140931245 0.8979114977385
-0.9314731799213894 -0.3665497443555714
0.985863917160042 0.17341665676012186
-0.9882183718411507 -0.1594535968726487
-0.3280600572950941 0.9457153899601822
0.821996551680569 0.5712465921344771
-0.8918114520679836 -0.4546133895524797
0.23890008844540092 0.9720739414986802
-0.07921434753910636 -0.9978607553882224
-0.8976622997509802 -0.44294852478113234
0.9986146320354728 0.06906385946830092
-1.0009802177629135 -0.006293142880164621
0.8839398196204602 0.46973545245100273
-0.019209596948591878 -1.0008156630394394
-0.9436364230359592 0.3339929656742793
-0.25477437478710663 0.9680346160917175
-0.31282653033489666 0.9508630616017376
-0.8254265813621163 -0.5662790467436081
0.12698393950488876 -0.9929129262467171
1.000998222129538 -0.0018866089961425154
-0.9481711668278625 0.3208931884541797
-0.7856459200692458 0.620291454300757
0.1300089378349134 -0.9925213731114498
0.999445953485448 0.05575648896374018
1.0003003441725635 0.03741953297745559
0.9490307919175446 0.31834188538795544
0.9430291939550108 -0.3357036481013612
-0.9920316851291152 0.1336941872329833
-0.49757132566506507 0.8685757168352738
0.7436830894340528 0.6700272102607645
0.16364024479717207 0.9875337312126212
-0.7564607975665737 -0.6555669773142507
0.2463858871008328 -0.9702035841190939
-0.8315631279263067 0.5572286463144343
1.0004401820237165 0.03347300692128973
0.5544588055257424 0.8334125226890744
0.8201782927411225 0.573854134877721
-0.6543980929932305 -0.7574722013954198
0.9594367833882752 -0.2854506238941508
0.6375689029771149 -0.7716909316277847
-0.24209932002568305 0.9712821007529696
-0.5938507760560792 0.8058177559334322
-0.32723133640366764 -0.9460024590218937
0.6564783514879037 -0.7556700166261225
-0.12674045032975906 -0.9929440358097781
-0.9157492301557557 0.40423303609321787
0.09228026392751046 -0.9967373540153238
-0.8879320501791408 0.4621446464740967
0.6232435416689095 0.7833061264716332
0.9046738295216005 0.4284463352378244
-0.8967465193575022 -0.4447995953462694
0.20241601979436166 0.9803207408448567
-0.9932665646510936 0.12418748546538347
0.9862935932181414 -0.17095598257109207
0.37823830361779626 -0.9267884255191859
-0.9752787385743994 0.22546037808166738
0.8163625287203019 -0.57926955875602
-0.5612235039010984 0.8288722330184392
0.9787637267686063 0.2098155551002568
-0.9987377924830558 0.06725936266477972
-0.9944321256285531 0.11448033681762745
0.6787789887130851 0.7357038021389053
0.5068541356080396 0.8631916850949313
-0.609239534471567 0.7942469324063319
-0.9993720587153226 0.057065648678497394
-0.6745900641833736 0.7395466484983024
0.38927257246379654 -0.922208145879995
-0.5775146753822129 -0.8176049166426148
-0.07229461224975602 -0.9983859419280989
0.7746762556260705 -0.6339382453908039
0.5040324994753151 0.8648423205837388
0.4791281726242671 -0.8788840618635261
-0.2693848414988371 0.9640709554647139
-0.9741999933476988 -0.23007688489142844
-0.19952933157900177 -0.9809123538011114
-0.6961504661810193 0.7192882095766269
-0.4338595895555377 0.9020902707327579
0.7585026274525412 -0.6532034630554185
0.11280419836337256 -0.9946236538669272
0.5875001768320628 0.8104594636515111
0.6300595612380028 -0.7778341399633828
-0.3946219192722883 -0.9199318131415261
-0.9407514825684696 -0.34203457141819193
0.43868768134642333 -0.899752253809291
-0.03125418790409935 -1.0005119568193352
-0.09639017905818595 0.9963482992313134
0.7675756224169175 0.6425174424646243
-0.6210833677075653 0.7850200318189525
-0.08148241886497774 0.9976781121263072
-0.3745117714694367 -0.9283005617960298
0.9162544609080941 0.4030865451314615
1.0009610812267014 -0.008826883338594941
0.9265205771896221 0.3788939430028007
0.9586664305702711 0.2880272120784
-0.7042087639758563 0.7114007427179118
-0.9083704336757482 -0.4205522027331842
0.8504644884309481 0.5279310124608003
-0.9848651175956554 0.1790019556968465
0.4304289158244969 -0.9037322327006756
-0.7927137273317602 0.6112331359635108
-0.12302511679991911 0.9934112042031569
0.9294279479047547 -0.371705111148013
-0.03708751857594588 -1.0003127090894521
0.9900674425442908 0.14753799244197277
-0.853311419098343 0.5233169422409063
-0.8844453648598165 -0.4687828885294192
0.30474572066876493 0.9534836368465246
0.9215937839778452 -0.3907248358287413
-0.8853843572826636 0.4670070019594617
-0.8008489493356161 -0.6005347286777342
0.8391169681743963 0.5457872421757486
-0.9972890925272505 0.08611309962005413
-0.11816701463716271 -0.994000783023706
0.806423627437939 0.593027767570656
-0.9683660259397056 0.2535118139372236
-0.8963942390186266 -0.4455091113032565
-0.9739880895833134 -0.23097229563271734
0.19580064341861367 -0.9816634392890757
-0.9975082521045979 0.08353614177845298
1.000217273527557 0.03957784401783784
0.5261988506544739 0.8515372978149053
-0.7948319100029542 0.608476157989001
-0.9970379268730437 -0.08897399831806518
-0.7473698786662711 -0.6659123549404705
-0.4204818011546978 -0.9084030244873148
-0.15559313073505282 -0.9888335439638285
0.8149318090381823 -0.5812806091878135
0.7065670376670461 -0.7090585457368207
0.13847277351643736 0.9913759584510133
0.9567254980318778 -0.294410124512822
0.08562522392654975 -0.9973310989974835
-0.6722894209484056 -0.7416386818935873
-1.0004444947609272 -0.033343858543263306
0.04929349429615915 -0.9997855527162185
-0.9571490929716682 0.29303005617771205
0.11026854875752225 0.9949079591373817
-0.7058127695930136 -0.7098093647448162
0.9709238815883416 0.2435319612729051
-0.7644916974511876 -0.6461837544601394
-0.9957948997095454 -0.10194860328840401
-0.16860272756273895 0.9866985964611508
-0.5550147189008342 -0.833042412967928
0.16266604472432492 0.9876946683534056
-0.5536090064746134 -0.8339772586528913
-0.6472347094656271 0.7636021417354363
-0.8531552001396424 -0.52357158486179
0.7370361019464888 -0.6773321079260342
0.29165125922827995 0.9575701243201766
-0.36851369383995053 0.9306979410380337
0.9940959333625863 0.11736385845722845
0.98310477538401 0.18843036012584408
-0.5624014839158075 0.8280734091185985
0.07138001467108906 -0.9984517482109765
-0.9733406933046365 -0.23368546115933234
0.8223604425396269 0.5707226143636057
0.9838361038595667 0.1845738896551409
-0.9980941094776263 -0.07621777106465527
-0.9356471361355417 0.35576036406738604
0.15402225000746111 -0.9890794439794203
-0.15921705148970527 -0.9882565104844615
0.9648444748707943 0.26660108647809627
-0.7467556602440644 0.6666010680260357
-0.9708300016527766 0.24390594066334245
-0.9776256942609421 -0.21505581117656639
0.3206329586514239 0.9482591975965402
-0.40861460151573104 0.9138025538529319
-0.9827681801081308 -0.1901780854014269
0.14236357314120077 -0.9908247135807978
-0.45118122563805363 -0.8935527413822554
0.06027834204232766 -0.9991834273448634
0.8496765406195266 0.5291982391512977
0.3330838149433332 0.943957717391407
-0.4698307233752513 0.8838891850071977
-0.7932118381149412 0.6105865867133967
0.942087212838176 -0.3383381199433451
1.0008579950897813 -0.016860417102290644
-0.9699311319519728 -0.24745625728674692
0.4240788100881802 0.9067293768452598
-0.2762023169457138 -0.9621399482995285
-0.8856123900862481 0.46657442549471484
-0.9988709487174315 -0.0652520329824157
-0.6552705586626749 -0.7567175793847438
-0.9566145245556879 0.29477050634195967
-0.974228167468042 -0.22995755632694645
0.9502025741222284 0.31482704479045465
-0.35522652898085827 0.9358499415548475
-0.11961397166036068 0.9938277002497136
0.5867232000132173 0.8110221245849278
0.009194246808975457 -1.0009577742470537
-0.6008810448282192 -0.8005891393006451
0.6425363295266168 -0.767559812156983
-0.950933084118823 -0.3126136105934343
-0.9956592117476917 0.10326535751143981
-0.3937814338671425 -0.9202919006171559
0.7270531999692845 -0.6880368045493085
0.3183219874144665 0.9490374662406664
0.19948717917437245 -0.9809209271623538
-0.9870365635393565 -0.16661279133493248
0.3679936991144827 0.9309036670956021
0.7101873821838111 -0.705432407950546
-0.8221783795782229 -0.5709848615805216
0.7697485429937961 0.6399126350986735
0.06344349289791283 0.9989874489746667
0.9662059194723059 0.2616240072636225
0.22118599640682152 -0.9762570127755915
0.07431889872706435 0.9982372970852152
-0.9965980092297271 0.09377317313253734
0.9820645715021245 -0.19377868149089214
-0.6847193526102717 -0.7301783399697436
-0.3593369416736178 -0.9342793813140966
0.9762154078125024 -0.2213695497340806
-0.3111616151365727 -0.9514091912871134
0.4071354095994763 0.9144625515844083
-0.28219984160555983 0.9603979640741628
-0.8676148500566238 -0.49924490178791225
0.9768544873320812 -0.21853217286975554
0.9643009612912252 -0.26856033968704096
0.9945375131154021 0.11356115095503161
0.3754160050343379 0.9279352472904874
0.8489254522041891 0.5304022780870319
-0.028544634557203272 1.000592926138295
0.17776867747432976 0.9850884718181548
-0.8645089912960036 0.5046040070871084
0.4820798483714032 -0.877268499260178
-0.7621249211749217 -0.6489735006332072
-0.9982756260749379 0.07380226544416353
0.9560912805339767 -0.29646325790374184
-0.43167339630688084 -0.9031384605479287
0.3865642538393408 -0.9233466725199337
0.5896460875922999 0.8088995558084414
-0.9783712954415528 -0.21163791781251762
-0.9334731371901479 0.36142620566912875
-0.9127609862729884 -0.4109359827734261
-0.3720750825429168 -0.92927990021881
0.9932499161781483 -0.12432056954543548
0.5379910252593343 -0.8441366339286611
0.16699197819672407 0.9869724814897044
0.6125211679707843 0.7917189013707492
0.6238303761027997 0.7828388479447347
-0.7083296270413326 0.7072977728336819
-0.6829034500287312 0.7318769554637283
0.6110167876191602 -0.7928804987181625
0.9253137654862822 0.38183168464861256
-0.03741396977871307 -1.0003005522668662
0.9898695955114811 -0.14885961131864028
0.6062134644792335 -0.796558996863437
0.9011695431582486 -0.4357688085257519
0.943922588476956 -0.3331833533701276
0.9956580216229147 0.10327683175787103
-0.5138842731318969 0.8590250018641495
-0.19615042269607746 -0.9815936082086874
0.7831284431166042 0.6234667926856758
-0.3826062777510663 0.9249937492899473
-0.40052918562762096 0.9173752620713481
0.9841143256291536 0.18308466372549145
-0.25471871912249594 0.968049262242679
0.5655993835025616 -0.8258924490401413
-0.6097615652780283 -0.7938462278739434
-0.5773172591951711 0.817744325712735
-0.07729630757849174 0.9980111626804238
-0.5787964906697101 0.8166979995006894
-1.0004081332691375 -0.03441753752027879
-0.20638467951795986 0.9794929116947549
-0.886495926856896 -0.4648935057259165
0.9552967493792326 0.29901357933289857
-0.08150704571199732 -0.9976761004951971
-0.9322849316459826 -0.36448018632820867
-0.44906961771891923 0.8946158272922426
0.6968283531588628 0.7186315093522598
0.2461010414313152 0.9702758769579001
0.9313683095937819 0.36681612816835263
-0.4472004424830947 0.8955516535872872
0.9755394721608063 0.22432953050415708
1.0002419906439919 -0.03894817264705131
-0.7856518192904539 0.6202839824190206
-0.864679388714528 0.5043119617184094
0.837595184466072 -0.5481197925264576
-0.9857914210742108 0.17382828922959587
0.6988379074773732 0.7166774581864889
0.5952194140187324 0.8048073366807716
-0.3978783019939538 0.9185280925493831
-0.5568447028505299 -0.8318202792113841
0.9711222966805868 -0.2427395412573366
0.9629297762025327 -0.27343600001195956
0.41108414854439207 -0.9126942657952509
0.1736389868490683 -0.9858247827306985
0.3900607045121355 0.9218750711433175
-0.40351570858911107 0.916065539643222
0.7507549094077605 0.6620936988071593
-0.5838417229499919 -0.8130989131359018
0.9925862756720498 0.12951249108672733
-0.9794811872531719 -0.2064403153870789
-0.14619419883985021 -0.9902667601336391
0.9775028488263002 0.21561349803866006
-0.5686349002174806 0.8238054080027976
-0.9809856058172445 -0.1991688760308043
-0.3792110475188479 -0.9263908362239223
-0.486072968959517 -0.8750623228358541
-0.9256115777935119 -0.3811091799663262
0.7531240114706684 -0.6593976215807338
0.7000914939093413 0.7154529335713053
-0.9852668352180183 -0.1767774403578423
0.9696183973259659 0.24867883618640577
0.7027670621373916 -0.7128249829900601
0.6048633545163052 -0.7975846803714841
1.0004309509154339 0.03374777697035009
0.9677432588932852 -0.25587884802500555
-0.9375290758004938 -0.3507709110354959
0.832571921205173 0.5557202497846622
-0.9679919132255043 -0.25493657236659456
0.605800303553426 -0.796873259819011
0.8572841076268437 0.5167832803124016
-0.6513327640441562 0.7601096174122517
0.9664078732911591 -0.26087702551366815
0.9764412034455132 -0.2203714505417566
0.9385619716671724 0.34799773755044705
0.5615196947488653 0.8286716070972512
0.8084947313066316 -0.5902010415522981
0.9910439747015837 0.1408291170450442
-0.9485498590221139 0.319772051544734
-0.5104863313120834 -0.8610486081189201
-0.9521285405299931 -0.30895346301380955
-0.13019162042786048 -0.9924974266819879
0.5026954905923606 -0.8656201497990362
-0.9579305447313723 0.290465267236302
0.8316135755564845 0.55715335496626
-0.7438755207349323 0.6698135633527685
-0.4922050679439882 -0.8716278856772849
0.07229176707832022 0.9983861479471227
-0.7786282658719735 -0.6290779153532599
-0.7802891007933989 -0.6270166817422236
0.7098346783164053 -0.7057873117727784
-0.9865414741584655 0.16951967368197082
0.8232387715078365 -0.5694549368354516
0.42863256368682917 0.9045856097392089
-0.975009811689706 -0.22662053549668457
0.36815285009681586 -0.9308407377019935
-0.9709493031126906 -0.24343058720091162
-0.999998419157807 0.04476786438827459
0.2962745583276673 -0.9561497717866934
-0.787492629009921 0.6179452720549312
0.9194448516600625 0.3957551828540033
-0.9373123608083564 0.3513495955254047
0.9767067764257832 0.21919140695737876
0.21448007347133075 -0.9777521659826341
-0.89972885330018 0.4387356727451543
0.45129693628551787 -0.8934943062489571
-0.9106048912178676 0.4156918715708733
0.917820512777387 -0.3995078301173262
-0.8775630903456598 0.48154337547408466
-0.4671692102578858 -0.8852987795016004
-1.0009934466302481 0.0036221269023621466
-0.9541024881358525 0.3028026455184555
0.7948326962469681 0.6084751309435539
-0.7580947500257722 0.6536767932115704
-0.974936696433138 0.2269348760063985
0.9992715841206474 -0.05879881945253516
0.4359511738335367 -0.9010813359698233
-0.7089082970364162 0.7067177841210226
0.43326116220008803 0.9023778395600309
1.000882120620725 -0.015361660774817114
-0.7498249460037728 0.663146703490592
-0.7254433575844772 -0.6897339595355302
-0.5976738993180647 0.8029862452582484
0.01541080040782367 1.0008813652130757
-0.8180975021806715 0.576816675318724
-0.659162178458931 -0.7533300886658361
0.9737722480886651 0.2318805917974752
-0.8458833411128025 0.5352404816788826
0.8786581266672661 0.4795423823204478
-0.7297172384909802 0.6852107353574503
-0.8692733944644342 0.49635145378681034
0.9948877228114228 -0.11045098007306871
-0.9212921840229003 -0.3914354501808881
-0.9424147616079471 -0.3374246836012983
-0.8025614297034035 0.598244224002563
0.9824804398668544 0.19165903390926334
0.47714073864647716 0.8799646103815166
-0.9342142384288099 -0.3595062679799599
-0.98636914166636 0.1705195483467164
-0.7054317229334496 -0.7101880626138015
-1.0001928988540358 0.040189116461553175
-0.47823291563992965 0.8793715246689148
-0.3025440949427407 -0.9541845055413958
-0.9308111151560088 0.3682277391805612
0.3295276306275066 0.9452050257235314
-0.209296349286328 0.9788748838209178
-0.5388653508220052 -0.8435787655479938
0.8903515856515757 0.45746590466145665
-0.8414161510084369 -0.5422359825962745
-0.7749863601659249 0.6335591066007743
-0.9166103964538413 -0.40227649833507795
0.19484783960194552 0.9818530029502657
-0.6425936491619837 0.7675118253529944
0.8960371444730759 0.4462268881684924
-0.21115584493575548 -0.978475451480244
-0.8521275030050699 -0.5252425331428755
0.14310545847763811 0.9907178345795058
0.9617459691517873 0.27757105544398764
-0.9380046943167789 -0.3494970578412443
-0.38252110045365445 -0.9250289766854469
-0.886347415590737 0.46517658891610325
-0.19702058012395057 0.9814193247575789
0.1309262701421718 -0.9924007818349697
-0.9557581462424157 -0.2975354867763861
0.5356354697797377 0.8456332795685372
0.8239246881745567 -0.5684620552125352
1.0004540422647752 -0.03305615398184222
0.6801662409741315 0.7344214625398142
-0.40553231523445815 -0.915174596074749
0.2972503570191522 0.9558468628666343
0.8595955983770617 -0.5129292419532943
-0.8872242080444526 -0.46350210858192853
-0.8976638816435175 0.4429453189646471
0.18402928202296176 -0.983938119679339
-0.993364345284922 0.12340290724556767
0.43926685543141486 0.8994696380197591
-0.08703780183881563 0.9972088151691535
-0.11549678136976545 0.9943145847734632
0.8078258462652265 0.5911162340063676
0.579503300130354 -0.8161966216164025
-0.5100041491382622 -0.8613342950688526
0.9644079066539905 -0.26817604215005497
-0.13441526943114934 -0.9919342394250495
-0.015281513812068312 1.0008833475163885
0.5336416228727007 -0.8468929202312359
-0.19309422715945548 -0.9821993786587795
-0.6216309861409406 0.7845864624561412
0.8410046021998421 0.5428740729475716
-0.718392131207204 -0.6970751364233063
-0.26681326225191077 0.964785822390904
1.0004417056416726 -0.0334274380229925
-0.6351002613138171 -0.7737238900790909
-0.06245884743176779 -0.9990494944583552
-0.38823628296509466 -0.9226448875864685
-0.9462596892504976 -0.3264867539419505
-0.47034042295201695 -0.8836180659862709
-0.5126028135624254 -0.8597902974143667
-0.2232161058629016 0.9757948401602675
0.9968210055749522 0.09137222140531032
0.3779836408802909 0.9268923169532043
-0.02894164325437056 1.0005815215592064
0.9994857459410352 -0.05503856521287988
-0.29957489162141737 -0.9551208741881919
-0.15916664707768424 0.9882646297718278
-0.14901697643935133 0.9898459176724799
0.9930785551168034 -0.12568207257648914
0.3860630082988964 0.9235563619093348
-0.9984721526534156 0.07109402489418017
-0.6880356034538904 -0.7270543366075475
-0.9820037401888583 0.19408671838921196
-0.10409213764835137 0.9955731147835385
-0.18230333255949802 0.9842593636525391
0.4780909500060614 0.879448715686311
-0.34537436112656833 0.939530494809197
0.7879066782988653 -0.6174172546115376
-0.791865874597957 -0.6123311494993641
-0.8605803780496367 -0.5112752809553228
-0.9310167096886532 0.3677076097669369
0.7921380822196809 -0.6119789691626062
-0.3627939151404985 -0.9329424286294566
0.3310656705194372 -0.9446674133278418
0.556168944558501 -0.8322722541985184
0.06692587862456126 -0.9987601948267314
-0.9645415089973798 -0.26769512027875547
0.9610841859634967 -0.27985386810062673
0.43798282120585513 -0.9000955773297411
-0.9886559751830161 -0.15671746148696844
-0.3554705116027811 0.9357572951256415
0.9352800862573258 0.3567242075476362
0.3795483354516239 0.9262526982718602
0.8343161602388678 0.5530981330327123
-0.7616324776129522 -0.6495513598208812
0.9827974386286173 -0.1900268260668189
0.9003454415615434 0.43746895416629233
0.264892987175036 0.9653148218822117
-0.8632231618740315 -0.506800525655015
0.9992347219004041 0.059421970251937864
0.7292230089213523 0.6857366865347728
-0.33962138250797913 -0.9416253589105217
0.7025249965944036 0.7130635519783866
-0.9646614343679574 -0.2672626368259413
0.8621851739548907 0.5085643772546153
-0.7801346647524533 0.627208820769907
0.16165240599493766 -0.9878610730442049
-0.962570801470909 -0.2746970188328438
-0.988930556435739 -0.1549753352882313
-0.5811105399354181 -0.8150530905259895
-0.4630995995512737 -0.8874343699088119
-0.9946881700573662 -0.11223388235255884
0.5533722862055537 0.8341343494064003
0.18832816315291395 -0.983124357832441
0.49575120554223273 0.8696158589879919
-0.3999083063507693 -0.9176460900105549
-0.7619137248585454 -0.6492214382413576
0.05058655434314308 -0.999720961328554
-1.000999967519568 0.000255001615522575
-0.8940553450168304 -0.4501844511384599
0.303511364997978 -0.9538772726703705
-0.9455461510090201 -0.32854752519540803
0.991111052463127 0.1403562669973547
0.36249598774568986 -0.933058229087701
-0.5554778063942174 0.8327336948889893
0.3740271908186889 0.9284959130380058
-0.8820339189217692 -0.4733045170622248
-0.28879023796174524 0.9584368515755217
0.28611583350065223 -0.9592386198544276
0.9529962887530375 0.30626634425437127
-0.18707075147996918 0.983364395298467
0.9198480054150596 0.3948172323163422
-0.5779524188401031 0.8172955411336061
-1.0004864097887738 0.032061563093053747
-0.13675380349721133 0.9916145406502701
1.0009976455229026 0.0021710959457192495
0.7448987322627193 0.6686754658826609
0.5565133160339276 -0.8320420236243611
0.4501134023639404 0.8940911167282435
-0.9219835920540344 0.3898041251489522
-0.5519040313686097 0.8351065441960545
-0.35338526638536016 0.9365467705895675
0.8710806501056435 0.49317289160245764
0.6152137125351288 -0.7896284492777244
-0.22450100896417524 0.9755000240769178
0.6698957675311763 -0.7438014927679402
-0.025451875652236295 -1.0006763722731655
0.9212103161277279 -0.39162808053030573
-0.9117148632310385 0.4132517491355709
0.7777846515624817 0.6301206517753793
0.8328060128882435 -0.555369376989033
-0.6452870023760044 0.7652487729912348
-0.9930233146269736 -0.12611778862340786
0.46201395727943323 0.8880000581525871
0.9160125253700655 -0.40363604071633036
-0.30392295037078 -0.9537462137476197
-0.9741208758925174 0.23041162980716645
0.8519821879524723 -0.5254782121189405
0.6981812765725565 -0.717317157917971
-0.9836454965051993 -0.18558700710189802
1.0008958600323221 -0.01443874544960112
0.37597852074311844 0.9277074711027267
0.9802874374288097 0.20257724457415574
-0.822762165261805 -0.5701433323417071
-0.9984954288421726 0.0707663661726809
-0.09478962228667333 -0.9965018452099071
-0.2875132205403338 -0.9588207069178916
0.404932770294952 -0.9154400316466698
0.2080501463383837 -0.9791405091244959
-0.24418063735755438 0.9707609470614579
0.59584395490871 0.8043450636379558
0.814256853254038 -0.5822257096082516
0.7512812107100357 0.6614964417395327
-0.9779794499939722 0.213441316032036
0.6106262496634273 0.7931813053911305
0.4006466129405548 0.9173239839551025
0.6783144692711639 -0.7361321082369516
-0.997894713131598 -0.07878541428466176
-0.9212835299333868 0.391455818035035
0.8581073890697157 0.5154150840089525
0.8065634652154507 -0.5928375634013454
-0.9645167745367814 -0.267784225893094
-0.40164571112334124 0.9168869738066004
0.8271987779413846 -0.5636871311040192
0.44457271459506453 -0.8968590198228344
-0.2155521585917102 0.9775163768072913
0.9293338700680089 -0.3719402612576607
-0.783687879624835 0.6227634441175317
-0.5405156682535484 0.8425222919142378
-0.5253668131380625 0.8520508856008284
0.15624438613408417 -0.9887308490188739
-0.8652179027458758 0.5033875055740142
0.03267959759490159 -1.0004664131798906
0.9566896395380454 0.29452662630153625
0.7750168759983103 0.6335217769878315
1.000874323690088 -0.015861531385988083
0.8168158129654538 0.5786302167097608
0.845643989667078 0.5356185608620624
-0.3974517448692022 -0.9187127464558368
-0.9941892093953192 0.11657107669533799
0.9866456032760446 0.16891256180654518
0.14093959511905785 0.9910282692878524
0.5619830195252585 -0.8283574625518096
-0.5012799058097192 0.8664406823501533
0.9774329873341312 -0.21592997770359743
-0.5885762458216908 -0.809678332953553
-0.7568483124808989 0.6551195554208527
0.2892096824487514 -0.9583103670408102
-0.815481839560473 -0.580508715995778
0.08235532991667133 -0.9976064352410304
0.9936852566204988 0.12079160059811059
-0.4452508631228235 -0.8965225423202591
-0.20125583919021126 -0.9805595786038929
-0.5576907830662093 -0.8312532649457675
-0.04418606480926197 -1.000024295543199
0.8060076361250802 -0.5935930344167293
-0.8100470414954303 -0.5880686954467995
0.9299321216485977 0.37044196458573314
0.13167278469337634 0.9923020093555649
0.9875548498481999 -0.1635127473357946
0.23343324031141702 -0.9734012134355043
0.9364947375839022 0.35352313428919785
-0.730390711210275 -0.684492811487271
-0.43540038600846215 -0.901347604347891
0.2453156167554638 -0.9704747540126359
0.43106344535658603 -0.9034297460662393
0.9750673677619964 0.22637276409871301
0.968405564917868 -0.253360734598132
0.9941625754360333 -0.11679800341783911
-0.9789102941865782 -0.2091306671331274
-0.1150991679445361 0.9943606898598091
0.9830782376115844 0.18856876394170202
0.21498928442857948 -0.9776403262861487
-0.12414638378704788 -0.9932717027040481
-0.39299977898947486 0.9206259684118322
0.3199037759623509 -0.9485054423275756
1.0002432985261764 -0.03891456993818807
-0.9737301346366722 -0.2320573741565828
-0.7658918833787114 0.6445235627768858
-0.989797954441649 0.14933522485712247
0.3329055639821152 0.9440205958927749
0.036297715706567125 1.000341679544787
0.7311156157485251 0.6837184774515422
0.21232260621852422 0.9782229351679368
-0.3043616957522965 0.9536062909601565
-0.8802037822382041 -0.47669938298004977
1.000870640359335 0.016092273509197598
-0.804528648844877 0.5955960486670784
-0.0654698332465238 0.9988566968963427
0.7741120544275636 -0.6346270772587133
-0.6623785906333248 0.7505035660612215
0.8792989277940694 -0.47836638215932364
-0.5524933118615627 0.8347168024834782
0.3877100403738206 -0.9228661466287137
0.8874593462265383 0.46305173446944903
0.28517141397334034 -0.9595198094111688
0.9506973541934145 -0.31332976355533365
0.9576199154163664 -0.2914877314707278
-0.8483287062473827 0.5313561951804475
-0.8975730317233682 -0.44312938598441143
0.9257011967494255 -0.3808914469198296
-0.6123675038844034 0.7918377612783981
0.09813387632494273 0.9961780675749897
0.9612785938352587 -0.2791853596342536
0.839547574206667 -0.5451246377148082
-0.07382100909329473 0.9982742401847539
-0.827681977855607 0.5629773916713088
-0.8356268139974472 -0.551115983916703
-0.09977200079420324 -0.9960153351517845
0.27115468926065894 -0.9635746647208796
-0.7946846873315803 -0.6086684218198843
-0.2049716984353022 0.9797895706939055
-0.5393857037734886 0.8432461458938181
0.9483728700278614 -0.32029658036750425
-0.9476937874996841 -0.32230030272170634
0.17936354813604313 -0.9847993285944346
-0.9519393107068962 -0.30953602170164185
-0.4972113839407811 0.8687818136216326
0.5822436249152717 -0.8142440428062856
0.1675306760904055 -0.9868811846259364
0.8057743035276516 0.5939097336923584
-0.6624123721091383 0.7504737498918563
0.7274390013348939 -0.6876288965255113
0.7277406308824907 0.6873096639526862
0.3037124498409103 -0.9538132667412592
0.38824696948688325 0.9226403907721855
-0.8611355306659243 -0.5103396886630679
0.9987936057450935 0.0664253951641609
0.8646445699059615 0.5043716563528672
-0.9591866115502978 0.28629013993265306
0.01983274116989171 -1.000803508375989
-0.00922104111799139 -1.0009575277706344
-0.6431409761022115 -0.7670532477333595
0.4517468389070274 -0.8932669217750695
-0.38174223427968484 0.9253506722141364
0.6233405557480471 0.7832289266617491
0.7736603826766468 -0.6351776226195508
-0.9315069292988701 -0.3664639691268294
-0.5032172433061632 0.8653169396465931
-0.9417395865397846 0.33930451093947367
0.6168341856354072 0.7883632331809393
0.988439949505768 -0.15807424275015433
-0.9832119070030217 -0.18787055630800986
-0.9004918672604242 -0.4371674701963021
-0.2759443228432121 -0.9622139734438495
-0.8004189405769212 -0.601107743724633
-0.8976747608776645 0.4429232706499264
0.8608233335928304 0.5108661158680684
0.10981960452350611 -0.9949576144049055
0.9354632647319997 0.35624356883591396
-0.15150768805568776 0.989467746043306
0.9710818219205766 -0.24290141031993512
0.6364478440820712 0.7726157788728389
0.39829047434344406 -0.9183494422316999
0.3799278072771508 0.926097112217491
-0.896311212460044 -0.4456761272700233
0.8335464914777565 0.5542573829414656
-0.0005405586688824632 1.000999854044108
0.992657416748197 -0.12896609234522252
0.25465923496149345 -0.9680649121049822
-0.06292876077174683 -0.9990200053390984
0.6841418767363128 -0.7307194348693046
0.9877300851915684 0.16245085043623805
-0.48035620019666436 -0.8782134825500131
0.8315768115551937 -0.5572082254271717
0.9032321283811122 -0.4314773716663784
-0.7622140441400878 0.648868824120571
0.9757708551203943 -0.22332093116771326
0.39721103516486256 -0.9188168443946042
0.9449197810548041 0.33034467964739644
0.42450630623669594 0.9065293133513536
0.9815965977437541 0.19613546160214532
-0.6047005338755644 0.7977081322956456
-0.35715900365238346 0.935114135338589
-0.8045028173962955 -0.5956309400974926
0.862721315184443 0.5076543433542405
0.6655911085959934 0.7476559878433106
0.8238423407810567 0.5685813904239121
-0.18237168617070054 -0.9842467008241661
-0.48689540553508326 0.8746049760142157
0.988360786770615 -0.15856845579802725
-0.2116581983427549 0.9783669082068849
0.9169753437099464 -0.40144391766226284
-0.7194085928012147 -0.6960260602906877
0.8939628404831206 0.450368115917802
-0.31008366625439704 -0.9517610624112712
-0.6330448819680746 -0.7754064594869109
0.19523723394365647 -0.9817756477332436
0.19566250080574452 -0.9816909828344366
-0.7533078943341804 -0.659187542611208
-0.2267560368349025 0.9749783073273621
-0.5559778193935576 0.8323999425410747
-0.9884050031964385 -0.15829260771194675
1.0008375811460652 -0.018031532538672814
0.26742423593922715 0.9646166482247341
-0.3085725641895129 -0.9522520530980801
0.5847302221496073 -0.8124601942894623
0.6192607424097755 0.7864586021591307
-0.9980707059304864 0.07652363009829441
-0.9884270569187396 -0.1581548391638992
-0.8603640894033832 0.5116391635372405
-0.9838897522750777 -0.18428769727815866
-0.9540885715173818 0.3028464919722894
0.06711133974454794 0.9987477499737819
0.10595666406029546 -0.9953764038499274
0.6842769922327697 0.7305929084660444
0.7455484334834499 0.6679509962043428
-0.964315922677107 -0.26850661308690316
-0.9949085925009518 0.1102628340274966
0.014658533103559116 1.0008926652779768
-0.5647472094858011 -0.8264754015565137
-0.6314114968282019 -0.7767370994571906
0.041373791471848984 1.0001445942358753
0.42914850801613785 0.9043409523335337
0.8476772681570564 -0.5323948244017686
0.919124741916111 0.3964980564865889
-0.296515946523147 0.9560749413395805
-0.8216041786353426 -0.5718107848309123
0.9715223976115228 0.2411332223878704
-0.9503331529001608 -0.3144326613105571
0.7818580894267333 -0.625059139600389
0.05324939598606463 0.9995826638288198
0.7613104580549809 0.6499287549078862
-0.9595062236223428 -0.2852171222595001
0.28104992892511654 -0.9607351026433806
0.35746219811524893 -0.9349982764254781
-0.24318677313225343 0.9710103981799175
-0.942885575325414 0.336106816121398
-0.8607492931266271 -0.5109908554778765
-0.8282268592143811 -0.5621754794331407
-0.13797800788406867 -0.9914449401456159
-0.465248472285526 0.8863096857396878
0.172894949404758 0.9859555448752881
0.9351954485463191 -0.3569460365633005
0.8431090403935357 -0.5395999870336278
-0.3532041368116619 0.9366150958313286
-0.214894786032501 -0.9776611022926327
-0.9585676473966397 -0.2883557964814847
0.28473332944461094 0.9596499002779018
-0.6586838053886472 -0.7537483960306188
-0.5064917137172356 0.8634043918904848
0.2905687371931086 -0.9578991642996678
0.9366248635291692 0.35317823406739723
0.4459367235512016 0.8961815879543716
-0.30478249569892324 -0.9534718822888989
-0.8638387600852524 -0.5057505280020711
0.467309271303047 -0.8852248555899317
0.9658790086697361 0.2628283481878767
-0.6667237439651058 -0.7466461338767865
0.9990791645022336 0.061982441525959345
0.7627035827592337 -0.6482933324092025
0.6476349654508958 0.763262701515944
-0.5532243793861773 0.834232453248361
0.9883034394621749 0.15892549055212987
0.7305257231910206 0.68434871794739
0.9789112077263548 0.20912639094033472
-0.7744773271773678 0.6341812593322199
0.9695455573359895 0.24896267240300435
0.6146181073939004 0.7900921351738288
0.9025748102583283 -0.4328506808209299
0.9281169475465649 -0.3749665740794063
0.3271397063479859 -0.9460341497697393
0.9910727274193255 0.14062662964609288
0.575227113374975 -0.8192159471337784
0.17652331451871517 0.985312396872853
0.8395687739633587 -0.5450919865359082
0.9821511507462711 0.19333938317832547
0.6735440568976123 -0.7404994283710866
-0.8228335125878796 0.5700403587135666
-0.29916363741594876 0.9552497673635199
-0.9992735794840968 -0.058764898919682486
0.5337462860275733 -0.8468269611625341
-0.6457606715183707 -0.7648491061118807
-0.20526616086614335 0.9797279230496978
-0.6499952436364439 -0.7612536917808674
0.25120428927860305 -0.9689671847116558
-0.7363937138706074 0.6780304551949374
-0.6034956144006108 0.7986200870246309
-0.3159527483935008 -0.9498288586806537
0.6652332074496666 -0.7479744512389636
0.9969369792185371 -0.09009805473270811
0.05746613025755615 0.9993491101077848
-0.03226254164705759 1.0004799490277014
0.5477293499960305 -0.837850558961994
0.8117649197473595 0.5856950700386361
-0.9446382646066583 -0.3311488321599837
0.9710929417419089 -0.2428569506912364
0.10846259604085633 0.9951064592595498
-0.7621734710948803 0.6489164814975665
-0.6635980970694251 -0.7494254903363228
0.2827395539875716 0.9602392121814798
0.7920316278741885 -0.6121167375974643
0.5996465220013336 0.8015142223639604
-0.8135130119476702 0.5832645878088517
-0.27241305838616553 0.9632196663382115
0.6703485814900937 -0.7433934216108045
-0.5302284255285179 0.8490340492356881
-0.7061425987358577 0.7094812402386474
0.9414451372547964 -0.34012064556462546
-0.5232611995606501 -0.8533456023407805
0.3854542657171539 0.9238105915394399
-0.17498063788922802 -0.9855875285147834
