1000
-0.27039627306144376 -0.9637877647669538
-0.633853267798809 0.7747457872752657
1.0008506316631347 -0.017291995243588515
0.488174355618586 -0.8738917544618316
0.06258546117924965 -0.9990415707311587
-0.7922663420344791 0.6118129152602991
-0.34140949186383834 -0.9409785113727495
0.48036514168981626 -0.8782085917646916
-0.3749392491025793 -0.9281279865850366
-0.31613898616822544 -0.9497668879385754
-0.4264593599593317 0.9056121765430704
-0.8966691251506514 0.44495559329169615
-0.9809559825819476 0.19931472659260713
0.8458268573267249 0.5353297371011592
-0.47690658738206876 0.8800915332575294
-0.3985952919475554 0.9182171819549246
-0.3510397380565002 -0.9374284518325778
-0.6241522848034973 -0.7825822163674395
0.5927592641575238 -0.8066210106087188
-0.5993359772410104 0.8017464601634129
-0.9940888594044085 0.11742376083247487
-0.6599346119471522 0.7526535112215723
-0.4766628239684864 0.8802235808284097
-0.26058499872579916 0.966486657144875
0.12481138862101711 -0.9931883594114932
0.8638299953748554 -0.5057654981220816
0.29965454305315736 0.9550958877660418
0.25388776047722295 -0.9682675276388547
0.5799742135596564 0.8158620665319954
0.6304105376522158 0.7775497116050165
1.0009965242070848 0.0026379016916761432
-0.2902880557810991 -0.9579842611811686
0.6643328490544785 0.7487742421231913
-0.9813977747926371 0.19712789663581412
-0.8547878760611802 0.5209018016275394
-0.7924354223201586 0.6115939023995185
-0.9459672831637396 0.3273330096153052
-0.16445389466910645 -0.9873985601205637
-0.9455066377451601 -0.3286612206814833
-0.24144860803836118 -0.9714440641006243
0.6098582402466157 -0.7937719614620443
-0.2757408249309693 -0.962272309414746
-1.0007758641770106 -0.02118182430192538
-0.5956540198973497 0.8044857292582186
0.9940324412156929 -0.11790040632147929
0.3980200395273429 -0.9184666831925111
0.027804893947854976 1.0006137555883132
-0.6004627432715892 0.8009029241691888
-0.5611038558889204 -0.8289532332445454
0.8050212463818381 -0.5949300739362837
-0.9397913251406435 0.34466398882156724
-0.9978531979646912 -0.07930949067822061
0.8939085135263967 -0.4504759365882131
-0.1632126021532665 -0.9876044990269939
0.9999952103616678 0.04483948320090107
-0.3441301229885476 -0.9399869458944028
0.481448377191034 0.8776152118668635
-0.07629493570916204 0.9980882139295779
-0.331748644754307 0.9444277826830808
0.8785790027882022 -0.47968733135208813
0.814350563273082 -0.5820946315650181
-0.46378821525216113 0.8870746819705853
-0.9361039714421648 -0.3545565605798412
-0.7273319453550633 0.6877421328274277
0.3819383700528693 0.9252697344457763
-1.0007096861564406 -0.02410651432036237
0.1553007082751848 -0.988879512382184
-0.9051005293452526 0.4275441869315303
0.892990703441606 0.4522926083486945
-0.022404367501978318 -1.0007492414770227
0.6458045616895897 -0.7648120475652282
-0.8954975079840028 0.4473088566018347
0.7609108010426705 -0.6503966119658077
0.8204018242259389 0.5735345210244556
0.9738627293138379 0.23150029039593584
0.8131257855640575 0.58380429670467
-0.9983085899742747 0.07335502152937837
-0.9262223150625867 -0.37962247441386093
0.5785275237504558 -0.8168885506990324
0.1662461548735741 0.9870983821229532
0.1565317855408702 -0.988685389856342
-0.3716033645482721 0.9294686328523432
-0.025187256339420924 1.000683067768258
-0.6992188788007957 0.7163057723685871
0.7526705054084213 0.65991522962289
-0.4286739717171187 -0.9045659876273654
-0.9910221167519137 0.14098285040584282
0.564831150756777 0.8264180365497688
-0.5928832493095938 -0.8065298833199536
-0.27818667709074457 0.9615680801114448
-0.39763401093129014 0.9186338733960853
-0.9601823598237916 -0.2829325641972211
-0.3859641258386968 -0.9235976903206128
-0.9238543803516472 0.3853493011607442
0.505094138923298 0.8642227206139238
-0.8315254248748679 -0.5572849071943995
-0.5898308435479026 -0.808764845922206
-0.8781844174127863 -0.48040933485244136
0.10797654900254652 -0.9951593163235225
-0.41013270712632427 0.913122205701533
-0.9593022213961594 0.28590251489693785
0.7012108601860397 -0.7143558843861749
-0.7735059924587939 0.6353656267302602
-0.6360976436530892 -0.7729041258390251
-0.42837862895336887 0.9047058915780487
-0.8786375619277437 -0.47958006085498417
0.7854379771094567 0.6205547390151851
0.09863360769097046 0.9961287122826366
-0.8930594510765316 -0.45215684982413346
-0.6288650969069121 -0.7788001604341515
0.8886959285958848 0.46067401326436697
0.37959197358636615 0.9262348155779978
-1.0009778904807156 -0.00665302703861217
0.9882340752614864 0.15935624396952497
1.0000661325871574 0.04322881506779969
0.13650984082016593 0.9916481550223611
0.17197915955310086 -0.9861156974105062
-0.5003505412274943 0.8669777020739077
-0.4264663803362333 -0.9056088705632863
-0.6773806002576982 0.7369915348187661
-0.18959675418964309 -0.982880496703822
-0.2620440351085187 -0.9660920886044173
-0.3026131994489252 0.9541625917626854
-0.6836008526913003 -0.7312255973362305
-0.9996676557302192 -0.051629236744774605
-0.9892635270702697 0.15283544748679806
0.5939268738089293 -0.8057616698302
-0.0695340788404742 0.998582000578724
0.9974163110100926 -0.08462684285153296
-0.9145576109262827 -0.4069218306957862
0.9956472504478449 -0.10338062040656679
0.9567221001584911 0.29442116613505576
-0.5627936678796847 -0.827806914319113
-0.026840670532624844 1.000640084348693
-0.102434770908157 0.9957450063690971
-0.8272486627843019 0.5636139192049682
-0.6327383244176856 -0.7756566333198599
-0.3858201055809604 0.9236578620514723
-0.6146883911493801 -0.7900374559387592
1.0004236969277793 -0.03396213517072532
-0.245502501927795 -0.9704274942246809
0.0830630371381584 0.9975477591881929
0.5568539644635718 0.8318140791434123
-0.6447594052534759 0.765693352026243
0.4952671102030389 -0.8698916539150902
0.9788044984040678 -0.20962527019412774
-0.21622764054446902 0.9773671814955585
0.927389885626351 -0.3767611976278125
0.8222565134063883 0.5708723378836726
-0.8451749690637907 0.5363583425919842
-0.22781110469564014 -0.9747323225262164
-0.8116529068310178 -0.5858502870467497
0.8036764165447208 0.5967455215498785
0.9720454654646918 -0.23901592639305536
0.9438088582046222 -0.33350538102778365
-0.5609340522236042 -0.8290681450013666
0.5637371813491602 -0.8271646694368081
-1.0009994079022246 -0.0010887513011366198
0.012874914968999198 -1.0009171976565
-0.37739704345843683 0.9271313130235818
-0.13037763095231153 0.9924730088759406
-0.9284740699515523 0.3740814101604084
0.8982016649388429 -0.44185378701680333
-0.8367327603032138 -0.5494354264473349
-0.8631571373424302 0.5069129671401403
0.3532251360965941 0.9366071765844753
-0.5502217096842604 0.8362159231873844
-0.7704557479614484 0.6390609833444418
0.8766847331188058 0.48314064072111357
-0.08223354628994713 -0.9976164813517162
0.19906856866040792 -0.9810059658185044
-0.9952823231791711 0.10683677815748606
0.09909665508874196 -0.9960827540672627
-0.06984958815681847 -0.9985599806893539
0.9456480594515592 0.3282540900819065
0.9275613846110352 0.37633878059330966
0.9932558793933601 -0.12427291760686555
0.2538243227785461 -0.9682841593075932
0.21181630779110913 -0.9783326897092534
-0.6635878759705578 -0.7494345407471446
0.3698864074505024 0.9301532376890169
-0.287649047369583 0.9587799672226008
0.36932647406751073 0.9303757066652484
0.571471129831054 -0.8218404636969506
-0.8385614355687904 -0.5466403925587731
0.32511034588001236 0.9467334698856794
-0.8700009356044718 0.49507511758049777
0.8010429030141185 0.600275992798907
-0.7214316060152429 -0.6939289861666447
-1.0008087350592076 0.01956721311757823
0.7577454389195082 0.6540816843458329
0.27057287137928243 -0.9637382016261317
0.8674692672159262 -0.49949781824935346
-0.6125128506222393 0.7917253360999751
0.5959136745972933 0.8042934119013727
-0.9768327323460783 0.21862939650764063
0.7830211617829891 0.6236015235709563
-0.4040076343408087 -0.9158486945966258
-1.0001460739677144 0.041338005841683755
-0.8115240117496589 0.586028820412221
0.954215874613428 0.30244514318423216
-0.9572497414514275 -0.2927010975230109
-0.89407790154589 -0.4501396516274676
-0.2857098699924734 0.9593596146330551
0.11221179837656224 0.9946906616155085
-0.8401244235220102 0.5442352000760425
0.09565798369645225 -0.9964188628057626
-0.49273156276821667 0.8713303661941267
0.42734682660001283 -0.9051937305322538
-0.9983660674668005 0.07256855607545186
-0.4098865012434588 -0.9132327502331462
-0.6057633270947552 0.7969013687697447
-0.08402031415637505 0.9974675868463416
0.8587550017100318 -0.5143353449239154
-0.9557171749937547 0.2976670647249319
0.8245506432059598 0.5675537303098604
-0.12392582354456123 -0.9932992450710926
0.7126765904282735 0.7029175466977127
0.8286617692519312 -0.5615342128314704
0.2557450253076814 0.9677786327618385
-0.6263814683748306 -0.7807991137780519
0.743053237118274 0.6707256419789347
-0.41782487412609254 0.9096281518079324
-0.6284208135593016 -0.7791587008340891
0.7945382442338784 -0.6088595720276931
0.5226032612699659 -0.853748693299144
0.8207003937554548 -0.5731072008705191
0.29246221116340126 -0.9573227538512881
-0.9763749248355958 0.2206649182636075
-0.8690290597475288 -0.4967791192414655
-0.23886206439240457 0.9720832856263906
0.9987774054918641 0.06666854039905547
0.973364847474419 0.23358483191573232
0.9805973462126268 -0.20107173993565958
0.6000310756619078 -0.8012263776486729
0.8217488358018962 -0.57160287863011
-0.8615528597290165 0.5096348397556368
0.2853959145694827 -0.9594530587512078
0.7567315663336772 -0.6552544059479337
0.5592655488213538 0.8301945831559912
-0.9919549472587111 -0.13426236482710913
0.9932125525944683 0.1246187199772995
0.5289888351049009 0.8498069265041089
-0.005932621959544007 1.00098241942438
-1.0008083250772106 -0.01958817133242473
-0.855568422907487 0.5196187773008164
0.050883657843893586 -0.9997058834299344
-0.9585183181089614 0.28851972870077375
0.996690025323933 0.09279005021971738
-0.20120346116003104 0.980570327522317
-0.9518944629078533 -0.30967391153497176
-0.0331451044342641 -1.0004510992807403
-0.9778795892825272 -0.21389836106112622
-0.41596335734409684 0.9104809088317158
-0.6472475739535004 -0.7635912375160601
-0.1686618417195348 -0.9866884934708495
-0.9994251601802392 -0.0561279716246992
-1.000819809375342 0.018992344823753362
-0.9937869380307877 0.11995216462986946
0.6712947001305353 -0.7425391744390694
0.1391215451156635 0.9912851233044054
0.2186548897823382 -0.9768270262304752
0.335196416205507 0.9432096069077035
0.9052408351406136 0.42724703672924924
0.20213740866821886 -0.9803782270210296
-0.6279129330316068 0.7795680525339945
-0.9646354169807999 0.2673565265825359
-0.8183649433869709 0.5764371773534736
0.6652984141070374 0.7479164526781458
-0.806288171179987 0.5932119225160869
0.2230158088702354 -0.9758406370888408
-0.29737698327514495 -0.9558074752889173
0.8474143221657475 -0.5328132567686044
-0.7180878820171747 -0.6973885528886233
-0.11561014404554924 -0.9943014103347975
-0.9956309741643528 -0.10353725553896913
0.8573145295045199 0.5167328105514915
-0.9492989877534358 -0.31754122858347417
-0.6639393370198454 -0.7491231919768925
-0.9779745811657137 -0.21346362358431703
0.9777494289483692 0.21449255043273102
0.9999894318562269 0.04496816847349407
-0.06594573705460054 0.9988253900278694
0.6719692599313961 -0.7419287794035568
-0.12095865242805993 0.9936649356814338
0.4628354188869163 0.8875721801767857
-0.12701744481327654 0.9929086406679651
0.9978205913303074 0.07971867734248751
0.37008099343926243 0.9300758347011326
-0.9803617411404009 0.20221734967149005
0.9756235733729227 -0.2239634860396872
-0.9389660161617834 0.34690606868901774
-0.6961631943942379 -0.7192758905808052
-0.7970468489586435 -0.6055718954551121
-0.09212853265659711 0.996751390001811
0.05255468559610101 0.9996194300942208
-0.7324153992664062 -0.6823259359847248
0.9107127096305629 0.41545560595249864
-0.07602443869143626 0.9981088541445027
-0.9919502916798505 -0.1342967566110944
-0.8037004784917849 -0.5967131143791596
0.04949617280241956 -0.9997755392476418
0.33359872912048943 -0.943775867422554
0.9245127880537146 -0.3837669927510015
0.9293120792661882 -0.37199470336276813
0.7136090226321828 -0.7019709130853933
0.874311289040349 -0.48742257832049923
-0.7845096445794864 -0.6217279288899349
-0.8944887076252335 0.44932277032322726
0.8536182103682906 -0.522816364441318
-0.9989672737189192 -0.06376037984979352
0.8612024801012891 -0.5102267028168841
-0.6869713421529311 -0.7280600078706427
0.12308184203173131 0.9934041776447672
-0.9604802066690095 -0.28191979816440166
-0.8604136779971832 0.5115557669652054
0.2853574960873573 0.9594644857558584
0.9469961057571226 -0.32434453237390154
-0.999239065719448 -0.05934887985568608
0.9799034579130665 -0.20442654712638222
0.6890011596710259 -0.7261393819178117
0.5422074772395947 0.841434520105679
-0.9677101488471195 -0.2560040386757324
0.49649788624253055 -0.8691897657915095
0.47921768453342195 -0.8788352580719697
-0.9847382904518364 -0.17969835646993218
-0.6200114749284743 -0.7858668913734805
-0.6386939349316875 0.7707600518199405
0.9295530566351118 -0.37139213090791323
0.8519203312188902 -0.5255784901000956
0.7330300107187014 -0.6816656096545728
-0.5510713930487734 0.8356562210402579
0.8000306367971958 0.6016244511203592
-0.5490936738612362 -0.8369570701807653
0.795924547062855 -0.6070462217844612
0.5301799333539424 0.8490643310543726
-0.9841561511207959 0.18285970089415846
0.9873368010760306 -0.16482427382200368
-0.8452259804482143 0.5362779521622673
-0.7733642303833642 -0.6355381712875685
-0.8680152096745882 -0.4985484888890753
0.34446987995615586 -0.9398624909011911
-0.8095982205522654 0.5886864371451117
0.034087277363834115 -1.00041944079567
-0.9181836676802858 0.39867248764515784
0.9942213864636974 0.11629632280602563
-0.4019898667576346 -0.9167361381685458
-0.2738318875920756 -0.9628172710009728
0.45597598233916486 0.8911155388218935
0.715833339732948 -0.6997025294557494
-0.8589172286672254 0.5140643873082567
0.7126927098868199 0.7029012030678147
-0.9642552784772014 0.26872431584963585
0.9893448296519503 0.15230826648922716
0.29954998081134465 0.9551286871390279
0.8372187481770466 0.5486946033093991
-0.9290771256782595 0.37258112477878375
0.9534865346514813 -0.30473665391335814
-0.16716078879196378 -0.9869439045307734
-0.023619823175202805 -1.0007212918456228
-0.609227130493773 -0.7942564469176963
0.9917960757259717 0.13543095722382875
-0.7883146847857182 0.6168962293215884
-0.5849051499663956 0.8123342695853648
0.9016390445536367 0.4347965424614194
-0.70112306649869 -0.7144420519702583
0.7092953887480262 0.706329279798584
0.6396909294648948 0.7699327988599648
0.5314396578253034 0.8482764231608259
-0.9744137653036743 0.229169836555154
-0.9351744100243254 0.3570011524290291
-0.5785965286734527 0.816839676440261
-0.9781251053552289 0.21277283255580912
0.9030674257331495 0.43182198251096776
0.7459480655173552 0.667504669310197
0.9050348815652912 0.42768313404914565
-0.983238267412183 -0.18773254778084833
-0.9586836423404178 0.28796991840973546
-0.961551525657913 0.27824389212512823
0.21062710109710092 0.978589405360303
-0.22462563855336168 -0.9754713335124177
0.7752582225138511 -0.6332264116606825
-0.8195628756020037 0.574732714342045
-0.6206738264594767 -0.7853438744576491
0.3213204028746068 0.9480264757360422
0.9372164755248173 0.35160528722537643
0.9996771618844513 -0.05144484431552419
-0.9790872803447143 -0.2083004980003432
0.6834429883376063 0.7313731480524579
-0.849308685590518 -0.5297884073670417
0.869465147082641 0.4960154816218556
-0.5402717954447481 0.8426786973971208
0.627874651377126 0.779598885426379
1.0009999999078574 -1.3581949324012429E-05
0.9166784880213313 -0.4021213120426793
0.7080196489332709 -0.7076080671702436
-0.35340459607046343 0.9365394767313723
0.3898140026641131 0.9219794158911483
0.807566559564804 -0.591470415044291
0.7504656961937841 0.6624214963574016
0.6983307194611341 -0.7171716713987626
-0.7636918627310002 0.6471288425023685
-0.4029270028367228 0.9163246315498758
-0.9989003595569601 0.06480024442064926
-0.9776008774886844 0.2151685951372879
-0.814045987545505 -0.5825204976316831
0.6887329646462063 -0.7263937660867194
0.940795600856601 -0.34191320157149113
0.8964248091042897 0.44544759694305
-0.07068680965651132 -0.9985010640658247
-0.9938303017051504 -0.11959235515972538
0.5407655217945346 -0.8423619474063894
-0.9077005763283407 0.4219960470587351
-0.7121118406724418 0.7034896775178061
0.9928254650446976 -0.12766595457983293
0.9687933246050452 0.2518739649124211
0.988089213123365 -0.1602520106246708
-0.10876010486148614 0.9950739869931876
-0.40714176469257257 0.9144597221545725
0.15902245887209754 0.9882878414582829
0.8167376029040359 0.578740605109551
-0.02169040382914965 -1.0007649706008541
0.6948997133614242 0.7204966262032116
-0.4733999906194103 0.8819826806018031
-0.9975930702085337 0.08251706654936092
-0.8174177504495594 -0.5777795611216978
0.693745004279946 -0.7216085289383833
0.7520569061648354 0.660614418469485
0.5367509270538361 -0.8449257022406452
-0.8603345650803643 -0.5116888078979063
0.27441208204147555 -0.9626520707034616
-0.45103524391670174 -0.8936264369103016
0.8476432273869126 0.5324490201560135
-0.6929114650991827 -0.7224089572632001
0.14341509117203646 0.9906730599063026
0.1869318381007217 0.9833908113788157
0.9683739391615728 -0.25348158503666196
-0.9076927497066446 0.42201288147400284
0.24643601715774624 0.9701908520736665
-0.9901126867916542 -0.14723405670636044
-0.9404173000154271 0.3429523317192847
0.7279672204852484 0.6870696659720773
-0.9382767736056995 -0.3487659618025803
-0.9859366952763782 0.17300240723034555
0.6733982090712547 0.740632062511222
-0.1009728391346412 0.9958943145520461
0.6907571220457851 0.7244691838463692
0.2998715170917691 0.9550277866308817
0.7250257126665659 0.6901729609107693
0.8172952462703521 0.5779528358126506
0.4122558043937455 -0.9121656383265409
0.23339263008126748 0.9734109513580319
-0.9880861725417739 -0.16027075725704862
0.863361015244585 0.5065656496011542
-0.6634977907667816 0.7495142971602343
0.9996264277518075 0.052421416808020205
0.5030085530973566 0.8654382678798666
0.9981939939909276 0.07489826673855739
0.3662586602848329 -0.9315876736874309
0.3853356680300981 0.9238600667545914
-0.20324506620498417 0.9801491942879572
0.5003216295755241 -0.8669943869362084
-0.38204834456102504 0.9252243308615377
0.2937458160715612 -0.9569296711569
-0.8169412030361184 -0.5784531707769434
0.8167303326613786 0.5787508649763159
0.7330686514387523 0.6816240549436096
-0.9104278281653205 -0.41607952329113435
-0.5780176989631826 0.8172493742336593
-0.8587577899861498 -0.5143306894772117
0.31573730187277976 0.9499004980555054
0.15670072797794496 -0.9886586275611932
-0.30265396066080397 -0.9541496633633156
-0.16412597452299885 0.9874531201464077
-0.06303390075335136 -0.9990133769654022
-0.8810590709996756 0.47511673661237047
-0.9979093402630511 -0.0785999275811499
0.8350253373228028 0.5520268888640656
0.8554573844994212 0.5198015614688064
-0.43319030045378704 -0.902411859182246
0.9739358058435471 -0.23119266012544726
0.13219204596811593 -0.9922329680991071
0.1098259618610132 -0.9949569126858224
0.30843669765963627 0.9522960692646054
0.4042542368982827 0.915739871333441
-0.24965088485244782 -0.9693685757710478
0.3950054617457105 0.9197671907559315
0.7318644691705518 -0.6829168315144286
0.9257782545695808 0.38070411524713055
-0.1551081545461224 0.9889097331876637
-0.872923359026433 0.48990387757805015
-0.7025903284992356 -0.712999179732583
0.6571260734328404 -0.7551068292730091
0.4635907787878436 0.8871778794711243
0.4792583328010396 0.878813091869237
0.3125545627910577 0.9509524937022306
0.8036648018555388 -0.5967611634971712
-0.9513081820285464 0.3114702920111999
-0.4521235492918225 -0.8930763103877322
0.930851013325049 -0.3681268680655207
-0.47307347294823127 -0.8821578595652249
0.9920940333167714 0.1332307361582187
-0.13215661744748644 -0.9922376874846262
-0.9923536978781001 -0.13128266567852862
-0.49630001846932037 -0.8693027617966896
-0.8226653937654373 0.5702829559970717
0.9829957581033936 -0.18899825277164503
-0.2981035273529919 0.9555811252738848
0.46490339242138423 -0.8864907420357465
-0.32528659649258085 -0.9466729266976388
-0.9261001387146687 -0.3799204299227291
0.7703463701283543 0.6391928269544869
0.3421476626202393 0.9407103576359234
0.9492312589295664 0.31774363419428314
-0.9930101182457819 -0.1262216505259626
0.9664913561799142 -0.26056756979622436
0.6897914699547006 0.7253886737313544
0.24325529023830378 -0.9709932356979005
-0.38271681781865113 0.9249480187333585
-0.834491933263213 0.5528328981877122
0.5428115996316107 0.8410449258543635
-0.1547166418720328 0.9889710616230594
-0.7441176850295863 -0.6695445249019737
0.039286641041751114 -1.0002287537536882
0.10761609240308163 0.9951983604567942
0.8610501133759255 -0.5104837923532008
-0.9465916806981712 -0.3255229485504999
-0.5645941633666884 0.8265799602532529
0.25330518082493875 -0.9684200975647114
0.643017536471646 -0.7671567296126233
-0.963861440183641 0.2701335301792755
-0.37040742570248425 0.9299458795996993
-0.3963002172577868 -0.919210061847362
0.7678695127670314 -0.6421661867172094
-0.9577900099345228 0.2909283363126161
0.5461050863479288 -0.8389101469555135
-0.8842394266919225 -0.4691712227785718
0.39195913644455205 0.9210695062576119
-0.9295213814432483 -0.37147140056784383
0.6225339980007759 -0.7838701559143388
1.0007090441502917 0.024133150557054603
0.6523078169022579 0.759273015461639
0.035740238000183375 1.0003617522614958
-0.7677874357909971 0.6422643174281797
0.9321982619452736 -0.36470179657661567
0.002541478709754546 -1.0009967736641152
0.8769932954196692 -0.4825803143404721
0.3798663546259301 -0.9261223205512363
0.21547865952987463 0.9775325811896033
-0.8809627065917006 0.47529539193497894
0.8423618941377193 -0.5407656047722652
-0.9115251865842975 0.4136699580855029
0.8951131892546705 -0.4480774245845604
0.8333472219204602 0.5545569472267489
0.909371308496059 0.41838358390855346
0.9903467603217868 -0.14565127641095788
0.371073574908528 0.9296802686970425
-1.0009208125292335 0.01259075239289992
0.34163145478125534 -0.940897948294098
-0.9514648309754229 -0.3109914394592075
0.6766259208019453 -0.7376844605242269
-0.23127630165865676 -0.97391594724139
-0.8998680349439163 0.4384501336368533
0.2672750956889352 0.9646579825121806
-0.5311978671876366 -0.8484278554451792
-0.9911500765355574 -0.14008042612570365
-0.22976351630510025 0.9742739484226784
0.17926489955262193 -0.9848172905612433
-0.7246822351608103 -0.6905336038472942
0.9973680917638102 -0.08519324815626911
-0.9916372257356254 -0.1365892109039081
-0.7695651898492895 -0.6401331256638942
0.4895775563520457 -0.8731064175210027
-0.654300362524421 0.7575566220424789
-0.9191839596226121 -0.39636075533848736
-0.9810455040171622 0.19887362582230977
-0.5658548220588059 -0.8257174579435735
0.8758858838474481 -0.48458736929141527
0.881529403928794 -0.47424351340734766
-1.0006879302731826 -0.02499332321989453
-0.9549982872687776 -0.29996545020002097
-0.9530848665246897 -0.3059905835178829
-0.9583192501348534 0.2891802462495877
0.8589926561242488 -0.5139383394188529
-0.23465988997218987 0.9731062306029284
-0.9276529158380834 0.37611310497920913
-0.998485470457312 -0.07090673653215378
-0.9675155908458623 -0.25673835216068147
0.024296067809483592 -1.0007051019601114
0.05503182441365526 -0.9994861171130415
0.999209894416343 -0.059838005485483736
0.8838312078674401 -0.4699397791202422
-0.8995343030323839 0.4391344186784309
-0.6028790660242678 -0.7990856222894431
-0.7139546888296312 -0.7016193428763096
-0.8746484815447111 -0.48681724880239335
0.016484726492337468 -1.0008642534292413
0.534691825605075 -0.8462302592268325
0.7468947601005395 -0.6664452095516612
0.9552595920984533 0.2991322645651862
0.9989096353158082 0.06465709917123476
-0.8152238778969465 0.5808709227588039
0.9725986988501018 -0.23675466414643065
0.895802041172721 0.4466986714002929
0.19772942532183244 0.9812767572718197
-0.9515021602995503 -0.3108772087903663
-0.22342257212385358 0.9757475873736822
-0.43842561837571925 0.8998799793038338
-0.9988651192590019 -0.06534120849586329
0.6309348799488097 0.7771242997513209
0.6541466413452967 -0.7576893635367121
0.45710909123586124 0.8905348273422691
0.1525043440264423 0.9893146238952827
-0.8532769917622596 0.5233730747078501
0.8728883349047859 -0.4899662792347556
0.7646515906367755 -0.645994539401572
-0.768859941234743 0.6409800236860018
0.7389426877378027 0.6752515858839816
0.9057113992102159 0.4262485910131233
0.27217923096349783 -0.963285765612738
-0.9955626390989561 0.1041922820093771
0.8805064157675111 -0.47614015981877755
0.9560946308049231 0.2964524530949238
0.8331614043016305 -0.5548360788396289
-0.7990047745921217 0.6029862106043494
0.46084701736822486 0.8886062269547806
-0.5848003703628895 -0.8124097037969372
0.6727747929728995 0.7411984065958804
0.15903965354352256 0.9882850745613617
0.6720774589422965 0.7418307685595588
0.015673202049001536 -1.0008772905494117
0.04282270793434926 1.0000836043477412
0.318732336779382 -0.9488997299457697
-0.795316214580895 -0.6078430050800254
-0.9222815911207598 -0.3890985308116179
-0.6894672628586629 0.7256968330137479
-0.047764622216953344 0.9998597605986911
-0.23713331056797346 0.9725064488316121
-0.7701508920103168 -0.6394283412046365
-0.024448089610108047 -1.0007013994765952
-0.4247386835889301 0.9064204601966698
-0.7813295441097136 -0.6257197004260832
0.7104299987700292 0.705188071969185
-0.42145990069863815 0.9079496418321306
-0.419263599598148 0.9089659146810752
-0.07202603865585151 -0.9984053534289296
0.5694898296298098 -0.8232146341922075
0.9867432113771675 0.168341423307143
-0.38798609180603066 0.9227501246627292
-0.9918240626803994 -0.13522584327023873
0.631645637408693 0.7765467073799013
0.9951588078665553 -0.10798123506247044
0.9401490080648043 -0.3436871289920014
-0.09011766271397617 -0.9969352069552815
-0.9984897809696345 -0.07084601117361036
-0.3485908869503678 -0.9383418319222243
0.2515115066925685 -0.9688874867605806
0.8420889129351358 -0.5411905973977387
0.7560032669981386 -0.6560945513324594
0.25432240529524536 -0.9681534558967607
-0.29752975683897254 -0.9557599300009086
0.6985720054438357 -0.7169366451857357
0.8979679174167476 -0.4423286326818887
0.17649010182555508 0.985318346504116
-0.05366906700144793 0.9995602189198979
0.20382064866806832 -0.9800296644370148
-1.00076603563829 -0.021641208672832837
-1.0009767590812382 0.006821127415689069
0.7192713478687823 0.6961678878941667
-0.8670257543111086 0.5002672699280386
-0.5930057968002233 0.8064397838408843
0.8835348304929586 -0.47049676226917747
-0.4156022592446193 0.9106457939895007
0.3817528603050516 0.9253462885044235
-0.13169640639398916 -0.992298874605282
0.040133169205536855 -1.000195145323911
0.5609133971351564 0.8290821195239337
0.8468467675905151 -0.5337148604090917
0.86681384118885 0.5006343623078935
0.7503662790775373 0.662534110233829
-0.4965556503583013 0.8691567672734559
-0.8501054351509271 -0.5285089867985717
-0.9649801278630061 0.26610966316444845
0.5019356765304444 0.8660609543363128
0.30706024806783155 -0.9527407853432758
1.000334290041074 -0.03650079681350145
0.9991295187325446 0.06116538888353135
-0.35908212716880494 0.9343773466581509
-1.0006120474003157 0.02786629859432656
0.4728210830551209 -0.8822931618337424
-0.007241911101315684 -1.0009738032154492
-0.3354066885614565 -0.9431348542325418
0.892517055155963 -0.4532265506959268
0.9773346144101328 -0.21637479399365583
-0.7881942960958433 0.6170500397876805
0.19299326975493752 -0.9822192208612587
0.6981647166635162 0.7173332756858224
0.024411128472770483 1.0007023017894412
-0.40561941721290423 -0.9151359944728783
0.9978188058054424 -0.0797410232001132
-0.6602364034128492 0.752388790193252
-0.7042484377434638 -0.7113614678459121
-0.05540451399518548 -0.9994655270838296
-0.5767144878902419 -0.818169542000615
-0.11223759916480514 -0.9946877506703903
-0.9334211074738402 0.3615605566461994
0.9103742268029341 0.41619678899885787
0.9535874522114156 0.30442071379086727
-0.86864439226463 -0.4974514245503892
-0.9174931288015983 -0.40025911432702405
-0.7719419875282282 -0.6372649118623814
0.038862772241578344 -1.0002453123777684
-0.9109072975072818 -0.41502878857734693
-0.5803703139991615 0.8155803446801024
-0.1261754973855875 -0.9930159836878254
0.1331312183553456 -0.9921073927248104
0.08674772069845202 -0.9972340913514858
0.8591458306601707 0.5136822380219558
0.9973068163820086 0.0859075898741353
0.45112273188531055 -0.8935822742066531
-0.5859284803164916 -0.8115964612749409
0.2157075471777513 0.977482099115149
0.37225694428958256 -0.9292070638066537
-0.6738249347242228 -0.7402438499196713
-0.9508244385817994 0.31294390391187665
-0.4078333983825269 -0.9141514749557423
-0.7846000631057719 0.6216138198064926
-0.15950113036391517 0.9882107009199169
-0.8382095891856612 0.5471797552881549
-0.44648550400519876 0.8959083070901974
0.9353645856457203 -0.356502583328382
-0.6822733848762416 0.7324643529138574
0.4040802316558739 -0.9158166663611966
-0.818532661582518 -0.5761989950725696
0.4134607709422498 0.9116200913164653
0.9930930978415208 0.12556710962482026
-0.9470851557445451 0.32408441457177595
-0.12697795433552256 0.992913691673534
0.15396231497424823 0.9890887753724488
-0.7141605836621852 -0.7014097666437837
0.5433036349003244 0.8407271616309865
-0.12168318564061216 0.9935764702992681
-0.3508616107741083 -0.9374951360327146
0.9695755890958618 0.2488456891919417
-0.9765144681132305 -0.2200465713560073
-0.08519597855834841 0.9973678585343952
0.6982859957458049 -0.7172152174523975
0.18419405443226206 0.9839072874574133
0.6854766032612469 -0.7294674950821476
0.26524389322940495 0.9652184608183311
0.3974028849851056 0.9187338825827177
-0.846259165222376 -0.5346460747795007
0.531077097860369 0.8485034567567818
-0.8775393145026662 -0.48158670195738457
0.8887841587717116 0.4605037666691347
-0.8887806139236422 -0.46051060825296286
-0.7593291146021862 -0.6522425129638973
-0.6260727652789758 0.7810466647876657
-0.9221531239134279 -0.38940289682628987
0.07275860536576112 -0.9983522351080452
-0.38519915786291453 0.9239169923654946
0.5773595425981392 0.8177144725213487
0.46317455418114933 0.8873952514855449
0.05132933679209065 0.9996830993792404
0.9186947130532213 0.39749342662245307
-0.40206176347500444 0.91670460801251
0.2198884513822603 -0.9765500852228273
-0.30132187711721825 0.9545711740727122
0.5232146305765187 0.8533741561300512
0.49532558190467174 0.8698583608328417
0.9964557319416578 0.09527315613862589
0.9790419926516537 -0.20851325287539715
0.8833015416810547 0.47093458830698776
-0.9277486157928024 0.37587698239522344
0.7498919130294299 -0.6630709756678104
-0.4448078844987504 0.8967424077669943
-0.7091410395173526 -0.7064842433290699
-0.14614093285839538 0.9902746223867792
0.757645908517499 -0.6541969713371452
0.925395009386065 -0.3816347423956114
-0.9048143061660966 -0.4281495899299276
0.48712173910222073 -0.8744789370213716
-0.9954340286315978 -0.10541392053361555
0.8685078144454424 -0.4976898394052272
-0.376817826715053 -0.92736687749226
-0.7207804621035117 -0.6946053019160221
-1.0004797171963384 -0.03226973006912849
0.7028408326736146 0.7127522458236522
-0.8041080572461387 -0.5961637629643727
0.0459171627538019 -0.9999463056407784
0.4137528583101812 -0.9114875601126738
1.0008341084426688 -0.01822326473956828
0.505656924245619 0.8638935553425897
-0.20753574732143068 0.9792496686666456
-0.39518931601038193 -0.9196882104883407
0.8913373423895449 -0.45554225057830067
-0.44066756264323476 -0.8987842339705736
-0.9856697497874699 -0.1745168884489593
0.9961810221494611 0.09810387917536631
0.13741688532004367 0.991522868938956
0.946193533268819 0.3266784314892374
-0.7371237898173959 0.6772366783372261
-0.7710391323883132 -0.6383569975537804
0.7562985860761394 -0.6557541068870498
-0.0034803379606447057 -1.0009939496558806
0.6600179117605339 0.7525804649040951
-0.8682338874980787 -0.498167558759072
1.0007383914980592 -0.022883876023900757
0.6997220779420211 -0.7158142312363592
0.25883881490150046 0.9669557734976232
0.7819045722196221 0.6250009919528527
-0.962374552981831 0.2753837681727463
-0.7323968562627684 -0.6823458396857225
0.5089994621281205 0.8619283888776863
0.06273738873249292 0.9990320415557391
-0.3223837779871449 0.9476653943722622
-0.8231600192601561 -0.5695687690627177
0.6085833003173039 -0.7947498767378944
-0.5456644912173033 -0.8391967963621891
0.235257616833582 -0.9729618973638092
-0.8665600203276388 0.5010735785987543
0.3129190074496741 -0.9508326323684473
0.049304233098291995 0.9997850231917806
0.6948469062532848 -0.7205475535106888
0.26762466957214426 0.964561058843037
0.8625485669354834 0.5079478021190208
-0.14336557539882216 0.9906802268091176
0.9230851415661724 0.38718835393095125
0.510858478682588 0.860827865927975
0.82191705904169 -0.5713609612637698
0.9718125839608296 0.23996104195342965
0.38012674614160286 -0.9260154733414542
-0.6646034176464218 0.7485340989244883
0.7089379395256404 -0.706688048505944
0.6665428274819337 -0.7468076453360591
-0.9941138971818477 0.11721160108930602
0.9812291052265585 0.1979657623335088
0.601294181469241 -0.800278893468543
0.803917410446869 0.5964208222223637
0.5536699048891514 0.833936829993758
0.04344726362606882 1.0000566660361836
0.8564001767121534 -0.5182467919123015
-0.7582820453882748 -0.6534595164520709
1.000946702443784 0.010329514360079652
-0.002701809775382768 1.0009963537515696
-0.9856595176054523 0.1745746698515767
-0.8819827572567588 -0.4733998478049663
0.735726322197493 0.6787545792300416
-0.8142110874420854 -0.5822897088961618
0.9857853570088907 0.17386267542763176
-0.9806692590489323 0.20072071232540517
-0.7891469656722883 0.6158311997375745
-0.3167890600360833 -0.9495502574595274
-0.9593139172239376 -0.2858632684002338
0.11261229175963021 -0.9946454000017514
0.9429034229419291 0.33605674372699856
-0.7594894767100194 -0.6520557758096626
-0.004574702170490887 1.0009895464489382
0.9984323239011634 0.07165120089239443
0.3866809109330445 0.9232978247131264
-0.7540654368739854 0.6583208312912828
0.9968777507925987 -0.09075103291252128
-0.9971062571534043 -0.08820494286336387
0.4186499908342039 -0.9092486926988242
-0.8617572537442045 -0.5092891473605605
0.9493504317869497 -0.3173873936783443
-0.13378055406846073 -0.9920200418102125
-0.7656269985795857 -0.6448381960197574
-0.649431519921497 0.7617346657022078
-0.21769797857761766 0.9770407310461622
-0.8058127568220866 0.5938575594726304
-0.8637238753250513 0.505946703906128
0.09474020026505449 -0.9965065451133461
-0.41014732152845895 -0.913115641440355
0.5283030672392441 0.8502334203885463
-0.7424055103032525 0.6714425204523222
0.886373515461417 -0.46512685483486027
0.060116702096791354 -0.999193165573607
0.09131516905560348 0.9968262335534447
0.9681355389537766 -0.25439060166342714
-0.9988850530016419 -0.0650357662360268
0.47725774650150316 0.8799011554739015
-0.31717473556532566 -0.9494215012938488
-0.9898328088988465 0.14910402552385893
0.5389078365998977 0.8435516247694731
-0.8855400341633141 -0.4667117396145469
-0.8428753429865207 -0.5399649582939203
0.9888321135474898 -0.1556022211191224
-0.00027774429731655415 1.0009999614675844
0.9261157742449089 -0.37988231426950236
0.7652241598802739 -0.6453161900460339
0.43441613314690725 0.9018223900867003
0.21803031351503532 -0.97696662296546
0.6622787217182354 -0.7505916964363916
0.46308947251037863 0.8874396545399914
0.6274433907338947 -0.7799460182758504
-0.1766115046614881 -0.9852965931237178
0.885093139066915 0.46755869703885794
-0.7720556610820501 -0.6371271899637926
-0.8080749065706747 -0.5907757149467091
-0.8637947671901084 -0.5058256618391227
0.17294338581634758 -0.9859470499486157
0.987359249674266 -0.16468974492259789
-1.0004487041716275 -0.033217319598539706
-0.9915144209594372 -0.13747782741035713
-0.9308327678501203 -0.3681730004990646
0.997164720462762 0.08754153451032018
-0.2368904446990335 -0.9725656364535475
0.23568320790048894 0.9728588929098273
-0.7627247235095387 0.6482684599356179
0.9462809399845903 0.3264251562332173
0.5788104067141991 -0.8166881369772329
-0.9602834898498597 -0.28258913482611936
-0.8924823907958825 0.45329480707290876
1.000574312033213 -0.02918982869532949
-0.8830606283702578 -0.47138617568011626
-0.9720393522372085 0.23904078669186993
-0.6731911578458314 0.7408202649753777
0.6434590452967182 -0.766786448123489
0.741788455145925 -0.6721241610091263
1.0009636416699645 0.00853159157501287
0.9854291842541799 -0.17587018741145863
-0.9586050661712865 0.28823137773452645
0.20336219850568868 -0.9801248982751805
0.801580049486912 -0.5995585244699301
-0.11356507320646789 0.9945370652457401
0.7831416972007919 0.6234501440415772
0.8185269759272422 0.5762070718755575
-0.842728107700216 -0.5401947209035026
0.7239076184782061 0.6913456153829373
-0.38026588846946224 0.9259583435914007
-0.09302182600660723 -0.9966684202313206
0.5312142066659125 0.8484176251329916
-0.3944499450835124 0.9200055656481727
-0.35135030502904047 -0.937312094852083
-0.9817257493977808 -0.19548798676482856
0.9573061795295983 -0.29251645874111853
0.7256279569865958 -0.6895397508769593
0.20565788773671256 0.9796457692511481
0.22017739650894122 -0.9764849789251981
0.5290488707631011 0.849769552493079
0.22189365495794797 0.9760964121895968
0.5152955568937384 -0.8581791707129532
0.8136950447217526 0.5830106124207903
-0.9960527472435031 -0.09939781038166827
-0.9496025645960647 -0.31663223037552035
-0.1471891881934133 0.9901193578952813
-0.6405871490189686 0.7691873013198733
-0.9134781517196384 0.40933930464942325
-0.9633054393851536 0.27210959272134483
0.7320965515227853 -0.682668030047142
-0.7787687025965285 -0.628904052981152
-0.9968176379158598 0.09140895328055113
-0.9887577315465651 0.1560741756566115
-0.9834592109851855 -0.18657164931574213
-1.0009012010575744 0.01406363116356934
-0.0003401405163117325 1.0009999422100029
-0.9936392456399131 0.12116950740241686
-0.7918027725262952 0.6124127443315268
0.958718792125598 -0.2878528749643372
0.11706864352793811 0.9941307422580435
-0.8772184401782316 -0.4821709325656934
-0.5342304347762981 -0.8465216137575741
-0.1294208611261652 0.992598227232631
-0.9716270771321043 0.24071107781679635
0.518193398319135 -0.8564324853358064
0.8969091092991528 0.44447165225264956
0.6715433614277635 -0.7423142957819823
-0.6696759132286882 -0.7439994430383146
-0.06568049500199644 -0.9988428668095362
-0.9710705454902673 0.24294648727906049
0.9994385095302591 0.05588976353442755
0.5542970041267298 0.8335201444573083
-0.5559627839698582 -0.8324099848274795
0.8355156015733802 0.5512845721834346
-0.06886881455415385 0.9986281021390824
-0.3221579142299324 -0.9477422003366841
-0.9882618357629003 0.15918399409030562
-0.3587854877380438 -0.9344912914460862
0.999677739680961 0.051433615334379304
-0.6250274213955618 -0.7818834456001833
0.8215417310962908 0.5719005018946127
-0.6091061799469754 0.7943492063006061
0.6516014579478531 -0.7598792930460946
-1.0002207313909752 0.03949035952865564
0.8711456703228173 0.4930580301321633
0.3597616304012776 0.9341159292566499
0.1319105158032713 0.9922704348213318
-0.6381859363876975 -0.7711807249905548
-0.37123369179010296 -0.9296163434879416
0.6949324679267784 -0.7204650338643763
-0.9532692719846247 -0.3054156104227543
0.7483121832327118 -0.6648532743587058
0.9959756124421055 0.1001677563918281
-0.9142219277359556 -0.4076754430263777
0.36864897208916947 -0.9306443656830458
-0.9645302482692998 0.26773569088480303
-0.7949391549259146 0.608336041974888
0.007391666330634246 1.0009727085534634
0.8532968713785003 0.5233406627576946
