1000
0.9837229812568535 -0.185175851954644
-0.9793250106157585 -0.20717993045284208
-0.7631893138161145 0.6477214457441473
0.2622383850291685 -0.9660393518989242
-0.06371998948399772 -0.9989698508664608
-0.8785720287808861 -0.4797001044859567
0.15813391097242366 -0.9884304053399843
-0.7168269205324271 -0.698684596939132
-0.9041305076318812 -0.42959169588030544
-0.5298118937131033 -0.8492940346429706
-0.21648340356007853 0.9773105627092363
-0.44878871555774147 0.8947567763297647
0.3173164594690159 0.9493741436072758
-0.9755635269957861 -0.22422489780473123
0.6220027119385516 0.7842917992310561
0.4410657719414142 0.8985888853206033
-0.9568768411673306 -0.29391786410089304
-0.9965444545165664 0.09434060722869582
-1.0004843531139884 0.032125677799603646
-0.3331274329215319 -0.9439423252694575
0.7325927800711415 0.6821354840408437
0.3001521684764345 0.9549396189073391
-0.7485286674583715 -0.6646095349850126
0.9447980430515887 -0.3306926939711379
0.531831644368004 -0.8480307199912187
0.8002497140913799 0.601333015139419
0.9856345620505637 -0.1747155118797228
0.975782836063635 0.22326857558467364
0.9926103310449793 0.1293279965930679
0.991218546192887 0.1395951062296222
0.5148315187418266 0.8584576327984883
-0.8978529535965881 0.44256194336825105
-0.3179823976309353 -0.9491513023732737
0.7650489316494743 -0.6455239206892321
-0.9971193233606691 0.0880571120396384
0.9370410664322282 -0.35207249227900866
0.9926805766601426 -0.1287877040780162
0.4715537823560857 0.8829711378893816
0.9994684819844168 -0.05535118354439485
-0.2369187725585895 -0.9725587361230844
0.7435346661147915 -0.6701919130260865
0.9952603232299725 -0.10704152934338454
-1.0008248403262905 -0.018725356761762575
0.9028305399685475 -0.4323170319338586
-0.6403460551443584 0.7693880228214228
0.9288768978040554 0.37308002992108075
-0.8775839857031512 -0.4815052938830177
-0.009897470095122271 1.000951067777899
0.38233598817124115 -0.9251055032530725
0.8677536494413297 -0.4990036110903947
0.4669633420915549 -0.885407384847611
-0.5637649296790858 -0.8271457574478246
0.19159143755026845 0.982493623927108
0.7795376787478191 0.6279506409045714
-0.953208569194125 -0.3056050124178086
-0.902093563623447 -0.43385274283926123
0.12430034562512349 0.9932524473050519
-0.625802563213629 0.7812631770890344
0.7144735684759503 0.701090949841204
-0.8642298231771637 0.5050819861479604
0.6171871715041308 -0.7880869211773094
0.8969369847381166 0.44441539735803004
0.8709435625214835 -0.49341494799244445
-0.10423573222197442 0.9955580907853389
-0.8570935998329094 -0.5170991791962781
-0.7627200206566276 0.6482739930689443
0.10345995046863672 -0.9956390102085331
0.5186659966596385 -0.8561463565939318
-0.6998035125845461 -0.7157346182589821
0.6453830506077759 0.7651677711379388
-0.7028349757872341 0.7127580212176907
-0.0810356003234101 0.9977145039941158
-0.9027538873658806 0.4324770732024889
0.8313851540393674 0.5574941485279798
-0.8126043249689254 0.584529906028594
-0.5524960996270832 0.8347149572739548
0.6287831640570701 -0.7788663124043688
0.923544874604544 0.38609048756952963
-0.6848985101455579 -0.73001029499617
-0.4802410950936019 0.8782764317589866
-0.7081510725507297 0.7074765426819826
-0.9895188027510218 -0.15117387010387925
-0.08699671850391628 -0.9972124001282526
0.1687971724985962 -0.9866653508441853
0.8620469691830586 -0.5087986074296028
-0.21348988767866325 -0.9779688481025107
0.43601882738482706 0.9010486014449833
0.9606461594176501 -0.28135379221918955
0.20286639488635763 0.9802276397989461
0.952600155291439 -0.30749625060921654
-0.9969254548399321 0.09022548139076011
0.16146374828311386 -0.9878919262704636
-0.0959193323934932 0.996393738274778
0.8916260247327229 -0.45497695767953106
-0.4813953919648864 0.8776442767972531
0.2964945251765167 0.9560815846675177
0.9771240487327237 -0.2173237064569111
0.8693475023269573 0.49622164422552234
0.023974761077547462 1.0007128513371228
0.28950997295657555 -0.9582196906548534
0.5432989285090343 -0.8407302030264735
-0.0614638110054172 -0.9991112049900603
0.36266984616554654 0.9329906659137908
0.4873975787487405 0.8743252256625479
-0.6750601860181825 0.7391175449501228
-0.7540151432918772 0.6583784350102377
0.21600544492233953 0.9774163124093551
-0.9814236809009358 0.19699887960812873
0.0042583218433644284 1.0009909423641545
0.0811330901535958 0.9977065809556077
0.8939385979946153 0.4504162330727231
0.7129247052499315 0.7026658983075089
0.01581276697442322 -1.0008750953044103
0.2580786798563543 -0.96715892954757
-0.39703055738243764 -0.9188948451833816
0.8971669187134695 0.4439510332977937
0.11979441706177808 0.9938059657905203
-0.44550056401917243 0.8963984869792001
-0.8247811264363155 -0.5672187351229175
0.046737078602410234 0.9999083185391109
0.25885428984198616 -0.966951630967341
0.4839556367340334 -0.8762350949792848
0.49889958373987897 0.8678134622971548
0.901085128851155 -0.4359433341195819
-0.830573451887722 0.55870273045629
0.5490731805134634 0.8369705146782828
1.0009933905005464 -0.0036376055614656512
-0.41134428474025847 -0.9125770539584727
0.1118343354633475 -0.9947331709616762
0.8991209728329521 0.43998008615382345
-0.19646292590621547 -0.9815311094124164
-0.16270039709069073 -0.9876890101578186
0.9943970126745103 0.11478493448188112
-0.08360896667401241 -0.99750215072034
-0.3814619323853583 -0.9254662576997761
0.5764783395452154 -0.818335948150386
0.96662694176355 -0.26006413719858873
-0.11015913466414803 0.9949200797300486
0.9560994656292569 -0.29643685975844764
-0.05845694231699676 -0.9992916420619895
-0.88389789945202 0.4698143285855666
-0.09177958739428138 -0.9967835809932543
-0.652589624693831 -0.7590308173862014
-0.5930113330331822 -0.8064357128092781
-0.9657510553548194 -0.26329811826340954
0.10686947098736622 -0.9952788132834339
-0.6908377572351253 0.7243922923239465
0.8796669970706987 -0.477689202583248
-0.9420620893053935 0.3384080671224562
1.0008535836625603 -0.017120282410366974
-0.14814274116643555 -0.9899771352105535
0.30749944723523537 0.9525991234249718
0.3230206381578441 -0.9474485037848227
0.8292854713685305 -0.5606127067567004
-1.000899003024307 -0.01421920338654624
-0.8123356097846336 -0.5849032886519169
1.0003056635211198 0.03727706436365882
0.34583818985321846 0.9393598599253905
-0.9761800225178547 -0.22152553721194462
0.9906468159627034 0.14359626047692742
-0.8532446590810965 -0.5234257843759549
-0.5896650806150397 0.8088857105322473
-0.058602357245298546 -0.9992831249076982
0.7104300896104797 0.7051879804534715
0.994524638312482 -0.11367384830921719
-0.5346684004556915 -0.8462450599880347
-0.8812914088550672 -0.47468563563504923
-0.809990043921882 0.5881471998976341
-0.7689548783873383 0.6408661287697405
-0.9131629982001378 -0.4100418743471637
-0.7586567346122123 0.6530244704661039
0.7163310240035938 -0.699193009154098
0.5985214723955286 0.8023546890755288
-0.7433545307687172 0.6703917075752208
-0.9790344484826293 0.2085486722190142
0.4367327929225809 0.9007027631722032
-0.516511489066824 -0.8574478885984689
0.9961349411385999 -0.09857068044199566
-0.03176491568176638 -1.0004958721212849
0.7199116213016564 -0.6955057566367229
-0.2586980775406139 0.9669934356947778
0.9782454456068561 -0.21221886850476668
-0.40353699884644045 -0.9160561612488657
-0.7949029813848075 0.608383308602023
0.7648545091473956 -0.6457542720237294
0.4837351557275251 -0.8763568332096617
0.6312756101812628 -0.7768475423081895
0.43855600831605257 0.8998164410422219
0.5169065527272464 0.8572097851445901
-0.9051159823589054 0.4275114717507281
-0.6062602432962381 -0.7965233941312624
-0.6312542794899625 -0.7768648753970078
0.6227931873787103 0.7836642429986624
0.4553769752067006 0.8914217915507765
-0.18254953120724235 0.9842137311864817
0.9353676414503672 0.35649456563540677
0.9689582135094664 -0.25123889124206705
0.989507774840045 0.15124603641452083
0.933148450091008 0.36226367481814903
-0.44648315752971185 0.8959094764775616
0.5920224202688636 0.8071619750081126
-0.17421496516725846 -0.9857231588594086
0.8489917496971373 -0.53029615211332
0.9996737140017617 0.051511799948399294
0.9718649015485835 -0.23974906285106107
-0.9851490795842512 0.17743249700746064
-0.6838035540893082 0.7310360452226898
-0.7830733783574977 -0.6235359525382441
-0.9918561615087034 -0.13499020289347274
-0.256620393424251 0.9675468844861125
-0.4647928512917461 0.8865487044647287
-0.7637017405177943 0.6471171853150647
-0.4395253738673784 -0.8993433414034605
-0.1589258186355569 0.9883033867042135
0.261240715791352 -0.9663096234710808
-0.919673999026414 -0.39522238741595006
0.10383571209406466 0.9955998919716286
-0.8417025593210723 -0.5417912897346696
0.03985505846715675 1.0002062658844821
0.3374734607358304 -0.9423972958890438
-0.3594033885068936 -0.9342538222184391
0.9689863377848339 0.2511303987699133
0.5999557113909286 0.8012828117271734
0.9287747716146733 -0.37333419828902825
0.4460039861379623 -0.8961481151846766
0.9951480970319655 -0.10807990087735034
-0.4722941891001759 -0.8825753219653307
-0.23670127083839795 0.972611694554146
-0.9076969400568722 0.4220038684791775
-0.04381248421252651 1.0000407322840041
0.9812767718376588 -0.1977293530355652
-0.02090945681701669 1.000781591864887
0.0655253774682434 0.9988530547120754
-0.9550046612626242 0.299945156598103
0.9998567145821614 -0.047828342067923794
1.000434475898317 -0.033643118673211056
0.6286178110610162 0.7789997738233667
0.23374116678527515 0.9733273174784823
0.1726454595689127 -0.9859992623172894
-0.6989642705458463 0.7165542188141194
-0.7954948248080953 -0.6076092360255378
0.934505309314836 0.35874897471962575
-0.7629786067046729 0.6479696333247384
0.9987022928016225 0.06778444034424358
-0.9101802199192527 0.41662089154018767
0.6873731715641557 0.7276806463097901
0.9590275190860924 -0.28682262399534453
-0.24824537158910434 0.9697294651007504
-0.7707558986982972 0.6386989467830522
0.9986731248614634 0.06821282635575215
-0.1462260190563245 0.9902620619568031
0.9439146830640018 0.3332057488942602
0.9989536240101753 -0.06397387808267853
0.1676818441738431 -0.9868555107686531
0.6911871301003779 -0.7240589417883071
0.9299856886478576 -0.3703074653719123
0.9475030726389404 -0.3228605385298223
0.12444734706364201 0.9932340397956674
-0.053834124772941014 -0.9995513428583503
-0.130694734290596 0.9924313006091204
0.7473647265081386 -0.6659181372897236
0.7698286056005853 -0.6398163158274869
-0.9709407345828722 -0.2434647611620059
-0.9365041869253422 -0.35349810165162643
0.2839781924155448 0.9598736303453699
0.8511217016978697 0.5268708085469553
-0.5138222784811379 -0.8590620851466161
-0.45684436809699674 -0.8906706593000893
0.480505746326253 -0.8781316687988485
-0.844037736243526 -0.538146169545881
-0.5902872492665175 -0.808431792641388
-0.7389711260857579 -0.6752204638572107
0.1292265207700506 -0.9926235471364095
0.9812564295843108 0.1978302792786041
0.9905556417379593 0.14422385593617879
0.5119601112541491 0.8601731479676863
-0.0032595131264834577 1.0009946930799276
0.9125757985038971 -0.41134706998467185
-0.7626514438172051 0.6483546677888056
-0.5025358961388314 0.8657128121334127
-0.9538628671730293 0.3035566349603448
-0.276006614784434 0.9621961071399306
-0.9295577744947907 -0.371380322413953
0.904682764418243 0.4284274684991216
0.9938176433387358 0.1196975011796042
0.1234406365363366 -0.9933596575518375
-0.5363972441147707 -0.8451502804271434
-0.28223572684825043 -0.9603874189567665
0.35220473091793 0.9369913700344462
-0.866590318272872 0.5010211774722925
0.42566719506007106 -0.9059847896348434
-0.5035322322315626 -0.8651336839494228
0.4908447930373864 0.872394629252201
0.5736809261275875 0.8202994544661075
0.9451275830316238 -0.32974968050447145
0.43802328386013795 0.9000758872430596
-0.9980058387632705 0.07736501660583388
0.5091032118624067 -0.8618671125361388
-0.976246227665469 0.22123359367180498
0.9468144708656759 0.3248743722723447
-0.9487816345768387 -0.31908370357901694
-0.6405907037505235 -0.7691843408887163
-0.9709906962763457 0.24326542652990643
0.27296351820540127 -0.963063818097705
-0.9346490255016712 0.3583743840298527
-0.5838269951562126 -0.8131094881544968
-0.9968168669817543 0.09141735995246963
-0.13799832001323478 -0.9914421131228615
-0.8123445993451095 0.5848908034110584
0.24638161232963246 0.9702046696990541
-0.11008340297461197 -0.9949284619456462
-0.7167046565002213 0.6988100137740585
-0.7183034040090767 0.6971665653120301
-0.8701500316194314 -0.4948130176871891
-0.9322832685192368 0.36448444032508254
-0.6762279496164904 0.738049293853383
-0.8286862730013751 0.5614980506992794
-0.5528665414917247 0.8344696443244529
-0.24454169923103303 -0.9706700558568803
0.8605871065612786 0.5112639553307924
0.43522907316895837 -0.9014303377790707
-0.9857207543409775 -0.17422856959022032
0.842736215565031 -0.5401820720600875
0.9924702982965931 0.13039826302168128
-0.5368224665168905 -0.8448802515402535
-0.6863211728158469 -0.728672936058888
-0.8388001364511206 0.5462740439464259
-0.9923684112168177 -0.13117140091883156
-0.5628296561915452 0.8277824461241654
-0.6823814394271837 -0.7323636877435178
-0.27419265866811754 -0.9627145921468674
-0.504633610285228 0.8644917115684202
-0.9373658202504265 -0.35120694615318354
-0.33978784519050476 0.9415653032375362
-0.9711153270075594 0.24276742296074438
-0.07534728156273429 0.9981602011506501
-0.8358962612890557 -0.5507072183683256
0.4921880390880061 0.8716375015903707
-0.3254778622303614 0.9466071842099836
-0.7303154720530805 0.6845730868796158
0.45550367732800484 0.8913570552481564
-0.6737430085230943 -0.740318416943851
0.6172675523130408 -0.7880239646492151
-0.7691541065949716 -0.6406270056031754
0.9204565326839003 -0.3933964558044875
-0.6343851679125925 -0.7743103116532234
-0.17088977859310212 -0.9863050661800336
-0.9982138743968886 -0.07463284103899955
-0.9828193991532537 -0.18991321346351167
0.8613141904635676 -0.5100381018179809
-0.39344081919884205 -0.9204375708260414
-0.8878557663709656 -0.462291183262049
-0.9796969587685962 -0.20541389675375804
0.9534413483041647 0.3048780007542963
0.44496195640547986 -0.8966659675441061
0.8120214542413601 0.5853393527277547
-0.9099165635365244 -0.4171964134575969
0.6717472097895005 -0.7421298310538532
-0.5902479345915118 -0.8084604973098279
0.32912825523737327 -0.9453441656901482
-0.7595815793520402 0.6519484828642983
0.9581399720877141 -0.2897736942646013
-0.9250022600851536 -0.3825857012975755
0.23041836637065868 0.9741192824490628
-0.890628690771394 0.4569261813190756
0.27865986123466874 -0.9614310592739738
-0.9803027120101694 0.20250331559139187
0.84995921537611 -0.5287441084279121
-0.9404740282195234 -0.3427967360470969
1.0006428659224935 -0.026736770156818492
-0.9982781997526142 0.07376744470753717
0.9171215229375287 0.4011098504957814
-0.01798041372232092 1.000838500819375
0.24080027780587754 -0.9716049743638678
0.08317929622475836 0.9975380717945326
0.623411898120986 -0.7831721428148407
-0.15405659403114258 -0.9890740952201326
0.9754404019704888 0.2247599212574415
-0.9848540890691612 0.17906262380450208
0.9877686641312693 0.16221610943530781
0.12979607073287572 -0.9925492330470597
0.6584619844059799 0.7539421828576374
0.7010180340060023 -0.7145451112409625
-0.28669000765100017 -0.9590671715333966
0.8519515380170266 -0.5255279030369585
0.9922882229121192 0.13177663931785624
0.8845845643781004 0.4685201686843443
-0.9831272126779724 -0.188313259469536
0.7750525965271633 0.6334780758767444
0.33160215936426135 -0.9444792257667497
0.015914802640149717 -1.0008734780465136
0.6353188951865986 -0.7735443758562788
1.00089874580568 -0.014237297658504603
-0.9935791772788385 -0.12166108037456501
-0.9172487513569247 -0.40081882208070335
0.14645185269404065 -0.9902286881536422
-0.5907385700912237 -0.8081020615037289
0.9808025843816669 0.2000682145425481
0.7691697156710091 0.6406082644600981
-0.3417692027676804 -0.9408479218447284
-0.3776296043812119 -0.9270366130282501
0.12143332422455144 0.9936070389081264
-0.8326975957759304 -0.5555319198650832
0.6680287533994761 -0.7454787620258152
-0.9902530297342172 0.14628717340287667
0.05793325919948165 0.9993221389914894
0.8909216277416423 -0.4563547449322539
-0.9344667170832351 0.35884948747863776
-0.856896391246949 -0.5174259122502038
-0.9530536467628788 0.306087808303398
0.8715306073439126 0.492377294828621
-0.12347828623893572 -0.9933549782567638
-0.43610212865797454 0.9010082870761974
0.9170543223473226 0.4012634668943746
0.6872226365160518 0.7278228135060941
-0.8222719935036676 0.5708500404655362
0.9485507702643433 -0.31976934848562516
0.808752004949811 0.5898484504427054
0.4115899925633126 -0.9124662613059906
-0.9953448250651482 0.10625290215344473
0.9007240588626119 0.43668887069178003
0.5063746083220535 0.8634730777775802
-0.014715543320408298 1.0008918287131658
0.8418851783392751 -0.5415074759342172
-0.5162784179532312 0.857588243363742
0.9635793898180737 -0.27113789760531215
-0.4728625606867567 -0.882270932707614
-0.8274589107148783 -0.5633052024245356
-0.8065700890500889 0.5928285514798791
0.9615811659680555 0.278141441096998
-0.9766783130455525 -0.21931819994358373
0.5132056245956 0.8594306178415103
-0.6689862888560483 -0.7446195977293453
0.11899110013468094 0.9939024691028483
-0.2272206631281044 -0.9748701299391753
0.026111584617338365 -1.0006593751865673
0.22953986565617399 0.9743266649715308
-0.827035790068588 0.5639262380361695
-0.04193880641643695 1.000121060930308
0.9798622086805051 -0.2046241725695236
-0.9039608885773961 0.42994849915119426
0.8370736769869753 0.5489158945553543
0.3365569391600143 -0.9427250005718754
-0.10262077496452823 -0.9957258541113009
0.991820267789009 -0.13525367426779372
0.9971747679644622 -0.08742701032873543
0.7974065437535388 0.605098177140731
0.9999656214389319 -0.045494570448030985
0.5888607379198638 0.8094714518353773
0.738375721029524 -0.67587150745843
-0.1904253453972666 0.982720299897347
-0.9815065283106195 0.1965856934866704
0.6323332314581834 -0.7759869099370501
-0.8661613778187789 0.5017623616564664
0.9619418240577613 0.27689154398144233
0.8673884540265221 0.4996381388780085
0.955675424145731 -0.2978010807298674
0.9518764413490963 0.3097293018178624
0.8690114432124525 0.49680993505143445
1.0001005467902342 -0.04242518485374637
0.9348679133235227 -0.35780299696637885
0.4419774683463694 -0.8981408116070297
0.9561029533640408 0.2964256105139347
0.8581263624837293 0.51538349411913
0.5933309961880878 0.8062005513285458
0.12239465707319473 -0.9934890779067151
0.8485629902093569 0.5309819692296105
-0.9659604536391687 0.26252885937590054
0.9930768350115453 0.12569566326429849
0.9809848084517143 0.19917280333156276
0.9481973072915334 -0.32081593857706847
-0.9669717752141972 -0.2587790291718093
-0.9627625951650365 -0.2740240598033028
1.0005669858048045 -0.029439886506034678
-0.7111461138901521 0.7044659003095428
-0.550982966060144 -0.8357145272828312
0.9612628669149956 -0.27923950417224896
-0.13260408760682174 0.992177986023658
0.7752011598011402 -0.6332962670369745
0.7274721252252181 0.6875938532449986
0.5444789751284744 -0.8399664550701094
-0.6314996911461727 -0.7766653977629547
0.8728017885803485 0.49012043198681754
0.46476377418167025 0.8865639481776876
-0.4702250679839247 -0.8836794585365858
-1.000874308206292 -0.015862508394836015
-0.3534442300102822 0.9365245198458174
0.42558542478606365 -0.9060232040128253
0.3901581954698635 0.921833815016405
-0.9433898324574715 0.33468884656627534
0.8110158586104217 -0.586731861315201
1.0009777089413427 -0.006680284615235312
-1.0004814386182972 -0.03221631543585541
0.7808912533024011 0.6262665969982794
-0.8127639627391415 -0.584307916147443
-0.9023087116996109 -0.43340510932727644
-0.46350533905730623 0.8872225203777075
-0.7133629508737216 -0.7022209768447082
-0.18462328375780773 -0.9838268359292117
0.7968088696132595 -0.6058849934646341
0.9512565520162752 -0.31162793880861767
-0.3692774103859468 -0.9303951817258347
-0.8012539395821344 0.5999942702260659
-0.7981826365083581 -0.6040740672935448
0.7861884264396358 -0.619603710554068
-0.01726094123032936 1.0008511677106857
0.9852637668902658 -0.17679454079016088
0.3325356520738931 0.9441509625583139
-0.5206370575584546 0.8549491530476385
0.8610214314958209 0.5105321679433015
-0.9753257365905879 -0.225256981121623
-0.8378652278417997 0.5477069106498557
0.9939394465237721 0.1186818294601904
0.8117540686983857 -0.5857101091424123
-0.5811895613444245 -0.8149967446464282
-0.22019671181787753 0.9764806235172281
-0.3684655977537484 0.9307169834444695
-0.9840880473903616 0.18322585784606224
0.17710858322034048 -0.9852073638324491
0.5048772361416264 -0.8643494527249915
-0.8916781684918929 0.4548747562076219
0.5611150914927112 0.8289456279510293
0.988671562485893 -0.15661909695724455
0.8343402444665438 0.5530618016673255
0.4952136139531228 0.8699221094761803
0.9864388612724395 0.17011576344223067
0.6897237215715984 0.7254530914548674
-0.4751344736378681 -0.8810495059648271
0.9922317463628163 0.13220121599212267
-0.6957214101044289 -0.7197032162789778
0.7056363664618004 0.7099847310517233
-0.39696380043287494 -0.9189236862470619
-0.10220493084748915 -0.9957686237828846
-0.5122078291503784 -0.8600256622665725
-0.6338365479091317 -0.774759466243966
0.806640634025948 0.5927325598768948
-0.5082660059113169 0.8623611002561267
-0.6187759209998956 -0.78684011056296
-0.8356170307104409 -0.5511308174895195
0.9999921275850706 -0.04490818152501648
-0.15543276647550436 0.9888587639828912
0.966874860549429 -0.25914089611159874
-0.9945030605404355 -0.11386247220092753
-0.6749576044220761 -0.7392112230160011
0.18310040883507375 0.9841113962780986
-0.9741277313740635 0.23038264467624378
-0.9988815720657157 0.06508920791901306
-0.8244511271115951 0.5676982816641428
0.9770999531460556 0.2174320159543579
-0.278640838159529 0.9614365726920082
-0.351046764761753 0.9374258205054449
0.9005385037928404 -0.43707139369507175
0.27506323311748404 -0.9624662164392871
0.994170643346361 0.11672931040780898
-0.9967138595004998 0.09253368186567408
0.5267387385412213 0.8512034429676626
-0.7766662894517515 0.6314985944792341
-0.893740375513929 0.4508094288901033
-0.0072531671024149745 1.0009737217165016
0.9764394708027903 0.2203791275469775
-0.7987296217742017 0.603350637109501
0.9763412807515554 -0.22081373032583954
0.35917185229796644 -0.934342860258935
-0.7706561604153357 0.6388192877597643
0.9370905630340818 0.35194072891961176
0.1322957040386548 0.9922191525529613
-0.9979388260163032 -0.07822467340425561
-0.939654838375077 0.3450359180118902
-0.4685701309041027 0.8845581000841675
-0.022588868962137 -1.000745093917033
1.0007472334343137 -0.022493883025551033
-0.7531640356545533 0.6593519055834652
0.9469998625440454 0.32433356339046865
-0.9369787901781196 0.3522381960497005
-0.7593767731864353 -0.6521870255877199
-0.9972333329405139 0.08675643879478975
-0.4908120692016408 -0.8724130402085951
-0.996800818384095 -0.09159218563173643
0.16039120866259074 -0.9880666274010844
0.24304322422500177 -0.9710463383167229
0.04532498374839642 -0.9999733225682611
0.0497042630970024 -0.9997652155531237
0.9933868393237277 0.12322170043630479
-0.855957270170029 -0.5189779876286392
-0.8370734435491047 0.5489162505381342
-0.6247342520596462 -0.7821177112835858
-0.7101725888492916 0.7054473006873689
-0.9839127729732343 -0.18416475010196853
0.8968610288044649 -0.4445686617518114
0.8178761722784955 0.5771304590983538
1.000773947154029 0.02127220481626244
0.9128483975967392 -0.4107417716827272
-0.8666730009205025 0.5008781383484916
-0.4737412792794198 0.8817994104708273
0.9314163959883951 0.36669401042829847
-0.9261804128219925 0.37972469356743654
1.0005018619058328 0.03157569196331246
0.2919739416964704 -0.9574717841117962
0.8960637390134846 0.4461734815351241
-0.9697385364527127 0.24820993315850765
-0.7440034156351913 -0.6696714997094985
-0.8199814718703241 0.5741353375201503
-0.46751911462432766 -0.8851140477141264
-0.8309861227685769 -0.5580887597560515
-0.7237522129839253 0.6915083037830209
0.6347796173133803 0.7739869749830925
0.8435355013586731 -0.5389330737184089
-0.4163100941000206 0.910322418459763
-0.9927248530775074 0.12844596561294347
0.9948398857934224 -0.11088102468200027
-0.06212184790836839 -0.9990705060267016
0.08351218394502856 0.9975102581591488
-0.6365478764406035 -0.7725333656218081
0.2664097393337116 0.9648973265524907
-0.8311930642281564 0.5577805034052443
-0.30784351705595436 0.9524879889041228
0.7062334258576155 0.7093908289521481
0.922075424107891 0.3895868481561628
-0.47364753726797626 0.8818497663661203
0.762559679069385 0.6484625940311411
-0.4011107048457131 -0.9171211492808218
-0.7759824649917519 0.6323386861685157
-0.7540054260046225 -0.6583895636745678
-0.9691163711459192 0.2506281292611927
-0.9991948859485199 -0.060088101104330535
-0.8001976426486301 0.6014023051997516
1.000757186339881 -0.02204663214834802
0.8032337277283078 0.5973412581093716
-0.4223367486400279 -0.9075421041186849
0.7036550186594283 -0.7119484635248535
0.7369322666549811 -0.6774450784844124
-0.30935157204197383 -0.9519992672660833
-0.45921912492587236 0.8894485905898756
0.02120061314101855 -1.0007754663272102
-0.8970851860378988 0.44411616609998394
-0.9188277324997999 -0.3971858481734668
-0.9410760464242893 0.3411405499884598
-0.728052283292906 0.6869795286556842
-0.9400288278118474 0.3440157015060274
0.4364076118489633 -0.9008603644962323
-0.2279123169210112 -0.974708662009165
-0.36265898916047384 -0.9329948861494919
-0.5585555784319359 -0.8306724178655299
0.784127588919326 0.6222097108656892
0.8987585201466368 -0.4407200046104413
0.5168158380314168 0.8572644805192179
-0.21124161330039157 -0.9784569386591562
-0.5596267669288616 0.8299511321377601
0.26966769393642737 -0.9639918748864066
-0.6373728503137266 -0.7718528678983813
0.26705867990276894 -0.9647179180924289
0.9915066525759687 -0.13753384273551425
0.06686962282258622 -0.9987639628778989
-0.637579021156447 -0.7716825719045278
-0.9470927663345595 -0.324062172980358
-0.9937668140540278 -0.12011877157591705
-0.34764556224173426 -0.9386924752301089
-0.9454329645590781 -0.32887309030237316
0.49225682059830395 -0.8715986591169408
0.8618005871559035 -0.5092158167002868
0.6745137780888223 -0.7396162269503982
-0.9921398542241957 -0.13288908781382927
-0.9237428809543904 -0.38561650624173605
0.8459338850650427 0.5351605946804782
0.9252713292027878 -0.38193450663079176
-0.18588718561660378 0.9835888135921119
1.0009813273654147 -0.006114103840520555
-0.35210717105892486 -0.9370280359140174
0.5081627149590381 -0.8624219704561448
0.9224343591671371 -0.38873622551533965
0.9428305470882201 0.3362611477368855
0.41257506222040563 -0.9120212815684887
-0.469673571188554 0.8839727012340315
-0.6860380233963633 0.7289395245522161
0.4945767222439652 -0.8702843591691256
-0.6252910765700771 -0.7816726102159611
-0.821558801996726 0.5718759785667731
0.05363056885582346 0.999562285244997
-0.09945675653732418 0.9960468631440368
0.9785397448525988 -0.21085769548159977
0.8234419500547646 -0.5691610974847161
0.968075491713598 -0.2546190141043582
-0.6074215898168291 0.7956381163722586
-0.2510108577067382 -0.969017311152555
-0.765392572435721 0.6451164313984179
0.977015038973561 -0.2178132540032653
-1.0008310033973298 -0.018393005156692767
0.7676300951059307 0.6424523617262682
-0.9386851851321758 0.347665245909586
-0.39011086604361633 -0.9218538453544031
-0.7142516864813049 -0.7013169956293742
0.9341567342443233 0.35965566291382167
0.8929244301218576 -0.4524234322971744
-0.7501479812306873 0.6627812657698801
-0.12468240012696744 0.9932045605506344
-0.23572973625376767 -0.9728476198489305
0.5557550943349753 -0.8325486623139351
0.469605608420304 0.8840088079539683
-0.152885629131038 0.9892557729956428
0.6506577269517646 -0.7606875326689421
0.019900226563358617 1.0008021687540085
-0.4809064502489161 0.8779122883916062
0.9234055599398149 -0.38642356536867273
0.42796557358390874 0.9049013580645108
-0.73918796045801 -0.6749830806130828
-0.5471292457042181 0.8382425594630312
0.450780479005276 0.893754977467412
-0.31990412492456366 -0.9485053246325237
-0.7376369808658947 -0.6766776813661343
0.9799370125028507 0.2042656396141745
0.9811511244731518 -0.19835188666879344
0.44856861894110395 -0.8948671376809357
0.8717155761133611 -0.4920497478521363
0.3096241930530816 0.9519106360768473
-0.07578238141584769 0.9981272617592123
-0.618438915582069 0.787105016940989
0.7992937350411152 -0.6026031240576368
-0.5342795376565376 -0.8464906234811562
-0.4073634441333331 0.914360992378737
0.7494889937425497 -0.663526373446286
-0.7845178593434506 0.6217175631837738
0.8149680091864493 0.5812298547069615
-0.9898134433247806 -0.14923252800090622
-0.8019614298965617 0.5990482993534514
-0.5161430729286449 0.8576697081439775
0.5887247891652752 0.8095703321035809
-0.46373807293802805 0.8871008960133702
-0.4198654989271221 0.9086880448265393
0.9195931733873813 -0.3954104139490076
-0.9714995447677524 0.2412252775230031
-0.9636610676148525 -0.2708474603229695
-0.43270775903750686 0.9026433377966842
-0.052770266805098186 -0.9996080726671422
0.16025669957993854 -0.9880884526396133
-0.49981797440421066 -0.8672848392901099
-0.33372289374135794 -0.943731969466381
-0.1760882918913606 -0.9853902340995586
0.989286659727295 -0.15268564073157406
-0.8082200236920994 0.5905771696426659
-0.3672603806122626 0.9311932199240585
-0.887491356598698 0.4629903799892635
-0.4162752808271253 0.9103383385161244
-0.999655039439768 0.051872942105455885
-0.3110298026946951 -0.9514522908878296
-0.9954503409329652 0.10525976789088551
-0.7924571920746148 -0.6115656945326619
0.9279685013972478 -0.37533379865733635
0.9129254581885211 -0.4105704662920591
-0.9429928361299993 0.33580576380922994
-0.3075806501735085 0.9525729072563641
0.04814888761434272 -0.9998413297226222
0.17017364963520432 -0.9864288767923589
0.995030767163956 -0.10915480931735969
-0.7886729182793835 -0.6164381785488963
-0.6945999188374721 -0.7207856496566625
-0.03359272630500295 1.0004361692478922
-0.5380432006263672 0.8441033788936843
-0.493373949142877 -0.8709667882917016
0.6374787818466287 -0.7717653806017335
0.9477197738100792 -0.32222388230758475
-0.20444939188402356 -0.9798986917831114
0.8176218312410081 0.5774907281317169
-0.22155158729913443 -0.9761741105792727
-0.8665321237168039 0.5011218200865389
0.38536275278196025 0.9238487694251207
-0.9758639764050558 0.2229136594175255
-0.7406089414273758 0.6734236377480536
0.39743629271272685 0.9187194311838428
0.45009504813520435 0.8941003565842975
0.9129833934173995 0.4104416198974585
-0.003882846034880278 1.0009924692557228
-0.5617644224687438 -0.8285057233648774
0.16078042581269 0.9880033677450144
0.6453459030591419 0.7651991018060468
0.40192743047242724 0.916763514017564
0.9837245012946844 -0.18516777676616572
0.5216280647138256 -0.8543448730477107
-0.8962938081307261 -0.44571112786929723
0.695420574989183 0.7199939054476183
-0.7190893991643152 0.6963558257166405
0.547051339994442 0.8382934041314446
0.9582182598755474 0.2895147085055921
-0.8885240727145515 -0.4610053928174231
0.9996677046286525 -0.051628289943413994
-0.9074834286912086 0.4224628109678391
-0.4420802752356663 -0.8980902127556883
0.3841570164612896 -0.9243507920175978
-0.1340581758617927 -0.9919825630950418
0.94856828683965 -0.31971738332798155
0.8481329740076189 -0.5316685606663155
0.8306947944275195 -0.5585222990275511
-0.998236352718746 0.07433158218937223
0.23299335831369583 -0.9735065972974738
-0.8718187130465779 -0.4918669856595466
0.12031109567431056 -0.993743548536365
0.2037414379376896 0.9800461348666615
-0.9947197622638455 -0.11195353751337503
0.9823666768654734 0.1922412863676439
0.9831854506073431 -0.1880089617918137
0.7405495976390544 -0.6734888962979527
-0.9999417782985518 -0.046015649654545444
0.625274921509091 -0.7816855330193849
0.02201598713151795 1.000757860978681
0.6449816982359542 0.7655061129348769
-0.9907849699575243 0.14263990783181085
0.43107601329680223 0.9034237492783413
-0.22762600961146698 -0.974775563782946
-0.42590034536568655 0.9058752098481275
0.5133227344333826 0.8593606753359353
0.8179642863276158 0.5770055686841803
-0.8977596030491486 0.44275127908684264
-0.32894117708428044 0.9454092775186882
-0.9957955694036708 0.10194206176068356
-0.9955970314993031 0.10386313527799758
0.44591761079309866 -0.8961910981395511
-0.6739239721551807 0.7401536865777155
0.8882933227616481 0.46144985939652255
0.982984980253377 0.18905430065530965
0.8077685356312756 0.5911945473734553
-0.4252418697999454 -0.9061845022781212
0.4643521400056594 -0.8867796175331076
-0.9807875924831106 -0.2001416958836505
0.3305490083206056 0.9448483228001541
0.8177011409161444 -0.5773784236914605
0.030797710209622336 -1.0005261121259375
0.4750048459449709 0.8811193995871356
0.995120310710351 -0.10833543839268142
-0.23849817190921954 -0.9721726297299058
-0.8737402218433188 -0.48844551869495956
-0.29412744049260153 0.9568124417822289
0.9190817390970721 -0.396597726743739
0.999321558839298 0.057943265691496854
-0.41322808122318444 -0.9117255907829972
-0.7400043663187901 -0.6740879303393037
0.996248689837735 0.0974143110461534
-0.9576894389532917 0.29125922906807494
-0.6916002053216507 -0.7236643945912019
0.6635124384944845 -0.749501330194352
-0.7913823511059871 -0.6129559318237814
-0.4381228039068644 -0.9000274488574153
0.4668187868404652 0.8854836081220229
0.5092189590911808 0.8617987303901615
-0.46877523034998997 -0.88444942388489
-0.958305739461616 0.28922501571427967
-0.3040038320455755 -0.9537204360301846
0.9983964943751481 0.07214873539719743
-0.474615025208117 -0.8813294377511162
0.9984808276169824 0.07097208522585402
0.9750048899676016 -0.22664170961953392
0.47286519238485863 0.8822695222157629
0.429096922706888 -0.904365429969257
0.9188872438817676 0.3970481495125862
-0.3933479842902421 0.9204772475486852
0.26435506498040234 0.9654622724991418
-0.7252612760201825 0.6899254173500035
-0.9119931218469033 -0.41263730527418296
-0.6218556551143996 0.7844084039594686
0.7607368658021885 0.6506000468870742
0.4251368690384574 0.906233768176941
-0.763904364620129 -0.6468779805452625
-0.528285184144407 -0.8502445320103564
0.853281625306417 0.5233655203721768
-0.9349193573656194 -0.35766855498220324
0.31716155327635176 -0.9494259050201505
-0.7282438521653883 -0.6867764496423243
-0.7566794427613457 0.6553145968940257
0.835714144076615 0.5509835472954622
0.8522381218733466 -0.5250630282411731
-0.5608867696513962 -0.8291001336569798
0.6249640517240148 0.7819340982798377
0.3584337510563639 0.9346262601188052
0.9981160040973504 0.07593051010455558
-0.6030872886812437 -0.7989284838025905
-0.9864004928484655 -0.17033809822909338
-0.8406112528182483 0.5434829543190247
-0.24038004803756383 0.9717090266666552
0.07000207612073926 -0.9985493024076408
-0.7631263212637538 0.6477956605245593
0.9758746714576467 0.22286683379863859
0.3947427365527937 -0.9198799769202566
0.17189117961638398 0.9861310371193516
-0.1891806959273752 -0.982960662635303
-0.13925789566646266 -0.9912659776742813
0.9495702177467903 0.3167292243673028
0.24298702917838488 -0.971060401649178
-0.7231066331613888 -0.692183355100367
-0.933959864690785 -0.36016658804887847
0.5872190404675914 -0.8106631843819733
-0.1301653414128062 0.9925008734982995
-0.9927895026810785 -0.12794531396755834
-0.460552580798245 0.88875886511476
-0.6208571965057716 -0.7851989184576057
-0.3480459821716916 0.9385440822327646
-0.07137679226055844 0.9984519785781353
-0.21388771568186593 0.9778819177591911
0.7756826819966316 -0.6327063907141388
-0.6387813082223505 0.7706876411787998
0.9743213952167751 0.22956223300629558
-0.5346606683087776 -0.8462499452074494
-0.8252122706397003 -0.5665913063096453
0.8946091939601586 -0.44908283209443156
-0.393212091986429 -0.9205353066100486
0.06536017805271967 0.9988638781760589
0.9500130064623572 0.3153986169157266
-0.6664381593301449 -0.7469010508686196
0.3263856017291059 -0.946294583617559
0.3399855354481322 -0.9414939382099318
0.7670522029297837 0.6431422222032743
-0.9881588968883173 0.15982175853263533
-0.7215898662837197 -0.6937644159775301
-0.06870283119041391 0.9986395350607854
0.9058385818177536 0.42597824321249184
-0.6572051018147738 0.7550380481463386
-0.07776489226225734 -0.9979747599671245
-0.2241848421951849 0.9755727325678594
-0.5110162925104429 -0.8607341917159336
-0.7850523164159194 0.6210425593226274
0.9140087198520095 -0.4081532310719723
0.3599341560588205 -0.934049465126031
0.9747323749143778 -0.22781088054299956
0.3432321495074427 -0.9403152086106555
-0.7661032954371689 -0.644272256674389
0.9539147988396138 -0.3033934022927644
0.4129806365782205 -0.9118377014641629
0.9975259970329058 0.08332397760253239
-0.631256043000488 -0.7768634424243208
-0.9024585333217193 -0.4330930565534516
0.3651361854144144 -0.9320282002713278
-0.26203340642529144 0.9660949714790767
0.9529131632241183 -0.3065248821127004
0.02230044417341182 -1.0007515626716095
-1.0003207236105223 0.03687071894228663
0.28501739803634685 0.9595655698369917
0.3755976800976339 0.9278617260698253
0.9236469247024828 0.38584628867937315
0.5819887328745584 0.8144262488445875
-0.9946015125306322 -0.11299925341248308
-0.11307333782925577 -0.9945930928134133
-0.39377809780944084 -0.9202933280675126
-0.9885247780215449 -0.15754289332577112
0.7759037221704186 -0.6324353041395538
-0.9605940792920353 0.28153155210222314
0.9881823528065957 0.159676665801929
-0.37572633248951604 0.9278096373038909
-0.4727139619857029 -0.8823505596664964
-0.9925593153974258 0.12971894779789633
0.4698654449051401 -0.8838707279258062
0.9430851979757496 -0.33554628497279054
0.8642402169710788 -0.5050642012356278
-0.5249073439107499 -0.8523340192134546
0.45988886664232176 -0.8891024858465084
-0.2864115405818717 0.9591503685145093
-0.9135513750670959 0.4091758608630502
-0.8472776538511982 -0.533030559428265
0.7113385555115257 -0.7042715807433778
0.2721976519390801 0.9632805605216226
0.21184019912258864 0.9783275167528009
-0.5907319764702972 -0.8081068815296009
0.8083154658114337 -0.5904465324904914
-0.35444846371416033 0.9361449068230151
-0.9772835746593892 0.21660520469500735
-0.6462152741321334 0.7644650544520211
1.0009329250502985 -0.011587905343643923
0.2717769974212795 -0.9633993272120724
0.7669948694276035 0.6432105955841627
-0.26808203447442713 -0.9644340427380464
0.9108624516619342 -0.41512720237586287
0.201257116667495 -0.980559316406043
0.21347428066790003 -0.9779722549711329
1.0006641563489553 -0.025927711014158455
-0.4796845747212027 -0.8785805078503273
0.9213179094098772 0.39137489674302467
-0.31018313197736536 -0.951728650738598
-0.9493091691254744 0.3175107894454951
-0.9928465054171449 0.1275022222589203
0.6864965978094248 -0.7285076672184616
-0.9940991116693318 0.11733693441642896
-0.8004875379573917 0.6010163904378261
0.964367236870353 0.2683222548560602
-0.6312957674698051 -0.7768311618200635
0.9534272606207073 0.30492205349120594
-0.9187357651305291 -0.39739853279802284
-0.3862217702069391 -0.9234899805727285
0.2056741260713796 -0.9796423601829263
0.014614502510482645 -1.00089330915756
0.9386007701966186 -0.34789307866974645
0.3424545419754905 -0.9405986852427325
0.29347357869113466 -0.9570131966750607
-0.7680336113590464 0.6419699150449196
-0.711145733338743 0.7044662844693858
0.5855055665784209 0.8119016144248528
-0.9777984289327945 -0.21426906537472684
0.9701592593397171 0.2465603607991588
-0.9414398307253058 0.3401353335422648
-0.5607852154527297 0.8291688260720103
-0.9916638435168299 0.13639582640765924
0.7259806013038829 0.6891684601971079
0.1663803497596685 0.9870757717692449
-0.8089994253004058 -0.5895090583388971
0.32551238971445134 -0.9465953117052647
