1000
0.973455568051542 -0.23320646866982397
-0.9531322403699424 -0.305842986460985
0.9841612881298026 -0.18283205120188178
0.21380094196640548 0.9779008933497698
-0.5753169419682721 0.8191528650284242
-0.8289031294753615 0.561177870149877
0.9582347447023736 -0.289460142412003
-0.9569506455398503 0.2936774795602545
0.4274425003199571 -0.9051485562714131
-0.14079849143771983 0.9910483261722721
-0.8377929782712022 -0.5478174199123909
-0.4979583383489169 -0.8683538986316498
0.42770517688835485 0.9050244646764534
-0.4134687456274861 0.9116164743954736
0.9988529293808349 0.0655272879594804
-0.9900211255804569 0.14784847278347288
0.5842962673018635 0.8127723371382107
0.6548291157375844 0.7570996164193542
0.7944885440043536 -0.6089244234269489
0.8459123365765612 0.5351946550812915
-0.9114572778982518 -0.4138195628124763
0.7497611044871262 -0.6632188825706371
-0.4810519984814836 -0.8778325436875593
0.12440433299733711 0.9932394283008945
0.8130057746780989 0.5839714122626759
0.6967483872794631 -0.71870904044924
0.7758971995612715 -0.6324433063231648
0.19675168978942095 -0.9814732663526845
0.9663979839775894 0.26091365729691285
0.9250870432815634 0.38238065112211783
-0.43259698184106593 -0.9026964336375769
0.6822970860484275 -0.732442275111032
0.8751994240122984 -0.48582606785612187
-0.21291804005376364 -0.9780935068896347
-0.9745146900361565 -0.2287402870150638
-0.40254538710909255 0.916492341112129
0.739106422642993 -0.6750723635343676
-0.35206319055185054 -0.9370445612981547
-0.42967599311931354 -0.9040904495330827
-0.9370708965508209 0.35199308918988836
0.7438791016021555 -0.6698095865240882
-0.7855405845828592 -0.6204248463538673
0.15818584589867182 -0.9884220951381659
-0.8652961104745516 -0.5032530588060173
-0.22516163724795787 -0.9753477518874071
0.8362289750101574 0.5502018732733119
0.5937643007707848 0.8058814770983268
-0.9896454394233225 0.15034262279413277
-0.8530401104786461 0.5237590762121255
-0.19513850430848234 -0.9817952760816525
-0.19640385543728317 0.9815429310882794
0.12148409498426936 -0.9936008326616141
0.7824933639991513 -0.624263674497637
-0.06553574264605694 0.9988523746959957
0.4600534250040996 -0.8890173486169982
0.5476501880106436 -0.8379023043123265
-0.353495003690464 0.9365053562932135
0.9883558262616852 -0.15859937167145882
-0.3006473935257071 0.9547838209595921
0.44457400992556206 0.896858377726777
-0.8224105982267451 -0.5706503377063116
0.02243287871128799 -1.0007486027733061
0.8756736401340114 0.48497079909459484
0.1218806996665156 0.9935522608543552
0.8327112425255078 0.5555114639425769
0.9963164327132109 -0.09671900488333124
-0.07747552160482422 -0.9979972663049035
-0.8000893343299257 -0.6015463881459987
-0.9977190083324562 0.08098012356189709
0.4986054855051642 -0.867982470919868
0.9708007033970263 -0.24402252823015944
-0.1852805699313933 0.9837032633908959
0.18066798152971017 -0.9845608566513195
-0.5158634909739176 0.8578378976707678
-0.3131559819921174 -0.9507546113180585
-0.7397990608274215 -0.6743132429360001
-0.9917897799930578 -0.13547705451965647
-0.25065173153677245 -0.9691102669343761
0.6623005237157535 -0.7505724590509824
0.9528032264254415 0.3068664395356209
-0.952042859253578 -0.309217389783097
0.48739850904144205 0.8743247070649321
-0.9737968616856887 0.23177720373475877
-0.7472507241974706 -0.6660460608594241
-0.6386061182286041 0.7708328131060549
0.12653037737879874 -0.9929708271648159
-0.9947609616258923 0.11158686851565411
-0.8490418802825199 -0.5302158857732604
0.4923784787927885 0.8715299384540381
0.4088491973261106 -0.9136976161979384
0.2613093631721966 0.9662910621125195
-0.8989350401362897 0.4403598455980827
0.6450504097896406 -0.76544821433603
0.8060515551056184 -0.5935333946054041
0.8996191052846708 -0.4389606649881154
0.6342009679086182 0.7744611883779404
1.0008995422026303 -0.014181199475532006
-0.9177560944663915 0.39965579073722407
-0.1808107236559215 0.9845346526207303
0.8313071624989099 -0.5576104389069585
-0.3539604777331235 -0.9363295254358579
0.7885529069768744 -0.6165916905848804
-0.4773049732450363 0.8798755380822649
-0.6888909834200451 0.7262439073497025
0.6619225903095787 0.7509057760051241
0.9906474781013859 0.14359169241764777
-0.9889852849492586 -0.15462569693887782
-0.43881535998598176 -0.8996899909637615
0.3133261922001464 -0.9506985312291993
0.9601672859530452 0.28298371505364595
-0.263312550890276 0.9657471203910761
-0.882856670186113 0.47176805732042626
0.10598274992463522 0.995373626694224
0.4802932994520107 0.8782478844275693
0.3500633487065416 -0.9377935017328507
0.36445571202196825 -0.9322944995947151
0.9978067039259341 0.07989231252419435
0.6840694248573906 -0.7307872617768312
-0.9998478161706218 -0.048014003153647136
0.997959096202895 0.07796564824267771
0.9153351307828763 -0.4051698389005463
0.09313547882007261 -0.9966578061626546
-0.9745775952524054 0.22847212265840816
-0.6624934165042545 0.7504022075450739
0.8646536827388674 -0.504356033894821
0.377543261243504 -0.9270717803329035
-0.8102626768694585 -0.5877715495601497
-0.21275822747249518 -0.9781282823038918
-0.5839800344286712 -0.8129995814197496
0.5277664866894107 0.8505665967621324
0.8339019643858822 0.5537224158306823
-0.9736379224405942 0.23244396310845203
-0.7232745637290018 -0.6920078796246631
0.9490342550274974 0.3183315610874974
0.3537496184768573 -0.9364092093884372
-0.8781591649999939 0.48045549317966324
0.4795108528490738 -0.8786753336699249
0.4875826320004855 0.8742220410007283
-0.8176731510605623 0.5774180617496226
-0.5085622504138273 0.8621864284793769
-0.774775741515248 0.6338166535832723
-0.7009382826957088 -0.7146233440432733
0.6310558020393614 -0.7770261094149015
0.20189226208275385 0.9804287401494861
0.7292372087815948 0.6857215858702631
0.7367452218289526 0.6776484915590142
0.6139636415661143 0.7906008138339322
-0.023700431435911377 -1.0007193860167554
-0.3361900424551842 -0.9428559038124443
-0.812475450348743 -0.5847090238576854
-0.9428858102001337 0.3361061572230378
0.3014186858570818 0.9545406098308179
0.9586340719005955 0.2881348923530154
-0.29700532100727267 -0.9559230300047001
0.9770851244077856 -0.21749864289466736
0.003002838541086036 1.0009954959742307
0.7779699098228543 -0.6298919108944168
0.8535251075226576 -0.5229683459143925
-0.784822488265622 -0.6213329718537056
0.6770609719268634 -0.7372851824724617
0.898234423188075 -0.44178718971919734
-0.3035409448961512 0.9538678602256979
0.5183195074502888 -0.8563561690070844
-1.0009622150673971 -0.008697356343729881
-0.37153896463003333 -0.9294943774771544
-0.6415028992358696 -0.7684237309401459
-0.036680558504039965 -1.0003277146154812
0.324299770584877 -0.9470114354106798
0.8053523204442108 -0.5944818247475068
0.8995919928951546 -0.4390162255759167
-0.9963871315126508 -0.09598793755463082
-0.40755057060965116 -0.9142776013857868
0.972368125731299 0.2376998697134699
0.4216145505208998 -0.90787783913314
0.8241002013233397 -0.5682075837040818
0.7590047980040798 0.6526198867693092
-0.04233078561130154 -1.0001045468297451
-0.7175871651960445 0.6979037615215329
-0.9257497657637296 -0.38077338560934076
-0.8395036554911852 0.5451922710539259
0.9619950915021184 -0.2767064219092698
0.20547854325589945 0.9796834020546809
0.8424922620595132 0.5405624740673777
0.23893536174845853 -0.9720652719370924
0.7267346423867299 -0.6883732705117419
0.9991307660984909 -0.06114500989813228
0.7017663403640493 0.7138102013364963
0.7187431484479015 0.6967132025153517
-0.9392721914152957 -0.3460762205553974
-0.9973410657375015 0.08550905562327729
-0.6344703508786192 -0.7742405142176181
0.0862565358572204 -0.9972766968208532
0.673687991772481 -0.7403684824069442
-0.11598416911800408 0.9942578501143485
0.9945939804191012 -0.11306553017647976
0.2415887045013749 0.9714092329483736
0.9918949992174546 0.13470453046355133
-0.8687204554125428 -0.4973185803364119
-0.404700559854683 0.9155427116488374
0.9904545594373888 -0.14491640931822775
1.0004648035861767 0.03272883721235424
-0.9824680170360238 -0.19172270470996206
-0.9060429759265166 -0.42554333007840883
-0.9676074616475139 0.2563918878670987
0.9779593902371497 -0.21353320830021316
0.8450152976212981 0.5366098645999614
-0.9930663298709606 -0.12577863283014565
0.9797478830470969 0.20517086943504453
-0.9065967905637614 0.42436217944049537
0.792591853075447 -0.6113911631994929
0.7910853908052673 -0.6133391430966049
0.6314698025039183 0.7766896989954627
0.3291756552862824 -0.9453276616955872
0.3293212726781993 -0.9452769432085029
-0.9605948781266359 0.2815288264403374
-0.9889651370416738 0.15475450790249495
0.07083148953305095 -0.9984908112198776
0.47326945860415065 -0.8820527305963822
0.4417963786391033 -0.8982299036557255
0.8866206652285143 -0.4646555670491279
0.7839906510326154 -0.622382245162453
0.5666981068842507 -0.8251389311223937
0.8715595271114258 0.4923261019906498
0.981812733660666 0.1950506498880996
0.9931288327393332 0.12528416333204087
0.994621330162032 0.11282468518329715
-0.7263818340003375 0.6887455489760396
-0.6230777237761077 0.7834380320957008
-0.7135198233351991 0.7020615797119981
-0.8444035451571266 0.5375719978998875
0.6836764899839805 0.7311548789710592
0.630340601528294 0.7776064081943697
0.8185303315845798 0.576202304990216
0.9769082766181878 -0.2182915918556699
0.9981650672577818 0.07528279023965667
-0.010879104075306765 -1.0009408799197477
0.8726418594188934 0.4904051235355687
-0.9195914042148267 0.39541452843086505
-1.000559951606783 -0.029677992530365325
-0.0037746799777543484 1.0009928829872197
-0.9494085972347779 0.3172133595810418
0.14682346272897176 -0.9901736568866465
0.09464620184027978 -0.996515477289344
0.5071277331837344 -0.8630309740883737
0.7751146152971441 0.633402189096912
0.351514932458028 -0.9372503679695345
0.9996501996444612 -0.05196612695582442
-0.8579956703780398 -0.5156010372492846
-0.47080135758761915 0.8833725610939333
-0.9950342348966613 -0.10912319360986386
0.2674146958450763 -0.9646192930094677
-0.9803216628079522 -0.20241155458484028
-0.012715235209229873 1.0009192388967123
-0.11593552891654178 -0.9942635229831384
0.587437532336821 -0.8105048708070954
-0.5273347330161801 0.8508343430743461
0.3002889664603451 -0.9548966104360083
-0.7891070125441262 -0.6158823936058607
0.1262931048050565 -0.9930010330703081
0.9261173946576248 0.37987836383844403
0.9292594572722537 -0.3721261359674654
-0.42205400662246817 -0.9076736282904343
0.7921515201698786 0.6119615748497209
-0.9109277166054692 -0.41498396971442864
-0.8715741857561754 0.492300151049601
0.9916295050269468 0.13664525150920015
0.6315515198957573 0.7766232533972691
1.0004625554229185 0.03279748765750024
0.24111891473467642 0.9715259486792783
0.23135538539992778 -0.9738971637942329
-0.42011573722757967 -0.9085723786984321
0.6819265267841541 0.7327872897833998
0.3274807077426781 -0.9459161622767392
-0.12515845675569445 -0.9931446826633736
0.9767705976387161 0.21890682855613536
0.8870247561326784 0.4638836944836091
-0.17729579631828113 0.9851736905784009
0.052235509532607166 0.9996361595820096
0.660526887631723 -0.752133785117747
0.9998235279473322 -0.04851714091896014
0.8103666757839552 -0.587628156897593
0.9939295104811567 -0.11876501250236969
-0.9145140735203126 0.40701966701043374
0.9022363552556305 0.43355571643681007
-0.6489480181183256 0.7621466196082597
0.9998232265499569 0.048523351607587424
0.07262752533319666 0.9983617793986186
-0.8755727673952147 -0.4851528923915483
-0.9668603817707945 0.2591949115280495
1.0009146624855907 0.01307051725663619
0.5653935475017317 -0.8260333748968058
-0.7441989581412638 0.6694541886503195
0.21458276891698136 -0.9777296330192317
0.6785936828972272 -0.7358747267925277
-1.000373246267335 0.03541706019073281
0.9472785313295263 -0.3235187538338011
-0.6629047277423302 0.7500388802834603
-0.8520414737656904 -0.5253820771430924
0.9417674171806842 -0.3392272570664438
-0.9280617340827655 0.3751032094388025
0.9150712974715912 -0.4057653515810075
-0.19979428127448612 0.9808584225921759
-0.9617515041086033 0.27755187685338956
0.8942592763174507 0.44977921997374354
-0.6143549313517858 0.7902967912902991
0.17600134367020398 -0.9854057677050012
-0.11130084383250007 0.9947930046809604
-0.9994904895528126 -0.054952354758272794
0.049716802792912955 -0.9997645920515742
-0.9304614106129846 -0.3691105029121969
-0.969506672979834 -0.24911405228845146
-0.6103614289474133 -0.7933851057672255
-0.8651575070522493 0.5034912988236611
0.9920314120944393 0.13369621317716018
0.8772654556240339 0.48208538701018133
0.7512677548659856 -0.6615117236290081
0.9733092710998732 -0.233816301380023
-0.38029741664192485 -0.9259453952018327
0.403285778663105 -0.9161667865231162
0.9977312981562357 -0.0808285635123655
0.9295098983147326 0.3715001331560128
0.8031301527098078 0.59748050830828
-0.9981492474025079 -0.07549225066062719
-0.29418636076417237 0.9567943275021713
-0.7836320486204598 -0.6228336956001187
-0.859032982194399 -0.5138709327274675
0.27040940739511077 -0.9637840797565734
0.34061644957469267 0.9412658680092095
-0.9964771839946055 0.09504852328248617
0.6110024863497924 -0.7928915194869798
0.8843527626080778 0.46895755806625056
0.8878140520401565 0.4623712891173481
0.6424290403983457 -0.767649612813594
0.2737098027604286 -0.9628519844051043
0.3130849364367994 0.9507780090937975
-0.4821883955335611 0.8772088412759929
-0.39176932758246247 -0.9211502559113715
-0.7769052095911352 0.6312046382197728
-0.07218225925180986 -0.9983940712210306
-0.8222649528545561 -0.570860181924694
0.9066792018276104 0.42418607352581406
-0.7460806724535112 -0.6673564491269389
-0.8973281620267394 -0.4436250326950833
-0.9913868262309671 0.13839494490656193
0.45312464373512085 -0.8925687969226349
-0.9796969335519725 -0.20541401702138554
0.8884552959624012 -0.46113792630444317
-0.844986688193681 -0.5366549140513621
-0.6655142948982151 0.7477243631754495
-0.9479674785559227 -0.32149441612620006
-0.39717287603116147 -0.9188333399181462
-0.5905683318475713 0.8082264815129339
-0.16059875540721777 -0.9880329143108809
0.4397655006856725 0.8992259473606619
0.7825211638656516 -0.6242288267152888
-0.9152119914062973 0.40544791377699757
0.6936951264642576 0.7216564775014062
0.35059491807592486 -0.9375949036867337
-0.7183702422458301 -0.6970976940541888
-0.24990937715158243 0.9693019669905287
-0.7707668149544498 -0.6386857732601947
-0.22972423606040443 -0.9742832110667121
-0.9809672737248368 0.19925914754625706
-0.99766953851748 0.08158732692225269
0.42266771086430693 -0.9073880130312096
-0.2637705654271098 -0.9656221252717145
-0.9417107936047442 -0.33938441509344974
0.7627898097391274 0.6481918744925347
0.965743348261878 0.263326385476156
0.7522953455231898 0.660342875409544
0.48809494573941764 -0.873936109760682
-0.6760860714538637 -0.7381792627716394
0.82541088956993 -0.5663019189260943
0.14664144668555615 -0.9902006292231728
0.5018381121900574 0.8661174915411416
-0.680354185131142 0.7342473580303438
0.9159915465364723 -0.4036836467751965
-1.0006643252231457 0.02592119259807186
0.08857630462965904 0.9970733364493075
0.07177789184218017 -0.9984232240100849
0.4420684483053159 -0.8980960344044117
-0.6013911190875115 0.8002060496413849
-0.7339142668816333 0.6807134851518624
0.160362387656526 -0.988071305435543
-0.052207282036716075 -0.9996376341966817
0.343953680845359 -0.9400515227544334
-0.8814312461718151 -0.47442592495773356
0.9690972631048727 -0.25070200366699386
-0.08883914071035502 0.9970499521477576
-0.1306350338520989 -0.9924391608206827
-0.1959140149004096 0.9816408196308882
0.9275813711700995 0.3762895160088812
-0.3020022199874288 0.9543561489940036
-0.8817729718562691 -0.47379048756149933
0.8042243071995605 0.5960069326017835
-0.5311369074433221 -0.8484660190906551
-0.9240872052796573 -0.3847906405286288
-0.7374547415163999 -0.6768762842757751
-0.42969857376905296 -0.9040797175586021
-1.0009876405380378 0.004974282872137106
0.4790843621447861 0.8789079439556361
-0.6093227711165042 0.7941830775072609
-0.10835131348844004 -0.9951185823133492
0.8443958306575439 -0.5375841154351164
-0.7965651345224766 0.6062053995661774
0.6737533078823486 0.7403090436551435
-0.5218504903049391 -0.8542090293180555
-0.9352793118432176 0.3567262379445582
0.26226013873036547 -0.9660334464360587
-0.1019879293446078 -0.9957908727579298
0.9956234562470614 -0.10360952355191973
0.5620177570908026 -0.828333894462024
-0.1681095353827839 -0.9867827441303301
0.9854278549937224 -0.17587763531066478
-0.2779222602122258 0.9616445379029238
0.9982326883324046 -0.07438077671455388
-0.3118582510504282 -0.9511810717480496
0.9608773524023625 -0.2805632079233234
0.18122277037360893 -0.9844588907100764
-0.9697408062459031 -0.2482010650693219
0.3049956516406269 0.9534037195649644
-0.5774789972067238 -0.8176301167307358
-0.970059489079763 -0.2469526020237673
-0.7733395186472755 -0.6355682409453766
-0.0790214174821695 0.9978760522124521
-0.565255164838449 0.8261280764042934
-0.020007221275019638 -1.0008000355200095
0.28146076470687426 0.9606148228767978
0.6505680865002754 -0.7607641979137624
0.9746320856302063 0.2282395619959741
0.16096293721397575 0.9879736498730367
0.009741727984088433 1.000952595648707
-0.7802087786430095 -0.6271166253005763
-0.8086901000020293 0.5899333200953373
-0.39861945838177426 0.918206691001226
-0.5318410152195006 -0.8480248431091456
-0.5428003394328623 0.841052193095987
0.7420684145575454 -0.671815054993598
-0.9935500433573511 -0.12189877499222779
0.9990030899474396 0.06319672677811611
-0.8980227184042542 0.442217364233737
0.9850738318686503 -0.17784978427767092
-0.17236220936786478 0.9860488166322336
-0.07754575248657145 -0.9979918117255729
0.44793940940059107 0.895182263846782
0.9854400565026967 0.17580925754908905
-0.8012856276217756 0.5999519505483561
-0.6880876459823134 -0.7270050835080306
0.8828498681499984 0.4717807862848278
0.5311408128423077 0.8484635743113623
-0.7174298563609601 -0.6980654705698399
0.3979141233365653 0.9185125750087979
0.021651655931745145 1.0007658096654848
-0.8954217739571086 -0.4474604415180235
-0.09372359436678637 -0.9966026730141607
1.0003959557938136 0.03476969415140307
0.9917584512763397 -0.13570620590804325
-0.32595341752174267 -0.9464435374632215
-0.5444698387832083 0.8399723773168896
-0.6495587506442269 0.7616261743542636
-0.3180639646788284 0.9491239720778235
-0.9652901728932799 0.2649827958861891
0.9797499749834246 -0.20516087960422363
-0.4078088507745779 0.9141624260654767
0.15045973779985866 0.9896276407322089
0.6883295428071918 -0.7267760593875132
-0.9306318034843226 -0.36868068344234856
-0.9694445832710865 0.24935556935097586
-0.09684000329919322 0.9963046791825342
-1.0009451228711241 -0.010481459846323937
-1.0004909808026126 -0.031918604803883525
0.6608186309281552 0.7518774747378981
0.3918077765159763 0.9211339024602269
-0.13073720015148435 -0.9924257072932718
-0.9024602890337425 0.43308939806595786
-0.015171966617069424 1.000885014089516
0.6131966464893414 0.7911958497958805
1.0004448680957667 0.03333265517242941
-0.29999340273493186 0.9549895069138283
-1.00044328158137 0.03338023874539596
-0.804053992981941 -0.5962366781487004
0.03399450722579961 -1.0004225974449372
0.40898103156371374 -0.9136386133592869
0.9792703306150674 0.20743823075088305
-0.3584024032453425 -0.9346382815549356
-0.1690845308511953 0.9866161469522132
0.7585212863716992 -0.6531817956136122
0.8523285049506705 0.5249162977547515
-0.20262199899716452 0.9802781878234326
-0.7343304281778977 -0.6802645237347493
-0.03450572354427983 -1.0004050954701729
-0.538380094828735 -0.8438885432876799
0.43845078831475814 0.8998677159594999
-0.6306158458533454 -0.7773832098512738
0.4540446490830687 -0.8921011470898539
0.9820625727845987 -0.19378881065658732
-0.9997054570904865 -0.05089203339916173
0.6343572505140835 0.774333183274624
-0.9107267223005492 -0.4154248876604511
0.913338547363725 -0.4096507023056604
-0.3086796521272597 -0.9522173451279881
0.911251468369033 0.4142725689630937
0.9770037916315958 -0.21786369853072204
-0.8337150407023189 0.55400381849472
0.48321306043563494 -0.8766448187404221
-0.9983507252676151 -0.07277931957381054
-0.11609823129743481 0.9942445376714963
-0.419416808891811 -0.9088952307163957
0.9853893042091718 0.1760934954794306
0.5333899208380325 0.8470514697162136
-0.64395548877406 -0.7663695769521135
-0.7257820297577571 0.6893775781679518
0.49080348596863815 -0.8724178690060359
-0.642382319472361 -0.7676887101093187
0.6456842233856737 0.7649136445840403
0.870060314791516 -0.4949707553228656
0.9865184547078684 0.16965358387254734
0.8542320647402715 0.5218127821063533
-0.1714453165647524 0.9862086510612305
-0.9897538606622976 0.1496271877169291
-0.8877722545607495 0.4624515369550887
-0.0708215145229987 0.9984915187825426
-0.9734323616027862 0.2333033162739496
0.9125321691583052 -0.4114438482359875
0.7512449330708912 -0.6615376410570393
0.883462898842603 -0.4706318161457262
0.787397417851776 0.6180665873191624
0.14662885866687583 -0.9902024933345953
0.46676039656708807 0.8855143884751588
-0.6534738264273613 0.7582697133437303
-0.8205686948703959 0.5732957500267163
-0.1568880362766217 -0.9886289213214762
0.2978532638795188 -0.9556591616242256
-0.21759638224378108 -0.9770633625484164
-0.540692346863665 0.8424089185443505
0.6665037223681031 -0.7468425457012091
0.9806118148161985 0.2010011657749317
0.9998431121217854 -0.048111860727088354
0.011748016966774086 -1.0009310586136033
0.07365077598736415 -0.9982868140952574
0.041216336825834504 1.0001510953744235
-0.43695483150279096 -0.9005950672896047
0.9662186875176949 0.2615768489212741
0.498289639949538 0.8681638294233179
0.81659829031421 -0.5789371574324015
0.06005422780211601 -0.9991969223947257
0.8564543361485218 0.5181572831606199
-0.934395516975955 -0.35903484211875275
0.8991155383516898 -0.43999119161018574
-0.8416743327866241 0.5418351386982863
0.15633134163121645 0.9887171039401432
0.995143728699525 -0.10812011482608586
-0.03589837249400839 -1.0003560900260875
-0.6437970478489001 -0.7665026817833327
-0.07970448083269979 -0.9978217254275383
-0.9997047167153607 0.050906574988506946
0.8885472109366811 -0.4609607943596125
-0.6515679437731835 -0.7599080303873526
-0.48073519829050576 0.8780060757902466
0.6807366939842833 -0.7338927397538064
0.33769297061836107 0.9423186603240682
0.945708637672573 0.32807952181062167
-0.7453988533446095 -0.6681179158146721
-0.5584443487521927 -0.8307471994215445
0.3953185308669435 -0.9196326762100189
-0.47779358589127263 0.879610305351841
-0.5631654772885154 -0.8275540134579729
0.11697950837939895 -0.9941412347444976
0.8911943655258936 -0.4558218981739467
-0.41171357716448764 -0.9124105054077476
0.9905746594422162 0.14409317843304498
-0.6526714078161159 -0.7589604952955915
0.6310346909732916 -0.7770432541295512
-0.7267454164652111 0.6883618958417199
0.5940136027329269 0.8056977347419121
-0.750384964231652 -0.6625129473867378
0.27351194584929817 -0.9629082071920099
0.9944076099829829 -0.11469309136967169
0.33876584037141455 -0.9419334930861357
-0.9740288078258319 0.23080052323465083
-0.1669677027576994 0.9869765884942847
0.9535460155282142 -0.3045504823018127
0.9472603568124612 0.32357196481081096
-0.9602556500719619 -0.2826837216835697
0.37709605618479775 0.92725377562449
0.9810267609507624 0.19896606318278445
0.7317264096203305 -0.6830647564207513
-0.994978357617986 -0.10963150948434013
0.6642063742508912 0.7488864349181957
-0.007781740622432328 1.0009697520469263
-0.4803389273035508 0.878222930079188
0.9852061368353547 0.17711540853905458
0.5251030657864192 0.8522134534855124
-0.808733908115571 -0.5898732625438409
-0.4086052059868868 -0.913806755085786
-0.8681944049910498 -0.4982363647328816
-0.44355289602818965 0.8973638216604267
-0.9568605576210972 -0.2939708714635565
0.2258923555488098 -0.975178775253343
0.9048358260768905 0.4281041086555361
0.650880337578146 0.7604970651844482
-0.8495511931192705 -0.5293994430197523
0.3100506724595194 0.9517718111540181
-0.9189822623895799 -0.39682817618376015
-0.5511369370837337 0.8356129945028145
0.4329755061013947 0.9025149367828995
0.08774897665494925 -0.9971464872805846
-0.6468566571287548 -0.7639224208833071
0.4403400064338009 0.8989447584439659
0.6601901633121992 -0.7524293643032627
0.0256945101054438 -1.0006701715102941
-0.7249477423429307 0.6902548593612998
-0.9731241998244274 -0.23458536125698007
0.08923760066441734 0.9970143683155513
0.454993031275496 0.8916178225510836
0.4953766563860566 -0.8698292753798131
0.9396095217983361 0.3451593060398372
0.44869405740891 0.8948042483392274
-0.6497571601233019 0.7614569146501342
-0.18964110595516398 0.9828719402506627
-0.48234349056658976 0.8771235700333437
0.9397872458741464 -0.3446751115068895
0.03276081574466883 -1.000463756940622
0.8462914248273921 0.5345950095760552
-0.7199383723125544 0.6954780658453219
-0.18062209134623441 0.9845692764441274
0.27089756391687186 0.9636469840475319
-0.7773153879668101 0.6306994431819386
0.9988709754394761 0.06525162392300644
-0.9362727049399594 0.3541107481910308
-0.7872722911433688 -0.618225961601315
0.5086721258161612 0.8621216088335029
0.3285645496809643 0.9455402353643896
-0.5515344567635779 0.8353506706781919
0.4012654388871511 0.9170534594857064
0.981277258276702 0.19772693895612412
0.8628294287622539 0.5074705674832803
-0.8562850465946904 -0.5184369961512477
-0.9835162462124817 -0.18627075303468665
0.8861784965692516 0.4654983052796872
0.1166122230852549 0.9941843840189378
-0.9930874492913001 -0.12561177516498778
0.6837470377990961 -0.7310889058800998
0.3996107178996368 0.9177757210450367
0.5347557003932933 0.8461898964752996
-0.6981367914917801 0.7173604535835264
0.7045941201334647 -0.7110190756044094
-0.7470210366519539 -0.6663036626039515
-0.5947098897102112 -0.8051839212756726
-0.17603747737698533 -0.9853993132526263
-0.8534558912110637 -0.5230812955527363
0.9810235923243629 -0.19898168584822654
0.4561120833730309 0.8910458840043611
-0.9223770934332233 -0.38887208373664317
-0.9259812296888031 0.3802101553930563
-0.8400331323859633 -0.5443760983858739
0.34859275655835326 -0.9383411373669219
0.7291148414537566 -0.6858516953189393
0.4454510045166254 -0.8964231158192706
-0.8312629772708493 0.5576763063093173
-0.9978330431991306 0.07956266649605168
-0.9136178368327683 0.40902744189236645
0.05675889590069465 0.9993895275297485
-0.8891423553351242 0.4598117788281503
-0.12384473781009567 0.9933093581139506
-0.9985725875996874 -0.06966912726929092
0.24085219667622232 0.9715921054414957
0.4231293700893383 -0.9071728259641598
-0.5048426836222896 -0.864369634353871
-0.9972610411059966 -0.08643735241308483
-0.6774991875403027 -0.7368825217646497
-0.611491390411591 -0.7925145294898379
-0.8350668340849227 -0.5519641135177036
0.937132408091989 0.3518292905710234
-0.40495281463670696 0.9154311650352575
0.9546214543239541 -0.3011625457197804
-0.6055072302157566 -0.7970959754988372
-0.8713822550613226 0.4926397929159236
-0.7233406823578282 0.6919387669773327
0.9855958849000097 0.1749335635839123
-0.3348323810351122 -0.9433388980691708
0.5517982093754398 -0.8351764700529214
-0.4640827229319132 0.8869206426034412
0.9967253683029675 0.09240963251368219
-0.9963092631529659 0.09679283111674189
1.0003540178094215 -0.03595607115005318
0.787570017205971 0.6178466379273958
-0.9979855162401806 0.07762673105844553
-0.8668219083061632 -0.5006203943912608
-0.5607541381519736 0.8291898434890753
-0.02851133764326 -1.0005938754688597
-0.9851177303586178 -0.17760646759925566
-0.6870773616215815 0.7279599571041848
0.878315589589837 -0.4801694753766183
0.44545903140424165 -0.8964191270496156
-0.797369756591148 -0.605146652699801
-0.9834127712508578 0.18681627696940126
0.8845102381636154 -0.46866047260649624
-0.13598620626781038 -0.9917200974594034
0.2576291980300411 0.9672787583330866
0.8129001037678306 -0.5841184993597192
-0.11369076199820612 0.994522704937533
1.0007544170326819 -0.022171982084985546
-0.7815418995526711 -0.6254544421807257
0.23710666674853562 0.9725129452009361
0.8777545290638089 0.48119433361997416
-0.9003114772261179 -0.4375388485322478
-0.44847824780455925 0.8949124321664954
0.8115279860140795 -0.5860233168705253
-0.9149665677644634 -0.40600145304335744
0.028520664115723224 -1.000593609672977
0.1987995052711128 0.9810605265242103
1.0004758239922167 0.03239020850651068
-0.9960886953424876 0.09903691741416923
-0.3771457326003947 0.9272335716427181
-0.0008574218493803841 -1.0009996327810375
-0.3978389084569095 0.9185451556226372
-0.8019076684335269 -0.5991202644774292
0.8984224209757878 0.4414047501874038
-0.9396927098968122 0.3449327629651691
-0.17969049542186408 0.9847397249299151
0.9187755064809565 0.39730664314942166
0.2549254010696826 0.967994855301133
-0.289175120900147 0.9583207967337375
0.034353327175194286 1.00041034026643
-0.9911075918826875 0.14038070135349837
-0.7967364794100203 0.6059801831556261
0.3483500609899288 0.9384312628042146
-0.9803148634041562 0.2024444827326509
0.7521270693428983 0.6605345347229493
0.9933023100361141 0.12390125454134625
0.9019082024716987 -0.4342379466539853
-0.7582313395504435 -0.6535183514818388
-0.9820885256701719 0.19365724294998155
0.9819262408116404 0.1944784245244712
-0.34020601789438387 -0.9414142899852573
0.6448968033043967 0.765577633612536
-0.9142398661749 0.40763521326855556
-0.9730102666927404 -0.23505748426825768
-0.21013039185943888 0.9786961828969186
0.629778146079181 -0.7780620069898476
0.7724052509776842 -0.6367033282951335
0.7539074248036508 -0.6585017804273028
-0.7712060862971647 -0.6381552886705635
-0.28400820640676727 0.9598647502089089
0.06605724502595474 0.9988180216533845
0.06828343295594522 0.9986682996790031
-0.4308759835206757 -0.9035191679345217
-0.8114571127452637 0.5861214500213419
0.47302937991511834 -0.8821815038511738
-0.32715606034363737 0.9460284943808143
0.34300484206694376 0.9403981488277351
-0.13740847028430409 0.9915240351570542
0.5280237672297496 -0.8504069033353994
1.0007294801436513 -0.023270315241043376
0.736624963385533 0.6777792142853469
0.5983855608553159 -0.8024560552203897
0.02399270774023758 1.0007124212156515
-0.8485155305142317 0.531057807094625
0.9929830477597161 0.12643443700916804
0.0815203481013801 -0.9976750136419322
-0.994837710116154 -0.1109005434199818
-0.891393218177426 0.4554329045944
0.7611631605897221 -0.6501012559294628
-0.5514577346241231 0.835401320877116
0.31257741596830524 0.9509449821238751
0.5464988076906259 0.8386537147075211
-0.48428612849095076 0.8760524788796881
0.2517589039009434 -0.9688232317128835
0.8250764495430541 0.5667890722388955
-0.020312331720857366 -1.0007938894597936
0.6969309720985344 -0.7185319896356681
0.5434476891042407 -0.8406340518961034
0.6639303961920944 -0.749131116035243
-0.795014721856422 -0.6082372826714554
0.9033396121898157 0.4312522986011243
-0.9937273160790192 -0.12044509653111288
-0.35766444705965994 -0.934920928907631
0.38689593063876876 0.9232077441481743
-0.97813477801427 -0.21272836209348006
0.06793058681351254 -0.9986923627299709
0.31002454125669 0.9517803232987005
0.4947913501356971 0.8701623525704235
0.6013804597884118 -0.8002140604767441
-0.9891154364081061 0.15379094075790628
0.2447996638465872 0.9706050301644835
0.7812278641595022 0.6258466459611192
0.9050371432671913 0.4276783479517771
0.6201178960716114 -0.7857829184779459
-0.7937365073794402 0.6099043833693014
-0.7786646339785084 -0.6290328988146134
-0.9251240723459034 -0.3822910550433159
0.5296844819513512 0.8493735041664112
-0.8996838169177557 0.43882801822160167
-0.9818484824830405 0.19487061719446191
0.19820543958234152 -0.9811807191949762
0.3588656803135432 -0.9344604986263987
-0.08094433394351107 -0.9977219125600286
0.9975717183707188 0.08277479511838881
-1.0008774230827304 0.015664736297588765
0.9990591426767447 0.06230432917549159
0.888729463465746 -0.46060931467772903
-0.9656963346798597 -0.2634987460802884
-0.8323811946733386 0.5560058873377021
0.9773236359157211 0.2164243763545937
-0.5814830714755418 -0.8147873572824814
0.5100148889947222 0.8613279358082502
0.5165168319322548 -0.8574446701278554
-0.35570495119939954 -0.9356682038480482
-0.013495725360746925 1.0009090195402315
0.9659638097298897 0.26251651051337194
-0.9988419267234184 -0.06569478989576892
0.3795429609858477 0.9262549005355358
-0.4651776515238193 -0.8863468579076614
0.9110012303068021 -0.4148225625246208
-0.2933729502311739 -0.957044049180944
0.5949546892149696 -0.805003054516639
-0.9485526581279603 0.31976374834927884
-0.38094377534469065 -0.9256796638287642
0.9944458322680493 0.11436121145172785
0.9915887456696314 0.1369407151336922
0.7068487030140094 -0.7087777585727508
-0.04447231146107674 1.000011606689297
-0.7922222938909648 -0.611869951102469
-0.7287754140695704 -0.6862123547763668
-0.4058051171202589 -0.915053663409427
0.07939299746874794 -0.997846557318773
0.003063240810259845 1.000995312953931
-0.74555758615529 -0.6679407801042674
0.943319532117365 0.3348869366306717
-0.9932633135643095 -0.12421348528741968
0.7443099531406286 0.6693307804484979
0.16512997796101428 0.9872857187150005
-0.8992863534382304 0.4396419617367865
-0.4660509234430064 0.8858879933478729
-0.9995495398222507 -0.05386759175169029
0.9086516637354123 -0.4199442272384123
0.6594432825989824 0.7530840305271906
-0.30666441531167316 0.9528682681155616
-0.40756499399884016 -0.914271171844943
0.9292009423881026 0.3722722238699284
0.6448858040042088 0.7655868989173242
-0.3761796617599011 -0.9276259278816038
-0.6391224819877682 -0.7704047332524605
-0.14468102776599093 0.9904889702589204
0.0012159600450958972 1.0009992614588528
0.49076125849911834 0.8724416239246965
0.3569144506190107 -0.9352075036799746
-0.9151506484677217 0.40558635407161875
-0.759254332879366 -0.6523295624175781
-0.9961093093970965 -0.09882936675118127
0.5505604847577702 0.8359929142183498
-0.6591463744496556 -0.7533439168466647
0.41321721330475025 0.911730516451356
-0.6183182713808595 0.7871997937478044
0.4809990291699909 0.8778615687780883
-0.740868614007738 -0.6731379478073223
-0.14079985173393125 0.991048132913686
0.11442864495466214 0.9944380751026379
-1.0009412298494276 -0.010846860721670999
0.05747731883735156 0.9993484666617893
0.19232049101482793 -0.9823511738354139
-0.891463466640881 -0.45529538504648037
0.3716384209328408 0.9294546164749221
0.5736269544482396 -0.820337197212486
0.8474928625063256 -0.5326883216298574
-0.39274578031127344 0.9207343547667204
-0.8598128276893514 -0.5125650215736942
0.5472254075807703 0.8381797857846846
-0.8446259791871701 0.5372224448793202
-0.32073905146283643 0.9482233180357462
0.9619125203104203 0.2769933271218914
0.9326422058465637 -0.3635650091436965
-0.5067396536487389 0.8632588970986377
0.11148384111092316 0.9947725132768569
-0.9626434613424916 0.274442282337374
0.6776144229766079 0.7367765562055287
0.652295134261101 -0.759283911207983
0.10656626239016365 0.9953113240188673
-0.5657065326520816 -0.8258190594281288
0.8258967677984894 -0.5655930771676825
0.12436875608188332 0.9932438837016038
-0.36702901305894725 -0.9312844375232388
-0.5200672871820547 0.8552958650683974
-0.634428498832555 -0.7742748090110324
-0.7911381381050469 0.6132711035387857
0.008219989173542342 -1.0009662490703604
0.9699321233962187 0.2474523711830264
-0.12312892258881401 -0.9933983432753035
0.9781448907890307 -0.2126818577672182
0.5830787263714904 -0.8136462369193387
0.526939049752172 -0.8510794544848782
0.5254143432699785 0.852021577124768
-0.09844720384224134 -0.9961471518082277
0.18218748588327643 0.9842808135829586
-0.9972409311875534 0.08666905540146057
-0.391341402578013 0.9213321369779053
-0.5316447481703315 0.8481479008657068
-0.6735582610409004 -0.7404865083062337
0.26238281208723546 0.9660001345347704
0.9693680716908433 0.2496528421355863
0.966476785645905 0.26062160848164406
-0.998339441440062 -0.07293394041970408
-0.3800855513005573 -0.9260323826371039
0.9955761001669253 0.10406358045164663
-0.734053659791948 0.6805631671976136
-0.82649134631139 0.5647238745372699
0.1307472708428375 0.9924243805787671
0.9944659023180973 -0.11418655405367456
0.5752550808749441 0.8191963085412198
-0.998164819052075 -0.0752860810956341
-0.9840172391608538 -0.18360575436039886
-0.9121504129705286 0.4122894906709291
-0.9135627424825579 0.4091504803220299
0.9983246837600933 -0.07313566705315276
0.5278243354541311 0.8505306995649274
-0.3376780587430439 -0.9423240040684145
0.8625324654790525 0.5079751430873634
-0.9798652532803879 0.20460959267287865
0.7203484141377929 0.6950533520882889
0.12204864101978796 0.993531644803135
-0.17993514261157498 -0.9846950515024193
-0.9074820358600518 0.42246580286609664
0.9764286534437774 -0.22042705082174358
0.9973244101046148 -0.08570309801566149
0.07153068389016985 0.9984409653365613
-0.08309228858357666 0.9975453230695553
-0.7049511797568573 -0.7106650646819603
0.8209005587093656 -0.5728204541657459
-0.9962141544293087 0.09776685795655676
-0.0752854926314837 0.9981648634365141
-0.5127941393222056 0.8596762010645627
-0.2102547463867073 -0.9786694751660856
0.4476428551426035 0.8953305949423254
0.16404981585164263 -0.987465775568471
0.7297834802563323 -0.6851401841557356
-0.997628760374336 -0.08208444721118369
-0.0007186011051317228 -1.0009997420641286
0.1998456593445879 0.9808479558224745
-0.16095365081255505 -0.9879751627900927
-0.22289308250693357 -0.975868676498307
-0.508731438698193 -0.8620866100804876
0.8210001782978044 -0.5726776643409218
0.29787368336220427 0.9556527971811903
-0.7169932658407135 -0.6985138915863219
0.48837907169289835 -0.8737773642824486
-0.8736329191366637 0.4886374142457284
-0.9809299597361123 -0.19944275893626479
0.2566603038291721 -0.9675362982536195
-0.5992057366889852 0.8018438034424226
-0.2409974862787059 0.9715560774383252
-0.5763498340786306 -0.818426458979385
0.578319613654529 0.8170357547026178
-0.6830130411564539 0.7317746822692162
-0.8240248505828776 0.5683168531918319
-0.7659599721026551 -0.6444426437911288
0.8708199600578368 0.4936330592301
-0.9340906455214381 -0.35982727238126777
-0.012309035429313001 1.000924316642772
-0.45556968792865293 -0.891323319250983
0.5294622299338716 0.8495120641129542
0.7779628590088673 -0.6299006191477743
0.4182794905540546 0.9094191925519499
-0.16408793894308693 -0.9874594413409645
-0.9815515344582769 0.1963608545576283
0.17599020194582696 -0.9854077576410016
0.8010227219178123 0.6003029226743604
-0.7787122112219242 0.6289739995372314
0.29427705441306534 0.9567664371443898
0.44782199353446916 0.8952410078335408
-0.9736698241413931 -0.2323102958468881
-0.9803342704884265 0.20235048333504124
0.8244945150029022 0.5676352655800458
-0.6416253786021046 0.7683214649700384
0.9890750991146485 0.15405014868979583
0.1135636582022176 0.9945372268224704
-1.0008984814001467 -0.014255873557247483
0.8992108034794377 -0.43979646531761046
-0.9840254501106559 0.18356174311255927
-0.964519781318021 0.2677733957028536
-0.9026424991236048 0.43270950853418166
0.11708659115762272 -0.9941286285843939
-0.020959196265359116 -1.0007805514156989
0.8649230667219678 0.5038939259926303
0.15299074480167377 0.9892395220597634
0.9637722609887248 0.2704515279096816
-0.92267407874788 0.38816690277089677
-0.6712826304976887 0.7425500858474825
0.8980983189878645 0.4420638069681479
0.6056631630301826 -0.7969774983952022
0.6310191398341084 0.7770558829087018
0.42184645943789006 0.9077701056213057
0.22886153786989716 -0.9744862218029692
-0.9978764454390748 -0.07901645169125994
-0.42334755720142947 0.907071025781103
0.7943068141034714 -0.6091614605905344
0.5657308408398551 0.8258024071911093
0.7056893206164215 -0.7099320972937717
0.5214496994136282 0.8544537500540546
-0.8666462110446991 0.5009244901997376
