1000
0.44491559546819615 0.8966889722245839
0.7890759091655115 -0.6159222431237741
0.16248909453368904 -0.987723794467675
-0.19037338649731142 -0.9827303667403106
-0.9070897100671494 -0.42330752165570457
-0.9997676654487966 0.04965496070951192
0.3576429670293403 0.9349291460503573
-0.9015983577962876 -0.4348809046383127
-0.8221662848509945 0.5710022767505515
-0.5452388088988437 -0.8394734309497652
0.8747891811428902 0.4865643724681778
0.24679232436135445 -0.9701002776189274
-0.4276737279128527 -0.9050393264677083
-0.9187046571993478 -0.39747044272527843
-0.9982045648408319 0.0747572520289871
0.5665082632918252 -0.8252692818844525
-1.000311767885185 -0.03711289574280117
-0.7175308711986639 0.6979616385424677
0.3765293140733402 -0.9274840568136252
-0.8565787311223191 -0.5179516168416485
-0.16701493039698082 0.9869685977904726
0.7739179398907671 -0.6348637824882052
-0.4840892935787762 -0.8761612613225954
-0.8591941601255385 -0.5136013972003685
-0.7623159985998297 -0.6487490410619074
-0.4707792668785946 0.8833843341814779
-1.0003507855893188 -0.036045884242626114
-0.19076609710626138 -0.9826542098799783
0.9648403477991181 -0.26661602213459884
0.7539380060545324 0.6584667668352867
0.646073951780246 -0.7645844942392281
0.8723820682369033 -0.49086711747549655
-0.9073634917656078 0.42272034941663716
0.04015299000816177 -1.0001943498107777
-0.42640483512056937 0.9056378506808337
0.9762822793126872 0.2210744469630636
0.7822593444412786 -0.6245568973554778
-0.165645026070068 0.9871994354426294
0.8517086953866616 0.5259213802487506
-0.9961775508317072 -0.0981391217555028
0.5210214765065097 0.8547149355305409
-0.5298855080848232 -0.8492481076350354
-0.9459725429404348 0.3273178088690064
0.09008591893758683 0.9969380759150342
-0.9218112162867674 0.390211585589037
-0.5998016995362864 -0.8013981040864662
-0.9523559357938443 -0.3082517989537632
-0.32765210828725083 -0.9458568051956489
0.41116731633672476 0.9126568018573333
0.18373263549284574 -0.9839935562059606
-0.7701996094346358 0.639369659607597
-0.7679163001566676 -0.6421102366055963
0.09571261411036128 -0.9964136166774122
-0.0580046453336293 0.9993179979964936
-0.529664731060971 0.8493858208553456
0.5285806206849858 -0.8500608963105379
-0.6533050596547699 0.7584151231545145
-0.33985192023226685 -0.9415421776609059
-0.8921686685966139 -0.4539119592768462
0.5429821107713211 0.8409348532331864
-0.9914401035366819 -0.1380127570160584
0.7079872364175994 0.7076404970532495
-0.9273789080174806 -0.3767882176558937
0.6785741367840424 0.7358927509411896
-0.13157374874617137 -0.992315145828622
0.9431978692788187 0.33522944290127105
0.9782261965901483 -0.21230757948027312
-0.5718584095099087 0.8215710313008837
0.2007341739652327 -0.9806665036609008
-0.8571959815551066 -0.5169294431600674
-0.8485402666097279 -0.531018282116437
-0.023481102196650637 1.0007245564288059
0.8869812052015181 -0.4639669617755798
0.19769421851152852 -0.9812838508643236
-0.006757085533966611 1.00097719344403
-0.7200061243490123 -0.6954079240991683
-0.8382476673232945 -0.5471214200038739
0.9989724349698692 -0.06367946427515273
-0.42992350518078953 0.90397277596898
-0.9570144886746806 -0.293469365465528
-0.9797173958877292 0.20531640020944894
0.06470765634675281 -0.9989063615825612
-0.8351667121075891 0.5518129782701738
0.9992380378214212 -0.05936618373111075
0.9611514942925088 -0.2796226117810886
0.9405008893378254 0.34272303271703153
-0.6617804995045599 -0.7510310050027863
0.48930029169769695 0.8732618304635493
0.9474980498060677 0.3228752787280232
-0.999870988175014 -0.04752901225484461
-0.9103994430661329 0.4161416274117204
0.9867169937951413 0.16849502709539835
0.5823286156491753 0.8141832615548635
-0.5781464018546304 0.8171583310610889
0.6667264158875101 0.7466437479533294
-0.9590235471158883 -0.28683590444234763
-0.9772480913142773 -0.21676523711749093
-0.19448836878662148 -0.9819242712178567
0.7426677712848263 -0.6711524279139791
-0.7935830034826536 0.6101041030704929
0.9359375595958457 0.35499561199791313
0.09144686069777543 0.9968141610493512
-1.0009634498049695 -0.00855407239472428
-0.587425619186346 -0.8105135050839919
-0.8127132185552437 -0.5843784941162504
0.9396790588800148 -0.34496994985414253
-0.7310177820450302 -0.6838230782402454
0.9939090286200756 -0.11893629735071516
0.7099743329312972 -0.7056468285047127
-0.9986868102869854 -0.06801216772612784
-0.9809269431370328 0.19945759506179878
0.1626266857147486 0.98770114968721
-1.0009736220450018 -0.007266909254281571
-0.4878729512065784 -0.8740600571362265
0.06514569141923633 0.9988778898791932
0.9987181642066932 0.06755019232846424
0.9962699481014705 0.09719665894408812
0.6782197881092793 0.7362193416482645
0.9749840644865788 -0.22673128147044602
-0.8158200054437076 0.5800333772446453
0.21068967210740058 -0.9785759357695631
0.5925054587740868 0.8068074623619373
-0.7935043594332204 0.6102063843983235
0.9411612498683144 0.3409054146626486
0.8919295829498239 -0.45438157869675255
0.7215089134991329 -0.6938486057788837
-0.8541407100233607 0.5219623046550289
-0.5336048064403216 -0.8469161177730572
0.9990456706605922 -0.06251998028092759
-0.9364269540739429 0.3537026430263104
-0.6249654347333846 -0.7819329929018929
-0.7636192613489563 -0.6472145113460255
-0.8104272322816429 -0.5875446376032345
-0.7677634411204634 0.6422930004903251
0.3732087323426041 0.9288251945889638
-0.7492471437689745 -0.663799455825352
-0.4451628821975361 -0.8965662319726204
-0.18328804578468583 0.9840764666795111
-0.9084470482244029 0.4203866798227192
0.6007538944921932 0.800684556022197
-0.792066802470559 -0.6120712216924306
0.6706013562708085 -0.7431654061968656
0.5043918644464924 -0.8646327816363379
-0.9354890670634554 -0.35617580687737027
0.7014601510152146 0.7141110953750209
-0.4822804457944554 -0.8771582363543657
-0.08274652372629418 -0.9975740638224381
0.3412306784961299 -0.941043369910798
-0.7981164719813657 -0.6041614826782803
0.1655089340363807 0.9872222610710017
0.8677574543414117 0.4989969944147085
-0.2903401597911529 -0.9579684710951858
0.8911855151187804 0.4558392015200909
-0.9797474339363621 -0.2051730140518333
0.9360897493306374 0.3545941076753878
-0.3251509730751625 0.9467195174434058
0.9692442995760636 0.250132940132454
-0.03646696246486529 1.0003355240361036
0.3496802144959661 -0.9379364304632032
0.44921938301946474 0.8945406340237494
0.7654116569461695 0.6450937880734238
0.13500258260985573 0.9918544765683468
0.9853943300394109 -0.17606536946878698
0.6330240469309726 0.7754234688266366
1.0008607458203669 0.016696331210746984
0.9892034238116616 -0.15322397436199758
-1.000873891919494 -0.015888753063892293
-0.5335385145709592 0.8469578817564745
0.9496771100175374 0.3164085755929162
-0.36514337156965915 0.9320253849540483
-0.3838081846571328 0.9244956881404024
0.9061857691906124 0.42523917001661315
0.7873295716361149 0.618153011500625
-0.5861251294401619 0.8114544550612519
-0.9815397775222915 0.1964196149611604
0.9952567460706763 0.10707478415018842
0.04473905510502127 0.9999997084741125
-0.626095009831656 0.7810288334395208
-0.3697062913286599 0.9302248427944763
-0.697640478774177 -0.7178431321505674
0.6181944988272803 -0.7872969970853997
-0.006131634574385286 -1.0009812201322492
0.6344455826899551 0.7742608104542057
0.07830213203393545 0.9979327513008781
-0.4366690076539134 -0.900733688586447
0.0459108614461924 0.9999465949745858
-0.6332616085578957 -0.7752294725606518
-0.9911927198082157 0.13977836813753364
0.21018478239823069 0.9786845034270281
0.47452673527344336 -0.8813769780920804
0.6618785208550366 -0.7509446208814261
-0.009997387728535157 -1.0009500747982414
1.0000736628201048 -0.043054255696495694
-0.9840973384279725 0.18317594956483874
-0.8425238548119172 0.540513232097853
1.0009987027191913 0.0016115689548328355
-0.8817361063605572 -0.47385909165080303
0.518905568558449 -0.8560011746014329
0.9046489270541033 0.4284989133940245
-0.6812735247364038 0.7333944262763635
-0.9868303477418188 -0.1678298685447889
-0.5540533750845522 0.8336821082147657
-0.99755321500566 -0.08299748931064979
0.9582782288266002 -0.2893161526029165
-0.5654452521025423 -0.8259979823672043
0.045393420143295615 -0.999970218260371
0.8598685585414492 0.5124715231423599
-0.32042184427125436 -0.9483305550881549
-0.911958989839212 0.4127127340553525
0.9697378575246781 -0.2482125856668979
-1.0005537302694993 -0.029887001251211385
-0.9008571542706166 -0.43641423853885264
0.9462500731095773 -0.3265146231642918
0.30266017534921724 -0.9541476920569378
-0.963591055632203 -0.2710964358039709
0.9660912715135918 0.26204704750340474
0.20474722339818976 0.9798365039692754
-0.7526632880996926 0.6599234612793812
-0.8356375535413713 -0.5510996997925076
-0.9542764910427721 0.3022538314779385
0.8926197791570821 0.45302420449415476
0.7768199170041358 0.6313096043508981
-0.8723924359884351 0.49084869117699015
0.3324758867295987 0.9441720101461212
-0.49596837385254106 0.8694920195942376
-0.24765090537622583 0.9698814510373603
0.9597962027340766 0.2842397741647838
-0.9984837065078663 -0.07093157152011402
0.5873483785496199 0.8105694801897814
-0.6143902243659135 0.7902693542100709
0.17034577663028216 -0.9863991668610766
-0.0360291080185108 1.0003513899502465
0.10046218068096402 0.9959459574961009
-0.20919601311305255 0.9788963316396704
0.9312242164753248 0.3671817787553152
-0.835436876447757 -0.5514038678420882
0.47586427371474743 -0.8806555473066277
-0.17433030321478943 -0.9857027672584873
0.8973144687889342 0.443652729172303
1.0008131281851012 -0.01934121124315254
0.05420525881482802 -0.9995312851115854
-1.00097241178073 0.0074317463539198296
-0.31773436700871327 0.9492343609570675
-0.3575824268439682 -0.9349523025333315
0.9985665232519995 0.06975599358058125
0.7525104069800229 0.6600977862307676
-0.4554205257713978 0.8913995426889693
1.0009684066613243 0.007952915559080787
0.800760033336974 0.6006532851905234
0.59130404060663 0.8076883876609052
-0.9997550275276749 -0.04990876609512702
-0.9979412736217688 0.07819344219409956
-0.7275267683682358 0.6875360363702192
-0.9989190073464231 -0.06451214429885763
-0.572639538395032 0.8210267712241328
-0.8860966067145402 -0.4656541673484493
0.9057495926254414 -0.4261674265577403
0.21607616040897884 -0.9774006818612893
0.2531065142095618 0.9684720401047646
-0.5656188197188835 0.825879138118779
0.06555595870194039 -0.9988510480940938
0.30584080030262506 -0.9531329418660598
-0.9402194754024157 0.34349430573738227
0.8799714138325676 0.47712819119971533
0.536707627716554 -0.844953207196037
0.44160293341897894 0.8983250242511075
-0.9420971063162614 0.3383105707342396
-0.9197016430983148 0.3951580540521221
0.2950127091081708 -0.9565398587955746
0.5836292002544701 0.8132514719386172
-0.9890945490889465 -0.15392521873472764
-0.6030923184667036 0.7989246869426779
0.8768461439552736 0.4828476362485039
0.8043411961056101 0.5958491757545666
0.7076442697056425 0.7079834655927834
0.7970532855326532 0.6055634236160593
0.7427417278094618 -0.6710705818098537
-0.8122093066586438 0.5850786632386153
-0.0217011617945895 1.0007647373767548
0.6859702271753009 0.7290033247037122
-0.997400583201359 -0.08481200757905082
-0.6081041015974361 -0.7951165962425732
0.9119652247191785 -0.4126989567504359
-0.03013628408946455 1.0005462529944726
-0.6309220893425539 0.7771346840668137
-0.9649010474443737 0.2663962624376526
0.6003884723345736 0.8009586021060995
-0.9345266730374201 0.3586933193991923
-0.767399635756679 -0.6427276243017072
0.6360911258191642 -0.7729094899495724
0.9978141811806451 0.07979887113737114
0.09859263152197371 0.9961327687660778
0.5307584088599777 -0.848702840471519
-0.9715259462159448 0.241118924660038
0.96158605334575 0.2781245440642456
0.49426288214924147 0.8704626375264621
-0.7860689868362921 -0.6197552322765538
0.7259139022037773 -0.68923871524116
0.9824072903794488 -0.19203363197447781
-0.9971900627167624 -0.08725238574926966
0.8105145318792777 0.5874242024402088
-0.9716301053559835 -0.24069885410180195
0.5246047468944556 0.8525202986063172
0.940425500204918 -0.3429298449600584
-0.6767645439206113 0.7375572873288738
-0.8382027829122429 -0.5471901814891887
0.5141092167785596 -0.8588903965136273
0.8796885421191443 0.47764952513772524
0.9988217104610752 -0.0660014447691276
-0.9476663548498412 -0.32238095459504873
0.8354724189495947 0.5513500133078015
0.8750975523877207 0.48600954085801673
0.9401191862127252 -0.34376869507667984
0.8528548707939543 0.5240606542787082
-0.5907881423209701 0.808065820891428
0.7895960604442459 0.615255281432778
0.2507343889974379 0.9690888845581098
-0.46143591742398876 -0.88830056518674
0.4727449990966117 0.8823339310199652
0.9914461428426656 -0.13796936559396322
-0.552092351854621 0.8349820567075877
0.6782343864267549 0.7362058931225173
0.2159643609861081 0.9774253909040126
-0.47845527168450186 0.8792505632624351
-0.7956193796835265 0.6074461314980946
0.27232662346816183 0.9632441072492631
0.9725383455687329 -0.23700246074341064
0.9976678120420726 -0.08160843593148762
-0.9883657355239995 -0.1585376070278065
-0.5351354549884669 -0.845949788589303
0.696995983070842 0.7184689273608919
-0.9454822851111113 -0.3287312710118573
-0.41871813403043984 0.9092173140861687
0.20875248675207872 0.9789910108243197
0.8808279660283993 0.47554504966645694
0.9714741663066523 0.2413274625872385
-0.30576418302767056 -0.9531575233808004
0.9358016510941743 -0.3553537249128216
-0.4556338736027912 -0.8912905100054166
0.9143512870938021 0.4073852277512127
-0.6280945104447975 -0.7794217638410607
-0.31323974656370135 -0.950727017167761
-0.5787730223934552 -0.8167146310367809
0.9486958972363656 -0.31933852659346823
0.510797881661658 -0.8608638243589766
-0.8146854148803943 -0.5816258890224538
-0.011326589579114605 -1.0009359162146727
-0.9456790559978423 0.32816478032694163
0.5572419663643238 -0.8315542020352141
-0.3962880285909586 -0.9192153166671515
0.8945594811252255 0.44918185040022185
-0.9719932208615869 0.23922829807344784
-0.7519053470930953 -0.6607869164963937
0.8821506849489282 0.4730868514809271
-0.5544455740739961 0.8334213252549739
0.27328826413060153 0.9629717154145715
0.658037189278263 0.754312970541249
0.002094068241044721 1.000997809627075
0.8100242478021655 0.5881000917977619
0.9223012254119889 -0.38905198830431853
0.26187574598399016 -0.966137719823281
0.07278215142491916 0.9983505188229034
-0.6254152473003753 0.7815732649241595
0.41427941202474583 0.9112483573496475
0.38846723290805335 -0.9225476729994826
-0.951468084494852 -0.3109814852811935
-0.28857781845067026 -0.9585008308281491
-0.847644837325054 -0.5324464571730971
-0.9738232211446735 0.23166642820964006
0.9219778003151935 0.38981782376638086
-0.2592855085457319 -0.9668360900681052
-0.612843460864488 -0.7914694513849772
-0.16603541774733666 -0.987133851133405
-0.9967173349212411 -0.09249623920732405
0.46804220457399587 0.8848375527392097
0.9751856290672632 -0.22586276554732565
-0.9107007004467421 0.4154819300593148
-0.9908548911209993 -0.14215338455904786
0.6008768724993941 -0.8005922708191398
0.8930416519575951 -0.4521920033225371
-0.8431404084248975 0.5395509722733312
-0.8202633761181535 -0.5737325106696052
0.32942158831659635 -0.9452419886732555
0.2761925824882945 -0.9621427427250318
1.0008202387274399 0.01896970620621641
0.09180817047334008 -0.9967809487717642
0.09423476992954227 0.9965544682235519
-0.8974806086970617 -0.4433165426788758
0.9211804274288066 0.39169837901385457
0.6702639152976774 0.7434697598758324
0.2741366259804106 0.9627305491652773
-0.5360850040197424 0.8453483710667176
0.9974816058173455 0.08385371820050556
0.8826336819448913 -0.47218511570824045
-0.6856773564186057 0.7292787964110792
-0.9444569646853278 0.331665557237072
0.9211078019301023 0.39186913277712426
-0.35295069385420474 0.9367106317896874
-0.6518224900921235 0.7596897007397846
-0.9900796772232842 -0.14745586712449757
0.9769766683245535 0.217985296635932
-0.02691247145660122 1.0006381558186244
-0.0502320712558186 -0.9997388354052024
0.9722889643590652 -0.23802346477937095
0.8169273209983682 -0.5784727756830299
-0.9999378497883404 0.04610093882634387
-0.9915549516734913 -0.1371851953083144
-0.5038296035201422 0.8649605370285608
-0.5441254685634798 0.840195497762618
0.874687304871146 0.486747489667128
0.999711594912159 -0.05077132062678055
-0.6263227804070843 -0.7808461914763618
-0.7655893980867543 0.644882837062021
-0.12282155484566334 -0.993436392360021
-0.29447505786972805 -0.9567055138822083
-0.9094473484717248 0.4182182687996175
-1.0006140175946032 -0.027795463536111144
-0.7898083896818036 -0.6149826888524882
0.23081088459062354 0.9740263525975537
0.7817620250588497 -0.6251792832267288
-0.9924850758413083 -0.13028574070968957
-0.987287610139261 -0.1651186690398957
0.4337591710551412 -0.9021385600480432
0.7218535050046154 -0.693490098928998
0.8646576035756983 0.5043493120633067
0.1942781454346985 -0.9819658864779642
0.39148585653413503 0.9212707659172382
0.6769498015267507 0.7373872566114041
-0.23561854265259258 0.9728745563320425
-0.9416430940289924 0.3395722065592326
0.7322965326866471 -0.6824535062662617
0.9300982332768223 -0.3700246970883616
0.28773647230546573 0.9587537340241268
0.4559328799809649 0.8911375926041181
0.7770092413514084 0.6310765713085131
-0.5680332621894315 -0.8242203667990936
0.234368513299332 -0.973176448530204
-0.7506946468790043 -0.6621620248452844
0.9763776966163832 0.22065265362121983
0.5061953241514524 -0.8635781920632353
-0.08389965223570843 0.9974777432879027
0.8945822426521178 0.44913651725450626
-0.025005488589194626 -1.0006876263552056
-0.0714084408519402 0.9984497155966819
0.0004247530580807586 1.0009999098825333
-0.5785224177788069 -0.8168921667682728
0.03956909271123728 -1.0002176197718222
0.8978582821017063 0.4425511329342325
-0.8990203417916146 0.4401856711035566
-0.9520462550278925 -0.3092069344102183
-0.5149906895052052 0.858362155341761
-0.2606331756150397 -0.9664736663607653
-0.5050859858922142 -0.8642274855935155
-0.9934602605174018 0.12262834408364252
0.9337033226428056 0.36083113125918714
-0.9053415905705312 -0.4270334932803523
-0.5013916563085739 0.8663760193958193
-0.9725530476572269 -0.23694212266424813
-0.6874680552699338 0.7275910066674651
0.8922465026728708 0.45375894312732923
-0.5653186214632524 -0.8260846543949887
0.40277433731644685 -0.9163917465796476
-0.6720918655478699 -0.741817716332243
-0.5727564301492467 0.8209452306473868
-0.9983283627772497 0.0730854299740791
0.9548921929731159 -0.30030301330321924
-0.12837317135557452 0.9927342690146806
0.47512750967813566 -0.8810532614700732
-0.5210717741398534 -0.8546842728135026
-0.5279856325363447 -0.8504305802563757
0.8312212678223486 -0.5577384726911058
0.8011652053988 0.6001127507879652
0.8757095440336455 0.4849059645832216
-0.7427747803071875 0.6710339974543833
0.7989674864954495 0.6030356171265042
-0.24675419949865915 -0.9701099757397488
0.05737200726037011 -0.9993545180679958
-0.12152795591658186 -0.9935954689564247
-0.7113432150864274 0.7042668743810863
-0.65571762158626 -0.7563302193759405
1.0009812927786843 -0.006119763648549634
0.6082216537463169 0.7950266787436101
0.971485916042554 -0.24128015859361426
0.5724436615801681 -0.8211633542217345
0.9752768329964003 0.22546862092209502
-0.22150521536955636 0.9761846339520442
-0.9955392330897028 -0.10441568550350268
-0.47649623955487036 -0.8803137700218414
-0.19431573888242834 -0.9819584480122242
-0.8157032933475549 -0.5801974984623365
0.25420094759698575 0.968185353246368
-0.9952479338046606 0.10715666221730587
-0.8169845477635922 -0.5783919507699937
-0.95031723546523 -0.3144807656721198
-1.0007753955991376 -0.02120395159845305
0.9438492244843527 -0.3333911238174854
-0.7157469337642542 0.6997909164936826
0.6949779716684765 0.720421139956047
-0.04477327449887171 0.9999981769436626
0.5433471785511497 0.8406990207919272
-0.17860193274997568 0.9849377389550942
-0.9330428649832228 -0.362535532194983
0.580014613416778 -0.8158333458635934
-0.9312801684550177 0.36703984503374265
0.9768883299427061 -0.2183808389528495
-0.9459309177697944 -0.32743808392915214
0.11615338359670051 0.9942380959704963
0.9972730838097231 -0.08629829841106329
-0.14787471669649774 -0.9900172059928709
0.9511957971856152 0.31181333425051305
-0.14998102501835853 -0.9897003042004395
-0.34556614129316543 0.9394599735974662
0.10246328997703211 -0.9957420721286626
-0.6749064283101698 0.7392579475566088
0.4149597675811748 -0.9109387417872716
-0.34794246843397786 0.9385824623654921
0.0026249092583258272 1.0009965583614089
0.987996860187425 0.16082040996027125
0.8794149708982602 -0.4781530183529245
-0.8203462999015717 0.5736139365791252
0.5065068122633024 0.8633955345789481
0.08991555815981866 0.9969534554836591
-1.0009998661782937 -0.0005176012345143784
-0.9815722291342969 0.19625737945954358
0.8739481059136684 0.4880734659555991
-0.4981254560910886 0.8682580434375744
-0.7713468469514609 0.6379851422235783
0.7746236293107719 -0.6340025496111257
0.9904347502919233 -0.14505173357866338
-0.21084066727868148 -0.9785434139686805
-1.0005293566425832 0.030692124337990734
0.14852049526290192 0.9899205334201642
0.8795855351487292 -0.4778391846187623
0.9943825968935585 -0.11490975152363192
-0.6392487519316811 -0.7702999631012506
0.45139683510904666 -0.893443841130228
0.9219477957704993 -0.3898887814158259
-0.5352007673926369 0.8459084693879904
-0.18308984386738825 -0.9841133619012676
-0.8825705013103398 -0.47230319733918336
-0.37759712402678064 -0.9270498432806642
0.5886286716081538 -0.8096402206911538
0.9188265028382323 0.39718869279230984
0.03738764195991999 -1.0003015366521621
-0.9133708940732803 0.4095785759286936
-0.41411076159219057 -0.9113250118006945
-0.9858082636232226 -0.17373274697697877
0.25107723869139753 -0.9690001136280135
0.0989468272640153 0.996097648513631
0.148416699168593 0.9899361006690782
-0.9822978063268419 -0.1925928858641307
-0.7924781864245803 0.6115384894192745
-0.7271348324310365 0.687950532716916
-0.8106318670907668 0.5872622719509039
1.0009757942670365 -0.006961270823298915
0.23774286867664984 -0.9723576134290292
0.6359026591820186 -0.7730645561951716
-0.8790112626652659 0.47889476934668546
0.9887308799605117 -0.15624419033203243
-0.9980743822875426 0.07647566555016119
0.8173995317284695 -0.5778053353250374
0.09994456229215341 0.9959980343696617
-0.9747396163779684 -0.22777989433514767
-0.4220966606965484 0.9076537935957867
-0.09747027959939668 -0.9962432155828291
-0.31782794220595284 -0.9492030336830627
0.46008561649105234 -0.8890006892562279
-0.668443496212353 0.7451068999622845
0.9526642491998202 -0.3072976216903457
-0.87402475080391 0.4879361997045958
0.6332896036856425 -0.7752066033411233
-0.6225112542179861 -0.7838882180336363
0.668098053226463 -0.7454166561561462
0.9679354658462769 -0.2551508063027646
-0.9846757462876274 0.18004075836572095
-0.6623193636463826 -0.7505558343914533
0.026800630362433273 -1.0006411575645768
-0.8898092068933613 0.45851998356430174
-0.7690483242288578 0.6407539894536636
0.19773069800257057 -0.9812765008229924
-0.817307192368604 0.5779359422137972
0.3238786977306451 0.9471555253263856
0.9140572461602442 0.4080445450461883
0.3201547378889961 -0.9484207630620642
-0.6366314796178788 0.772464471130906
0.3054441859968478 -0.9532601162540699
-0.9471329596765181 0.3239446815343618
-0.6304029321021628 -0.777555877861518
0.9980328383233414 -0.07701593100297521
-0.9981943026139133 0.07489415350428379
-0.961189555459032 -0.2794917502833824
0.983073207257084 0.18859498713717257
0.987712287955335 0.1625590238099297
0.12409951743192031 -0.9932775592819786
-0.4307390073137934 -0.9035844772783161
0.731643683329498 0.6831533653902652
-0.7812729176478608 -0.6257904027308177
-0.6207864292193004 0.7852548690056945
0.9694940362938557 -0.24916322680252825
-0.8590898196234866 0.5137759062269125
-1.000600009177727 0.02829525814571405
0.9130538078616278 -0.4102849545735033
1.0000458639269458 0.04369519473132855
0.7297275930581563 -0.6851997080629485
-0.39770007990423295 -0.918605272379909
0.9545751270561955 -0.3013093539962679
1.000813383534179 -0.019327993658640446
0.5500602431138246 0.8363221442396227
0.8853562052609175 0.4670603706224582
-0.5867615069405422 -0.8109944105682012
0.8753039326984771 -0.4856377512123414
-0.8281530832204599 0.5622841548118229
0.6693312221987547 0.7443095558905053
-0.6302195553999059 -0.777704514575777
-0.014900095920283839 1.0008890983228693
-0.7692047699342557 0.6405661729364024
0.8450562370826102 0.5365453905941038
0.8433045262691247 0.5392944242007395
0.150935555201503 -0.9895551819762322
0.9024085214553208 -0.4331972534594627
-0.19514329336300495 -0.9817943242122762
0.91354859639287 0.40918206464679907
-0.3247498776273314 -0.9468571787661713
-0.7738775952382181 0.6349129606397343
0.9806563180469011 -0.20078392832768083
0.9584936935730654 0.2886015235245004
0.055535681721063476 0.9994582472798834
-0.19022274781476753 -0.9827595363128252
0.9768104949006736 -0.2187287293701974
-0.22102134317883346 0.9762943028920247
-0.703494336732755 -0.7121072378405805
0.1645007382400521 -0.9873907570554212
0.5609895272224931 0.8290306088116913
0.22391880004529882 0.9756338303822154
0.9448972972866577 0.33040898532026874
-0.4704239840372543 -0.8835735822457105
-0.9518145369014833 0.3099194852586958
0.39127984014615647 -0.9213582835657355
-0.6877911969184586 0.7272855487643586
-0.7233458605174055 0.6919333537793465
-0.2652997498888471 -0.9652031095623943
0.41937719456308836 0.9089135100109326
0.35331342464767046 0.9365738753369831
0.8801354507422503 0.4768255323981045
-0.1082251356185602 -0.9951323128209355
0.35640439569836324 -0.9354020027383331
0.32874397513622755 -0.9454778679649944
0.702114103370388 -0.7134681393365763
-0.6080486071276137 0.7951590352691523
0.9440274012263833 0.33288626546278716
-0.9951478991103242 -0.10808172322972968
0.4897978501936178 0.8729828554706618
0.9512924207604678 -0.311518426748225
0.36030947633402316 -0.9339047495670542
-0.942913400061241 -0.33602874874770755
-0.2611703108160693 -0.9663286546244181
-0.4973685377607427 0.8686918542531297
-0.15238407613022178 0.9893331558893287
0.5914400187235251 -0.8075888212774593
0.03071232290178589 -1.0005287368296707
0.9501664461170031 -0.3149360644216285
-0.9804607411428315 -0.2017367965385824
0.1910650629115795 0.9825961234070661
-0.7645963521695278 -0.6460599184665857
0.9980362045884017 -0.07697229586531643
0.3154514520317092 0.9499954638897421
-0.07301379248770944 0.9983336046164938
0.9386948430998647 -0.3476391685896747
0.45643795444125257 0.890879000619885
0.8573637757740715 -0.5166510969604416
-0.2823752435635964 0.960346407200235
0.773940791100827 0.634835925157222
0.7083945297822154 -0.7072327694434372
0.8116325956008077 0.5858784257491445
-0.20717206709827166 0.9793266741053412
-0.7482779921103444 -0.6648917554935625
-0.31183423715132164 0.9511889447109093
0.992586228520234 0.12951285245865624
0.4674960403032969 -0.8851262352346914
-0.23847080694435666 -0.9721793426293872
0.7304068205363524 0.6844756215629426
0.18971893472164547 0.9828569203134727
0.07673421893114381 0.9980545374101695
0.3338195253267125 -0.9436977929987165
-0.9282114902929697 0.3747324769593692
0.6719781990477002 0.7419206830953087
0.9701280790397381 -0.24668301574828322
0.5429778659893958 -0.840937594025622
-0.3549523706609484 0.935953959638065
0.8322670851369112 -0.5561766796600784
0.996621682031243 -0.09352124306923995
0.9709817438947362 -0.2433011570526063
-0.9675304562143935 -0.2566823256431333
0.5185202327407186 0.8562346455490523
0.9777757383976126 -0.21437258546979263
0.8836578352011605 -0.47026570179803534
0.9471878851893506 0.3237840486350829
0.7437604153346807 0.6699413739881894
-0.7666473213492407 0.6436248011598326
-0.1897107662989148 0.9828584970128094
0.8516086950767757 -0.5260832923308164
-0.03290891068226458 1.0004588965058518
0.9967915229002118 -0.09169329241703832
-0.7363538740421249 0.6780737217907463
0.9606547443413499 0.2813244784487402
0.09796259011209618 -0.9961949261758611
0.31443621736743954 -0.9503319763154644
-0.14400809573435175 -0.9905870322000818
-0.5649793394729267 0.8263167346536892
0.9462934050277835 0.32638901881179055
0.9628337633155892 -0.27377389250901907
-0.8982275676290451 0.4418011280556096
0.993565132811422 0.12177572361280163
-0.08981071395147104 -0.996962905859354
-0.07274320697076496 0.9983533572035547
-0.9564952081825702 -0.2951574439579352
0.22295479902611165 -0.9758545780961557
-0.44613177826909456 0.8960845029451494
0.9285399141470286 -0.3739179426502943
0.709957793229341 0.7056634692492763
-0.9892850237416503 -0.1526962402958315
-0.9598961785479748 -0.28390196619430885
-0.9823729562112511 0.1922091956821194
0.8418985283073624 0.5414867200900658
0.9868243847763625 0.16786492668438435
-0.9812397043920567 -0.19791321968122613
-0.9981027881433177 -0.07610403603315348
0.4988219774625709 0.8678580729591275
0.23921136533725895 0.971997388213304
0.9968646168407298 0.09089519069227477
-0.9838830563367414 0.18432344249571858
-0.1504054886408313 0.9896358870749953
0.0038562149941049196 1.0009925722031703
0.1498476996975164 0.9897204993811954
0.9930536202063678 0.12587893944193781
0.3697513221791132 0.9302069445810419
-0.959516483277401 0.28518260521807587
0.10282015604867728 -0.9957052854686098
-0.9670943830554725 0.25832044878900934
0.956719757218807 -0.2944287794139476
0.4599923756329153 -0.8890489381128505
0.41308423762693275 -0.9117907723947286
-0.9505781726901552 -0.3136911500266551
0.23977276700253486 0.9718590536718522
-0.7059036315302305 -0.709719002840161
-0.4923256738973185 0.8715597689324301
0.5823812780056903 -0.8141455932623224
-0.9993331675179424 0.05774270775220024
-0.399587852701293 -0.9177856764918321
-0.8043728227512758 0.5958064803433617
-0.9068408291623629 -0.42384043054446585
0.998849932453561 -0.06557295507689606
-0.8430173350729592 -0.5397432470781696
-0.5663308588622429 -0.825391033571576
0.2228543993315285 -0.9758775111142707
0.5062164192875621 -0.8635658265839837
-0.9825788305310168 0.19115397404265302
0.3873369123203073 0.9230228146444542
0.38221268005862474 -0.9251564555265251
0.852287095922567 0.5249835293834247
0.9957414817922476 0.10246902672602584
0.28318612292175566 0.9601076084400875
-0.34376987639590134 -0.9401187542447745
-0.7022913764024504 0.7132936440420253
0.8351369728366691 -0.5518579858996376
-0.7908527552212973 0.6136390792305221
-0.16446633921026949 -0.9873964873680544
-0.3488151549768406 -0.9382584865901734
0.5899911968712658 0.8086478761577324
0.3770413594710095 0.9272760178330145
0.2324300977227181 -0.9736412325249006
-0.7094025265725044 -0.7062216757453337
0.48167442324226867 -0.8774911680434327
0.2596641538727612 -0.9667344657110054
0.3565352938424423 -0.9353521177848925
-0.9568832902862613 0.2938968675759215
-0.7072183203382729 -0.7084089548967545
-0.6030939608110588 0.7989234471670168
-0.9008332553516946 0.43646356784096957
0.9987337809655134 0.0673189034248919
0.37128776687583975 -0.9295947472788086
-0.19562697559427317 -0.9816980627564861
-0.7029759375816269 0.7126189944010984
0.05934523012187159 -0.9992392824853225
0.8009645236565683 -0.6003805725068113
0.1766187720946393 0.9852952904301236
-0.29580721981442837 0.9562944571133194
0.7238211235577048 0.691436172825563
0.4440445722531542 -0.8971206261437273
-0.9949804163052878 0.1096128239256524
-0.2387154373020174 -0.9721193033746972
-0.4873379060582917 0.8743584878748074
0.622211994675344 0.7841257766979286
-0.9920708328778091 -0.13340338283990513
-1.0002952166947612 0.037556350429463564
0.4484590744782998 -0.8949220404694852
-0.7314045149253511 0.6834094201478437
0.3650161321343547 0.9320752240466835
0.9223543715840012 -0.38892597395890405
0.7329027766407713 0.6818024053875489
0.7327105983888023 0.6820089288335771
0.07975473188015283 0.9978177101769266
0.5308765074851174 -0.8486289729913798
-0.1747335925720316 -0.9856313568606019
-0.9395468679720165 -0.34532981754255476
0.9400872183741087 -0.34385610631429947
0.5662249463231361 -0.8254636940298232
-0.496588044276838 0.8691382595889477
0.0102127520308676 -1.0009479005902135
-0.6735452988167623 -0.7404982987433788
-0.2838551256357921 -0.9599100310186828
-0.09653613312927851 0.996334168339341
0.9919415288640827 0.13436146514081418
0.5560469553604581 0.8323537609901001
0.025714579270603898 1.0006696559868975
0.7697841560332829 -0.6398697938800724
1.0004402919698694 0.033469720692624993
-0.3046007268478682 0.9535299665997657
0.9815670365516375 0.19628334813538453
0.7188009070041425 0.696653612701479
-0.8644181336018595 -0.5047596361638655
-0.9215545868026519 -0.39081727641315145
-0.22384281789632646 -0.9756512660147744
0.31544901811603665 -0.9499962720819637
0.5715625456786063 -0.8217768896588605
-0.856646983227354 0.5178387259827846
-0.20860968069790853 0.9790214507962104
0.9475560802958488 0.322704934412796
-0.8240251772974315 -0.5683163794753207
-0.9206130505538511 0.39303003848297957
0.8965995351471467 -0.4450958026918704
-0.9074121069862829 0.4226159818259536
0.7423203720886431 0.671536644705394
-0.9925753143289437 0.12959647134393243
0.7070118170231865 -0.7086150510605685
-0.24299415606492086 -0.9710586182709553
0.4328408359225292 0.9025795315416177
-1.0000829401347038 -0.042838217184266295
-0.8535343385938805 -0.5229532797880772
0.49713583371472786 0.8688250473120365
-0.5269587506924234 -0.8510672564895682
-0.7017812324690842 -0.7137955601950555
-1.0009755885051532 0.006990795145218921
0.8319735984075883 -0.5566156048411947
-0.9138883940920844 -0.40842257913072194
0.07133936431144715 0.9984546535019198
0.21239847931330214 0.9782064638844893
0.13435327432383468 0.9919426383004536
0.994461375582748 0.11422597110144687
0.9859779323503827 0.17276723334609556
-0.052848378819155585 -0.9996039459987076
0.9387226736268908 -0.34756401139758714
0.022838422055086797 1.0007394298607575
0.9989395447565538 0.06419334795419937
0.12194056417407319 0.993544915345506
-0.489628695353486 -0.8730777403452932
0.6459488253708737 0.7646902085171409
0.620852739103547 -0.7852024429073199
0.9634483048145877 0.2716033209478436
0.43133672437285964 -0.9032993026717622
-0.5380002381920385 0.8441307622076747
-0.9162417344690275 -0.40311547231182787
0.9596478663383894 0.2847401844351737
0.9547429704646645 -0.3007770941217247
0.7727523917081611 0.6362819666699007
-0.6385396242088204 -0.7708878960752066
-0.8668797029091841 0.5005203099616286
-0.5773462018532873 -0.8177238917908558
0.17478920596170475 0.9856214960517434
-0.9604580042956816 -0.2819954290132313
-0.9971310642733896 0.08792406190012647
0.4302068678209742 0.9038379560959292
-0.3545528903367821 -0.9361053615666528
0.279414852300119 0.9612119122826677
0.8771769358959537 0.4822464340274439
-0.998585283566547 -0.06948691563394528
-0.1368642714919514 0.9915992997118229
0.6387810499048534 -0.7706878552841308
-0.9247988586381553 -0.3830771085063232
-0.019342408571118325 1.0008131050454265
-0.7810463391513097 -0.626073171520979
0.3924201446926503 0.9208731889024675
0.9434267726308113 -0.33458470479597757
0.9961848820779468 -0.09806467620579482
0.9203696628940486 0.39359964891282023
-0.9828203761524131 -0.1899081573277701
-0.9081938945724939 0.42093330809196594
-0.5917812471716746 0.807338810844578
0.4121611604202247 0.9122084070216925
-0.8978116767286444 -0.44264567447304853
-0.49889424228339607 0.8678165330393723
0.008053166867405558 -1.000967605121867
-0.8951514161296309 0.4480010515625118
0.06189961870849568 -0.9990842993480294
0.24456216365125744 -0.9706649000093779
-0.6126250802302099 0.7916384977203478
-0.5476030959501348 0.8379330816394753
-0.2505798190584277 -0.9691288636092961
-0.286739394764324 -0.9590524070613603
-0.8137938647776266 -0.582872666755179
-0.268846019609583 -0.9642213530824153
-0.7501438783992215 -0.6627859094007461
-0.9980209681257967 -0.0771696001107155
-0.9735634353111376 0.23275574627745793
-0.6836464349479243 -0.7311829811907505
-0.12779462460056093 -0.9928089110816852
-0.9711043214575338 0.24281144298921067
0.8937020206837032 0.45088546020676445
0.13091565954998266 0.9924021816202305
0.9736513623508065 -0.23238766015522114
-0.4955904278567376 0.8697074955505304
-0.9248882406640392 -0.3828612572216969
-0.6003641024173537 0.8009768689098364
0.019666399719525055 1.0008067909052536
-0.9564916182053668 -0.2951690774842092
-1.0009933966414422 -0.0036359153219475138
0.8479894908687293 -0.5318973804938254
0.9877566889640532 -0.1622890119717616
-0.8454236385986622 0.5359662967935566
0.8225524270194638 0.5704458824502019
0.984367612021767 -0.18171792537491693
-0.1467299225108069 0.9901875225632631
-0.23685024637005767 0.9725754267893277
-0.391208418883682 -0.9213886112789379
-0.7985195539353616 -0.6036286291942018
0.823506202586481 -0.5690681279966342
-0.7760740675188303 0.632226258332235
0.9350421291459678 0.3573474733675547
0.08199748963117434 -0.9976359113896138
-0.9104257565161638 -0.41608405625783224
0.5757149902467533 0.8188731586791576
-0.8199887068640216 0.5741250043461527
0.9850074095709259 0.17821729178273954
-0.9464042971346425 0.3260673340969368
-0.6858441029538407 0.7291219832397329
-0.6914984934270664 -0.7237615861511977
0.8578075776663454 0.5159139072541045
-0.9539840583776684 0.30317555369995347
-0.24023420892084477 -0.9717450925341357
-0.6871796250072416 -0.7278634232978786
-0.6997227181501384 0.7158136054201415
-0.6026609782998723 -0.799250114316314
0.9323640899254317 -0.3642776466069821
0.7046176376229326 -0.710995769854278
0.20242972975290852 -0.9803179099211462
-0.9650889091549553 -0.2657148799485993
-0.9392176271411322 -0.3462242753871848
0.0011372822811059698 1.0009993539403574
0.998098710864209 0.07615749057843253
0.896372724249439 0.44555239784074685
0.7078788085750461 0.7077489614053653
-0.8617811923677704 -0.5092486391549652
0.08780672502572757 -0.9971414037338217
0.07734706002718623 0.99800723058761
0.6462446561029549 -0.764440216405687
0.681858939883798 0.732850179846156
0.9935847334943901 0.12161569539694185
0.9731174981069477 0.23461316007009178
-0.8987652763770781 0.4407062263899096
-1.0000460760555308 0.04369033950355196
-0.7507798267775723 0.6620654436714232
0.9181799125610864 -0.3986811359586955
0.6661739516514738 0.7471367118145512
-0.915749320275754 0.40423283193537685
0.29714636583518733 0.9558791959609442
0.35352146680566854 -0.9364953670507765
-0.6262937838426818 -0.7808694489605904
-0.9855684943215469 -0.1750878151121859
-0.2002615823696464 0.980763120547875
0.26869529227485356 0.9642633664665121
0.7113218883147697 0.7042884147877986
0.7521171961583564 0.6605457767958951
-0.9955258885939726 0.10454283877521792
-0.043662535002163855 -1.0000472904004014
0.6811106401015969 -0.7335457013304577
0.514658493539056 -0.858561375224922
-0.04335728022674832 1.000060571291229
0.9640339025197754 0.26951741092644155
-0.9862954457967907 0.17094529417480264
1.0009475963016004 -0.010242531818266428
0.8684991500871698 0.4977049590850624
-0.9599086290050834 -0.28385986676806046
-1.0001133625244134 0.04212199069501511
-0.29021389059834174 0.9580067315545198
-0.6667846817953036 -0.7465917144752785
-0.6320283995374978 0.7762352106018311
-0.17398462850050472 0.9857638404027312
-0.7517033782022601 0.6610166648423548
0.4933896508641406 -0.8709578935977108
-0.4740323535820201 -0.881642970684557
0.9945560296454656 0.11339887078735666
-0.9994421630917055 -0.0558243910362893
-0.9703958296658703 -0.24562763233619922
-0.9968561631844126 0.09098785589984977
-0.691672167870126 -0.7235956137193207
0.11967660178107395 -0.993820160283607
-0.3921787245876686 0.9209760300793879
-0.9171374851272415 0.40107335161349095
-0.8697721283141318 -0.4954769871627799
-0.4068975542087781 -0.9145684120823956
