1000
0.01791781095272139 1.0008396235414856
-0.09714838778952357 -0.9962746562820397
-0.8684359109289727 0.4978152956759821
0.701730879860347 0.7138450617959218
-0.9678972668153254 0.2552956734678886
-0.623609612206238 0.7830147198897256
-0.8736333086842596 0.4886367177744558
0.4539335872067467 0.8921576645445662
0.43909537672321924 -0.8995533614746233
0.3728311870057432 -0.9289768059515202
-0.5761884031937249 0.81854011754163
-0.644213378972114 -0.7661528061381303
-0.2713917208057768 0.9635079314038257
0.32482923359892685 -0.9468299578063285
0.9826826973086891 0.19061929705598857
-0.9913124319366771 0.13892682349996702
-0.3095144465982275 0.9519463258750427
0.6649785494845531 -0.7482008612167054
0.134933472622924 -0.9918638807648551
-0.3295225896500573 0.9452067831487033
0.6553261147450824 0.7566694676892382
0.825891740405501 -0.5656004182547716
-0.7427348008915876 -0.6710782484513513
-0.9997870036065498 -0.049264058089408876
-0.9551679440927908 0.2994247794982093
0.5192768716017816 -0.8557759815626207
-0.9688160838776958 -0.25178640872748737
-0.9911571855501802 -0.14003011651871725
0.9968211217744545 0.09137095372336973
-0.3348293181735274 -0.9433399852075871
0.3841447557762788 0.9243558874208477
-0.9917989971418003 0.13540956121529604
0.41769493160270044 0.9096878278362394
-0.643070026504455 0.7671127303151472
-0.8391179790477629 -0.5457856880120606
0.9342842425423742 0.35932430217983047
0.9658782080348847 0.26283129045705333
-0.298941913724271 -0.9553191781906561
-0.9833686658585806 -0.18704830126872357
-0.052660413329769104 0.9996138658841913
-0.8547242417352382 0.5210062097423812
0.9255376116573557 -0.3812887743005262
-0.4712072845595361 0.8831560988738222
-0.2649633544900012 -0.9652955095603657
0.9932865339642587 -0.12402766403214066
0.4722162852059453 -0.8826170063998866
-0.6294268374166926 -0.7783462316601915
-0.07140291409877436 -0.9984501108509143
-0.07257105485007997 -0.9983658858344203
0.9593417464761983 0.285769861021063
0.9542196995434612 -0.3024330752467175
-0.8002692760972985 -0.6013069812788687
-0.9803388740569997 0.20232817898813296
0.7826950910130961 0.6240107326833418
-0.7899909401433833 0.6147481716047419
0.9528488782823406 0.30672465690923095
0.9997977739521784 0.049044991592096784
1.0004865098080664 0.03205844182229658
0.9992629894714221 -0.05894470181989665
0.4010917234950159 0.9171294507013706
0.5633341978324194 0.8274391709077499
-0.8521181555146493 -0.5252576977468412
-0.9776666521384848 0.2148695355240634
0.5228817986325458 0.8535781303775265
0.027211853516228214 -1.000630059026917
0.7424641823462331 0.6713776418178814
-0.11933723834816316 -0.9938609679142419
0.4317973449130523 0.9030792063413035
0.709392370034753 0.7062318778818159
-0.9977314931284413 -0.08082615677916938
0.5863269728698205 0.811308622464542
0.9971557171009724 -0.08764402919107128
-0.2856266121683608 0.9593844059714671
-0.7888898901791722 -0.6161604832939983
0.8530004368264944 -0.5238236867246552
-0.4011954520514778 -0.9170840797076407
0.1956699623122964 -0.9816894956393821
0.049704560538671005 0.9997652007654886
0.8362525654933427 -0.5501660174036586
-0.6663168339365291 -0.7470092883042351
0.9846951299237402 0.17993471345037507
0.4232166988280336 0.9071320884155193
0.8771716725540105 0.48225600760260073
0.8811760980597085 -0.474899656988997
0.13383295827243177 0.9920129733426118
-0.9474159660424105 -0.32311605854232317
0.7369264992551535 0.6774513522722825
0.7949293316540323 -0.608348878256608
0.9228150628587677 -0.38783161263745447
0.2249746829156819 0.9753908919233296
0.06316666285800307 -0.9990049913305656
0.972441681902899 0.2373987685264202
-0.44127780718295834 -0.8984847783283809
0.7048411233075549 0.7107742193513663
-0.7733067271020307 0.635608138571829
0.4712289811130171 -0.8831445223513464
0.1352060831828786 0.9918267565811806
-0.14198428518959594 0.9908791363023037
0.7474743271051826 -0.6657951113658425
-0.882242621634262 0.4729153799274287
-0.5926867933024865 0.8066742620443618
0.9986265931727687 -0.0688906917380676
-0.09451505345911458 -0.996527924681301
0.15322523616420336 -0.9892032283623139
0.4726331759971832 0.8823938355104344
-0.6275098974484656 -0.7798925109296897
-0.38154301148602154 0.9254328340761299
-0.6623366359889686 0.7505405922578848
0.7278776019584503 -0.6871646066025343
-0.6404970640464314 0.769262316084638
0.9754043675866101 0.22491625039770982
0.44749032137171063 0.8954068417644815
-0.24396047656558334 0.9708162987269494
-0.9655407921813268 -0.2640681325602462
0.2748873772210147 -0.9625164569214137
0.9639889503841068 -0.26967814805309687
0.9346154073300541 0.35846204873218745
0.015351063679352805 1.0008822832101247
0.7018498230293986 0.7137281176425669
-0.7283915693325482 0.6866197795907627
-0.3457028803167028 -0.9394096649176734
-0.17103088604044253 0.9862806071398854
0.38494758280223984 -0.9240218387542107
-0.9852251929005801 0.17700937623192364
-1.0008130524069607 -0.01934513199391689
0.9915699669182233 -0.13707662348406985
-0.9266810604891955 0.37850127097622793
0.480524366905516 -0.8781214795289164
-0.19928701812626434 0.9809616120961829
-0.24751299493886678 0.9699166548401943
0.23604847898649212 0.9727703303288827
-0.7055502654978395 0.7100702943060836
-0.6699059482638625 0.743792323488684
-0.5047830490435694 0.8644044616950316
0.4980417321728996 0.8683060710453531
0.9826695215113501 0.1906872085187002
-0.2114940463719692 -0.9784024061444306
0.5952261444605624 0.8048023589370334
-0.16217272481919698 -0.9877757879826358
-0.8810355816913601 0.4751602927368477
0.15839579719204233 -0.9883884719238166
-0.31823979954054454 -0.9490650293780686
-0.890700945855644 -0.45678531615175777
0.8653041937180341 -0.5032391601753414
0.82909529069313 -0.5608939284307454
0.01237207508669455 -1.0009235394164977
0.5958362253963789 0.8043507894602924
-0.986000904612575 -0.17263607995776575
-0.9853963591797827 0.17605401249397437
-0.9999105319198226 -0.04668970074671038
0.20921081686389204 -0.9788931678723388
-0.5985475392599129 -0.8023352436767957
0.42971412761388184 0.9040723248330526
-0.3602577269799477 0.933924713320748
0.8863553394197572 -0.46516149054074435
0.15948524306495146 0.9882132650620075
-0.9138012414951177 0.40861753638577675
-1.0009975729313334 0.002204310681317391
1.0005754515793799 -0.029150740929176387
0.39070921085848204 0.9216004082846004
-0.6202788358578761 -0.7856558825508773
0.04880342190083237 0.9998095948783295
-0.7946782905607445 0.6086767734286014
0.10541088534011286 -0.9954343500461563
-0.48698667884424274 0.8745541576301918
0.34717474287120026 -0.9388667093428736
0.9977125697452225 -0.08105941137452673
-1.0009214583871135 0.012539303816955985
-0.6949542291690142 -0.7204440431845496
-0.03420380532381326 1.0004154635457065
-0.2941672536327614 0.9568002021792004
-0.44267170540995776 0.8977988422967806
0.813290148992573 0.5835753023831955
0.7822604618520552 0.6245554977926375
-0.6011610825219952 0.8003788808189425
-0.8406223369254616 0.5434658100211787
-0.36591199485883 0.9317238925875152
0.134559833395549 0.9919146390877402
-0.5976101566397541 0.8030336858943146
-0.6907900978534949 -0.7244377410844626
0.9307364058939999 -0.3684165342971454
-0.8227773584196604 -0.5701214067827709
-0.7672500981135156 -0.6429061260750287
0.3041463027362232 -0.9536750109612214
-0.9761389535693449 -0.22170643500932558
0.03440090845720409 -1.0004087052286776
0.9583405718745598 0.2891095783593856
-0.5775075172714803 -0.8176099727222822
0.958030571609755 -0.29013518204638017
0.3543797976508456 -0.936170902675866
0.9210270279257856 -0.39205894178068945
-0.9958468046183252 -0.1014403358209701
-0.9916847835358852 -0.13624349563698288
0.31827428013960235 0.9490534666717244
-0.07539266541583373 0.9981567742601841
0.6240733932709177 -0.782645130190767
-0.9794693118999741 0.20649665141641255
0.5746277389267285 0.819636481408652
0.360692456888277 -0.9337569017382942
-0.24202193761367244 0.9713013856232903
-0.27415607916384915 -0.9627250096769613
-0.9438775278097605 -0.3333109846610743
-0.5962561475249106 -0.804039555332169
0.5354651460099766 -0.8457411408986288
-0.1088980724006952 -0.9950588976675767
-0.5276401349462712 0.8506449835236088
-0.8690552118475258 0.4967333678752134
-0.22716723452671245 -0.974882581420699
0.6452045897877791 -0.765318258841891
-0.9399604450101781 -0.3442025011766592
-0.07626281629145122 -0.998090668652551
-0.08942213741378283 -0.9969978341703409
-0.8901072289181963 -0.4579411763835719
0.6008688583961191 -0.8005982856650048
-0.7954370251008311 -0.6076849011607411
0.9471057369307896 -0.324024263092729
0.681373411789447 -0.7333016253264468
-0.9852906190164512 -0.17664483031829256
0.9509167383336669 -0.3126633281292526
0.9995139610189798 0.054523772137932136
0.8164983872177719 -0.5790780462690477
0.9281288296542028 0.3749371621548333
0.9767809992932658 0.21886041080937643
-0.9691707520620609 -0.25041775765200674
-0.9802148582394761 0.2029281441460593
0.9226525798118681 -0.3882180018578535
0.770106044992853 -0.6394823527396719
-0.7890158823248772 -0.6159991375311297
0.844013244183637 0.538184581386918
-0.027268560097015643 1.000628515299377
0.35582519846395483 0.935622481633531
1.0009412544819465 -0.010844587410643194
0.9131316167328202 0.4101117537000201
0.9768167288501678 0.21870088760326914
-0.33105512232615186 -0.9446711099539441
0.46044462064366015 0.8888148014745907
0.9942737987054798 0.11584737031014047
0.6425513336063036 -0.7675472517576757
0.26016143837653 -0.966600758318477
0.8761309449573573 -0.4841441596137746
0.8806719684748158 -0.4758338827182162
-0.9418042142489691 -0.33912508315204554
-0.1560547404228543 -0.9887607991782216
-0.9920652903259101 -0.13344459423508945
0.11171236349204605 -0.9947468762670335
0.8046565573980341 -0.5954232315222041
-0.5798749544525754 0.8159326180504267
-0.9998581238806524 -0.04779887142874888
-0.6547573134389607 -0.7571617135712784
-0.6771109143583913 -0.7372393164073273
-0.9860258484533919 -0.1724935540296174
0.19558497940515557 0.9817064305743775
0.1547081756268967 0.9889723860625216
-0.9628284285041255 0.2737926537806958
-0.31123909646487125 -0.9513838472623605
-0.06839546072464839 -0.9986606335248541
0.06868562766161863 0.998640718453203
-1.0006530043755564 0.026354597970233873
0.7843967159866065 -0.6218703980327629
0.508984693755919 -0.8619371099576774
-0.5389237295354226 -0.843541471264828
-0.7940659834238001 0.6094753596079115
-0.1855275268281437 -0.9836567169439918
0.3843119961302738 -0.924286367761834
-0.4863957815226039 -0.8748829314354094
-0.9608124520966786 0.2807853840497534
0.7518940504789146 -0.6607997706222449
0.12721490523410972 -0.992883360665429
1.0006095116498925 -0.02795720293168446
0.5195541667731709 0.8556076599637453
0.8770507675234258 -0.4824758555477878
-0.991337408217367 0.1387484885282479
0.906540268571513 -0.4244829106787326
0.6011953935775896 -0.8003531087845459
0.8924837354770214 -0.45329215954942575
-0.20863105645115873 -0.9790168958113407
0.06620365382517461 0.9988083280691028
0.7679660152532918 -0.6420507763533823
-0.7538664716489006 0.6585486640512129
-0.8134465935360162 -0.5833572142903962
0.8933765863224716 -0.4515299270378512
-0.14150548598836152 0.9909476259798988
0.06401432587576017 -0.9989510328753217
0.8274586142717929 0.5633056378800094
1.0009990146716576 0.001404502178965794
0.2770607134487422 -0.961893113117707
-0.7769081829133871 0.6312009785497952
0.7990277109934422 0.6029558168428101
0.707615408585841 -0.708012311709262
0.6508842154103324 -0.7604937462791368
-0.40532196648901414 0.91526777692732
-0.24760055579819765 -0.9698943059779368
0.5458606808126357 0.839069196873992
0.014688460219600201 -1.0008922265340945
0.9349851043946767 -0.3574966497186728
0.8760282822850813 0.4843298964927208
0.9755854473989457 -0.22412950458027345
-0.9519296625914303 0.3095656917013989
-0.18130346840167863 0.9844440321041728
-0.9644099198856232 -0.2681688021120388
-0.7547088609353809 -0.657583101383863
-0.91177366373913 -0.41312199906531716
0.9652403044379156 0.26516439181873575
0.017056094844577416 1.0008546795757378
-0.5622416665174353 -0.8281819295491161
0.43382151619303005 -0.9021085810965223
-0.7171791856478422 -0.698323002394664
-0.6981162669044016 -0.717380427585993
-0.7097790141605256 -0.7058432907220358
-1.0009830176170675 -0.005830818315581697
-0.831443027943813 0.5574078320974902
0.6051004442335133 0.7974048234042762
-0.13159929407433582 0.9923117583698867
-0.7672479185280022 0.6429087272035183
-1.0000199621330326 -0.044284030252992365
0.4204664260885753 0.9084101411434709
-0.6416246879049626 0.7683220417708054
-0.8895261050520461 -0.4590689582523919
-0.7718910215268192 0.6373266437913007
0.9910373471514602 -0.1408757486262139
-0.5438654129515614 0.8403638572636424
0.7804618996393132 0.626801582010922
0.9135125741251108 0.4092624792420066
0.9815643999791279 0.1962965325562697
0.5848839214493862 0.8123495543360557
-0.7091300706771533 -0.7064952532476179
0.9921837022553226 -0.13256131026404866
-0.5696861330342744 0.8230787992825808
0.9864840020027124 -0.16985380123127197
0.9608705141136059 0.28058662674306967
0.16143807294949444 -0.987896122374389
0.8379077844920526 -0.5476418032689065
-0.9246956822794942 -0.3833260950857125
-0.9742323064528026 0.22994002057852542
0.9679192684774486 0.2552122444360395
-0.973092216448813 -0.23471799736436177
0.4865071815426227 -0.8748209887213804
-0.9235313545304031 -0.38612282657107805
0.6835478742335237 0.7312751217092175
0.8964552663520245 0.445386299104183
-0.9237184716868829 0.38567497334471823
0.9557897136475205 -0.297434065442395
-0.9970905401641967 -0.08838243442602375
-0.9460318605252097 -0.3271463263911275
-0.005035369522818223 -1.000987335111573
0.3154737080222608 -0.9499880733707583
-0.22138563131502487 -0.9762117609654413
0.44876516170919084 -0.8947685899919173
-0.2036945531714886 0.9800558805538935
-0.9917308699975212 0.13590762117688493
-0.4235378874295926 -0.906982170669125
0.841746275132113 0.5417233687974086
0.41285279366357314 -0.9118955920302406
0.984839898435878 -0.17914065548838842
-0.24714269388081128 -0.9700110766694036
0.6649982452921279 0.7481833557079379
-0.4346637643338662 0.9017030619750125
-0.9728108379523769 -0.23588148202517806
0.9880599884881672 0.1604321013661627
0.09304436266706459 -0.9966663165653186
-0.5466271103128949 0.8385700938329331
0.8722912549488417 -0.49102847833885854
0.650659851873817 -0.7606857151015408
-0.4837430722938139 -0.8763524633432269
0.7442203468319787 -0.669430411141658
-0.9949533562738425 -0.10985817602443755
-0.79873541585916 -0.6033429666883461
0.6478446193999535 -0.7630847588010976
-0.42109425058580185 -0.908119282981912
0.1956535804436981 -0.9816927607248417
-0.93828749073223 -0.3487371284153946
-0.9641300186624467 -0.26917337742419867
0.990833080687594 -0.14230532743060495
0.5800484249699617 -0.8158093065722324
0.83953862364754 -0.5451384222415386
-0.6792892784736255 0.7352326680383436
0.9565164000210106 -0.2950887603600756
-0.40225203907438917 -0.9166211305989493
0.9942766007198953 -0.11582331915849128
0.008777702231393304 -1.0009615137174541
0.6604404372610849 -0.752209697378588
0.563649781648055 0.8272242281558851
-0.558823313817743 -0.8304923262341178
-0.6476095030158976 0.7632843058805167
-0.3011050020448565 0.9546396062093626
0.579956995032425 -0.8158743064424566
0.46773076961894355 -0.8850022187269763
0.8197885540681468 -0.5744107647135952
0.7743276931263826 0.6343639520476985
0.3888987394268035 -0.9223658550012805
-0.9994334018317623 0.05598102627668773
0.8131897874777775 -0.5837151441772322
-0.9632184539848362 -0.27241734508482013
0.5302209454833934 -0.8490387205367588
-0.4229427808774017 -0.9072598327401529
-0.8713239544079874 -0.4927429009887687
-0.7662137608380354 0.6441408795461082
0.9505589948683867 -0.313749258604387
0.7306539668001373 -0.6842117952792277
0.6563972535114124 0.7557404617874278
0.9863741171342844 -0.17049076528528193
-0.9672532159274843 -0.2577250788688201
0.45105249723950624 0.8936177285249018
-0.8143427235400891 -0.5821055991976971
0.27256633810832126 0.9631763033475337
-0.9373708429401272 0.351193540381533
0.26108305981633256 -0.9663522317855645
0.10011602212335902 0.995980814129567
-0.5023801212625421 -0.8658032188437702
0.7094699342470824 -0.7061539580002654
-0.9962128709772319 -0.09777993505469826
0.9908028087969906 0.14251594324844555
0.47298114548102826 0.8822073656569946
0.5603352993018541 -0.8294729364821384
0.8561843893045902 -0.5186032120138921
-0.9982283951126649 -0.074438371763447
-0.723125826374207 -0.6921633038746132
-0.8663981947962621 0.5013533365340039
-0.3789387654662281 0.9265022460992369
-0.33024898665404856 -0.9449532299611308
-0.6239461054492187 0.7827466112956047
-0.8385498539234928 0.5466581587106232
0.9915788607860366 0.13701227259725998
-1.0006807457155058 0.02527934244119785
0.3176571130294772 0.9492602164537276
-1.0009175647107873 0.012846347863376677
-0.4204253230016603 -0.9084291649759763
-0.0018577415860728604 -1.0009982761204934
0.8510436029557297 0.5269969505302002
0.8196430848693148 -0.5746183197792369
0.419025799959312 -0.9090755628485778
0.2952403512519156 -0.956469620527827
0.43406044709409425 -0.9019936409246325
0.9555631732448152 0.2981610671068562
0.05983733572087271 0.9992099345251865
0.25435332043787323 -0.9681453343285958
-0.8769017615628396 0.4827466214982647
0.5344406049113749 -0.8463889412214479
-0.38726277559727795 0.9230539218467643
0.984987314851894 -0.17832831962662538
-0.9965385586065876 -0.09440286653648265
-0.9918105271941288 -0.13532508321410477
0.13180334183723746 -0.992284676431384
-0.14963942328869104 -0.9897520108581886
0.13428666277375445 0.9919516581976603
0.06958908394132521 0.9985781688962597
-0.9124521435901872 -0.4116212891210466
0.9288288867512837 0.3731995433228329
0.5739988468196323 -0.8200770231202263
0.05959901594217529 0.999224177699241
-1.0004928671001119 -0.03185942375181629
-0.8857553535270984 0.4663029634240865
0.3240751795724032 -0.9470883158317996
-1.0006020873635366 -0.028221671880554113
0.9902684018882387 0.14618307775427924
-0.8267553135299397 -0.5643373561532244
-0.47154566365240147 0.8829754736631229
0.38043163357087584 0.9258902592524639
-0.8476088394319984 0.5325037608475088
-0.7272993360553741 -0.6877766176407949
-0.942885834240934 -0.3361060897808579
-0.7144644286585443 0.7011002640005349
0.7815840375881681 0.6254017846052063
0.8862939428789296 -0.46527846158630726
-0.8905055958268643 0.4571660352662274
0.987824071537489 -0.16187836078703605
1.0004770344741203 -0.03235279724953855
0.7982009898946245 -0.6040498156040125
0.9778778070817203 0.21390650858972424
0.728011322415728 0.6870229358867889
-0.4924986778723304 -0.8714620199951382
0.8500394827732612 -0.5286150562806231
0.9719240033066885 -0.2395093563857164
-0.22638116213225654 0.9750654180267337
0.2733659123505167 -0.962949675717672
-0.36435162684122085 0.9323351822269477
-0.4545234904525748 0.8918572736861028
0.5190934752803942 0.8558872378539844
-0.02001008567436277 1.0007999782530497
0.9843585007299247 -0.1817672743943059
-0.35873603660394593 0.9345102760492751
0.8714941003769691 -0.49244190825734696
0.10335003255194587 0.995650425988716
-0.27544505723774615 0.9623570129859785
0.6443403672857003 -0.7660460110764423
0.6404821661513276 0.7692747200071657
0.09535270229068282 -0.9964481231684189
0.20224016393484803 0.9803570350089837
-0.912924115476972 0.4105734518701715
0.06950565676255231 0.9985839792816658
-0.9703755135580262 -0.2457078807995316
0.9892893198873288 0.1526684039245396
-0.5744470185138991 0.8197631505017118
0.07252280178910407 0.9983693921693806
-0.7014884245956176 0.714083321579743
-0.9967910546526171 0.09169838256219877
-1.0005689170487917 0.029374176342637497
0.8030059692338841 0.5976473988688903
0.5669970972601753 -0.8249335074407727
0.26229304758736116 -0.9660245116907408
0.7297604245246003 0.6851647413561757
0.8263796807266562 0.5648872659939411
0.23006109835265331 0.9742037215206945
0.6126867081194396 -0.7915908019259476
-0.8844369018480919 0.4687988552133513
0.9442941807526782 -0.33212874039539003
0.688753549211596 0.7263742482002165
0.6986771649682137 0.7168341643308996
-0.8259885719654755 0.5654589984980648
-0.28052121639123034 0.9608896123667819
-0.002236226070257796 1.0009975021412205
0.8707345692656877 -0.4937836670908599
-0.9012640737274944 -0.43557326525869505
-0.9528950872093742 0.30658107047278554
-0.46114783620855426 0.8884501523215403
-0.901670135650263 -0.43473206285761395
-0.7902257877658736 -0.6144462583088975
-0.72623844849428 0.6888967382188864
0.9859188463597748 -0.17310409698389853
-0.8723999556023492 -0.49083532621951664
0.8350494538594958 -0.5519904071711372
0.5881249889036763 -0.8100061712277572
0.998632208887638 -0.06880923900318063
-0.9925708531229882 0.12963063500077251
0.010563748451392622 -1.0009442577979333
0.8683064871003594 -0.4980410068050956
-0.715119588738618 0.7004319908472982
0.5051629365116372 -0.8641825082555997
0.9045504749771164 0.42870670419142387
-0.1170724713228642 0.9941302914901834
-0.5705185897853271 -0.8225019992129877
-0.8443364829301885 0.5376773229299145
-0.7703282331777709 0.6392146847258859
-0.9020043146721964 0.4340382659544447
-0.7207367530974377 -0.6946506551746446
0.6963637940515214 0.7190816826579373
-0.9702520213786441 -0.24619507511454267
0.9328086719605989 -0.3631376894720566
0.10861885195137018 0.9950894155807136
0.1924231072651757 -0.9823310785017517
-0.9729181255793383 -0.23543857143464558
0.1231946746771087 0.9933901912799428
0.016466940460938783 -1.0008645462158483
-0.196194204680703 -0.9815848583029927
-0.5802810339450751 -0.8156438693716973
-0.7580647711524614 -0.653711559280977
-0.6671578465081546 -0.7462582715404913
-0.9733095766334215 0.2338150295290482
-0.8394182692417738 0.5453237288649239
-0.9515455575057777 -0.3107443515029978
-0.6856356804381751 -0.729317978463496
-0.9700204378396887 0.24710594928754465
-1.0007946396691834 -0.020275335001652937
0.7719763448145118 0.6372232913561979
-0.6944880071799266 0.7208934788741359
0.6376656798706922 0.7716109646156202
0.9939032158494873 0.11898486258363924
-0.7356505166290017 0.6788367383866926
0.4361261402032903 -0.900996664717123
-0.9147013744010497 0.4065985682080432
0.9799570287971375 0.20416959056403622
0.7765859085075209 -0.6315974403902761
-0.3268869215361018 0.9461215252432694
-0.7987937638538076 -0.6032657149451371
0.367884473142679 0.9309468375909192
-0.7063069881614412 0.709317586469075
0.04031600393831344 -1.0001877922802527
0.9605477981316801 0.2816894167418811
0.9039535937724524 0.4299638360442284
-0.11229664149918094 -0.994681086734841
0.2761773112666729 0.9621471263489338
0.07316530808489524 -0.9983225118631966
-0.3980052704109386 -0.9184730832882996
-0.9056226328724482 -0.42643715460683657
-0.17745306166032446 -0.9851453755194596
-0.8987828320397871 0.4406704220055388
0.9681311243156446 -0.25440740187998834
0.8313954087129942 -0.5574788555370986
-0.9381966633542801 0.34898140476377176
0.6825808596460928 -0.7321778267912795
-0.9562966995154745 -0.29579997041211864
0.7739116689353287 0.6348714268934571
-0.5493034771520208 0.8368193891089638
-0.41279777349887 0.9119204999309839
0.5159442661277968 0.8577893181019739
-0.20225521358212883 -0.9803539302613354
-0.4257930671527715 -0.9059256393129821
0.20319052273186747 -0.9801605029136556
-0.5481820434795386 0.8375544443238285
0.8468049036930014 -0.533781280190198
0.3776353227484264 -0.9270342836231527
0.22448795106056543 -0.9755030291232464
-0.672866968432476 0.741114729844502
-0.1452238181090327 0.9904095327963249
-0.9669377111138172 0.25890628193609383
-0.9652321818258724 0.26519395763792547
0.2837371095620148 0.9599449216790478
0.452981254575282 -0.8926415758877712
-0.8949689820659817 -0.4483653879814771
0.9889451097037084 -0.15488243926643266
0.5026865059129396 0.8656253674500536
-0.5767602722181354 0.8181372674501891
-0.20377953177047406 0.9800382147811412
0.47569034594899523 -0.8807495073918153
-0.4222135109943884 0.907599444211923
-0.06171754334225201 -0.9990955634191342
0.19322507316362206 -0.9821736461038408
-0.9635407463506243 -0.2712751926035294
0.5824537679740063 -0.8140937342670574
-0.44947107234084677 -0.8944141966274738
-0.8965086771879058 -0.44527877978496927
0.14648117398111943 -0.9902243511796268
-0.8435795030970288 0.5388641962076994
-0.8149848172316981 -0.5812062866846981
0.754484861654655 -0.6578400972378897
-0.11902334209391313 0.9938986085294592
-0.06697674643650238 -0.9987567849265307
0.5271276599161038 0.8509626490929978
0.25759797337521667 0.9672870743026504
0.9859594460798798 -0.1728727008114829
0.9839748780311999 -0.18383263965761168
-0.16608574664306194 0.987125384519118
0.9587223945838834 0.28784087639413625
-0.13792673247860038 -0.9914520747205972
0.49631663069242515 -0.8692932773800329
-0.3002777120481417 -0.954900149569123
-0.3546638101375981 -0.9360633428239147
0.8104885353146181 0.5874600702375992
-0.9108733390143943 0.41510331277016854
0.9289355338262577 -0.3729340075602192
0.30398187449541214 -0.95372743484617
0.6071224020560816 0.7958664391225789
-0.9990860893361763 0.06187072082128979
-0.6937629227297072 -0.7215913019469777
0.991765186746314 -0.1356569731272552
0.7261699108506062 0.6889689837541474
-0.9512577710121582 0.31162421775109245
-0.6661149549878532 0.7471893111799247
-0.30497060903358236 -0.9534117303797378
0.061425288956382676 0.9991135740628415
0.9735320469242056 0.23288699751503195
-0.48080018459126866 -0.8779704906755136
-0.9904844212497106 -0.14471216694399228
-0.5339224395639873 0.8467159078049971
-0.9653262552283668 -0.264851318604945
0.7320824525318022 -0.6826831495613626
0.9983252565388424 -0.07312784802422696
-0.26273758798163066 0.965903701132569
0.28862975513135836 -0.9584851926100957
0.9078330849059066 0.42171090802850353
0.893573851854357 -0.45113941446316513
0.42167362227965854 0.907850404126997
0.16853052463264004 -0.9867109314622227
0.9413329294406494 -0.3404310737149082
0.07428972062328618 0.9982394689701034
-0.9073839928931052 -0.4226763412368444
0.37594346636283266 0.9277216770665099
-0.9046319377237225 0.4285347795106287
-0.37079000108037724 -0.9297934045253352
-1.0003644270139689 0.03566529356410586
0.7432650982280891 0.6704908603075728
0.9269726153790951 -0.37778667305403996
-0.3544041202406194 -0.9361616951982562
0.8783297930464767 0.48014349380881277
0.16957879374404256 -0.9865313135994799
-0.12651023894279842 -0.9929733931191893
-0.15436943101764508 0.9890253175562739
0.9907930670630365 0.14258365355054353
-0.8438315996592771 0.5384693412038102
0.9892765684630316 0.15275101011125536
0.8457122487182994 -0.5355107770790773
0.6926826806516229 0.7226283304197821
0.3023372777889011 -0.9542500565675628
0.48644595634110427 0.8748550345968117
0.13770424361852499 0.9914830010088171
0.3105436210884068 0.9516110862118515
0.9634185506197896 -0.27170884476156437
0.43141772730707634 -0.9032606182964013
0.4843878591367859 0.8759962339650104
-0.15148890105751797 -0.9894706225332744
0.6578327038570783 -0.7544913079261322
0.7705480225525094 -0.6389497201974639
0.7157408138319157 0.6997971759125832
0.34103925055332845 0.941112761353295
-0.591966497310255 0.8072029893788971
-0.3694044727008016 0.9303447401628295
0.8102255380722135 0.5878227432275754
0.24425830776951973 -0.9707414069079214
0.9998438778430832 0.04809594514827373
-0.7115552562107839 0.7040526382017226
-0.882141795949831 0.4731034261537393
-0.45434898167993043 0.8919461883131797
0.15326215295981424 0.9891975093327533
-0.786489912593757 0.6192209762179125
0.5783019815362708 -0.8170482348987866
0.42383123249354054 0.9068451281023714
-0.3875373112585792 0.9229386937291507
0.18091733677839109 -0.9845150670523098
0.9545909220425286 0.3012593094893417
-0.5044873093891024 -0.8645770958482211
-0.13900120739389688 -0.9913020046096139
0.98980464557163 0.14929086912741812
-0.007900208951919981 1.0009688240392485
0.9280328394133364 -0.37517469127117414
-0.7422917770661125 -0.6715682524509574
0.14955440757490104 0.9897648605476558
-0.2380337668151826 0.9722864422873412
-0.7336847060299262 0.6809609035310183
-0.3737196833282474 -0.9286197274950788
-0.09439800028353014 0.9965390195784963
0.8684557235666968 0.4977807310495708
-0.45836377172708764 -0.889889685729708
-0.7775436082505114 0.6304180654682854
0.9821920546662481 -0.1931314778861637
-0.09673587985805175 -0.9963147944039015
-0.4747661929381611 0.8812480139228711
1.0009914770274524 -0.004130728555528371
-0.8341386599523165 -0.5533657885819773
0.7413370471513625 0.6726220205441528
-0.1973866759698296 -0.9813457597348559
0.44762874964732097 0.8953376471975119
-0.625797399054475 0.7812673136236112
-0.4275834532626779 0.9050819799863233
1.0005698854285925 0.02934117198431915
0.9904849295986036 0.1447086875002649
0.9457641131611938 0.32791956674834244
0.8676287150331284 0.4992208057062149
0.814210945680533 0.5822899071201665
0.30203980534561753 -0.9543442544421701
0.7940092908408801 0.6095492154521756
-0.6829122440640953 -0.7318687497819137
0.32225027315535276 -0.9477108005353219
0.38339173126320264 0.9246684705336309
0.9996495961450365 0.051977734916648345
-0.8897363279109846 -0.4586613857689318
-0.19976593326238296 -0.9808641964654481
0.8364883049174845 -0.5498075260818767
0.20898535618894762 0.9789413265863173
0.9994757415850317 -0.05521994189648191
0.8955768242384842 0.44715003286023725
0.8696022172441571 -0.49577513427364
0.9077981270385034 0.4217861549949042
0.7396237926981041 0.6745054820198809
-0.6637903941788339 0.7492551718846578
0.9928535856474761 -0.1274470771220348
0.19701803816865035 -0.981419835053366
-0.40161400925223917 0.9169008602746223
-0.989423000756896 -0.15179962309972725
-0.25070938945045596 -0.9690953523990193
0.4793187291517122 0.8787801521907441
0.6817534905031226 -0.7329482779751983
0.9226931480760135 -0.3881215717962295
-0.8957409535068805 0.44682115461399585
0.256561522822473 0.9675624966931147
0.17604400901771697 -0.9853981463799137
-0.7203244486127752 0.6950781889332316
0.9989554030249793 -0.06394609266562902
-0.7888515140768183 -0.6162096142861707
0.8283259265276722 0.562029500508713
0.9585075075536341 -0.28855564101801934
-0.21486228697964926 -0.9776682451802733
-0.959240639755427 -0.2861090614461542
0.23508692201924422 -0.973003154720229
0.8884151897819857 -0.4612151890003604
-0.11089133775854601 0.9948387362834843
0.5514115833472528 -0.835431784019782
0.0950930646967357 0.996472934427515
0.5918739801360244 0.8072708291756496
0.7220265450911344 0.6933099365967288
0.5890697997532576 0.8093193257414881
0.7562737348783252 0.655782767334724
0.09809225060800908 -0.9961821672619198
-0.6110335310700403 0.7928675954458462
-0.6459719278053518 0.7646706928393668
0.871724505196882 0.49203392874806035
0.24319386401099566 -0.9710086222621308
0.032450831068184936 -1.0004738595100744
-0.40489544069338407 0.9154565429913701
-0.8425489693424622 0.5404740828753538
-0.9541641310722574 -0.3026083458451271
-0.8223010585476707 -0.5708081719031188
0.643774258001987 0.7665218227382643
0.890417265930267 -0.4573380506072811
-0.16357550984306937 0.9875444560016424
0.28795320798739554 0.9586886616674715
0.7305670462637132 -0.6843046038961843
-0.5075344852418805 -0.8627918325356698
-0.607240935710008 -0.7957760024014509
0.970728794826447 -0.24430842575481027
0.7437594143128491 -0.6699424853082597
-0.5098261983265684 0.8614396365967141
-0.9398852215757967 -0.34440785453211653
-0.8068504826267537 0.5924468741456693
0.8840489633652568 0.4695300100875499
0.9516436055740682 0.31044395302532024
-0.42544847338118963 -0.9060875214335617
-0.9823966464085141 -0.19208807647874673
-0.46950318159409776 -0.8840632118084203
0.02313935813523836 1.0007325167621413
0.40306627658272365 -0.9162633773548626
-0.6728454100184376 0.7411343024156423
0.6431299819168332 -0.7670624657481644
0.35900433733507386 -0.9344072376510172
-0.045926123644529394 -0.9999458941197705
-0.3166246230763271 0.949605101114023
-0.7472749591379363 0.6660188701871709
-0.2575832472352977 0.9672909958971599
-0.7468938933195894 -0.666446180964304
0.7811248781495012 0.6259751790094612
0.403304351892779 -0.9161586105824393
0.48634048875315566 0.8749136694550735
0.5945650896686367 0.8052908506541757
0.8431844214986913 0.5394821881600145
-0.9547125534682339 -0.30087362837271825
-0.987232852421273 0.16544574669708778
-0.8228067074793244 -0.5700790490160408
-0.9036947502960001 -0.430507605377013
0.8200920804382447 0.5739773337009674
-0.2353336414092135 -0.972943511834618
0.9500200354010451 -0.3153774442419703
0.4735524438227813 -0.8819008350996566
0.992576665026823 0.1295861259712246
-0.725015097856048 0.6901841115823987
-0.9768509853540365 -0.21854782637410974
-0.9925022747755781 0.13015465633354412
0.6028480801270728 0.7991089990027033
-0.7354592372076416 0.6790439679475504
-0.42042477855371063 -0.9084294169488698
-0.7799056631518617 0.6274935510295344
0.33127411704110665 -0.9445943358810888
0.5104895194354973 0.8610467179813852
-0.7089145526851303 0.7067115090270157
-0.9996764562553008 0.05145855428248742
0.3797651376017628 -0.9261638301414681
0.9652896877274758 -0.2649845632616968
-0.2293550063013182 -0.9743701971450698
-0.30498630679870153 -0.9534067089470728
0.40011178660197766 0.9175573868822448
0.23697093733345917 0.9725460271160957
0.7939082088093383 0.6096808640470422
-0.19879379578680428 -0.9810616834616844
0.010820378298474567 1.0009415164800979
-0.11208615281517662 -0.9947048277489624
-0.9087044975400002 0.41982988953929407
-0.5420039086199823 -0.8415656617523447
0.6523051942326098 0.7592752686458035
0.8995359928954823 0.43913095710225086
-0.5872795267922843 0.8106193665405673
0.9215949438541003 -0.390722100043698
-0.19327398493540154 -0.9821640223237614
0.6582224357269892 0.7541513277225131
-0.9942444654460539 0.11609884982156553
0.15527079880227132 0.9888842091161657
0.9965838152882063 -0.09392390060896315
-0.3018239774173092 0.9544125348380519
-0.9790090669017438 0.20866779081635217
-0.9737522240725531 0.2319646656578461
-0.23419544960877686 -0.9732181108993723
-0.7226407230762508 -0.6926697520116158
-0.6481684224572093 -0.7628097378306944
0.9923487345810802 0.1313201773351259
0.9777912803313674 0.2143016847995956
0.06385075680860183 -0.9989615011875926
-1.0000754021611817 0.04301383489240185
-0.8632280343141526 0.506792226434191
-0.005495966057305561 -1.0009849121525742
0.530478790765954 -0.8488776428599655
0.9821999356298797 -0.19309139403054743
-0.9330909113175758 0.3624118530298586
0.6307319357242768 -0.7772890229879145
0.9048278343164179 -0.4281209995389867
-0.994202176339839 -0.11646043345758068
-0.970957904387041 -0.24339627751534249
-0.9853975631360791 -0.17604727366669734
0.7945859907011545 0.6087972596698056
0.26855453890677367 -0.9643025768049001
-0.06282062487946423 -0.9990268109964585
0.8685334259688511 0.49764514262153736
-0.8495238211896182 -0.5294433654616796
0.9793780986800512 -0.2069288279236314
0.9833110994391266 -0.1873506918050104
-0.9941717288453387 0.11672006496172951
0.6849012869381154 -0.7300076897886167
-0.46523201205079795 -0.886318325977279
0.10325869615909279 0.9956599026110894
-0.869536543131989 0.49589031061119815
-0.9983179073686201 -0.07322810817670514
0.7283370272861351 0.6866776352000956
-0.5417224163805143 -0.8417468880791045
-0.9134966173924906 0.4092980943181605
0.5506159792740097 -0.8359563645120021
0.043093389150480874 -1.0000719773153957
0.3634686124576111 0.9326797777148055
-0.28432405920346226 0.9597712380343902
-0.4432866181731809 0.8974953894859764
0.07213217016504131 0.998397691317083
0.9954048028964474 -0.10568953765952717
0.15370097785059234 -0.9891294199485584
-0.4636949048201987 0.8871234611054917
0.5047510037708972 0.8644231742568403
-0.5161275583604453 0.8576790445737177
0.5574534686191395 -0.831412430941762
-1.000408833420986 -0.034397180309758114
-0.22171349028754173 -0.9761373511061423
0.29194336397322396 0.9574811080287682
-0.3442022191172613 -0.9399605482969765
0.9990335572665092 0.0627132478462428
0.2339118670311014 0.9732863085762711
0.7972945668952254 0.6052457134084924
-0.4909818654126761 -0.8723174925655731
0.5929727008737583 0.8064641194860938
0.1412336223162392 -0.9909864095573834
0.27596828683261904 0.962207100713079
0.845678890841961 0.5355634543023922
-1.0009257162751932 0.012194691426663408
0.08190468336874528 0.9976435349573842
0.2303159613665734 -0.9741434996651115
-0.057884926904345095 -0.9993249397654792
-0.5527540803866071 0.8345441430002108
-0.994376569124916 0.11496190140808066
0.7285837085142788 -0.6864158941105462
0.6176704719204769 0.7877081871591378
0.5807141509335528 0.8153355596964496
0.5973016938692712 0.8032631489747923
-0.9857454177751477 0.17408897534105824
-0.7585403494517485 0.6531596575521328
0.23585137637438786 0.972818137301267
-0.23785688887599227 -0.972329728237409
0.999149325148219 0.060840989931612924
-0.7104490121110132 -0.7051689167784448
0.7507663169872741 -0.6620807634098456
0.9123898187024162 -0.4117594185057242
0.970800524705034 -0.2440232391237169
1.0009891310661567 0.004664706573907135
1.0002204401094006 -0.039497736483966366
0.6095350090620941 0.7940201966749164
-0.5651960503312129 -0.8261685207571134
-0.06222788718689856 0.9990639068929748
0.22134200775101498 0.9762216529071405
-0.6342082113809161 0.7744552566914498
0.8767467221469101 0.48302814121399673
-0.017406510412773458 1.0008486465971016
-0.07949799969054057 0.9978381973272034
0.7049539200657021 -0.7106623463952482
-0.9747713677820876 0.22764397763226255
0.8193120785847923 -0.5750901823932201
0.16392046545102612 0.9874872561235
0.9864266610189971 -0.17018649309188014
-0.4613593273455 -0.8883403464164552
0.2102034625114437 -0.9786804914517302
0.9098046050865206 0.4174405114065479
-0.0443958275817837 -1.0000150051340873
0.4372250536078214 0.9004639096030655
-0.9036044426634001 0.4306971223481369
-0.4525104404803417 0.8928803398307564
-0.5154898036883948 -0.8580625048872024
0.5578329898963915 0.8311578402344841
-0.7681837422113925 -0.641790260289217
0.4040354025487696 -0.9158364447253962
0.4466916414752036 0.895805546665228
0.5695748798755004 -0.8231557909744723
0.8203131856944387 0.5736612915090588
0.8997938449830571 0.43860236721956497
-0.9481525324862969 0.32094824370889086
-0.4248892855401946 0.9063498745148822
0.9680991357102178 0.2545291013560712
-0.10738574223309601 0.9952232424763034
-0.9877876641753752 -0.16210037169283784
-0.6755537006547154 -0.7386664995325829
0.4944317337455967 0.8703667391768388
0.8994198260927778 -0.43936883871212035
-0.9603374500740727 -0.282405704590449
0.24230864175645017 0.9712299017895527
-0.9030346170315512 -0.4318905885090337
-0.4758589525737581 -0.8806584225767706
-0.8202067284836382 -0.573813491084139
0.8100923864621491 -0.5880062290452883
-0.5114992393756337 0.8604472837531352
0.9882948386135003 0.15897896706770795
-0.6706077240729926 -0.743159660109213
-1.0006129929412002 0.02783232576076999
-0.9963304180722385 0.09657483121392557
0.24328622017660634 0.9709854865404425
-0.40634018712330383 -0.9148161849948865
-0.9749946376384604 -0.22668581026664933
-0.9923778739020778 -0.13109979172215333
-0.8640832369425994 -0.5053327217139214
-0.5260189096452857 0.8516484642712536
-0.8009829705079886 -0.6003559618727865
-0.9981850380090566 0.07501753058357997
-0.8124308919699871 0.5847709344460027
0.9006395773527733 0.43686308118885236
0.7918975484309347 0.6122901867489593
0.9418204090506086 0.33908010424639234
0.9767212426467994 0.21912693618652193
-0.9999658984896929 0.04548848049452886
-0.9397416753550903 -0.34479933816758995
0.971662435944458 -0.24056830750221891
0.2616492575270961 0.9661990819885513
-0.9893059840346299 -0.15256038133562957
