1000
-0.7951385949475701 0.6080753364713982
-0.8609751123912622 0.5106102778468657
0.831373760355604 -0.5575111394332699
-0.2541567398755917 0.9681969590820924
-0.2335199137855544 0.9733804240201193
0.5308086755602164 -0.8486714028114822
-0.5938756840237918 -0.8057993993080869
0.014480491372406153 -1.0008952569423104
0.3970077856466623 -0.9189046839231662
-0.907747889142575 0.42189426371686956
-0.7279301451263726 -0.6871089461041082
-0.8754260563828159 0.4854175726176699
-0.9166479595251715 0.4021908978312904
0.9115206880653219 0.4136798704661879
-0.22372450727740587 -0.9756784023660061
-0.9561556890186802 -0.2962554613120455
0.9540638216626152 0.3029244529491231
-0.6739144242502157 -0.7401623800136699
0.648594471734243 0.7624475137580149
-0.038882624198813026 -1.0002445408675888
-0.27257788572542185 -0.9631730354476598
0.5706923384762393 0.8223814533442018
0.44778133132339953 -0.8952613469363255
-0.22525314907913263 0.9753266216144898
-0.5811582889732445 -0.815019044659504
0.11603218578238345 0.9942522476024697
0.4263036041009309 0.9056855067464405
1.0008185395158207 0.019059143774575564
-0.9970736421606728 -0.08857286327341148
0.8992178521320252 -0.4397820533026187
-0.27688655534558004 0.9619432600049024
0.8431526829984095 -0.5395317906783471
-0.7782545572976107 0.6295401846153269
0.7963113613126634 0.6065387175146966
0.6148251017531263 0.7899310693055805
0.7231471754229302 -0.6921409991308403
-0.9993904391424187 -0.05674284228626163
-0.28651819633610054 -0.9591185136198278
-0.8643112775859385 -0.504942586278641
0.9995925361595315 -0.05306375084891576
-0.7046950935611731 -0.7109190003866893
-0.8997729479145122 -0.438645235014845
-0.7298344355776907 -0.6850859045732831
-0.06689678179299897 -0.9987621441493164
0.5020755981478715 0.8659798460382648
-0.7712792094537725 -0.6380669095513133
-0.8233606109094934 -0.569278758081439
0.9412025364460427 -0.3407914103781605
-0.624009574478164 0.7826960144012366
-0.0802868246362666 0.9977750376662193
-0.6359328025781731 -0.7730397600415326
-0.904705398139444 -0.42837967105985586
0.5961396282967647 0.8041259500688902
-0.4060996020606698 0.9149230094418687
0.7383444020819667 -0.6759057211728741
-0.6129796654047146 0.7913639679694321
-0.3379051118739839 0.9422426096125299
-1.0009803059165467 -0.006279105606404813
-0.5906139583772391 -0.8081931403878463
-0.9399559404537182 0.3442148021305389
-0.07422892026491547 0.9982439919159568
-0.9902548269994479 0.14627500676565858
-0.810885090296328 0.5869125746950017
-0.26940675657204805 0.9640648315924242
0.6345456519035598 0.774178800827229
0.2798747800073703 -0.9610780964707426
0.9851409378847056 0.1774776957920143
-0.9885517177205271 0.15737376335271197
-0.9822076851713575 -0.1930519701798551
0.5033162921755236 0.8652593310855902
0.522889746020016 0.8535732619448216
-0.566656650771524 -0.8251674012807335
-0.2666232282648493 -0.9648383564875673
-0.8068302318450118 -0.5924744525976833
-0.8176580600102333 0.5774394313694742
0.45714801773575814 0.890514845401393
-0.6669784658479881 0.7464185997783442
0.4158702468768682 0.9105234416326538
1.0007037649600585 -0.024351073790783072
0.98516822586358 -0.17732615923435052
0.9982958537380117 -0.07352814705603847
-0.7368870632167428 -0.6774942479931501
-0.9954668699285841 -0.10510333426959972
0.048570163481052704 -0.9998209535809017
0.828967568152909 0.5610826774644287
-0.16626948781514117 0.9870944521279058
0.05294331248076445 0.9995989224001616
-1.0006255153207175 0.027378423788610332
0.676757820952222 -0.7375634561039478
0.9937750605150496 0.12005052727210155
-0.9998068014587083 0.04886061560098261
-0.7146842529377921 -0.7008761792233704
0.9249724334149628 0.3826578072147517
-0.02062730927959406 -1.0007874470195377
-0.9328370955477341 0.36306466802770493
0.5914932296901763 0.8075498493781572
-0.0327605189849552 1.0004637666581615
-0.4270832954865109 -0.9053180980828681
0.9860735708145342 -0.17222053577048793
-0.24107605897025053 -0.9715365838666974
-0.8259016819504181 0.565585901301889
-0.6439804696954141 0.766348585599839
0.012130605622703029 -1.0009264950071142
-1.0007446913692468 0.022606695828250915
0.6219920350618798 0.7843002666833547
0.9172397277794749 -0.40083947133863296
-1.0009192176392374 -0.012716908447303414
0.45893582648762554 -0.8895947994261881
-1.000217539669577 -0.03957111746385385
-0.8359436283052006 -0.5506353151550821
-0.6676904304428577 -0.7457817972403399
-0.9077787874540449 0.42182777652551984
0.8330252390741851 -0.555040494977976
0.8195850235540181 -0.57470113029814
0.9312188235150937 0.36719545576050494
0.09078082512527588 0.9968750382016666
0.2186243205104075 0.9768338684143597
0.9934090041931644 0.12304288028141057
0.38011732916650576 0.926019338927283
-0.34168513458048017 0.9408784559159165
-0.05936729777574446 -0.9992379716337877
0.9559189974147253 0.2970182997419965
-1.000309029878364 0.03718662049456061
0.6644940376878016 0.74863120017627
0.9816410203724931 0.19591300906792913
-0.207456180932287 -0.9792665280673032
-0.9943028714350904 -0.11559757720616019
-1.000994773395732 -0.0032347541524380212
-0.8925998621421053 0.45306344600275866
-1.0000143220811388 -0.04441121066352739
0.940088568310163 0.34385241562703617
-0.4481329886568059 -0.8950853727312937
0.07171659182754729 -0.9984276290531232
0.3884257323040706 0.922565147013503
-0.14525374644232347 -0.9904051439408366
-0.9464605089029233 0.3259041348114801
0.038335934707327594 1.0002656427720167
-0.2327146507548296 -0.973573259351374
0.9870935667489256 -0.16627474397179035
0.8527745610988438 -0.5241913276110873
0.11056569270239715 -0.9948749808881713
0.8488149748623159 -0.5305790595655713
0.44950665817829594 0.8943963127458546
0.4185503163651234 0.9092945796993707
0.8253288431375023 -0.5664214867793347
0.8844720622494153 -0.4687325155141966
0.546451744686221 0.8386843808784
-0.8186559544233817 0.5760238087849686
-1.000361654648216 -0.035742970070821854
0.763750031885979 0.6470601894678469
0.06697926844559143 -0.9987566157971087
0.9835070460089074 -0.1863193238792824
-0.846045322671605 -0.5349844034974288
-0.997277713992851 0.08624477475878242
0.9807571727671194 0.20029070888547615
-0.10037555741773078 0.9959546914760128
-0.6596130469515228 0.7529353413748939
-0.7962746271386584 -0.6065869419755017
-0.13774810996269612 -0.991476907548383
-0.5409061004764095 -0.8422716844744363
-0.09812750710726721 0.996178694988461
0.848935398593478 -0.5303863582473936
-0.9817720221140238 -0.1952554649533289
0.3777992741574098 -0.9269674797133578
0.8442345937138802 0.5378372902437685
0.4037165497098771 -0.9159770452857169
-0.24134695917488141 0.9714693228800578
-0.1860869303413928 0.9835510430862842
0.5487869401521612 0.8371582253782305
0.02668498123272695 1.0006442483603297
0.9766065182243638 0.21963767564260267
0.970871651767437 0.24374009886427936
0.9862928542647597 0.17096024574816643
0.9684537996421533 -0.25317629817713155
-0.739555703190948 -0.6745801374764472
0.5653633797488392 0.826054022954292
0.9813249669841132 -0.1974900229723749
0.43482905167301455 -0.9016233669449494
0.25392292795232385 0.9682583057532318
-0.8732591520451336 0.4893050718819644
-0.6416330043244304 0.7683150966638659
0.904540277550817 0.4287282196080529
0.3071593480471808 0.9527088405736722
0.4508258939032261 0.8937320702460873
-0.48277648906563875 -0.8768853183885879
-0.1365225196440108 -0.9916464095785608
0.9809533908000485 0.1993274819935455
-0.09890149545842578 0.9961021504826134
-0.9096735468298542 -0.4177260324638543
0.9484455980644786 0.32008115769615936
-0.44098691271577023 0.8986275885000492
0.7692995621238087 0.6404523274343816
-0.6073896456566504 0.7956625027919115
-0.9368153647510632 0.3526726135757245
-0.6250666033188932 -0.7818521224729017
0.9977913688101909 0.08008360835954871
0.5077913266701936 -0.8626406949353391
0.12849921301548517 -0.9927179620891329
0.8046002799014736 0.5954992775667074
-0.6500406256016155 -0.7612149401236554
-0.7415636743702154 0.6723721565134483
-0.6797124463475511 -0.7348414728907368
-0.4074849950216174 0.9143068296979042
0.23832026165610318 0.9722162582903902
0.20266132981598536 -0.9802700573807283
-0.2556101514690042 0.9678142644464344
0.05639853169965908 -0.9994099287190029
0.370974835076723 0.9297196737403153
-0.9836366676586351 -0.1856337955152987
0.5148544626955167 -0.8584438725056582
0.10180743767902178 0.9958093420094191
0.9418623008475551 -0.33896372407995173
-0.8943010419168435 0.44969617123836875
-0.47297411859935823 -0.8822111329694045
0.10188164946297341 0.9958017521086734
-0.11368768223844146 -0.9945230570013203
0.3429268931092196 -0.9404265766036484
-0.9098833956896833 -0.41726874583200096
-0.9009474990835765 -0.436227697303884
0.47019196237968647 -0.8836970739532521
0.911287549136093 0.4141931950063073
-0.9481456800404838 0.32096848664716054
0.9275552654646925 -0.3763538620882266
0.960429141572161 -0.2820937149582777
-0.9891764273435848 0.1533981603142022
-0.9989470157879907 -0.06407698220318826
0.969550676887416 0.24894273427267055
0.8562820721485851 0.5184419089125853
0.9415718809805792 0.3397696174567322
0.780972796560791 -0.6261649072185516
-0.11857129278741171 -0.9939526389756816
-0.8111093723643094 0.5866025793182094
-0.7075348148011974 0.7080928511461158
-0.12970175013305824 -0.9925615628324632
1.000648270725915 -0.02653371992835094
0.706671191250769 0.7089547428829425
0.6181009694668711 -0.7873704284160754
0.04548536767788915 -0.9999660400869658
-0.1596435702303268 0.9881877000267281
0.9730504081482064 -0.23489125825072496
-0.21972921655142783 -0.9765859262725916
0.7948944400659574 0.6083944683774073
-0.4312088736266502 0.9033603418933308
-0.96302935816441 0.2730850697373339
0.726602850044342 -0.6885123806493529
-0.6275260645890792 0.7798795023985069
0.8494838115772958 -0.5295075578951726
0.9762184923098622 0.22135594699998376
-0.22724590687293303 0.9748642458360539
0.9984229975568055 -0.07178104171494702
-0.18143454444587717 0.9844198830182764
-0.8260518161422767 -0.5653666041145747
-1.0006156585015136 -0.02773632927376103
0.4072505488337685 -0.9144112808110989
0.9421413308574096 0.33818739286116095
-0.3545090587221892 -0.9361219617570712
0.7759296134985152 -0.632403538016704
0.6412544920294065 -0.7686310405208131
0.8803343859907033 -0.47645815014791315
-0.945237623723169 -0.3294341128331686
-0.7776943025623857 -0.6302321570358056
0.8372377013817371 0.5486656827112711
0.18382175647307353 0.9839769112368206
0.13287224462829444 0.9921421100867751
0.6198595129365078 0.7859867582994737
0.2616464542264755 0.9661998411253817
-0.07519404765889812 0.9981717563609338
-0.9971497899542227 -0.08771143821788403
0.349780678576416 -0.9378989694496002
0.9093089754581446 0.4185190403688457
-0.91231575389025 0.41192349435746545
-0.3010283550778078 -0.9546637782167863
-0.17073114869110612 -0.9863325376700373
0.9990331320246926 0.06272002165922033
-0.936828755900262 0.3526370401962438
0.4789505974300169 0.878980844627134
1.0009588822882973 0.00907281478719208
0.37654836190151153 -0.9274763237675064
0.8253891827463765 -0.5663335563122397
0.8931530204433713 -0.4519719925757377
0.7904871966577687 0.6141099184349184
-0.4153064950512827 -0.910780717389328
-0.3665255612710688 0.93148269599329
-0.14437849133497083 -0.9905331146609071
0.13573971146692287 0.9917538660024858
0.9628624490286185 -0.27367298779859683
0.7547048687181642 -0.6575876832279469
0.17184193652613325 -0.9861396193495869
0.9026658437693232 0.4326608076683349
0.04283767780733903 -1.000082963238588
-0.8273133382761498 0.5635189795476039
-0.6009958183127053 0.8005029833614873
0.946639345996589 -0.3253843091040965
0.920969236197653 -0.3921946786705698
-0.040785120089858684 -1.0001687727475077
0.3024438144266854 -0.9542162957710567
-0.14270640423814548 -0.9907753944206623
0.8736721468512354 0.48856727255962756
0.9908280688951111 0.14234021880545572
-0.9742042847101936 0.23005871348918758
0.33022190528127876 0.9449626941167584
-1.000919247672062 0.012714544411553575
0.563054710257116 0.8276293815816806
0.04157579633707324 -1.0001362173018924
0.6323303305236881 -0.7759892738303819
-0.8164741536099035 -0.57911221407167
0.7673142039253671 0.6428296138592092
-0.8559796121960062 -0.5189411368399838
-0.868556291679291 0.497605233276659
-0.3918647553625224 -0.9211096642119605
0.9835857216213204 -0.1859035454816996
0.5903989721313748 -0.8083502048655744
0.6916025889848251 0.7236621165360857
-0.9249822022648136 0.3826341927916732
0.1717455704119946 0.9861564069881911
1.0001619594956905 0.040951859270864574
-0.6496282265089193 -0.7615669158536736
0.7924195168894204 0.6116145103353401
-0.9846529432431113 -0.18016542776758857
-0.9928867884492567 -0.12718814930220834
-0.08472689765733618 0.9974078166995501
0.20337430988325375 -0.9801223852557956
-0.023263068931229897 -1.0007296486183972
-0.8622454432829348 -0.508462186930174
0.26321874259083766 -0.9657726924845713
-0.6015970772455962 -0.8000512212662113
0.9337719680798203 0.3606534508754063
-0.5766980050282552 -0.81818116025513
-0.999017146524222 -0.06297412921669579
-0.22008900240580825 -0.9765049057838963
0.9831608553406744 0.18813753619571355
-1.0009942928528404 -0.0033801887583389313
-0.6245788261840574 0.7822418359321783
0.9965631276635466 -0.09414314941327204
0.050224606230368035 0.9997392104589099
-0.05408343584338651 -0.9995378842081846
-0.9131272599809842 0.4101214540591848
-0.7960066653883394 0.606938537792202
-0.4382725571853845 -0.899954535306192
0.9360432808516921 0.354716755133445
-0.6812933422867764 0.7333760166215645
-0.9401044731494971 0.34380892886064846
0.6392392878006321 0.7703078170005421
0.5926095215410593 0.8067310301326439
0.9238402096194122 0.38538327297686475
0.16165144668486378 -0.9878612300240812
0.4858493701907525 -0.8751864884041852
0.6959323391967971 0.7194992559134958
0.17243220006360613 0.9860365796364882
-0.6089849111218663 0.7944421804171103
-0.3792390012275746 0.9263793930933004
-0.5814910857909356 0.8147816377077228
0.7291412755887439 0.6858235926481528
-0.8743323038960679 0.48738488113994055
-0.7814926773688583 0.6255159432171602
0.9609370798753195 -0.2803585713344497
-0.4626700077857915 -0.8876584162252367
-0.39891563157047366 0.9180780570783348
0.8646788966445084 -0.5043128054071556
0.0681739350759817 -0.9986757805094985
0.37194627942171127 0.9293314614411514
-0.027742898119904536 1.000615476396357
-0.42618609746658 0.9057408074754095
0.9942265466797553 0.11625219945122918
-0.979030043962978 -0.20856934822223855
-0.7554046444710842 -0.656783695832589
-0.18801404629851004 0.9831844783124181
0.9315046214650021 0.36646983530618593
0.08127080399418155 0.9976953725552401
0.4820251314841122 -0.8772985652659672
-0.5603581482190759 0.8294575008549191
-0.09604401346192998 -0.9963817277921773
-0.9808136337231937 -0.20001403926400982
0.5902034408695812 -0.8084929797998909
0.6725275171376409 -0.7414227799930888
-0.7559030488647986 -0.6562100126612683
-0.26527507103286274 -0.9652098925562821
-1.0004006235182679 0.03463513338014892
-0.6955005409476721 -0.7199166601360851
-0.9074103867211617 0.422619675441823
-0.9889952870764748 0.1545617098136572
-0.9375027102147977 0.3508413720471248
0.6030961800660825 0.7989217718836429
0.9184559537776221 -0.39804479769297124
0.695607165521407 -0.7198136364888301
0.6033866792227071 -0.7987023947232124
0.15701252856151804 0.9886091572885204
0.8694413210077602 0.49605724399940065
0.7903522806853618 0.6142835439888058
0.7897151662874922 -0.6151023948380615
-0.9829950900949355 0.18900172710652624
0.13895293306268558 0.9913087724787252
0.6931521154477286 -0.7221780561955193
-0.8909044269594115 0.4563883237158052
0.3646298690265021 -0.9322263987968352
-0.432661280485764 0.9026656171409316
-0.7331580705533504 -0.6815278743987575
0.6161053470322988 -0.7889329511170202
-0.7671933479416795 0.6429738461819712
0.04144448037895694 1.0001416674882206
-0.9728433268652323 -0.2357474525287319
0.9736026358691928 -0.23259171831464667
1.0005679219828494 0.0294080516002464
0.4065529439231326 -0.9147216537217397
0.8805392079329498 -0.4760795136243664
0.764238291708509 0.6464834363589371
0.9893632498711238 -0.15218856660225277
0.14453045574262582 -0.9905109526718161
-0.8704730172092054 0.4942446017011235
0.9796613544077323 0.20558363427084228
-1.0009996345382666 -0.000855367907244547
0.47470706481727304 -0.8812798662244414
-0.39695248164995056 0.918928575740218
0.2139742460324239 0.9778629873529603
0.3731427996104034 0.9288516841234183
-0.9678009712568805 0.25566047804507985
-0.7919762564781098 0.6121883771968555
0.9994610312869282 0.05548555612832814
-0.9997697563500274 -0.04961284398023232
0.7378515383092856 0.6764437208036015
-0.039828989827290315 1.0002073042971331
-0.16028549355555696 -0.9880837821539484
-0.18178753223055708 -0.9843547597921819
-0.9214268386341462 -0.39111837216459583
-0.6658380205140603 0.7474361045854809
-0.7898142596920777 -0.614975150056533
-0.6940387783342599 -0.7213259832893086
-0.8629756657890639 0.5072218452077177
-0.29830321549546135 0.9555188075726548
0.7447158151748319 -0.6688791779002287
0.8908889147626023 -0.4564186034257507
-1.0004937672762175 0.03183114263487381
-0.48348121063858657 -0.8764969588991434
0.7941262702290406 -0.6093968058105595
-0.414233276691568 0.9112693303745973
0.43826508093397315 -0.899958176158169
0.3121839972954042 0.9510742094246184
-0.9562302019378188 -0.29601486601513505
0.606276843424876 0.7965107589522997
-0.5522225136379062 0.8348959788089966
-0.5533930491673521 0.834120574697244
0.9909917944124982 -0.1411958335330648
0.9148092767055195 0.40635573978168976
0.6639173863909196 0.7491426459946399
-0.9277742304692139 0.3758137534434548
-0.9301096521250104 -0.36999599325383525
0.20456744690972656 0.9798740529602956
0.6142463994801775 -0.7903811490196602
0.8932475432184124 -0.4517851552832061
-0.2620490844766267 -0.9660907189932847
1.0009752620465477 0.007037383806864504
0.45249024851595737 0.8928905728015988
-0.9226157993724827 0.3883054039648106
0.5176920089542567 -0.8567356557683974
0.16947371980815643 0.9865493694156346
-0.2086753337329147 0.9790074591602747
-0.7624401690701301 -0.6486031055956418
0.45594416079206473 -0.8911318209107
-0.9285416403441118 0.3739136560050544
0.0181022017140648 1.0008363054431546
0.09617300695506141 -0.9963692853220746
0.9611050254497862 -0.279782290460218
0.5317550131834345 -0.8480787734369286
-0.44373015904866625 0.8972761815353427
0.8436795069355998 -0.5387076104687062
0.8964421957691304 0.44541260606837346
0.9990030144111547 -0.06319792083151252
-0.20836893187819977 0.979072718559729
-0.9974219282497003 0.08456061167381447
1.000081546537623 -0.04287073914590817
0.36390419552790687 0.9325099122675248
0.9950826105445875 -0.10868117680522639
0.7907575579784218 0.6137617489710505
-0.4366521033430014 -0.9007418834750235
0.9782441434475346 0.2122248708577749
-0.32544541217950806 -0.9466183410917571
0.9701011541375014 0.24678887888453888
-0.9038190334902162 0.43024662078953213
-0.9992673839507855 0.05887015688915213
0.18192072832026068 0.9843301522392911
0.8307426503318887 0.5584511159623099
-0.2377178533408387 -0.9723637293744679
0.7184827660754513 -0.696981717731942
0.05390802920566703 0.9995473597519835
0.5842682564848151 0.812792473183773
-0.32158794813947417 -0.9479357528922743
0.051668211651340196 -0.9996656420547584
0.712788516730455 0.7028040483784921
-0.8201995701895352 -0.5738237229854669
0.3615887583194497 0.9334101830690505
-0.11793525729212538 0.9940283069849872
0.7166991236770671 -0.6988156882329732
0.022289331195440215 1.0007518102481054
0.9543729330068164 0.3019491757630198
-0.7356123885325926 -0.6788780552038591
-0.7883709534608528 0.6168243183753587
1.0009741295120949 -0.00719666919512211
0.6769586063015314 0.737379173393369
-0.982605261838996 -0.19101806041921285
-0.5964469362136818 0.8038980359979195
0.507919232193799 -0.8625653908937349
-0.6386145742877148 0.7708258074995419
0.0018080584387149229 1.000998367093914
-0.3398927463197603 0.9415274403856805
0.9641350792132676 0.26915525079482705
0.8989895609079374 -0.440248531375806
-0.9543298391526173 -0.302085349037221
0.8743570047858671 -0.48734056693639516
0.6104673032173752 -0.7933036440748935
0.9628113916362648 0.27385255911792966
-0.9925307349789481 -0.12993744695871637
0.9733784705067458 0.2335280564599215
-0.7364740418153591 0.6779432024381898
0.6692247791707565 0.744405262571304
0.856969106020236 -0.517305471966881
-0.7845850185663575 -0.6216328085302677
0.973773239125542 0.23187642994265267
-0.44757888661148065 0.8953625747481448
0.5271415729587329 0.8509540305202113
-0.9829565885486007 0.1892018631750148
0.35434676907608553 -0.9361834047051568
0.16352130112029106 -0.9875534335315366
0.6747040053401987 -0.7394426990496917
-0.9432652251750148 0.3350398707251552
0.28069023109308083 0.9608402542404814
-0.8723758529085581 0.4908781633583487
0.4604131738392285 0.8888310915777465
-0.0931552468631531 -0.9966559586847735
0.9838795479332982 -0.1843421686933534
-0.8453720964410039 0.5360475898266329
0.9292906606207321 0.37204820666559235
-0.04781523105027891 0.9998573416641038
-0.7924701979552048 -0.6115488413469838
-0.2870245047142165 0.9589671181503351
0.41763198485760183 -0.9097167280114727
0.9721171600066139 0.2387241655565592
0.8753549720971194 0.485545747406824
-0.9356896626064379 -0.3556484996333464
0.7064981687664927 -0.7091271659791298
0.9610246531823567 0.2800582367575196
0.9501746385055018 -0.3149113467961088
0.6452078040202748 0.765315549058906
0.5376178884790442 0.8443743281195455
-0.8516827777287884 0.5259633505484724
-0.3111901887024361 -0.9513998457301442
-0.48987417265709743 -0.8729400294198475
0.9574142596056986 0.29216251556911255
-0.9777794544936259 -0.21435563526566614
-0.9811999279808785 -0.19811032615772106
-0.7448783833942474 0.6686981336537231
-0.6237957814284848 0.7828664145766032
-0.9553462904445406 -0.2988552581666509
0.5968489925261093 -0.8035995769788387
-0.9968433203638307 0.09112845135309343
0.997412279187933 -0.08467434868443342
-0.9982871550736573 -0.07364615410830205
0.8491445184887259 0.5300514944046002
0.9942452699635371 0.11609195990736475
0.9750691359775653 0.22636514763532864
0.29047413063386446 0.957927857112685
0.7143127590230252 -0.7012547912826789
-0.8757279287716604 -0.4848727614223114
0.3407289661102133 -0.9412251439764373
0.24639952209932328 -0.9702001213714752
-0.8502479379842713 -0.5282797023864296
0.6566238639438254 -0.7555435800134104
0.9205679891205891 -0.3931355712810467
-0.13536969901425955 -0.9918044386817337
0.9873758221958913 0.1645903573815539
-0.6483943954174427 -0.76261766829208
0.7858934617686769 -0.6199777953679029
0.3246025151873606 0.9469077078226997
0.6489348375340439 0.7621578423362604
-0.8828686071724801 -0.47174571801906695
-0.6304176359407083 -0.777543956503379
0.11214176723188586 -0.9946985593847563
-1.0006590819026706 -0.026122821549453463
0.5718176895427517 -0.8215993731290143
-0.979161398880646 0.20795180918207096
-0.20232868028451007 0.9803387705963323
0.05543172237898345 0.9994640184389327
0.6294064719096235 0.778362700235745
0.02275451159409666 -1.0007413413075898
-0.4217742143009187 0.907803674893885
-0.26551942498716113 -0.9651427018604488
-0.8670975378843933 -0.5001428393917312
0.24944024854990976 -0.9694227985782876
-0.5894457031304257 -0.8090455877520611
0.19361868070323257 0.982096128941938
-1.0006017033352257 -0.028235284355662596
0.7526412557924627 0.6599485889667049
0.7542546603932718 0.6581040246610182
-0.7998098583033907 -0.6019179267646962
-0.9535300246834202 -0.3046005450212394
-0.7482778255532149 -0.6648919429391159
-0.2875737880661505 0.9588025429760211
-0.31470730182282725 0.9502422397364768
0.7288590585628043 0.6861235112943898
0.311046086351399 0.9514469676053826
-0.703836951780241 -0.7117686037671925
0.7395570609221409 -0.6745786489655633
-0.9741978276516686 0.23008605476814475
-0.4503035426230262 0.8939953688365239
0.5563869262027705 -0.8321265458754653
-0.6600087479089463 0.7525885015622182
-0.8465737039771146 0.5341478856407359
-0.7008657659688334 -0.7146944648539825
0.20778919688467168 0.9791959199557682
0.9940421722193526 0.11781833409716386
-0.8395730380387127 0.5450854188092416
-0.36138271859648036 -0.9334899735400575
-0.309703137860388 -0.9518849543928245
1.0000955568815495 0.042542650432048836
0.3036912883593262 0.953820004704584
-0.8751887987644565 0.4858452083917549
-0.24350473590652455 0.9709307099845456
0.8955366084112695 0.44723057028253405
-0.7586833864346859 -0.6529935062066062
-0.8213228284104035 0.5722148298776737
0.9205986136196825 -0.3930638530843538
0.34908740532928945 -0.9381572274626809
-0.9272442230778437 0.37711954440040113
-0.6670605990547638 0.7463451997492176
0.53103870375365 0.8485274863642562
-0.2476614244291323 -0.9698787650267084
0.7520813831070756 0.6605865523788297
0.7831198301854461 0.6234776111219377
-0.9588143366815418 0.2875344636281623
-0.13705922555144687 0.9915723718878202
-0.900542757979113 -0.4370626282941298
0.7880488606462277 -0.6172357679478583
0.9007307917622625 -0.4366749829923028
-0.6865776458977232 -0.7284312844418069
-0.23264430060487526 -0.973590072564459
-0.997928693078647 0.07835383545394312
0.9165114967440318 0.402501771842081
0.02741319252119406 1.0006245633981787
-0.9706661418266578 -0.24455723483747263
0.7836602557842098 -0.622798204480574
-0.5573362045906429 0.8314910432785775
0.4922368703588403 -0.8716099262051427
-0.7029575865142496 0.7126370966782891
0.5170819559107935 0.8571039906986013
-0.30701946081661263 0.9527539297635441
-0.6168911937957067 0.788318625314224
-0.2343219582961552 -0.9731876591183506
-0.6324007441053929 0.7759318906031285
0.22724289115301166 -0.9748649488110753
-0.4102500517836034 0.9130694907900224
0.09645475178366793 -0.9963420501305519
0.15239173045215626 0.9893319768863217
-0.03367194476722555 1.0004335061040253
0.9039976882034133 -0.42987111989860916
0.4151038247002761 0.9108731057173673
0.7949544342685037 0.6083160752740661
-0.743502233724837 -0.6702278929186534
0.148406805419382 -0.9899375839441665
-0.8924481641753703 -0.4533621888292089
0.558432289660796 0.8307553056491428
0.37721235597838837 -0.9272064702628179
-0.8736800696820646 0.4885531044219684
-0.8288338742665117 0.5612801518567748
0.31582375364967047 -0.9498717579919052
0.9695186855838782 -0.24906729673666297
0.7746314591235645 0.6339929830338009
-0.8825662725405959 -0.47231109935486226
-0.6036047482006296 -0.7985376058456198
-0.949021358281062 0.31837000726570963
0.2919486453678407 -0.9574794976749543
-0.810374643711288 -0.5876171685968705
-0.5235440216809527 0.8531721147354349
0.03786238006519867 -1.0002836798507704
0.9247586198472284 -0.3831742358487184
-0.6512728361151618 -0.7601609651504827
-0.11838601582329503 0.9939747236512037
-0.6393203010705087 -0.7702405810129157
0.18033868596991506 0.98462122582374
-0.992178915621834 0.1325971319278122
-0.40828331840467924 -0.9139506178741077
0.9695298347781615 -0.2490238933818017
-0.9580443820651665 0.2900895758095648
0.8139527112668077 0.5826508249555756
0.18762720920545206 0.9832583741650887
0.6880297289895727 -0.727059895762746
-0.45514294552873996 -0.8915413053445267
0.8733154122680671 -0.48920465113800377
0.269155921293274 0.9641348920315916
0.9250583598022654 -0.3824500372074013
-1.0003634458430335 -0.035692803491069076
-0.3806522235005854 -0.9257995921062292
-0.8418320537146105 -0.5415900602288056
0.613759742623881 0.7907591152394434
-0.06403023760150668 -0.9989500131001023
0.8594124617251121 0.5132360281893533
-0.8979810338869867 -0.4423020040416485
-0.3518442461829809 -0.937126793143772
0.795955274604539 0.6070059314613104
0.20530812416613697 0.9797191302365093
0.9725526240232214 0.2369438615063631
-0.9065393093767138 -0.4244849591620307
0.5885738730571652 -0.8096800577725056
0.9837446375518364 -0.18506076863561863
-0.6480706660831649 -0.7628927917882846
-0.9753765814582578 -0.22503671776579628
0.8631754406156664 0.5068817995528644
-0.781084919378885 -0.6260250384121074
-0.93979048598721 -0.34466627692294394
-0.6631283842218737 -0.749841147203384
-0.9724062300605933 -0.23754394064960774
-0.265176611311541 0.9652369474970007
0.27227460917270385 0.9632588111197589
0.6485630124115178 -0.7624742742753341
0.4397560110634873 0.89923058818833
0.9533358369253396 0.30520776863288074
0.11028245570637106 -0.9949064176913185
0.8972815277724663 0.4437193481450959
-0.4230156358606612 -0.9072258659327347
0.9005759972311128 0.4369941340695393
0.9081515826569878 -0.4210245870701713
-0.4107216377089547 0.9128574567355378
-0.5559772633044688 -0.8324003139646652
0.6830022690427596 0.731784736437186
0.4613948856367857 -0.8883218783235148
0.8076162957068366 -0.5914025016084794
0.9191178840343808 -0.3965139534091614
0.8198139410089721 -0.574374531231441
-0.7707893311939559 0.6386585996583575
0.06195324538357408 -0.9990809753901045
-0.5103354276202411 -0.8611380558979295
-0.2606478745204366 -0.9664697023228295
0.8616718875913181 0.5094335659679433
0.3226747266162349 0.947566367492609
0.3819425996188226 0.9252679885289535
0.7300136848998005 -0.6848948969433303
0.9915843672257592 -0.13697241573941404
-0.6416025107739181 -0.7683405613193959
0.2539682549470233 0.9682464177466209
0.4647509064273515 -0.8865706937266509
-0.9637849042997442 0.27040646856895445
-0.9086946914802257 -0.41985111370062744
0.9719165152667772 0.2395397406521191
1.000679218280317 0.025339733658694238
0.9598911139469845 0.28391908947025285
-0.6859076337477102 -0.7290622181725075
-0.9988190139501879 0.06604223929860469
-0.9484124046797695 -0.3201794975471371
-0.9382806256567111 -0.34875559854610344
-0.780936684256757 -0.6262099449721812
0.925756386957609 0.3807572875299879
-0.8856939315195993 -0.46641961758630524
-0.731400206975361 0.6834140306113118
-0.4112361882726252 0.9126257707598454
-0.5998539681807364 -0.801358981267337
-0.23787523174826417 0.9723252409151526
0.7988076935504784 -0.6032472699685966
-0.05184710262662101 0.9996563799372385
0.26608748207145666 -0.9649862444018942
0.3736957035647201 0.9286293777052657
-0.9846919930819373 -0.17995187901303422
0.9393673111364534 -0.3458179503268581
-0.4446473351562909 -0.8968220265684876
0.5982133864747031 0.8025844156488884
0.6359061880983052 -0.7730616533875437
-0.5156681040997424 0.8579553638821644
0.2358707832014837 0.9728134320782782
-0.6205464763921431 0.7854445051289718
0.9379424969371558 0.34966394214916346
0.4080428786158284 -0.9140579900700548
-0.7674036590697533 0.6427228205426924
-0.7014144079952678 0.7141560251490201
0.9402006730859129 0.34354576744415904
0.7372277822338346 0.6771234725680256
0.782291728021172 -0.6245163346699978
0.6210859817522651 -0.7850179636612306
-0.3172788308234375 -0.9493867196834557
0.5878952202072262 0.8101729507071296
0.7671741028288012 0.6429968086614615
0.9481016737236204 0.32109845263169634
0.6763261294206461 0.7379593258865204
-0.4187432445902077 -0.9092057496024019
-0.9459422065082902 -0.32740547024481315
-0.9381379364585642 -0.3491392446822139
-0.37166745708431237 -0.9294430059688872
-0.9486736898783308 0.3194044929750249
0.6382037428524474 0.7711659890121758
-0.480627754892635 0.8780648957946475
-0.9828105061002433 -0.1899592300968379
-0.990421908548223 -0.1451393918538155
-0.764208212887736 0.6465189922615829
-0.16266899175511412 0.9876941829946021
-0.9655274787446188 0.2641168070931112
0.8043303446112673 0.595863823987931
0.1333716757738662 -0.9920750959989222
0.4444831720122527 0.8969034004829763
-0.9801868924484384 0.20306318197121181
-0.055923866803042975 0.9994366018521613
0.5969766167581345 -0.8035047722596371
-0.32869155432594727 -0.9454960931250815
-0.2456891729008221 0.9703802503757534
-0.9992572628024663 -0.05904170336738988
0.6915155235659348 0.7237453147809186
-0.1766982713424841 0.9852810365091667
0.05445066012804293 0.9995179466180787
-0.8480983076646301 0.5317238574075743
-0.07336495536888696 0.9983078599929589
0.9056472457244674 -0.42638488049142437
-0.8381042136122242 -0.547341143278518
-0.1855331637583986 0.9836556537456588
0.026093820944448717 1.0006598385607963
-0.8430075082500342 0.5397585951460787
-0.9217907560924375 0.39025991593107834
-0.9705932076853371 0.24484653396584613
0.8701666586370173 0.49478377721636013
0.6978356900008136 0.7176533632340117
-0.1699314014002504 -0.9864706375854008
1.000892663147767 0.014658678554728136
0.6725149200951442 0.7414342062849689
-0.9936858867561125 0.12078641671031765
-0.6678668844705583 0.7456237822304155
-0.36338318967975897 0.9327130627680542
0.9141159878191991 0.4079129328831458
0.010928632075576858 1.0009403403804629
-0.9819962811826628 0.1941244542643217
0.43353402286414944 -0.9022467794451955
0.12209745152966203 -0.993525647545126
0.13941066500112395 -0.9912445038858699
-1.0000864036962034 0.042757281742347636
0.950454246986259 0.31406643307711707
-0.08936034013465326 -0.9970033749245882
0.8648342102787223 -0.5040464152551615
-0.9520649183211838 0.3091494643405963
-0.603640485119776 0.7985105914916605
-0.022974201674831742 1.0007363219436995
-0.9573028346477164 0.29252740516992093
-0.809962550523687 -0.588185061650807
0.20401232302889652 -0.9799897816060906
0.9701827558718324 -0.24646788879879744
-0.5388736953269081 -0.8435734351464148
0.7573010170080837 -0.6545961882248644
-0.7578539763777281 0.6539559239646552
-0.2508739519955801 0.9690527644097195
0.2199113869242076 -0.9765449205751221
-0.454303831477593 0.8919691859614763
-0.354419954773719 -0.9361557005424872
0.08429261361345984 -0.9974446126428334
-0.20538625959933612 0.9797027530673751
0.8712235654376408 -0.49292037797815247
0.574800653872484 -0.8195152276240906
0.11108610511439143 0.9948170069166059
0.5300350251115064 -0.8491547986998866
1.0001966677008851 -0.040095210687125876
-0.31715575851618766 0.9494278407757072
-0.9661453673852105 -0.2618475302157665
-0.999177658537334 0.060373890713210504
-0.9907050645117841 -0.14319383768410415
0.3768549827813888 -0.9273517789667733
-0.7963384231446766 -0.6065031869854024
0.6474810754900787 0.7633932517924237
1.000498098864839 0.03169470252017773
-0.0758458252821676 -0.998122442783082
0.3203425484711771 0.9483573438525119
-0.8537134421304899 0.5226608448369847
0.5146800332701299 -0.8585484630194489
0.7281977852949975 -0.6868252947376506
-0.4814889324156446 0.8775929625750442
-0.8554197482133699 -0.5198634958973123
0.13865654514386186 -0.991350272350176
-0.5207542082000786 0.8548778009995984
-0.7508614236897785 0.6619729015711738
-0.48547572576596043 -0.8753938083468571
0.2738682512475317 -0.9628069281837448
-0.8589102030353762 -0.5140761258040766
0.9786185839075251 -0.21049148968742262
0.582033511132468 0.8143942484563672
-0.7363508128323809 -0.6780770460951262
0.9958980322290234 0.10093616498737658
-0.9972706554532701 -0.08632635618283165
0.9470688955355225 0.32413192855552725
0.6733940474653511 0.740635846309259
-0.5234212503714933 0.8532474404646887
0.9999914470072268 0.04492333371860145
0.555713509092862 0.8325764204033751
-0.8815099996234081 0.47427958058927533
0.9130112263650146 -0.41037970287460857
0.9322549540284164 -0.36455685522216597
0.7091360425171583 -0.7064892590854464
0.30880980228567023 -0.9521751446095856
-0.9333554005478177 0.36173014288032834
-1.0006882931580179 0.024978789732349127
-0.992817640126003 -0.1277267922349662
-0.9422784462251114 0.33780516541283084
0.9623532536913011 -0.2754581912192231
0.13177793251285705 0.9922880511739708
-0.6429968321366039 0.767174083153421
0.35834876377918184 -0.9346588487239246
-0.9071573695786607 -0.4231625063957407
-0.7754137525402508 0.6330359487196969
-0.1434044086369424 0.990674606307989
-0.9031742245002163 -0.4315985637121987
-0.4382772082365697 -0.8999522702567946
0.40004362099159313 0.9175871082921416
-0.9509158146751405 0.3126661372785895
0.9199840917427436 -0.39450002654027655
0.45566222077992063 -0.8912760181637959
-0.28287138020847813 0.9602003865126022
-0.7739703097560015 0.634799936685724
0.21698561153988238 -0.9771991835775669
0.887802859136794 0.46239278033781384
0.5163756156851128 -0.8575297216574016
0.6626126005330015 -0.7502969689495572
0.6222572071551886 -0.7840898979985806
0.7565925629258357 0.6554149019707406
-0.9976180679891359 -0.08221429572540201
-0.20471622648453644 0.9798429805912434
-0.9551990703285983 -0.29932546841754293
-0.9984126297425342 0.07192510528735688
-0.29891564657192876 -0.9553273974059814
-0.603033455892369 -0.7989691177226478
0.3599405290726703 -0.9340470092724916
-0.6122094840135189 0.7919599407065366
-0.9243750671356814 0.38409860095801523
0.9012817911788598 -0.43553660338647354
-0.9444278882032844 0.3317483443574126
-0.6685936559811582 0.7449721626891495
0.6300740797813598 -0.7778223794592649
0.7596419040871694 -0.6518781922681719
0.7303512508145591 0.6845349154233179
0.7582666644735112 0.6534773642202273
0.7259649174319289 0.6891849814513173
-0.4983017546705572 0.8681568759689944
0.5216821663708263 0.8543118384352646
0.8409023676182196 -0.5430324190451917
-0.9319300552301495 -0.3653866064304089
-0.2916734098012728 -0.9575633775447444
-0.9526571982155475 -0.30731947983833213
-0.843843285802658 0.5384510274906843
-0.12587693846532 0.9930538738470326
-0.25445744240528806 0.9681179731853755
1.0004841536800462 -0.03213188813502303
-0.3699334924117957 -0.930134512418506
-0.9892539694116038 -0.15289729887537473
0.896611573153206 -0.44507155254827613
-0.9337141458988708 -0.3608031232519228
-0.36131588904602696 -0.9335158425666268
0.6569630972215488 0.7552486272010496
-0.6170500401189549 -0.7881942958365
-0.7558851282459581 0.6562306552551408
0.9228169518009741 -0.38782711801620917
-0.998437484898587 0.07157924803589258
-0.7992093835407603 0.6027149917335705
-0.8793009002581019 0.47836275649896876
-0.9689392094519433 0.2513121731763965
0.9885013818359563 -0.1576896258743901
-0.9999551104466062 0.04572501603843964
-0.8594976834017858 -0.5130932977802026
-0.9387581703888342 -0.34746812447792735
-0.18885375536352092 -0.9830235292632091
0.25164503948358635 -0.9688528134362331
0.8797616010870143 -0.4775149476747436
0.5405739826457587 -0.8424848777791225
-0.6737941711504811 -0.740271852040611
0.38989677673490986 -0.9219444145346984
-0.7021373489438394 -0.7134452629446194
-0.8450506618113965 0.5365541715168382
-0.8509179502574467 0.527199812148739
0.3143240999538575 0.9503690652521247
0.28747262193236633 0.9588328799323325
-0.3226745464935013 0.9475664288297752
-0.8358993196880128 0.550702576119921
-0.9110904676299835 0.4146265304991688
-0.827411898209962 -0.5633742545596022
-0.04673007835056055 -0.9999086457158727
0.998250875408568 -0.07413629169325686
0.09991086976263859 0.9960014147094738
0.755539059827244 -0.6566290650552746
-0.9518713469630112 0.3097449577165423
0.9255101613639619 -0.3813554001349046
-0.6640313873926803 -0.7490415986828449
-0.990283302225595 0.1460821047670482
-0.6704439104624672 0.7433074484517126
0.24091664966785767 -0.9715761256395788
0.6146514383965388 0.7900662056290383
-0.7501609961799245 -0.6627665349203619
0.9606987391005829 -0.2811742034585503
-0.751538751178053 0.6612038305074559
-0.30287000611412523 0.9540811073469749
0.1650733338047034 -0.9872951911493345
-0.5376526356724409 -0.8443522033810757
-0.9428527278181226 -0.33619894950151963
-0.7314542150422563 0.6833562257687542
0.31779946011543453 0.949212570054958
-0.8796158064325845 0.4777834583511176
1.000014880019317 0.0443986456995148
-0.9531485930397537 -0.3057920201482338
-0.7574760532760052 0.6543936343772045
-0.9843570936721753 -0.18177489413356418
-0.32986249546069624 0.9450882149770159
-0.3039744661876318 0.9537297960669701
0.614819320799711 -0.7899355687468327
0.6040792231619153 -0.7981787344599559
