1000
-0.2155659861469771 0.977513327590208
0.8862473840725372 -0.46536713917571015
0.5430752723285388 -0.8408746925584594
-0.7884465301574995 -0.6167277106491966
0.9070720411369766 0.42334538167741836
-0.7893388101037414 0.615585284801391
0.1470165354474977 -0.9901450087260021
0.40726411362831677 0.9144052393498965
-0.001903060060702339 -1.000998190988578
0.3616761132059343 -0.9333763384274578
0.7168257827464097 0.6986857642674545
-0.5590375348596205 -0.8303481406121643
0.41507114472864715 -0.9108879979523555
0.9171453875297569 -0.40105528064456647
0.6843567393310629 -0.730518208761531
-0.3136675916894051 -0.950585946626484
0.9960997335745676 0.09892583470800453
0.4189314680606426 -0.9091190378979833
-0.03270608460635141 1.000465547647555
-0.6507160833928161 0.7606376133310222
0.46122333261767084 -0.8884109620266115
0.42868255029760866 -0.9045619221868331
-0.23194167704511853 -0.9737577000719932
0.9574744399768428 0.2919652321613504
-0.8301917704005887 0.5592697241574376
0.6522508074993296 0.7593219897490606
-0.6566459237582579 0.7555244078199355
-0.9934783252242644 0.12248190604979428
0.4293902635123627 0.904226189402178
0.28094668102192344 -0.9607653003844204
-0.9431102117380104 0.3354759730822541
-0.9636688754411004 -0.27081967894908426
0.6091318683794328 -0.7943295077765783
-0.11330331326066698 -0.9945669204252447
0.9995943824154686 -0.05302896042199882
-0.8441747895064329 0.5379311524366011
-0.9864857588314849 -0.1698435975321691
1.0004871919268015 -0.032037147039391436
0.9061774001248307 0.42525700406107647
-0.18511643292665156 -0.9837341644268093
-0.5467577943361946 -0.8384848921314084
0.6049279006559981 -0.7975357264774582
-0.6241209601766711 -0.7826071984515285
0.3159711938928861 0.9498227227382509
0.9265544633222189 -0.3788110696609525
-0.9726498670360563 -0.23654436403081391
0.54172346892094 0.841746210695518
0.7130617151102274 0.702526861012489
-0.39089711207556405 -0.9215207256328986
0.9690970730838371 0.2507027381987281
-0.9231526401485869 0.38702739307017237
0.9083490760596881 0.4205983309780378
-0.5473329483088997 -0.8381095654480311
-0.14923514424044346 0.9898130488751571
0.6701944008579627 -0.7435324236767596
0.9987810129433083 0.06661447428253817
0.9076661819971816 0.42207002032679247
0.9275544992956609 -0.3763557503697477
0.8352798197588804 -0.5516417521395315
-0.9656819454496786 0.2635514754891804
-0.5538119741648865 -0.8338424894856289
-0.9357500399669794 -0.35548960983662586
0.1420111654954197 0.9908752842182676
0.6433529833345548 -0.766875438930292
-1.0007555652174638 0.022120096886648326
-0.9062169014028271 -0.4251728208762395
-1.0004769859087432 -0.032354299049062035
-0.2807362972244002 0.960826795744547
0.8641319985828575 -0.505249333522763
-0.5697100910043228 -0.8230622164866069
-0.9940493079926243 -0.11775811343336309
0.9703097809992264 -0.24596733298800744
0.3626376269726271 -0.9330031894391689
0.6867362106086805 0.72828179782199
-0.6566849038164073 -0.7554905274718114
-0.735135752927985 -0.6793941600919193
0.7975562965296373 0.6049007801829398
0.7395351984869605 0.6746026165075645
-0.9841394681948069 0.1829494660862464
0.7187449981603382 0.6967112943102728
0.6227088543468426 -0.7837312566932895
0.9327243308568126 0.36335426601006254
-1.0006583119005432 -0.026152300555692773
-0.8257479607160154 -0.5658103086488808
-0.08015015404238929 -0.9977860255620847
-0.5794589279876737 -0.8162281242247023
-0.9491998591620815 -0.317837422854334
0.8271624330998602 -0.5637404626850191
-0.23697192383056184 0.9725457867453041
-1.000844170134054 0.017662024478437684
-0.9085679476523044 0.4201253199925939
0.05532984287778397 0.9994696636152194
-0.41515789242105877 0.9108484639941513
-0.9990644107893977 0.06221979664089028
0.9975919840068518 0.08253019717214448
-0.4630446222602152 -0.887463057144293
-0.957491516923821 0.2919092239360046
0.8719504897689845 -0.4916333424327809
-0.8091090945314942 -0.5893585268293193
0.9252520682097978 -0.3819811648150884
-0.8045875221972245 -0.5955165145691015
-1.000422137424018 -0.03400804245996852
-0.8202338427048158 -0.5737747321743015
-0.8165774852792471 0.5789665020836878
-0.7963429589729316 -0.6064972313986569
0.9953809565433502 0.1059138864873022
0.12847972158209825 -0.9927204849010555
-0.8629138664776796 -0.5073269744854311
0.8147153538927592 0.5815839510607185
-0.7544971993296395 -0.6578259467395081
-0.6627909389687396 0.7501394345193008
0.5124272980383521 -0.859894914640803
-0.5360986295598725 -0.8453397301582521
-0.8555419960624823 0.519662287426578
-0.01569921544337217 1.0008768828554602
-0.30771390441201585 0.9525298698893976
-0.7494273421999064 0.6635960056865806
-0.4351379003152142 -0.9014743522193334
-0.9752431197136052 0.2256143999200285
-0.753679371731642 0.6587627832734614
-0.181904507495245 -0.9843331499817084
-0.8288617009499797 0.5612390584219048
-0.9930754554085192 -0.12570656253816798
-0.3231235772765336 0.9474134017460467
0.4296343536737365 0.9041102378268652
-0.32220368199687344 -0.9477266416576341
-0.29688027230647235 -0.9559618736723944
0.906003748031849 -0.4256268419076055
0.9917047293875317 0.13609823551538996
-0.9080998725221934 0.4211361080757338
0.12363058269663406 0.9933360352982724
-0.9911827075081877 -0.1398493487176052
0.2818392270125972 0.9605038522134837
0.9786167508941882 -0.21050001156603843
0.46412034699900606 -0.8869009547303025
-0.4330090291713961 -0.9024988535483273
0.9889753347806847 -0.15468932476235273
0.42954646286816767 -0.904151998414783
-0.13627616455554065 0.9916802947392023
-0.2521600372534978 0.9687189043330964
0.8505830174333706 0.5277400216526527
0.8129927527990106 -0.5839895409134369
-0.8254633537373659 0.5662254424137618
-0.6635835781735812 -0.7494383462155821
-0.931452665514838 -0.36660187111538756
-0.9210036938352302 -0.3921137538289897
-0.6326988728365561 -0.7756888140945127
-0.363794110542318 0.9325528645255043
-0.8049037896044103 -0.5950889761039597
0.19789537305853414 -0.9812433038355083
0.5299471706645269 0.8492096303650017
0.7624189212503212 -0.6486280818153778
0.7762296618768961 -0.6320352142266121
0.5967407968464816 0.8036799247082299
0.029553410902555397 -1.0005636391074906
0.9931436430407413 -0.12516670598751298
0.9978037148374929 0.07992963565849158
-0.994698199603976 0.11214495844490131
0.9589402327534302 -0.2871143152244363
-0.964398092139786 -0.26821133435621375
0.992338723975137 0.13139580244207544
-0.4712588221658193 0.8831285990901239
-0.08247395899504836 -0.9975966349620888
-0.8098673918745573 0.5883160779532566
0.29963835454792886 0.9551009666437416
-0.14632333688311558 0.9902476867346827
-0.7081000472992264 -0.7075276128991952
-0.15916276005026697 -0.9882652557958219
0.987218760196333 0.16552981458460983
0.21084586053615734 -0.9785422949953504
-0.9378620473538812 -0.3498796652181806
-0.0820990896962794 0.9976275554890424
-0.3174186392620216 -0.9493399851734081
-0.44083227053464297 0.8987034601331361
0.14326213641323035 0.990695190394259
0.8393806299057822 -0.5453816628187753
0.11281720612946479 -0.9946221785186282
-0.4130281672760225 0.9118161728312401
0.18332037495536205 -0.9840704446970376
-0.9912670701755695 -0.13925011879902474
-0.9978929230231902 0.07880808448524376
0.9915629393716011 0.13712744898360246
0.16209704493752244 -0.9877882101050421
-0.9840650380593475 0.1833493956064614
0.7983378714571088 0.6038688955372125
-0.7278498628156607 -0.6871939880406579
-0.8952095475555463 0.4478848802598655
0.6243451569349822 0.7824283513599392
-0.6323242260282078 -0.7759942481602734
0.7924056618211333 0.6116324608078056
-1.0007333089024875 0.023105074184664655
-0.9717730310485219 0.24012116967641264
0.5006624795944172 0.8667976012463173
-0.7134785771947131 -0.7021034965617304
-0.8458209807603642 -0.5353390220277014
-0.9114732475618392 -0.4137843870653825
-0.7794144726240527 -0.6281035582323744
-0.18340857118132778 -0.9840540107215782
-0.6609313639783484 0.7517783796503594
-0.6114542922688138 -0.7925431524314901
-0.46405189687588505 -0.8869367717069199
0.36446196354117916 0.932292055705565
-0.9716490427295411 0.24062239663582105
-0.874886871444504 0.4863886945376587
0.20109320366713482 -0.9805929448241448
0.03031683153654896 1.0005407986312125
-0.9732915764278461 0.23388994688656053
0.1560455335006856 -0.9887622522499968
0.7078560701968809 -0.707771703224584
-0.8477909531699821 0.5322137725793398
0.03990556550082963 1.0002042520615773
-0.9851241091802287 -0.17757108298329635
-0.12022020648448038 -0.993754548141959
-0.06556771556675974 0.9988502764055064
-0.18278674623885324 -0.9841697035569694
-0.7134268830951053 0.7021560243116931
-0.7871268828032179 -0.618411085256797
-0.9991891220196484 -0.06018387190605308
-0.945946449737721 0.3273932104192163
-0.5986157180337284 -0.8022843773394592
-0.9217470213823934 -0.39036320084337556
-0.9944183289624802 -0.11460011790337928
0.8064617219365816 -0.592975961613187
-0.6623018888231867 -0.7505712544863674
-0.833164401802829 -0.5548315776598642
0.9416468267184809 -0.33956185553005713
0.7854430316520148 -0.620548341412087
0.2720045859180717 0.9633350949900759
-0.9990024319845295 0.06320712688451723
-1.0007097060077401 0.024105690239070526
-0.964949836995913 -0.26621948103315235
0.9658441478760048 0.2629564260741201
0.9892801803675018 0.15272761614077293
-0.4061014669809863 -0.9149221816722397
0.5726094877018079 0.8210477297903412
-0.3556679656200787 0.9356822635017052
0.5821584625694138 0.81430493333813
0.9438244204328401 0.33346133718110943
-0.8409243091019079 -0.5429984404779437
-0.7562571576341386 0.655801884357718
0.2927310792373332 0.9572405733401328
0.5420523150048006 -0.841534484021859
-0.906499719138959 -0.42456949867010985
0.5148613298019972 -0.8584397538992
-0.9701615965508368 0.24655116421937975
-0.995367312932 0.10604203103736815
0.864445736835657 0.5047123617137371
0.8315970087508161 -0.557178081978011
0.9883864103398279 0.15840866092341477
-0.86685633054122 -0.5005607877177467
0.19528092486870788 -0.9817669582861414
0.6599815399033304 -0.7526123617021107
0.6362115806102165 0.7728103419969545
-0.26561814812231943 -0.9651155368079355
0.9039611778040048 -0.42994789105564457
0.9418267150545518 0.3390625883366551
-0.8721857101364073 0.49121592709708706
-0.03654032737460801 1.0003328468441675
0.8827682706247795 0.47193344909863744
-0.8408275134438875 0.5431483155048621
0.2550719035377836 0.9679562614217709
0.771384861045891 -0.6379391790360673
0.457097182451037 0.890540939988344
-0.886600254723876 0.4646945107525569
0.906978642136396 0.42354544349859247
-0.9576531675709552 -0.29137846633084596
-0.9903677095292877 0.14550876235372345
-0.8631648874991339 0.506899770160342
0.8044304063831278 -0.5957287312915803
1.0009257036108536 -0.012195730856225972
0.28495852501403046 -0.959583054780475
0.7889094991293362 0.6161353765070628
-0.5145887589033756 0.8586031733055053
-0.44823670393682696 0.8950334391763524
1.0002848401435314 -0.037831713931961414
0.9678224577217847 0.2555791273350862
-0.8128624308836414 0.5841709240093496
0.6811334873013752 -0.7335244866237712
-0.7355715559645359 -0.6789222975097456
-0.2718390340664727 -0.9633818243862644
-0.8603504985730407 0.5116620169654186
0.46276078346317034 0.8876110957443878
0.7713577481407865 0.637971962066653
0.005223180976863888 1.0009863727246655
-0.388148189809696 0.9226819510250843
-0.38792793002772913 0.922774577621426
-0.7315982060793844 -0.6832020673720378
-0.9992861950714365 -0.05854998155124409
0.9966589737674808 -0.09312298324662918
0.9697903973929647 0.24800722796804847
0.2509963035182601 0.9690210811020417
-0.7387711429543053 -0.6754392632487317
-0.6821266539416493 0.732601001898284
-0.48833757734873834 -0.8738005553609846
0.9670498658312329 -0.25848705382628834
-0.7922006572830156 0.6118979642067442
-0.9559281947633764 0.29698869752304063
0.6643463802142097 0.7487622366921804
-0.2914478941437816 -0.9576320405036348
-0.2018295750537885 -0.9804416467253965
-0.6475898419308868 0.7633009869166482
-0.590059155693486 0.8085982888816241
0.8317838045423894 0.5568991852220544
0.983672393405946 -0.18544439180254982
-0.08250366944480664 0.9975941782749848
0.8958820401629966 0.44653820677898
0.7262136290699506 -0.68892290203843
0.9482090573000752 -0.320781208386811
0.1306952975951345 0.9924312264265567
0.20284053326936008 -0.9802329917233972
-0.17848943582113727 0.9849581317498994
0.9455452940961998 -0.3285499913445911
0.6617261481732847 0.7510788938745038
0.9828883119991283 0.1895562347576679
0.6725366723456642 -0.7414144754118446
-0.9968041809359431 0.09155558349234398
0.8527749833510916 0.5241906406743119
-0.9879351180493159 0.16119926341297036
0.9921944479856983 -0.13248085667882536
0.3003789062139282 -0.9548683221794113
-0.586873893467053 -0.8109130860744709
-0.020423058373897546 1.0007916359995503
0.8262025996979384 -0.565146232626891
-0.8800462329901289 0.4769901757896947
0.48371766307627695 0.8763664886495977
0.6341931313605836 -0.7744676056072697
-0.5867277527520008 0.8110188309469681
0.22338940687639205 -0.9757551808191509
0.9905433556350935 0.14430821392827425
-0.5002778154539553 -0.8670196695373283
0.19701224672562542 0.9814209976560117
0.8430180583335278 -0.5397421174260618
-0.4057656704676066 0.9150711560692828
0.8991552250937799 0.43991008306988605
-0.3734707914195702 0.9287198543998292
0.7206796903430285 -0.6947098559305723
-0.5305372666876148 -0.8488410974120154
1.0009945912860185 -0.0032906254932323162
0.17432689124130943 0.9857033706902603
-0.7263439476786637 -0.6887855033830014
-0.6027480045674721 0.7991844862044875
-0.5930032527452096 0.8064416545749612
-0.5887489065998448 0.8095527931997314
0.8377963731721745 0.5478122279573088
-0.701263667385535 0.7143040450711375
0.8756966227922266 -0.48492929879549324
0.3291831094194876 0.9453250660343868
-0.490548233692986 0.8725614192827297
0.6084964523976155 0.7948163733967213
0.9504604918141886 0.3140475338230359
0.902588011023613 0.4328231536741516
-0.9293127727672267 0.3719929708632796
-0.854883830584857 -0.5207443098148665
-0.47404399605797326 -0.8816367107836358
0.7315026961542672 0.6833043286260068
0.4183965919217134 0.9093653236561724
-0.9092144851826 -0.4187242767432285
0.7750144251954534 -0.6335247751579737
-0.5721530885309295 -0.8213658401008155
-0.8409518264080059 0.5429558229368566
0.3499175346307743 0.9378479188855307
0.7888741848878917 0.6161805907503616
-0.9808154135917313 0.20000531108168382
-0.16007556869261425 0.9881178129695548
0.3565755464243485 -0.9353367734095444
0.020687845687571066 1.0007861974671748
0.9023799625825878 -0.43325674043163775
-0.9642987627298788 -0.26856823378356726
-0.6865797397026931 -0.7284293109353728
-0.9772923463321944 0.21656562469725926
0.9657197972012137 0.2634127432256206
0.5847647431484898 -0.8124353483019314
-0.8415091589563388 0.5420916300705952
-0.15401026511006286 0.9890813102271866
0.08103611621062948 0.9977144620929864
-0.15707198628548313 -0.9885997122821415
0.2937700944735112 -0.9569222181520419
0.9970244755969409 0.08912460412616102
0.9976651278678159 -0.08164124347714537
-0.020143284769961634 1.0007973061907574
0.4596971013989679 0.8892016503388795
0.3584652812323907 -0.9346141675317056
0.8602081048315426 -0.5119013736865
-1.0008232888159294 -0.018808098353278374
0.10883766338131334 -0.9950655069037897
0.48512894953959507 -0.8755860336475274
0.33850239583255487 0.9420281991615858
0.8319646139992165 0.5566290336059866
-0.9753259759103524 -0.22525594490383294
-0.9980693202627108 -0.07654170072797177
0.750824603364073 0.6620146637221735
-0.7045400393445789 -0.7110726636289284
-0.9766838694323378 0.2192934545094224
0.9995687325242485 -0.05351026966730269
0.8984025749422391 -0.44144514193402845
0.957216700638691 0.292809132402626
0.5844924213986787 0.8126312874406876
-0.9026771736766308 -0.432637169141961
0.055252527223406046 -0.9994739407485455
-0.8826238580260095 0.47220347864377543
0.2750865588703241 0.9624595498663223
0.522519700924865 -0.8537998372835343
-0.6454073944950088 0.7651472375505018
-0.038121109836584136 -1.0002738529946822
0.6344198410254103 0.7742819029999947
-0.6361568985046849 -0.7728553554740368
0.4696083717490931 -0.8840073400052545
-0.07897758465110546 -0.9978795223486037
0.20807181864017749 0.9791359038906545
-0.3038299461876562 -0.9537758456784309
-0.7384565484109656 -0.6757831946038337
-0.9466791221829087 0.32526856537790017
-0.5368948260235025 -0.8448342711971343
-0.9903379781785572 0.14571097754530235
-0.38260791257040744 0.9249930730759639
0.992295780806216 -0.13171971528280052
0.1487410193540729 0.9898874224685913
0.990654288903452 0.14354469644398568
-0.3114670086692067 -0.9513092570298348
-0.27077704219570126 -0.9636808566220185
0.850364536932816 -0.5280919941894947
0.30316780783876085 0.9539865199730236
-0.4828564290269742 -0.8768413020309425
0.8561130322963795 0.5187210000880034
-0.31443858836524186 -0.9503311918204485
-1.0009155381750745 0.01300328572710217
-0.10986774441339282 -0.9949522997297475
0.5058449271635632 -0.863783485407593
-0.9925746262712192 0.12960174104752462
-0.9992408244627436 -0.05931926101205572
-0.007357527312014474 1.0009729600702773
0.981543812461204 0.19639945065891803
-0.010919252172878658 1.0009404427497097
0.6978166114150838 -0.7176719144798478
0.9358259193695326 -0.3552898093615535
-0.7645525492645194 0.6461117545851681
0.8148162426860688 0.5814425944622199
0.888822689552969 -0.46042939364882723
0.4650741381101226 -0.8864011767033743
-0.034640213646192186 1.000400447620125
-0.4990651000644787 -0.8677182871748363
-0.7342691415658589 -0.6803306752926379
0.8087382029256729 0.5898673741855478
0.7843529267545856 -0.6219256276207918
0.9744512015526579 -0.22901060192179162
0.9697705901203146 -0.24808466808268642
0.820376526995936 0.5735707052788577
-0.5418387890788096 -0.8416719828113618
0.2618227066021659 0.9661520948109135
0.9962278481772101 0.09762722220879598
0.517870671044238 0.8566276717875688
0.9644613577022743 0.2679837485727178
0.9126531013272828 0.41117553020296854
-0.4410547007615248 -0.8985943194435194
-0.048027342604634926 -0.9998471755035051
0.7790445625084201 0.6285623036947604
-0.44840606471492983 0.8949486025056803
0.9851124049199819 -0.17763600331230625
-0.010154937446443236 -1.0009484888072206
-0.8982519990049517 -0.44175145306338076
-0.31484823067479933 -0.9501955544207458
0.5696618961586959 -0.8230955740768379
-0.8639468201934449 -0.5055659124957251
0.20465931331960222 0.9798548695962831
-0.3714539411949616 0.9295283586694545
0.9378794122407487 0.34983311463460365
0.7525427467847117 0.6600609170839623
-0.9729737953025415 -0.23520840472773946
0.9815678576362759 -0.19627924203881458
-0.829040644209695 0.5609746966204213
0.7649792866166779 0.6456064521420449
-0.10566437623635988 0.9954074741504512
-0.9960875521885967 -0.09904841429790653
0.6314478529554663 0.7767075440588508
0.48253301349206035 -0.8770193218454603
-0.876321029759778 0.4838000132293945
0.697277685801476 0.7181955366634758
-0.7052965596534706 -0.7103222951174899
-0.7200864961505969 0.6953246997349916
0.2558424111031344 -0.9677528923650576
0.44835765450500525 -0.8949728563742982
0.701858820790299 0.7137192695162791
0.3228557858419482 -0.9475046920983442
0.557887903904305 -0.8311209819739007
0.24016105841171484 -0.9717631738353563
-0.8960302048424564 0.44624082288601236
0.5404528719046992 0.8425625752725804
-0.38138272763530284 0.9254989006268222
0.995180686801401 -0.1077794072051422
0.1873168976850644 0.9833175376457206
-0.9975719736438518 -0.0827717186018896
0.999347859081701 0.057487881756249984
0.6090960201238059 -0.7943569967397154
-0.09300794261066257 0.9966697159096045
0.15244325961474886 -0.9893240382190409
0.5762317788614182 0.8185095827357219
0.9740406276078553 -0.23075063546888755
-0.505074104714115 0.8642344292767069
-0.2637259011892969 -0.9656343247015886
0.7369151932077606 -0.6774636506998504
0.4928728086608078 0.8712504774648945
0.6670495896020875 -0.7463550395165068
-0.7698623634949382 0.639775696063853
-0.7056856330808827 0.7099357627724031
1.0002530664030103 -0.038662684223617835
-0.6537752586422013 -0.758009835811728
-0.10218303864030745 -0.9957708705391183
-0.9748584566483905 0.22727074053013974
-0.7874026257973711 -0.6180599525025101
-0.22561953239232496 -0.9752419323445175
0.43810527419586587 0.9000359819039265
-0.7001149881051782 -0.7154299430625518
0.9637183562016507 -0.2706435477154188
-0.4503250349333323 -0.8939845428821983
0.9557294899738195 -0.2976275222394309
0.9031912069334053 0.43156302403957025
0.5288179458137742 0.8499132780380008
0.6182235704061733 -0.7872741688854292
0.49763359820787134 -0.8685400404901819
-0.996561671942711 0.09415855784127414
0.782451045869261 -0.624316715151933
0.9984824819203948 0.07094880758750173
0.7931248433156234 0.6106995848333022
-1.0002767952912501 -0.0380438273819347
0.9902562247562658 0.1462655438969402
-0.8486492800733656 -0.5308440443585651
-0.5389778256879081 -0.8435069077468986
-0.7367035125654139 0.6776938354255417
-0.9262766357581929 -0.37948991297330154
0.9093951578937731 -0.4183317425194501
0.07363032454046163 -0.9982883227345025
-0.8598815940725018 0.5124496503807311
0.7814602246011174 0.6255564861516274
0.5889778888531266 -0.8093862158710846
-0.9976673903872636 0.0816135905218446
0.9983055879230218 -0.07339586583500333
-0.06967617382572724 0.9985720959455091
0.8532364254125304 -0.5234392059726204
-0.3558593905151715 0.935609477390097
-0.6835336937463529 -0.7312883764380965
-0.9292191603374258 0.37222674818154794
0.14166201452903313 0.9909252613792707
-0.9877418924361443 -0.16237904398863914
0.9575721487281307 0.2916446124655671
-0.32343502392902307 0.9473071230050116
0.8256314895680881 -0.5659802500384444
-0.9981338374277839 0.07569572366842281
0.040196859616802305 -1.0001925876934636
0.6189732383268574 0.7866848989494862
0.975926883039761 -0.2226380896439253
0.7605030937174222 -0.6508732936956546
1.0007864053938937 0.020677784667822458
-0.25558069486792984 0.9678220437719044
-0.9378436202283524 -0.34992905566268434
0.7122159675373673 -0.703384258840651
0.5975761581696277 0.803058986119468
-0.6268515170152177 -0.7804217934013121
-1.0005830984392277 -0.028887075271736683
0.5388621846812187 -0.8435807880224538
0.9713208301722713 0.24194388786131757
-0.4077288758430453 0.9141980987749683
-0.997894907000435 -0.07878295870677345
-0.7106524703851543 -0.7049638759081753
0.6906182078658207 -0.7246016084471536
0.9913635979942601 0.13856123762392927
-0.9730067715581093 0.2350719517553405
0.7535133286301077 -0.6589527020786661
-0.20934231028334294 0.9788650556257652
0.24902558658454016 0.9695293998771908
-0.3293451172307522 -0.9452686357624811
1.0005214424411293 -0.03094904223917225
-0.43880436796335653 -0.8996953521366436
0.7241967814860645 0.6910427061225849
-0.03470561118908922 -1.0003981810019407
-0.43815337611086913 0.9000125660248568
-0.7125091277715235 -0.7030872938990312
0.8457652959461032 0.5354269923838362
-0.3777579534571694 -0.9269843195005247
0.9932567461133816 -0.12426599011900799
-0.6606639876078891 -0.7520133612363832
-0.9658765183902319 0.26283749965019076
0.9998844638825872 -0.04724467045319583
-0.9764560072868194 -0.22030584611735377
0.8737281691796506 0.48846707809429274
-0.9817095838200578 -0.1955691515445345
-0.995513840783564 -0.10465750239880986
-0.32781662712276183 0.9457997985735968
-0.9283222138908666 0.374458098052052
-0.0976219714886808 0.996228362717436
0.24888961674737214 0.9695643138417102
-0.8686991268242668 -0.49735583544858136
0.9849616621046328 0.17846995316881603
-0.8664129546912198 -0.5013278288138714
-0.8612381408891375 0.5101665068169626
0.7000762706827782 0.7154678296240113
0.7031745151462775 -0.7124230493525582
0.9953649817326247 0.10606391064076331
-0.198156371978719 0.9811906299207263
-0.6446035925574758 0.7658245285063646
-0.10960542929495426 -0.9949812309129599
0.45942724942819785 -0.8893411058097115
-0.026431140238528814 1.000650985521771
0.9659461958351184 -0.2625813145516319
0.0697592096518654 -0.9985662985844992
-0.34716053949328446 0.9388719613550783
0.9928290923418985 0.12763774284889948
-0.9003612571059101 0.437436403037819
-0.8777628410138385 -0.481179171344017
0.9528087957903314 -0.30684914642960714
-0.721096642655375 0.6942770570536999
0.13915581187086054 0.9912803135453471
0.919468012668912 0.3957013693161566
0.27832033829695363 -0.9615294011574838
-0.008984516571987702 1.0009596787393424
-0.8101219203507424 0.5879655382479703
-0.9293412723009647 -0.3719217654265803
-0.5348112959563001 -0.8461547599095232
0.9436201963914091 -0.3340388075691781
0.6461135914923108 -0.7645509969183921
-0.3399198585902351 0.941517652376202
0.08248227713052406 0.997595947244857
-0.4941286840818743 0.8705388236991588
0.9890752118165532 0.15404942508831554
-0.9727712117481977 0.23604484657357616
0.07668951214517697 -0.9980579736302571
-0.4163677428919216 0.9102960522154794
0.9527527454743685 0.3070231359214697
-0.053451304384809245 0.9995718873895776
-0.9616909395515233 -0.27776165463308367
0.9874034128780894 0.1644247555470322
0.6967462615629781 -0.7187111012068855
-0.15342994246482675 0.9891714981514782
0.5036825928546058 -0.865046152326719
0.6000897040385447 0.8011824680476551
-0.7369772324001609 0.6773961609898593
-0.43844420768777037 -0.8998709222688792
0.812291167133431 -0.5849650073269412
0.824600728663714 -0.5674809585239595
0.46340525158554197 0.8872748011765805
0.1908046099896169 -0.9826467324561305
0.7283513856230311 -0.6866624054519154
0.6308185431037248 0.7772187373426441
-1.0004490032555924 -0.03320831047932939
0.9898161391348704 0.1492146464263438
-0.2008652028224249 0.9806396740368534
-0.12361641010456871 0.993337799116121
-0.0791609443042853 0.9978649933216687
-0.9502313200647202 -0.3147402712842117
0.9134846311003116 0.4093248450113035
0.9697034594347248 -0.24834693628133817
-0.019269223438685625 1.0008145167952303
1.0009110085525628 -0.013347395187514387
0.9900370223603827 0.14774198575823713
0.9995081967606334 -0.05462933834769512
0.7512278368814612 -0.661557055056025
0.1349958631947696 -0.9918553911333543
-0.76035456696159 0.6510467974736172
-0.6525259114704368 -0.7590855912607456
0.9977045359715284 0.08115823372792995
0.9886794800502806 0.15656910847132846
-0.87076304436108 -0.4937334509378759
0.9866180153510846 0.1690736282945597
0.9992297041107664 -0.05950628893411385
-0.15900393987595057 -0.9882908211169045
-0.9053877420777112 0.4269356350732786
-0.868214189427346 0.49820188807050547
-0.8654465362969864 0.5029943268184534
0.33457509329348806 -0.9434301812787493
0.2613163281253937 -0.9662891785873738
0.8586214485599788 -0.5145582649931527
-0.44957210387167296 0.894363417979737
0.645514719953447 0.7650566948425607
0.743970226229234 0.6697083712217
-0.6336816843825734 -0.7748861354276927
-0.45040431607990267 -0.8939446023421111
-0.4374160353315867 0.9003711523781713
-1.0005308022035715 -0.03064496438042958
0.9991996305468689 0.06000915192702466
0.5435660624390989 -0.8405575148462201
-0.021952688140358393 -1.0007592515102781
-0.8849890946304496 0.46775560112646114
-1.0009482311195754 0.01018030542730114
-0.8518729372704816 0.5256553041168348
0.984266969121932 -0.18226226569294565
0.043380600062371676 1.0000595599954176
0.3753403879894111 0.9279658361943927
0.4454410754841633 -0.896428049690276
0.9137216542455109 0.40879547277684847
-0.3608158631171447 -0.933709222897059
-0.9767676762657076 -0.21891986342607153
-0.6285641582857825 -0.779043066151343
0.35996224499127805 0.9340386406251292
0.46723644472381143 -0.8852632968342541
0.5121370209972944 -0.8600678297227591
-0.6801021086787591 0.734480851874782
-0.05398282380494007 0.9995433230901224
0.6778825495295887 -0.7365298697563221
0.9020921900139863 0.4338555989217726
-0.975992225022908 -0.22235147108763015
0.7227830417813785 -0.6925212448100477
-0.5177114422954946 -0.8567239126558327
0.7907573759283654 0.6137619835203919
0.764865394638184 0.6457413786377445
0.677324491452664 -0.7370431013708696
0.43519031899709465 -0.9014490480616234
-0.6016534807830247 0.8000088056150823
0.9997382658169824 -0.05024340614700233
-0.5804802774335551 0.8155020830817434
0.7016843385272277 -0.713890810324385
-0.9125802022088142 0.4113373002008447
0.8169985928723177 0.5783721113994458
0.5327750239021213 0.8474383599448954
-0.6486120083815967 -0.7624325954359451
0.48179430358375563 -0.8774253523999885
0.5083636061515221 -0.8623035683218643
-1.0004942857900816 -0.03181484089846652
-0.18569154286895603 0.9836257677119621
-0.9999760184066583 -0.0452654682022252
0.6175464415807864 0.7878054280664156
-0.9899193372705679 0.1485284676343213
0.46314413034929386 -0.8874111304930744
-0.8336986803704777 0.5540284382128088
0.22082091493400724 0.976339655820508
-0.9837077859629202 -0.18525655679605413
-0.9222226219055516 -0.38923827618266177
0.7260884050548957 0.6890548802851901
0.9835006295895208 0.1863531904664265
-0.9572256533665136 0.29277986361266595
0.03593346412586903 1.0003548301257483
0.5495939379979806 -0.8366286531764686
-1.0000583171874073 -0.04340924123145677
-0.8144830021512528 -0.581909304966575
-0.37942791156448996 0.926302034935587
0.7970085151178707 0.6056223467059375
-0.4051370272404825 -0.9153496540441497
-0.5368844097933694 0.8448408906538707
0.38586122156285446 0.9236406864652627
0.9946937244173171 0.11218464513830075
-0.4543827005325417 0.8919290114447195
-0.8249374684925358 0.5669913342169585
0.5786660059111522 0.8167904588098678
0.994524299725647 -0.11367681054292171
-0.9888404448304812 0.15554926765322982
-0.9887568010474127 0.15608007042056027
0.7267432788318454 0.688364152663936
0.1144904887619968 -0.9944309568708323
0.9079230873706422 -0.42151710216711413
-0.7281542418080394 0.6868714582343332
-0.15509896739945747 -0.988911174126181
-0.8525153920195929 0.5246127203658711
0.7014255492995592 -0.7141450824516062
0.8169648480033601 0.5784197758780786
-0.531280899811191 0.8483758633387747
0.9016604666502747 0.4347521165906026
0.7570488705338495 -0.6548877824661433
0.643313621477097 0.7669084589584486
0.9911038329506857 0.1404072373863227
-0.6930554165152834 0.7222708561466585
-0.13242407228928957 -0.9922020283582981
0.3383015237547878 0.942100355071151
-0.042555727340635535 1.000095000522705
0.8320581626229769 0.5564891858899647
0.7267067481577616 0.6884027180233759
-0.9807531643551353 -0.20031033574778193
-0.4669284373662924 0.8854257927001405
-0.9992239971007113 -0.05960204374077843
-0.4884473790497423 0.873739181849731
-1.0009814157280221 0.006099620244278105
0.1724907815950609 -0.9860263334539929
-0.9745401150611597 0.22863194032457862
-0.13599293666738194 0.991719174553251
-0.2729517198961317 0.9630671620430964
0.3254330616268687 0.9466225870959147
0.8093578706027574 0.5890168395668922
0.017995306756288337 -1.0008382331499668
-0.9711603316692818 0.24258732487912582
-0.9950733382082801 -0.10876604059645473
-0.5795532251995333 -0.8161611722943078
0.024090646127133453 -1.0007100682861032
-0.5831567598248797 0.813590310580545
-0.9543363544405392 -0.30206476556053585
0.993845109134484 -0.1194692389256147
0.6581274505203394 -0.7542342201674479
-0.49692455310727973 -0.868945906555253
-0.08387438052656836 0.9974798686145422
0.9712771344248989 0.24211924364526874
0.3613530416926862 -0.9335014618410855
0.7707327110552868 -0.638726927653256
-0.49648575915298654 0.8691966929057442
0.975435476909391 -0.22478129456551513
0.9636283105888043 0.270963981059784
-0.7868634812752198 0.6187462014715257
0.8080178898842518 -0.5908536956193141
0.8382985704310607 -0.5470434231514348
0.904341792735621 -0.42914673703958545
1.0002341355742526 -0.03914938099163189
0.6937550304760663 0.7215988897504987
0.3909029702470246 0.9215182406507502
0.5825739114054781 0.814007762708515
-0.4167506712807926 0.9101208040623007
-0.488034733676642 -0.873969735588807
-0.13470618335317536 0.9918947747449931
1.0007100551795414 -0.02409119055919151
0.874054826010281 0.4878823230330624
0.06127505326125307 -0.9991227991832788
0.31765605159678967 0.9492605716471836
0.7291875134886064 0.6857744309700555
0.8475153408069429 0.5326525575803531
0.4589714689121937 0.8895764108409031
-0.990230820103398 0.14643743687101257
0.0028760345766088075 -1.000995868335686
0.17048139875891052 0.9863757360545754
-0.587629036289323 0.8103660381023391
0.2902769902108229 0.9579876141966271
0.16192999533267838 0.9878156086089948
0.6097936880536624 -0.7938215530016256
-0.32389261735879116 0.9471507654119653
0.7945257743031572 -0.6088758444608954
0.40682022439114124 -0.9146028127150831
0.9768297979652808 -0.2186425068624777
-0.48421289573401327 -0.8760929583125763
0.3986455813928821 -0.9181953498226458
0.9702608256941548 0.24616037480329145
-0.7234873093385298 -0.6917854531761234
0.9991474915948482 -0.06087109363008652
0.4218605284158521 -0.9077635675464719
0.9980546823753494 -0.0767323333975989
-0.9642867271904676 -0.26861144384462987
0.8492344347985307 -0.5299074209259768
-0.4412464525499524 -0.8985001770239573
0.9995878285050331 -0.05315235746975267
-0.7548598360625272 -0.657409786890684
-0.7387034652696889 0.6755132792170363
0.985819695376544 -0.17366786751641183
-0.453445679917417 -0.8924057459273955
-0.9867109668855648 -0.16853031723625866
0.758817962428575 0.6528371158993227
-0.9990002615487404 -0.06324142175464004
0.9984183895382842 0.07184510722226543
-0.2171792456745456 -0.9771561672773883
-0.3182790689683565 0.9490518606781382
-0.5852563917307887 0.8120812495916019
0.7754369664072043 0.6330075126956963
-0.9251824042013314 -0.382149864524697
-0.49907574541175637 0.8677121644541466
0.6863838803021168 -0.7286138681506201
-0.5739113284984013 0.8201382731108212
0.988590323049362 0.15713107004395413
-1.0001372508527262 0.041550926063697854
0.9363590828951721 0.3538822796915836
-0.5543523779954693 -0.8334833177759278
-0.9102244900631156 -0.4165241621915123
-0.6511162617424807 -0.7602950833028563
-0.8542602881060833 -0.521766576320208
-0.5162895459021194 0.8575815441065551
0.23699777087210105 -0.9725394884536335
-0.8579641488059 0.5156534876870005
0.9761497815369697 -0.22165875576057534
-0.44291662798498943 -0.8976780384160049
-0.9337604762801479 -0.3606832030148776
-0.6718612170711638 -0.7420266201395032
0.8064001148378176 0.5930597396464833
-0.850971464987848 -0.5271134278088879
0.8949350591741561 -0.4484330940741883
0.9970725881514451 0.08858472756056054
0.9985125354580983 0.07052458105540285
0.9229125350106573 0.3875996036120293
0.9356036752322537 -0.3558746449129238
-0.6785622464180106 -0.7359037149900408
0.4386791507333407 -0.8997564129873569
-0.2508635074960926 0.9690554682817479
-0.9465447462986806 0.32565939761408136
-0.9304599381576043 -0.3691142146866567
0.33765406421999294 0.9423326020655982
-0.06689213753293552 0.9987624552095833
-0.04369566176995071 1.000045843520429
-0.6449003450809505 0.765574650125297
0.041160745695313715 1.0001533847434632
-0.391582653556039 0.9212296268759549
-0.6606003556162514 0.7520692588848996
-0.8294541989816409 0.5603630357114256
-0.5384956979960892 0.8438147801737682
-0.8833844411798467 0.47077906610359166
-0.7166923033250314 0.6988226830567689
0.7034404090928844 0.7121605091938443
-0.9394067910138375 0.34571068973505037
-0.9103719840172219 0.41620169475453506
0.8779034235382625 0.4809226330084687
0.08535899909391373 -0.9973539197665416
0.7659412940797311 -0.6444648431244848
0.17392323701922235 0.98577467386049
-0.42282043383435686 -0.9073168579565389
0.6429760253231382 -0.7671915216291555
-0.47676347263199315 -0.8801690696473506
0.43686048893757384 -0.900640834742254
0.9728366408042188 0.23577504174268157
0.35814807108725155 -0.934735769710607
0.9032008254985265 -0.43154289337072876
0.9538060034222786 -0.3037352594540521
-0.9184183161607827 0.39813163217759107
0.2384957357619993 0.9721732273742898
1.0007924792137475 -0.02038169642598561
0.32911101603349724 -0.9453501674646274
1.0004132458540418 0.0342686083723919
-0.33506798139738 -0.9432552400290629
-0.8257815586699033 0.5657612724115225
0.9838758926291974 0.18436167688296842
-0.9993702750342908 -0.05709687712901524
-0.165771993881311 -0.9871781227542548
-0.7212059719819898 -0.6941634864911244
0.38667319219710294 0.9233010573134324
-0.12286794557666243 -0.9934306558334961
0.7684489085850187 0.6414727390111709
0.5108238896689361 -0.8608483918457992
-0.9801943255312763 -0.2030272991405009
-0.6250604198254017 0.781857065944724
0.8125209138526526 -0.5846458454073289
0.4610278234377995 -0.8885124343621789
0.39743393068416155 0.9187204529893395
0.7913144037057495 0.6130436481098341
-0.04997929412482805 -0.9997515042043118
-0.43246563526420584 0.9027593667836002
0.020114443668942456 -1.0007978862666973
0.1797868762282964 0.9847221329573491
-0.4744421657406158 -0.881422504459328
0.9495061302061394 -0.3169212973294186
-0.9558009639879362 0.2973979106176302
-0.6756673519407572 -0.7385625427283493
-0.18713119080277482 -0.9833528956731329
0.18116004149027648 0.9844704360046782
-0.7369888316227994 0.6773835413288849
-0.6195773272330666 0.7862092187062738
-0.40882269156224144 -0.9137094761814635
-0.2363221218542736 -0.9727038885099072
-0.5514296353922177 0.8354198688151999
0.7391167674908616 0.6750610372506026
0.9209334748215022 -0.3922786445285974
0.9015178215567803 0.43504783347985687
0.6764805021650425 -0.7378178163954378
0.06935501950185963 -0.9985944528535579
-0.6012672464468842 -0.8002991305444369
-0.2759877668981138 0.9622015134692901
0.7398158244778394 -0.6742948508272733
0.9784444639404681 -0.2112993870891488
0.796974123984481 0.6056676033099089
0.6829267314919164 0.7318552311856272
-0.954512887803737 -0.30150646264478415
0.8397039645133837 -0.5448837050054866
-0.7107010078333882 -0.7049149434255215
0.4631613325110841 -0.8874021523900858
-1.0009992607661553 -0.0012165301519455971
0.32468313388577064 0.9468800676802288
-0.8159088240017474 -0.5799084332169051
0.24680324381848998 -0.9700974996569526
0.8144328218304567 0.5819795346275327
-0.6613826831790798 -0.7513813588257571
0.2683566688062832 0.9643576609884917
0.33414444407116145 -0.9435827947225269
0.07640518863762523 -0.9980797799521083
-0.03391150934564649 -1.000425414278296
0.7152948709067043 0.7002529883224785
-0.21633320878826215 0.9773438201448731
-0.9999851231878333 -0.04506388135762133
0.2683461032314147 0.9643606010619238
-0.5441600508129276 0.8401731006758499
-0.11699410855720936 -0.9941395166488977
-0.9523256657364033 0.3083453038068138
-0.9954817288966571 -0.10496250489066254
-0.6857069704732016 -0.7292509517610956
0.6011173633261929 -0.8004117162484352
0.3536436725836854 0.9364492259815922
0.19047819340624544 0.9827100578688981
-0.4591272439495902 0.8894960223987814
0.39346902456253996 0.9204255139389625
-0.0019356446455641486 -1.000998128509642
0.9872318605866225 -0.1654516649740208
-0.7430973805662191 -0.6706767350934605
0.9921925568130716 -0.13249501954692358
0.9806996140168016 -0.2005723487106248
-0.9942074152532222 0.1164157010695159
0.5667803900049311 -0.8250824137659573
-0.405208334285792 -0.9153180899694564
-0.765417181625964 -0.6450872329164221
0.08555590773214064 0.9973370476685048
-1.0008924941351636 -0.014670214173327971
0.9883597245126967 -0.15857507673397533
-0.11145842296326437 0.9947753615518139
0.6840247962232614 0.7308290348308047
0.2228045683448788 0.975888889333541
0.2250436156175393 -0.9753749899755402
0.9919231055270417 0.13449740786197095
-0.6599354113697324 0.7526528102785919
-0.6952260522889799 0.7201817383262926
-0.899156673331154 -0.43990712292943424
0.8828663681859306 0.47174990824184054
-0.49639732793926516 0.8692471989110794
-0.969733064886761 -0.24823130919633976
-0.7690932283215298 0.6407000906430147
0.09377141147861986 -0.9965981749879473
-0.9997700457248695 0.04960701231975596
