1000
-0.9127624723266815 0.4109326819712494
-0.8429082672175269 0.5399135607264798
0.46983679477228596 -0.8838859577332954
-0.809660545837778 -0.5886007139935115
-0.10957342123940102 0.9949847563444844
-0.9977734239812975 -0.08030687639696876
-0.997263128734822 0.08641326325300823
0.5516391608438543 0.8352815311159995
0.6179210260860791 -0.7875116542126389
0.3441458289514444 0.9399811957775129
-0.875873728806589 -0.4846093387321809
0.9545295773307723 -0.30145362164143463
-0.8605609100599849 0.511308048124348
-0.6774547395896866 -0.736923385303703
-0.09100469269106275 0.9968546262661397
-0.2764287645566457 0.9620749129489276
-0.036088755869917576 -1.0003492398656388
0.29679696173407216 0.9559877423405719
-0.7651695274065835 -0.6453809683654961
0.6535136359099903 -0.7582354038685509
-0.9701125560722275 0.2467440547429852
0.9140088728976994 0.40815288834489133
0.6174304472661206 -0.7878963401290543
0.9526349381524172 -0.30738847507891404
-0.6572304833687023 0.7550159546201273
0.8488486910041239 -0.5305251170119898
0.8134286733332724 0.5833822018190754
-0.8935398918449604 0.4512066729135292
0.9121112636890978 -0.4123760936953997
0.4299174179476954 -0.9039756709918617
0.9983351960166947 -0.07299202966288652
-1.0009978180405241 -0.0020900426095221475
0.10392641196497016 0.9955904282866962
0.7771107131933052 -0.630951614183047
0.41470321446258207 -0.911055565766656
0.6686595919984555 -0.7449129815142566
-0.9582215944237964 -0.28950367179004366
0.9971047439659555 0.08822204690771135
-0.2584599212938859 0.9670571177985084
0.3693243557853002 -0.9303765475460852
0.7674215005517848 -0.6427015174175698
0.39221825950839034 0.9209591939430373
0.7452498761832561 0.668284087831546
-0.057643964407784444 -0.9993388681360063
0.7586792773668433 0.6529982803148293
0.807522603399077 0.5915304260979116
0.9495158262351843 0.3168922462429704
-0.24201977891280052 -0.9713019235103981
0.43358477338557744 0.9022223918126714
1.0000496588651109 0.04360825384918903
-0.29656539545312127 0.9560596039053914
0.0228679438741692 -1.000738755691498
-0.05274568461620934 -0.999609370081317
0.6475356724011281 -0.7633469414152513
0.0212840682186049 1.0007736949181196
-0.03257809420306953 -1.0004697235689324
-0.48116972139329234 0.87776802129851
-0.9872239236234143 -0.1654990169928242
0.9769160910783748 0.21825661729292087
0.8897027491691762 0.45872651778680723
-0.7426763121221001 -0.6711429768780397
0.6026793569592358 -0.7992362558688151
-0.8188014777165074 0.5758169327913724
-0.9359296229842223 0.35501653598193356
0.30599055003506026 0.9530848772744436
-0.7179256620095917 -0.6975555489192882
-0.40887448128307047 0.9136863020509282
-0.3221268981099868 0.9477527428153601
0.6940793460464468 0.7212869480253589
-0.007319862808541484 -1.000973236209872
-0.5422712334468391 -0.8413934331666986
-0.9900126233296936 -0.14790539424868238
0.9113665193434936 0.4140194046415284
0.27293223848620823 -0.9630726832357501
-0.7210681857716074 0.6943066120008096
0.92520740066728 0.38208934262878275
0.26102807333905453 0.9663670860128158
-0.28253991301789516 -0.9602979733144501
0.7875283426666343 -0.6178997568349938
0.6120801829869277 0.7920598775311681
-0.026533817709039346 1.0006482681331055
0.04623222882869135 -0.9999317881823397
0.9940882163304096 0.1174292048556269
-0.9572637718680915 -0.2926552085114399
-0.20424300047877983 -0.9799417313062166
0.6074797204545573 -0.7955937337840545
-0.5779745419955881 -0.8172798962442366
-0.9370452252990604 0.3520614232548535
0.8784064198655341 0.4800032932585098
-0.9992068811696434 -0.0598883012218091
-0.9981674933288621 0.07525061635346271
0.3854319485410298 0.9238199029268989
-0.8672008097411504 -0.49996375427053996
0.02887108781598126 1.0005835598730983
-0.9807478239316079 0.20033648158389913
0.8950494362739744 -0.4482047597088195
0.796464528288766 -0.6063375752645992
0.40075248103758626 -0.9172777381699716
0.5715548331179894 -0.8217822538479808
-0.07215001972833893 -0.9983964015626259
0.9792822561211839 0.2073819250711209
-0.5908753064863111 -0.8080020867452682
-0.973178193415906 -0.23436126783185315
-0.8857092805378958 0.4663904698522936
-0.8116919445485206 0.5857961993347528
-0.818879052570679 -0.5757066069283443
0.8945051971562986 -0.44928994230938596
0.02623842155715426 1.000656057411431
1.0005352343975131 -0.030499913591899373
0.5938875465228936 0.8057906564890276
0.6585404252684239 -0.7538736686523037
0.01906369780408512 -1.0008184527805402
0.4981963611696906 -0.8682173608706976
0.8270792681288348 -0.5638624692524508
-0.15536013505057233 -0.9888701777468405
-0.11490067863969357 0.9943836453040334
0.8570515072091861 -0.5171689414402825
-0.6472998130513454 0.7635469546947936
-0.14090068249175558 0.9910338024877645
0.7663518934773845 -0.6439765332398592
-0.5047384664040826 -0.8644304949109874
0.9477698829279806 -0.32207646454635896
0.7004381024348902 0.7151136026236742
-0.9030294080699027 0.4319014796929052
0.6774312813983511 0.7369449497642195
-0.977660661580824 -0.21489679103547693
0.9728145542765397 -0.23586615481611067
0.771585311837357 -0.6376967198887327
0.954356616548022 -0.3020007424676498
-1.000988473564115 0.004803726863916638
-0.28828296632774514 -0.958589553106686
0.7249790125990142 0.690222015941942
0.7949774858897889 0.6082859499678999
-0.4385842952025583 -0.8998026539201112
-0.6176557850171467 -0.7877197034699921
0.9261243867506519 0.3798613171484152
0.8471625847118258 -0.5332134235598147
-0.46617718953551285 -0.8858215553692349
0.9714380531889903 0.24147279104773778
0.9992519489316986 0.059131569877707006
0.12740766549663443 0.9928586439028961
0.11865680738563193 -0.9939424339774658
-0.5490174607539454 0.8370070655539833
0.06385686928972227 0.9989611104765367
-0.8457717377710914 0.535416816683664
0.37181093565135803 -0.929385618637421
0.20790963664676493 0.9791703544273643
0.07542178967931046 -0.9981545740222653
-0.10595652234789726 -0.9953764189350377
-0.9873709000151069 0.1646198827704534
0.9839162632049183 0.18414610232331832
-0.8138998084703613 -0.5827247221217831
-0.9901069962656937 -0.14727231900708856
-0.4751809721803903 0.8810244285362916
0.9144585554486795 0.4071443851592631
0.5598898384880694 -0.8297736852647254
-0.9594458011153638 -0.28542031238525695
-0.9633878511483747 -0.27181767466395046
-0.9944778058787587 0.1140828366344829
0.6776641290797927 0.7367308383382131
-0.46083354594605386 -0.8886132133446961
0.7494244830890696 -0.6635992345886791
-0.44045695711309457 -0.8988874617718692
0.1667466320407534 0.9870139617569073
0.8346492178119819 0.5525954064284707
-0.9814115201231105 -0.19705945338817296
-0.9979127275072314 0.07855691108412043
0.12356398348929377 0.9933443219670899
-0.9077419775275234 0.4219069829173502
0.2772582079339086 0.9618362054597849
0.8831932038263429 -0.4711377343356823
-0.9115179865673584 -0.41368582301571427
-0.42508818755636885 0.9062566042794068
0.40551410033896984 -0.9151826672453297
0.7936520026857291 0.6100143429731234
0.23760687398301356 0.9723908542535868
0.9714229151857892 -0.24153368264476702
-0.5007025096389374 0.8667744786513214
0.19982077671882686 -0.980853025275186
0.11934444686122851 -0.9938601023299947
-0.28563863865050204 -0.9593808253816041
0.012818931907141876 1.0009179162072983
-0.9509637585866872 -0.3125202871089823
-0.5676090992656015 -0.8245125289714477
0.27100161495071334 0.9636177274698227
-0.9668937805424087 -0.2590702938362644
-0.9936057135515807 -0.12144416823237865
-0.9962138662167673 0.09776979470900485
-0.9013924299704148 -0.4353075776873531
-0.7505305911001239 -0.6623479688373013
0.8769803508768037 0.4826038377137073
-0.8798660145542847 0.47732252872911746
-0.35700908614367277 -0.9351713813044429
0.5887744356096941 -0.80953422656024
-0.8023615492198615 0.5985122758419444
0.9085065912104078 -0.42025798472753023
0.038903754182639784 1.0002437192557105
-0.9778010455018417 0.21425712453849788
0.869386930436904 0.49615256240948485
0.5146051044879825 0.8585933766544631
-0.8076013008789641 0.5914229779257861
0.5400746136770687 -0.8428050852133991
-0.5419106774496641 -0.8416256992666312
0.9436326106906415 -0.3340037365676678
-0.2137262450264872 0.977917221541209
-0.12843317404257934 0.9927265080601748
-0.9157111090098925 0.4043193846897188
0.9601086986916404 0.28318242653216463
0.9284043221017695 0.37425447853399674
0.987505178463609 0.16381246139276404
0.9669054760034831 -0.2590266404725156
-0.4922441888311115 -0.8716057930980042
0.9350969378519733 0.35720402688080466
-0.9934058793699405 0.12306810648269231
0.1814156910809864 0.9844233576209009
0.9979123641352681 0.07856152688154897
-0.9863540378923878 0.17060689298320275
-0.9893460563915928 0.1523002977751626
0.999881132697236 -0.04731511889546874
-0.6985320029993827 -0.7169756207749818
0.5256670117773504 -0.8518657128497842
-0.6349844035119202 -0.773818975792537
-0.6559996173949737 0.7560856446049271
0.9134152103505953 -0.4094797351520316
0.8822776902086753 0.47284995226820625
0.9097331240622796 -0.4175962679237985
-0.6850579067761442 0.729860715728342
-0.8898350481736227 0.4584698322047445
-0.7703891730570807 0.6391412379407446
-0.9998940763311635 0.04704079206231146
0.9255208060960117 -0.38132956544620134
0.2531235602966375 -0.9684675850139511
-0.8005131000848278 0.6009823429956811
0.7243142542947912 0.6909195763801894
0.7324309183948776 -0.6823092772190894
0.938754449385396 -0.347478177385461
-1.0009710001232033 -0.007619508668809514
-0.6203536303871708 -0.7855968261554125
0.6340367048653002 0.774595673163459
-0.6438349197187998 -0.7664708710386106
-0.9144429254369556 -0.4071794888231756
0.8985699170782661 0.4411044140812444
0.7196831941990732 0.6957421217573498
0.5548818488771599 0.8331309223565433
0.4291235313139235 0.904352804425722
0.628312303741585 0.7792462056160058
0.00576905962041277 1.0009833754618984
-0.9984354271078686 -0.07160794575972683
-0.9204969611854542 -0.3933018490273653
0.3808159375976301 0.9257322624126471
0.4441713902320336 0.8970578443441328
-0.9925595431455474 -0.12971720514527868
-0.235571143061058 0.9728860347219023
-0.2966295884612154 -0.9560396891600944
-0.9669893594480864 -0.2587133137551669
0.5303742529698429 0.8489429614448082
0.5082093307219413 -0.8623945014708503
-0.8264590037290162 0.5647712060252736
-0.6221662067888548 -0.7841621076856289
-0.9350288056266692 -0.35738233399031405
0.47780325296471493 0.879605054246698
0.321234144628465 0.9480557073953083
-0.9437880608810326 -0.333564230903765
-0.43634943990117436 -0.9008885426610393
-1.0002922944299335 -0.0376341029400086
1.0002878243109004 -0.03775272884660485
-0.30557099336823124 -0.9532194752584279
0.9425428972640476 -0.3370665910722909
-0.24469791790436848 -0.9706306861897922
-0.3454851804065612 -0.9394897498746039
0.7668754475725 -0.6433529730330604
-0.8226122395404974 -0.5703596263395291
0.4091959484918798 0.9135423776365444
-0.9505150078549741 -0.313882493685867
-0.8263449335223199 0.5649380946988729
0.7273428359214101 -0.6877306151639613
-0.452784028289638 0.8927416332432404
0.725421868951893 0.6897565599879008
0.7790093456330374 -0.6286059492371885
-0.5483380560782773 0.8374523128252116
0.8135484604046903 0.5832151426130481
-0.3444161750505638 -0.9398821725958735
-0.9921661747768861 -0.13269243244662235
-0.7523118282489711 -0.6603240969983533
-0.6582248410271814 0.7541492283724368
-0.6732870159675343 -0.740733146368875
0.1622250091127776 -0.9877672025423597
0.7456303790158262 0.6678595195763217
0.6815019019211846 -0.7331822131488243
0.941314499424757 0.34048203061647647
-0.3853762707705113 0.9238431305838745
0.9980811828035347 0.0763868610004167
-0.1353399772279701 0.9918084949040982
-0.8343127123303935 -0.5531033339656362
1.0009275344442248 0.01204453367320729
0.7376844553209999 0.6766259264747101
-0.43746203669148426 0.9003488026613566
-0.39820942656019365 0.9183845886112211
-0.08434759029439719 -0.9974399651164618
-0.8902741219994913 -0.4576166383535839
-0.7745272859838571 0.63412024353941
-0.3995591403365211 0.9177981768196863
0.8846403467600182 0.46841483418473695
0.38675471674398776 -0.92326691106975
0.8099136559469464 0.5882523862345579
-0.14051507350330228 -0.9910885500894264
-0.9203387207655606 0.39367199425360644
-0.8506973544397195 0.5275556948316094
0.6596692046444211 0.7528861404248299
-0.01166799971591847 1.000931994584362
0.3887647633205511 0.9224223321235864
0.24104062660258094 -0.9715453753309904
0.5146226251344435 0.8585828752658267
-0.9289218766178736 0.37296802428724096
-0.9673352085008569 0.2574171602566616
0.24785185055414402 -0.9698301192357794
-0.03150979254053447 -1.0005039395095117
0.1743843136028137 0.9856932135148723
0.24936128892370377 -0.9694431120939017
-0.2563274772334145 -0.9676245265675903
-0.6302053203693767 -0.7777160498396128
0.03598802359601298 1.000352868820624
-1.0009200974281303 0.012647472651182993
-0.7271215188574582 -0.6879646043325361
-0.6996725257507557 -0.7158626660956403
0.9317959255020556 0.36572852393239397
0.41816834683779747 0.9094703039148356
0.9957383077203671 -0.10249986603981254
0.029436495743881012 1.0005670855661406
-0.8896099997369353 -0.4589063612198571
0.44497375903278896 -0.8966601105057754
0.9999342856614107 -0.046178180548873085
0.00027519224404254773 -1.0009999621724412
0.142335848795614 0.9908286966714439
-0.26818707774558703 -0.9644048378820392
0.2149861437761093 0.9776410169301808
-0.9279243859548185 -0.37544285044514186
0.48097233564862574 -0.8778761941986499
-0.7002578430979272 -0.7152901181897028
-0.6329622457046948 0.775473916719621
-0.757978028978041 0.653812134780752
-0.07467887182304651 -0.9982104317744015
0.45297942694310706 -0.8926425033384274
-0.5061157126720263 0.8636248522283776
-0.7117493945904403 0.7038563768981153
-0.4322664307177737 0.9028547684287413
0.15121846494093216 0.989511988740363
0.22071340512935633 0.9763639653306572
-0.9044146160598725 -0.4289932426708763
-0.8025140728772889 -0.598307749267804
0.7705155642450051 -0.6389888616057415
0.5896111481783691 -0.8089250236850045
0.12599664109480913 0.9930386933210739
0.8657542930789619 -0.5024644305971785
-0.48039468021447873 0.8781924340494108
-0.575380114688499 0.8191084931930872
-0.2748476966940166 -0.9625277884933993
-0.8802463001401095 0.47662086724108954
-0.54517917903756 0.839512157591498
0.9875684288889549 -0.16343071394875947
0.9885048905797165 -0.1576676292077186
-0.8750925850474465 0.48601848482848636
0.10321708634289405 0.9956642170364883
-0.046487843562515854 -0.9999199369954112
0.04262522540679504 1.0000920408437515
1.0009462689656332 0.010371434027074085
0.7926706921241411 0.6112889446468299
0.09577002753026531 0.9964081000407675
-0.9704090273645404 0.24557548658082023
-0.6894629206995231 -0.7257009583709279
-0.8811784416836315 0.4748953083701785
-0.7541274378519074 0.658249806288553
0.32481010834952817 0.9468365188954045
-0.9963442176630591 0.09643235934781716
0.9018149350794578 -0.4344316089646716
0.8042221604767598 -0.5960098292797635
-0.09659570383955865 -0.9963283946569726
0.29957746216319664 -0.9551200679306547
-0.4129572561511259 -0.9118482903378902
-0.9959473260405786 0.10044861249724364
0.8345807086106429 0.5526988699237199
-0.35824100515759844 -0.9347001563194871
-0.7785733181492461 -0.6291459196927791
0.98875819791459 -0.15607122110335556
-0.7118126449444537 0.7037924115086642
-0.5126900872156267 0.8597382592805982
-0.35418844299751634 -0.9362433160493031
0.3113017505701541 -0.9513633480915468
0.9880588464265815 0.1604391348710564
-0.7923290350521798 0.6117317224186446
0.2699509391910849 0.9639125948081865
-0.007001054527773165 1.0009755168012349
0.26536732763543525 0.9651845323168143
0.38214972960597643 -0.9251824599299746
-0.7564292456964705 -0.6556033833462641
0.8535387051133269 0.5229461529387757
0.25456531250001624 0.9680896144839946
0.27169925496847325 -0.9634212551369088
-0.9974779718677731 0.08389693461953214
0.7636150580245288 -0.6472194706266149
0.9707199971641427 0.2443433795003392
-0.07083709689856982 -0.9984904134256787
-0.9485400372953926 -0.3198011845626204
-0.48949158610153637 -0.8731546181151436
0.9931812927476823 0.1248676088344881
-0.6904359786861941 0.7247752474634032
-0.031056006418374114 1.0005181280043565
-0.716489043749123 -0.6990310795576026
1.0007104644262876 -0.024074185089504773
-0.43621688311579065 -0.9009527351003185
-0.2808395797654396 0.9607966124197
0.4003064950171339 -0.9174724573779298
-0.8285722044074829 0.5616663618940734
-0.881839193797927 -0.473667221033736
0.641680872959214 0.7682751182215269
-0.9458992633356538 -0.32752951564869304
-0.9126581578538111 0.4111643064553245
-0.939858307443205 0.3444812940204359
-0.947001104710535 0.3243299364490213
-0.05965471572286884 0.9992208539116985
0.33323653943784726 0.9439038133112336
0.34582500434967295 0.9393647142439131
0.9144832718156715 -0.40708886691888874
0.4974303940037922 -0.8686564356068699
-0.9962886367879408 0.09700490816049798
-0.9798812444683974 0.20453299669995742
0.8929500997832756 0.45237276586576053
0.5081367180101559 0.8624372880446829
0.6804784511749378 -0.7341321934682866
0.1702220680533512 -0.9864205226715633
-0.41198133430989387 -0.9122896361245366
-0.7151688424504997 -0.7003817007803761
-0.5405596495398913 -0.8424940743348346
-0.8007983685361962 -0.6006021752789166
-0.45267344296554635 0.8927977117094993
-0.8545078635891533 0.5213610179753573
-0.9915365862370265 -0.13731787266566514
-0.1601413834178027 -0.9881071487025243
0.23611935823578625 -0.9727531283251267
0.6214134712752689 0.7847587512845082
-0.9903275618236427 -0.14578175569130425
-0.9645660105926611 -0.2676068220530977
-0.9911839894457162 0.1398402626802253
0.11223132005432312 -0.9946884591664187
-0.39404306522034155 -0.9201799078178993
1.0009239573747286 -0.012338215159110726
-0.2849455406370229 0.9595869105355047
-0.6329615793116572 0.7754744606467016
0.3479167087428775 -0.9385920113539875
0.5957468840931816 -0.804416962832874
0.7693784843888891 0.6403575155797391
0.4961283582441383 0.8694007431248123
0.7449089171159459 0.6686641198697212
-0.4189619002923373 0.9091050137929246
0.9738859638700909 0.23140252672955858
0.7725103797937793 0.6365757716964029
-0.19922603171649797 0.9809739998014713
0.3507527553357694 0.9375358684468376
-1.0009238561717977 -0.012346422404013273
-0.1787567456553786 0.9849096536650954
0.8770240950089947 0.4825243380117255
-0.9500038394624563 -0.31542622751856203
-0.0014871475655783893 1.0009988953001487
0.3336559002779962 -0.9437556570477763
0.3887838973328762 -0.9224142676556232
-0.5702787177119382 -0.8226683317867702
0.8630625916046737 0.5070739225917896
-0.3237608066476633 -0.9471958298466343
0.25767339433042724 -0.967266985818412
-0.25249860599485086 -0.9686307108339365
-0.3699851460742392 -0.9301139670408266
0.6219290385341228 0.7843502221763066
-0.9663731154541619 -0.2610057503723184
-0.9911820966802194 -0.1398536778944485
0.3725155676978959 0.929103412878628
0.9399437236200922 0.34424816110938894
-0.14283822932846285 -0.9907563980324878
0.8462373281074937 0.5346806378741332
-0.5531501423138139 -0.8342816790857914
-0.11191075467577409 -0.9947245764471182
-0.723364512253666 -0.6919138547622933
0.013877820393101903 -1.0009037946282036
-0.9927058525574093 -0.12859273034766486
-0.00946119154993401 1.0009552866409446
0.8191636636410696 0.5753015662851445
-0.9915330717851556 0.1373432472176682
0.47791250971964866 -0.879545696967171
-0.19037917483700523 -0.982729245412174
0.35484690290666066 -0.9359939505667496
0.2201928513186478 0.9764814940530947
0.7189884100634938 -0.6964600966274875
0.9952855315551189 0.10680688497023197
-0.5968190734161545 -0.8036217976179361
-0.7649232386544913 0.6456728575419012
-0.9676033360272112 0.2564074572024217
-1.0003627926551342 0.03571110571266603
0.6931596830510924 -0.7221707926747724
0.4037643474694246 0.9159559769511795
0.05123017990090586 -0.9996881857195877
0.849934639722778 -0.5287836118861018
0.3719517298427306 -0.929329280000905
0.7654468761957686 -0.6450519976886667
0.05603792592459296 -0.9994302131004795
-0.9608326661156358 0.28071620495639216
-0.3406020604524204 0.9412710748852139
0.2303328456432753 -0.9741395075746959
-0.09218270268284527 0.9967463816468491
0.8052493601580092 -0.5946212811236382
0.17021890224322253 -0.9864210689756744
0.999891376407493 0.04709814631096555
0.9750389444461042 -0.22649515847679177
0.8572970500716852 -0.5167618096748118
0.6206223863414646 0.7853845259309773
0.5998823526287579 0.8013377334211754
-0.2144921447890973 0.9777495179358429
0.7961664138281564 0.6067289687265746
0.8354308080200676 0.5514130620605001
0.9302230641483802 -0.36971076658165974
0.7907440413106305 0.6137791631619078
-0.09011460757118434 -0.9969354831192896
-0.5978257778358497 -0.8028731776282985
0.8410427015421924 -0.5428150460171592
-0.9012629241490995 0.43557564389462194
-0.615860038571323 -0.789124459696269
-0.03543332351102803 -1.0003726703508862
-0.3276890656823759 0.945844002059648
0.8717846289473037 -0.4919273937597011
-0.975636173538135 0.22390859046464898
0.6773142925613818 -0.7370524737710843
-0.9549482900294574 0.3001245797495023
-0.9874453625088977 -0.16417264102057808
0.5031553733230072 0.8653529166162123
-0.9490664451833091 -0.3182355772491773
0.05432428830013241 -0.9995248229537295
0.5604735496707153 0.8293795271885533
-0.5672573814379368 0.82475454724674
0.0383604468100844 1.0002647030264193
0.353715681484409 0.9364220291471256
0.1392793050878946 0.991262969738219
0.7161741134509947 -0.6993537296838287
0.8638362193873722 -0.5057548675737407
0.21325108257391712 0.9780209485389628
0.5421388089248678 0.8414787649474738
0.9947789842618115 -0.11142608523608201
-0.15786357957030192 -0.9884736163627489
0.6531450884445466 -0.7585528942933152
-0.49563136772248023 -0.8696841652746954
-0.3865105030589211 0.9233691737464164
0.9389417325455243 -0.3469717897530132
-0.9260387086912693 0.3800701382710914
0.9098955103119963 0.4172423280469898
0.8192507983516835 0.5751774764367336
-0.9949401693561793 0.1099775404412071
0.8672711271369086 -0.4998417669969929
0.5522226025318091 0.8348959200121867
0.8173278746907375 0.5779066925149093
0.9612804128870276 0.2791790962800504
-0.9663971398498071 0.26091678384134726
0.8957418815059205 0.4468192942524231
-0.5334830565664639 0.8469928148198798
-0.8586126513019228 -0.5145729443181819
-0.9937898755551912 -0.11992782514494958
0.9942416612674772 -0.1161228616599124
0.18112584308154797 -0.9844767285050462
-0.7244389967060458 0.6907887810695377
0.2726468991752449 0.9631535019767742
0.9690645218284237 -0.2508285321358968
-0.3033449769182893 -0.9539301992171348
-0.7431581622225101 -0.6706093840098433
0.9112998648784836 0.4141660974445611
-0.17213648471062168 0.9860882468782751
0.9225533252075041 0.38845380954313885
-0.7021057622066487 -0.7134763476641822
-0.804214418901021 -0.5960202751850756
-0.5948428256248539 -0.8050857176739876
0.9530300894939578 0.30616114795829114
0.33221492408631287 0.9442638636601135
-0.5930554167516968 0.8064032940542041
0.11095670334300117 0.9948314480268772
0.9952662749384608 0.10698617653753392
0.8478797955092583 -0.5320722247657533
0.6840405956611567 -0.7308142469106154
0.6557421148331288 0.7563089837058501
-0.540177553496664 0.8427391118836
-0.8904525371845331 0.4572693724946245
0.9134891311970922 -0.40931480205922405
-1.0009959969817717 0.002830905591661945
0.5270179498968965 -0.8510305990306531
-0.8478919075834578 0.5320529231706983
0.22410319700406361 -0.9755914908877372
0.9911964892697727 0.13975163562290532
0.9597098543942489 0.28453118524789056
-0.2781911323745895 -0.9615667911633303
-0.8923516076029273 -0.4535522113367667
-0.2430874097988176 0.9710352780395272
0.36666369325899445 -0.931428331137546
-0.7609554603057889 -0.65034436065119
-1.000275194904715 -0.03808588266450153
-0.43915395217414843 -0.899524766912966
-0.5549157784877395 -0.8331083235602355
0.9975491390500185 0.083046463985933
-0.9592752237851827 0.28599308563650216
-0.8848933656886 -0.46793667451942855
0.8033099542900449 0.597238744003205
-0.5288501175077575 -0.8498932598932827
0.8224539669580975 -0.570587830430065
-0.739650816310033 -0.6744758482939933
-0.3114018487061068 0.9513305885035017
0.019218872114751897 1.0008154849694506
0.4529224313231843 -0.8926714239877377
0.1834553284407337 0.9840452949263577
-0.20652712129471465 -0.9794628875918261
0.9395659072707445 0.3452780124689417
0.8384609256546709 0.5467945465623375
0.7078923281235007 -0.7077354391182414
-0.8624068683170184 -0.5081883444940791
-0.9153064350558592 0.4052346603455018
0.7533702458842849 0.6591162815590675
-0.3219522297249863 -0.9478120920177742
0.8782394184608486 -0.4803087797048378
-1.000211371438237 0.03972672206010689
-0.284482642555952 0.9597242448143021
-0.6527833950399082 -0.7588641770173179
0.24633984467422537 -0.9702152755578932
-0.5005880677435253 0.8668405772878908
0.6355162573795201 -0.7733822383571577
-1.000902949703515 -0.01393862528382247
0.945339744144935 -0.32914095482025435
0.819916981048769 -0.5742274324584925
-0.18534891183401986 -0.983690388731101
0.6564004189059827 -0.7557377124770541
-0.42142765897982604 -0.9079646073756308
0.4019969380678665 0.9167330373582376
0.9686148708745533 -0.2525593631617575
0.8296954090770743 -0.5600058286807614
0.8148059871336851 -0.5814569660182092
0.7371867462258926 0.6771681483862642
-0.9390733486268179 0.346615414975755
-0.9299723747692266 -0.3703408999369167
-0.13574045019927705 -0.9917537648931299
-0.6607371589828533 -0.7519490719053171
-0.7406346187524433 0.6733953975974465
-0.2252536020428002 -0.9753265170017391
-0.2644075962102743 -0.9654478872866751
-0.998041708719617 0.07690089502747877
0.3478184961801388 -0.938628410882063
0.19376302109274882 -0.9820676614454886
-0.3165473117781305 -0.9496308753436985
-0.8067628071082283 -0.5925662604864129
-0.7159855926379459 -0.6995467326311298
-0.7644941646333516 0.6461808355573182
-0.9190994756146239 0.3965566213353691
0.8595441886827723 -0.5130153873926929
0.17438595890405928 0.9856929224343207
-0.7641733792402828 0.646560164609982
0.8058040358938292 -0.5938693928274266
0.7020067766830536 -0.7135737421535838
0.19980267486667946 0.9808567128363449
0.5245228717689738 0.8525706756575836
0.495092271068169 -0.8699911741670502
-0.04175878702902327 -1.0001285935847772
-0.23988770028148748 0.9718306906316857
0.9685448802444271 -0.25282763882200165
0.8815461886017777 0.47421231253698926
0.09615413230590497 -0.996371106988003
-0.5922021659812394 -0.8070301076212265
0.7224675686563943 -0.6928503534239686
-0.22715201725244352 0.9748861272262241
0.9195848174457814 0.3954298465255359
-0.8488774988376938 -0.530479021231812
0.8528530935218074 0.5240635465955281
0.38740536997652397 -0.9229940841161186
0.2757773318583815 0.9622618475410277
0.4864832238845192 -0.874834311672173
-0.91368255550275 -0.4088828533577365
0.4043436985519155 0.915700373179654
0.929607967852567 0.3712546647586002
0.7739611306367591 -0.6348111280242885
-0.8731760460265674 0.48945336105231707
-0.9097139041643041 0.41763813591450105
0.9640474393387717 -0.269468986535292
-0.45122998530996866 0.8935281195111687
-0.5586446985125925 0.8306124853526912
0.7917375641515522 -0.6124970444919442
0.14176467959847175 -0.9909105790223166
-0.24869625915889698 0.9696139286748983
-0.44618787884191546 0.8960565700749882
-0.5082027944234393 0.8623983532800881
0.9484711276002404 0.32000550012262036
0.08097083717392911 -0.9977197620210563
0.2713888022206414 0.9635087534782679
-0.5126344157452893 -0.8597714555586768
0.9433229742049136 0.3348772406975365
-0.8753071548269695 -0.4856319436658955
0.3878343668735975 -0.9228139053307312
-0.7427987737869762 -0.6710074378578561
0.13456541371016276 0.991913882064876
0.8554008010771544 0.519894671560079
-0.32534892153494993 0.946651508875386
1.0009963796977646 -0.002692179780128894
-0.9791785102793791 0.20787122217145873
0.4720512890661814 0.8827052625259217
-0.8403413596936448 0.543900173918189
-0.34399764570184327 0.9400354353701721
0.5140850048631934 0.8589048886662658
0.9080771119268033 0.42118518349376427
-0.3408208023986212 -0.9411918936393152
-0.43655824360690665 0.9007873777639498
-0.44952341088156805 0.8943878929577486
0.9431131377341642 0.3354677472324568
0.4741634062904083 -0.8815724951103439
-0.9341259334445196 0.3597356535935868
-0.7835499785557973 0.6229369399106218
-0.8918624692017983 -0.45451329576732014
-0.5679129513461922 0.8243032692481921
0.7994379589399844 -0.6024117776121843
-1.0003361563314572 -0.03644961366059456
0.7424997902073892 -0.6713382616401237
-0.6625624016420356 0.7503412982972069
-0.47187302452294716 0.8828005713226323
0.6545372196359276 -0.7573519842921582
0.46450158338014386 0.8867013471498391
-0.9414133376296716 -0.34020865323057553
-0.9822684229326404 -0.19274269197410152
0.7975780187369959 -0.6048721385777065
-0.7146214955205464 -0.7009401673038703
-0.38901638214001255 -0.9223162442604466
0.17058610300277302 0.9863576336513685
-0.22783494396785142 -0.9747267505856019
-0.636240189763568 0.7727867887908145
-0.0793848404121545 0.9978472062960024
-0.9407920424492101 0.3419229925937177
-0.9912278276814938 0.1395291855843324
-0.5003445944795627 0.866981134036423
-0.4188292875543075 0.9091661167722603
0.610639014296658 -0.7931714784451128
-0.6934373483317487 0.7219041791946026
-0.502110619611166 -0.8659595404369023
0.3314614654532256 -0.9445286109587153
0.9025924135396347 0.43281397276508654
-0.6615978817601414 0.7511918815126357
-0.7099998331862234 -0.7056211709377312
-0.9992890106540284 0.05850190754234466
0.10240722005671354 -0.9957478402086826
0.8267040484139414 -0.5644124523218811
-0.23059490715862618 -0.9740775065632635
0.9975659770367451 -0.08284395849260302
-0.7065113949350006 -0.7091139885991529
0.9808834387404036 -0.1996714291149359
-0.0520570287311205 -0.9996454700340953
0.9978855786551913 -0.07890102605159266
-0.3115439425692877 0.9512840647505794
-0.19278209507524147 0.9822606903558753
0.08386122023267124 0.9974809751273892
0.8417842545917 0.5416643506097627
0.17416660793758046 0.9857317042073452
0.4376075539575007 -0.9002780841047577
0.553727819218796 -0.8338983764363596
0.3061835194168074 0.953022902367796
-0.9709484296772308 0.24343407096649292
0.972152898555202 -0.23857858627864967
-0.78988252469802 -0.6148874670837599
-0.9978615222343319 0.07920468700892602
0.2296711933170022 -0.9742957163820153
-0.792719092104228 -0.6112261782789155
-0.9592249996333516 0.28616149300420657
0.8749047413627117 -0.4863565498079022
0.5712046468857814 -0.8220256999486633
-0.46156107166410226 -0.8882355414664994
-0.9535605241869598 0.3045050520308169
0.46501912370103876 -0.8864300393106711
0.9256595265778566 -0.3809927044651361
0.9991226395281342 0.06127765646901114
-0.41128333988080434 -0.9126045224172904
0.4773596852408755 -0.8798458563332172
-0.32697099600674256 0.9460924731601869
-0.16761694744572322 -0.9868665355198634
0.9473979326076876 -0.3231689299587439
0.6268222109809213 0.7804453317311787
-0.9282206392286863 0.37470981426950783
0.6036497037870683 0.7985036224825689
-0.40691697177711195 -0.9145597728304832
-0.4770467577277696 0.8800155628972836
-0.8809081191489424 0.4753965561691342
-0.8929662055711449 -0.4523409728378269
0.8566405400306366 -0.517849384643855
0.32661775863575604 0.9462144787223217
0.5342964965531322 0.8464799192958147
0.8988869945192599 -0.4404579106840198
-0.4983990054589586 0.868101049047587
0.0025840886633760126 1.0009966645727546
-0.47182334416636634 -0.8828271245831012
0.05485903666521655 0.999495615846395
0.06625000233903523 -0.9988052548870965
0.5435984377490174 0.8405365777149901
-0.3113293630985585 0.9513543123740208
-0.9063394787957484 0.4249114603964584
0.9694966446414346 -0.24915307750256657
0.08862626782067674 0.9970688966426431
-0.9737321237052982 -0.2320490277169243
0.04188015985521262 1.0001235184768438
0.9317255313721189 -0.3659078219843662
0.8472059439338877 0.5331445287753503
-0.9181744933156223 -0.39869361648338475
0.4160145120689955 -0.9104575364881087
0.999424674680916 0.056136615848706835
-0.8625842982691572 0.5078871216909382
-0.6975621232697654 -0.7179192741383786
-0.7818931755069858 0.6250152494904441
-0.40279294621287104 -0.9163835673347461
0.9971172522324447 -0.08808056142202528
0.1488640825978906 -0.9898689230965323
-0.9790858994246521 0.20830698871574158
-0.6466577047915061 -0.7640908406948622
0.4872554866128158 0.8744044206005068
0.6591759703611094 0.7533180205587079
0.9033530168821795 -0.4312242188118203
-1.0003619737963378 -0.035734036747825174
0.3365386304930462 -0.9427315366454359
0.5724929214149083 -0.8211290123542242
0.319578422403478 -0.9486151126426904
-0.6199557704074494 -0.7859108363793604
-1.000464468333841 0.03273908369953155
-0.5178108924803485 0.8566638078200252
0.9497483763233749 -0.3161945946266523
0.5985083119240464 -0.8023645060431253
0.5673148143243453 -0.8247150425741813
-0.6237713551000654 0.7828858770961628
0.33691499144305054 0.9425970976726638
-0.8517318345036912 -0.5258839055276144
0.9511050901487792 0.3120899029015238
-0.9790102100184163 0.20866242757069733
0.40214813765459084 -0.9166667199047559
0.6941436812494969 -0.7212250340784053
-0.9870604310522495 0.16647133522305652
-0.49401152075029703 -0.8706053166423801
-0.3176842711298983 -0.9492511279301518
0.6800283231930331 -0.7345491676227479
-0.5386405595453521 -0.8437223166496606
0.8440888754997573 0.5380659534458162
0.9507600087478765 0.3131395946949823
-0.9985673399450004 0.06974430152468497
-0.7814121498330819 0.6256165375797231
0.17843557940000562 -0.9849678898340718
-0.39543242624285324 -0.9195837081395529
-0.38779854520208734 -0.922828959417261
0.9802910485000831 -0.20255976952644816
0.25047101711142783 -0.9691569891339414
-0.5137396218557161 0.8591115183348119
-0.8236736352264004 -0.568825757708744
0.9835896370708058 0.18588282827340583
-0.723154060036592 -0.6921338060321813
-0.684660903478771 0.7302331458155218
0.9381846814682777 0.3490136150041516
-0.8386262522811989 -0.54654094904663
0.6561245663283117 -0.7559772175538658
0.3195344043310472 0.9486299407296835
0.8915892845392085 -0.4550489508776635
-0.16199294512977092 0.9878052873558548
0.8334287978402248 0.5544343414062638
0.828712511680226 -0.5614593244257784
-0.8876866537587965 -0.46261582845651816
0.9959050724713219 -0.10086667748018255
-0.7125990342910269 0.702996170919512
0.37316714265318457 0.9288419045478394
-0.9173031581306914 0.40069429255164046
-1.0009779679736817 0.006641357638242274
0.17676632797196262 0.9852688289473632
0.9599156516728792 -0.283836117633806
0.9757209800941165 -0.22353874161803994
0.8998532596716666 -0.43848045687154197
-0.8858039604789024 -0.46621062150050935
0.5496237249399019 0.8366090849274751
0.9871763368785966 0.16578262848367253
0.2183129262446715 0.9769035091729831
0.8936590976779126 -0.4509705280143028
-0.0339835781744932 -1.0004229687559447
0.9495573649156944 -0.31676775519986683
0.665326114915892 -0.747891810899762
-0.9474634822111925 0.3229767017545404
0.38987728691484225 0.9219526566738239
-0.3577777307839408 0.9348775830851299
0.9425382244534798 0.33707965741658413
0.3506710846147881 0.9375664192019081
0.6137263947930692 -0.7907849975399772
0.6041671049505422 -0.7981122159794828
-0.7312450007256558 0.6835800969262752
-0.9312664107379515 -0.3670747501957238
0.7988840429450488 0.6031461563566276
-0.9914144139850859 0.13819717704283452
-0.038004767118854886 1.0002782801182089
0.9423219145374898 0.33768388972884067
0.0587476000990511 -0.999274596636281
-0.9916959070547514 -0.13616250559847146
0.7440808951122089 0.6695854101823112
0.9793953497948605 0.20684716290102437
0.8561049139094564 -0.5187343986859578
-0.42999520814949493 0.9039386710216974
-0.9611643867121199 -0.27957829264146106
0.5086997330497393 0.8621053193172653
0.7854632404468722 0.6205227617958096
-0.9137939206056558 0.40863390787371584
-0.5231928207011478 -0.8533875276606617
0.43417324751089664 -0.9019393500373746
0.6994863619638017 0.71604457223461
-0.8013845183951576 0.5998198510190885
0.07982968761971511 -0.9978117161942621
0.9946756032644983 0.11234520136795527
0.8834834521322082 -0.47059323179212437
-0.39123978797375303 0.9213752917819388
-0.8841894622850217 -0.46926537778119126
-0.6951036084448453 0.7202999191496241
0.9362765682047143 -0.3541005335082155
-0.9897884396783679 -0.14939827535504438
0.8238258219310299 0.5686053245614773
0.8814190611981365 0.47444856260357204
-0.23804194389957734 -0.9722844403488675
-1.0001496614279555 -0.04125111811267915
0.98874095200891 -0.15618043994212036
0.8682854974654082 0.4980775992666691
-0.9992235584612592 -0.05960939704458015
0.9316329865447553 -0.36614338500333415
-0.16205183667353215 -0.9877956277645366
-0.3338033797664393 0.9437035041031173
0.3753473764688151 0.9279630094879739
-0.9939262060891422 -0.11879266328037291
0.05329516428776964 0.9995802246260875
0.9324352726940649 0.3640954026569751
0.8251944837916828 0.566617211104444
0.7341841109499339 0.6804224358651434
-0.7596128649987087 -0.651912030360273
-0.9968058210712514 0.09153772489235466
-0.5595984554358486 -0.829970221558468
-0.384798993013078 -0.9240837272542576
-0.9692432607811142 0.25013696534177643
-0.3756514113516174 -0.9278399738907233
0.5707207296320606 0.8223617505503574
-1.0004724327780836 -0.03249478806059209
0.949390668905943 -0.31726701340405056
-0.9755000397615403 -0.22450094081146565
-0.9999691349142071 -0.04541727885873777
1.0005888499813158 0.028687162513360263
-0.7208657313524249 0.6945168085523442
-0.5675031087792962 -0.8245854846684086
0.700641401487625 -0.7149144190191276
-0.33318128071827485 0.943923320073686
-0.61905270866786 -0.7866223642199512
-0.43920926784735537 0.8994977593284988
0.49432244041944795 0.8704288166747246
0.6950129211053278 0.7203874231943804
-0.4331356209847622 -0.9024381052649231
0.9173295023211766 -0.4006339778041579
-0.9248149435313738 -0.3830382751384798
-0.9643555406344421 -0.26836428832401105
0.45964378877418494 -0.8892292097324022
-1.0008256046950776 0.018684458427582498
-0.44207395941454464 -0.898093321658472
0.8712134548698475 -0.49293824770831507
-0.36613081513994594 -0.9316379265599692
-0.8335819219909711 0.5542040953744736
-0.9979188217932154 0.07847945661662481
-0.10097225558070548 -0.9958943737178882
0.09117747207080043 -0.9968388378202258
-0.9754495434802927 0.2247202441349879
0.26224985579622584 0.9660362380029326
-0.6909141652186556 -0.7243194159348543
-0.6297160318688744 0.7781122793063471
-0.9219778012636806 -0.38981782152306627
0.16637259831909268 0.9870770783117973
0.3385819855865092 0.9419995960913661
0.43145855194863314 -0.9032411183899837
0.04560522923850536 0.9999605807561133
0.6965117118929575 -0.7189384084856936
0.28863632542834866 -0.958483214064399
-0.895575574726616 -0.4471525354429869
-1.0009991957368234 0.0012689106480848016
-0.9992692749722161 0.05883804973400803
0.9043421612531166 -0.42914596046105585
-0.3299747193438273 0.9450490381953534
-0.6500369180435013 -0.7612181061827855
0.3920670954003326 -0.9210235570843703
-0.9891487062420451 -0.15357681120432368
-0.7997721497324092 -0.6019680294769822
1.0005383206031704 -0.03039850332807931
-0.15834052425567743 0.9883973281926844
-0.7197947175513995 -0.695626742287199
-0.979272829746826 -0.20742643254813037
-0.755057073340349 0.6571832438511399
-0.8424075724786929 0.5406944440537147
-0.030625094930742697 1.0005314105816383
0.5531222832158292 0.834300149712385
-0.24838418672757537 0.9696939186071453
0.512797153690051 0.8596744029964962
0.7991795079361544 -0.6027546052042456
0.27878924149427053 0.9613935504396987
-0.7008269647775657 0.7147325132108268
0.5716763890614537 -0.8216976975686724
0.4536250429263715 -0.8923145860233641
-0.020976503692991796 -1.000780188799128
0.6484303114774368 0.7625871302069518
