1000
0.9953745062935289 0.10597448853810869
0.8437719056193769 0.5385628758904993
-0.595993177551081 0.8042345008220958
0.7558059195992062 -0.6563218813195232
0.7516600056334561 -0.6610659845515521
-0.4471776503986759 -0.8955630346234259
0.9408919698560195 0.3416479197367652
0.9149097528662227 0.406129467177977
0.9730016179786473 0.23509328236028884
0.8063996419357776 0.5930603826642358
0.7351158467745496 0.6794156988331496
-0.0005356419856648403 -1.0009998566871343
0.5124850424389688 0.8598605010560307
0.3060882859577229 -0.9530534933567283
0.20890956422512538 -0.9789575036615574
-0.9736235991709766 0.23250395079945077
0.26917767367476525 -0.9641288191912125
-0.9762507613129692 -0.22121358691510812
0.534929528839784 0.8460800193688814
-0.029394966318637555 1.000568306491429
-0.996544115418522 0.09434418914122758
-0.818448983645098 -0.5763178473466757
0.03933927064357961 1.0002266851995258
0.8610594320778059 0.510468073859518
0.8197958076238199 0.574400412432311
-0.9247283127812367 0.38324737121181585
-1.000361454285816 -0.03574857730270257
-0.4159312653263279 0.9104955697443233
-0.555493483386895 0.8327232372851698
0.8136324606128501 0.5830979497795193
-0.48086951281738816 -0.8779325211215084
0.11198405623610691 0.9947163269741321
0.8626187900649362 0.5078285370348001
0.26101298987939114 0.9663711601213174
-0.9897603808645806 -0.14958405152555643
0.994842129396465 -0.11086089291498287
0.9709881122642209 -0.243275740347378
-0.9993921195937929 -0.056713237377405246
0.9693567172148827 0.24969692587291878
-0.8800191779327404 -0.4770400889554081
0.9108815790409807 -0.41508523096324423
0.9489646431903458 0.31853901797836254
-0.6622271367368973 0.7506372088893879
0.5728328959858366 0.8208918767270631
-0.5301837663557258 0.8490619376069435
0.8536925652050141 -0.5226949436465621
0.7816736323313828 -0.6252897988276015
-0.2716996468234282 -0.9634211446278437
-0.9887932582213994 -0.15584894127298113
-0.8209405214263963 -0.5727631799270592
0.6246694119638295 -0.7821694993777011
-0.6813120730926654 -0.7333586155886999
0.21269760129368362 0.9781414674799925
0.1969949326090465 -0.9814244731645717
-0.3592069537966376 0.9343293660932104
-0.4027876865094912 -0.9163858791995498
0.9438578414286667 0.3333667277543123
-0.9115005214040008 -0.41372430370989166
0.49961563134246845 0.8674014185590583
-0.47058456631794854 0.8834880677990781
-0.8628101913281583 -0.507503274610388
-0.6623191974320364 0.7505559810653587
0.993483534685948 -0.12243964353065892
0.6430210122656489 0.7671538162486453
-0.12817247574650148 -0.9927602008848927
0.9567718730156994 -0.29425938048944206
0.26329012687305803 -0.9657532340568004
-0.382934579505178 0.9248578852013927
0.7461362344654032 -0.6672943275780102
0.24086569271341307 0.9715887597505889
-0.8169072863078027 -0.5785010679136399
-0.3534900868481985 0.9365072121986318
-0.7382888290718939 -0.6759664228847849
0.9948445909509495 -0.11083880121887836
-0.7118081278656212 0.703796980033617
-0.09132354529579632 -0.9968254662048952
-0.1454051444279439 0.9903829279495324
0.850099676258084 0.5285182498513185
-0.9509440763032796 0.31258017170592006
-1.0006529546957996 -0.026356484184469255
-0.9247828308322054 0.3831157994627377
-0.5446432483623123 0.8398599478563962
0.7978476979497638 0.6045163776741392
0.37944898578285685 -0.9262934023236704
-0.7743367424208925 0.6343529059892454
1.000737784074308 -0.022910423960370217
-0.988731578796374 -0.15623976795563185
0.9426094951797208 0.3368803045549441
0.45160611227937797 -0.8933380767390954
-0.9872995301209695 0.16504738053938578
0.6300142105475741 0.777870872644115
-0.7585790504285198 -0.6531147098718305
-0.8920937968003486 -0.454059090549169
-0.028956154494482356 -1.000581101718842
0.8182037032235031 -0.5766660212214222
-0.6409889721150263 -0.7688524810566213
-0.7995767878428099 0.6022274988266262
0.8326624925137303 -0.5555845332267828
0.6227203492152298 0.7837221233787282
-0.9980495254089414 0.07679938040757131
0.14175027359667602 -0.9909126399109397
0.816420372197071 -0.5791880315248202
0.15181375165236635 0.989420833017596
0.9074102363489093 -0.422619998307246
0.11673680158777702 -0.9941697637501635
0.28771092782441926 -0.9587613999376549
0.928394562897867 -0.37427868705241335
0.766342671984006 -0.643987506941256
-0.5787793311183179 0.8167101602589699
-0.9667027859334772 0.2597820695668847
-0.726468239892227 -0.6886544100112114
-0.7355014904518263 0.6789982014285031
0.9256013166104727 0.3811341006640043
-0.9433026934533102 -0.334934364501062
0.35912911598718295 -0.9343592874533139
-0.5579319225435765 -0.8310914328801786
-0.9917705390477191 -0.13561783760625573
0.9229283855810297 0.3875618596931256
-0.9732403525440665 0.23410300335514955
-0.7098231532256376 0.7057989027653792
0.1824924196357765 -0.9842243223856437
-0.8529330056410226 0.5239334765866478
-0.607006976261429 0.7959544778251814
0.9752398917225595 -0.2256283528126961
-0.8804633254819609 -0.4762198362954304
0.86367410724533 0.506031655604649
-0.9800397655155997 -0.20377207367087477
-0.8548262556646238 -0.5208388163591489
0.9782180082413774 -0.2123453045213676
-0.8758547056825771 0.4846437191728438
-0.43057605237624863 -0.9036621399173952
0.9880341932291469 -0.16059088707030977
0.760898205160431 0.6504113478281528
0.49027774355047293 -0.8727134318773011
0.6089684333441234 0.7944548112953963
-0.6760891594920607 0.7381764344770962
-0.7587063814660752 -0.6529667883764491
-0.280855796722537 0.960791872076023
-0.9961230852217663 -0.09869042044833863
0.9158915543628193 -0.40391046117531887
0.9866314021089697 0.16899549216617712
-0.6468640357266867 0.7639161729426757
0.18423006840188585 -0.9839005447181318
0.0017898575054981713 -1.0009983998039707
0.3007840890511705 0.954740766791519
-0.9897354085021148 -0.14974919417863902
0.06041966015858307 -0.9991748919314983
-0.9806266659488261 -0.20092869887124004
-0.584030976731781 0.8129629869912418
0.5629814719167472 0.8276792025165626
-0.8600855593101686 0.5121072452778952
0.7854862386734902 -0.6204936493265445
-0.4389166288907779 -0.8996405909490496
0.009691235500339623 1.0009530857909759
0.9225545277063283 -0.3884509536718291
0.629018496528472 -0.7786762684357734
0.20755245226545097 -0.979246128181571
0.9614546648441048 0.27857840449236215
0.34801855632216466 0.9385542522707125
-0.8276563778466832 -0.5630150266286934
-0.42033352464758955 0.9084716440579388
-0.6145058833857608 -0.790179422210099
-0.9643272890657048 -0.2684657884408897
0.5060725947347279 0.8636501194687927
-0.07654654935750844 0.9980689484106088
-0.061747875319604704 0.9990936892471669
-0.9444426124515628 -0.3317064240946613
0.3928966562729423 0.9206699829415215
-0.909257181006537 -0.4186315549358955
1.0000155826289248 0.04438281761371457
0.5719041169771737 -0.8215392145141699
-0.9884087627601015 -0.1582691305942049
0.9979035851430701 0.07867296078455073
0.5443921744052614 0.8400227142442706
0.04859313837644217 -0.9998198372220507
-0.9892616071355669 -0.15284787420031554
-0.421027904599386 -0.9081500446229412
0.689562127063852 -0.7256066929950247
0.5206071815424059 0.8549673458831468
-0.2287827326410391 -0.9745047261277386
0.9218053127117536 -0.39022553152809736
-0.9337982974239958 0.360585273864653
0.9993961691325265 0.056641831919796395
-0.9991798381007445 -0.06033780848663545
-0.21144668998874017 -0.9784126416256107
0.36583258377759437 -0.9317550754606112
-1.0002281175427523 0.03930283548145133
0.46034238266909794 -0.888867757722451
-0.6942381356955294 0.7211341143962028
-0.9420984632445522 0.33830679205752456
-0.26900398513866935 0.9641772948890233
-1.0009300757687791 0.011831458976211948
-0.45940856064188385 0.8893507600541828
-0.14771417553476934 -0.9900411720459323
0.9969574072407822 0.08987173163869178
0.4777509683776071 0.8796334533282932
0.6820321532405056 -0.7326889803635097
0.22055472046847063 -0.9763998234734963
-0.5513631152142758 -0.835463772512734
0.3315001347495976 -0.944515039933721
0.6450903882589024 -0.7654145223184484
0.08435112160676946 0.9974396664879936
-0.82393442783929 0.5684479383559605
0.6140171118801603 0.7905592870356699
-0.29610568409331717 0.9562020831642382
0.9985250689351817 0.07034690261831543
0.9489567560100567 -0.31856251383813144
0.854561338286574 -0.5212733631271214
0.4441827761749706 -0.8970522065908405
0.2542377874406136 0.9681756800484617
-0.6826370856479148 -0.7321254054450791
0.9878652290789927 -0.16162700633467625
-0.6193024982287976 0.7864257216594396
0.47699218129769544 -0.8800451459901738
-0.10899079972518229 0.9950487453262102
0.40020940937094773 0.91751481113438
-0.9384305296970143 0.34835203592426595
-0.680944789579041 -0.733699661677144
0.8972841126060752 -0.44371412110133274
0.5424593050575701 0.8412721927868876
-0.8782191653810432 -0.48034581038812424
-0.5613595739581866 0.8287800846578561
-0.9964534966803331 -0.09529653169731463
-0.6970766701200425 0.7183906430169824
-0.4640606010855222 -0.8869322175454807
0.9887826246798617 0.15591639147698322
-0.9740170721548473 -0.2308500447279552
0.6725750723583527 0.7413796409682132
0.7988387379369991 0.6032061594274568
0.9968682716606784 -0.09085509868054699
-0.3664565045986828 0.9315098658829736
0.8872280179242898 -0.46349481573167145
-0.05083619528311278 0.9997082980795634
0.6936238449833677 -0.721724990332529
-0.35368106787629267 0.9364351030508655
0.10979480560495955 0.9949603513015829
0.5737202982346428 0.8202719179598632
0.06019000092055845 0.9991887528336091
0.4589824058633505 -0.8895707679032009
-0.5924608278823749 0.8068402366174676
-0.9935513408512137 -0.12188819915297612
-0.41044183094951703 0.9129832985366206
0.2862194968234586 -0.9592076936921045
0.040004626214950004 1.0002002948816813
0.5758706986887682 0.8187636645526657
0.7304069226727158 0.6844755125727825
0.6212339930781098 -0.7849008382236746
-0.3145315142185189 0.9503004401574302
0.9463691846590053 -0.32616922958465816
-0.9917864486617198 0.135501440032842
0.19584281406852774 0.9816550270730141
0.9820024916788003 -0.19409303526048485
-0.6953274449669515 0.7200838453095104
-0.9826475962878849 -0.1908001611887211
-0.7409289981172794 -0.6730714819013836
0.18101856308023412 -0.9844964600344519
1.0003906792246 0.03492118154563827
-0.06400209037267528 0.998951816870027
0.030737482888983852 1.0005279641997267
-0.7457896922915925 -0.6676816119016695
0.9768384446406772 0.21860387249996882
0.7302497906443393 -0.6846431503081724
-0.41825086374683357 -0.9094323586584259
-0.810438180164349 0.5875295363910635
0.43146691442798013 0.9032371237687244
-0.5725551202913839 -0.8210856436621693
-0.34048056777286523 -0.9413150285473335
-0.041482627747983405 1.0001400859855194
-0.9635675844255192 -0.27117984852191745
0.952193732556992 -0.30875248287128576
-0.18285574153999812 -0.9841568867745922
-1.00004371198836 -0.04374441807296399
-0.20864177198648653 -0.9790146122414819
0.009515875077234486 -1.000954768269533
0.9496268099201949 0.3165595076455519
-0.2944267155963251 -0.9567203923525205
0.9982069314277936 0.07472564519298751
0.13804408466240334 -0.9914357420880685
0.06434091784018842 -0.9989300507500424
0.13220304793548648 -0.9922315022798699
-0.4645388173624837 0.8866818410024336
-0.969485175738841 0.24919770067684924
-0.1385614963798647 -0.99136356182834
0.3106522721706932 -0.9515756227411385
-0.875748028720744 -0.4848364571602789
-0.9752225769551476 0.2257031798556705
0.4796562381729405 0.8785959783551159
0.39384802098911476 -0.9202634059675294
0.036136345036564696 1.0003475218979643
0.9798859167340278 -0.20451061142716737
-0.3531948726681847 -0.936618589352627
0.9473560236011508 -0.3232917638088169
-0.19527826500792791 -0.9817674873489616
0.23713933915158839 0.9725049788184881
0.9924058884963768 -0.130887556619096
0.4672710610495349 0.8852450256881661
0.7525250742197204 0.6600810652265403
-0.4154739517771025 -0.9107043402744481
-0.045546671360275924 0.9999632496887069
-0.4225230383055552 -0.9074553884908294
0.8573021991454661 0.5167532673726868
0.32006175437600365 0.9484521460705093
-0.6738373300660161 0.7402325665691174
0.2970182227097166 -0.955919021349801
0.9167113720513027 -0.4020463410501556
0.6581379679442964 -0.7542250427757967
0.2096480549798722 0.9787996184322696
0.1318227225647939 0.9922821019325127
0.03946778048094478 1.000221622593667
0.4730538737935221 -0.8821683696942112
-0.041810764107905914 1.0001264220110941
0.13207215200553568 -0.992248933818841
-0.9935787359005446 -0.12166468495942466
0.8357219165810447 0.5509717580294886
0.9615641723943313 -0.278200183981975
-0.9278221413347993 -0.3756954538571202
-0.6791611901997647 -0.7353509894781124
-0.7409083973946826 -0.6730941588440974
-0.08906414621219408 0.9970298781177488
0.5466710685563521 -0.8385414377378474
0.6583446342066364 0.7540446555817039
0.4008194517811651 0.9172484761905284
0.10015073455820124 0.995977324223525
-0.7887251745154013 0.6163713159173209
-0.9984142982268256 0.07190194083774962
0.6565118829501031 0.7556408853055201
0.2664607559393097 0.964883239332227
-0.04996776040865209 -0.999752080727889
0.2416021176416068 0.9714058970127221
-0.025707481487423092 -1.0006698383560753
-0.8615306163937646 0.509672440903155
-0.37903796354365044 0.9264616679564689
-1.0005779387337257 -0.029065245902428705
-0.7939713504181029 0.6095986341153122
-0.12162531415327672 -0.9935835561024129
0.9459862513435474 0.3272781878906425
-0.9745917670843529 -0.22841166242422553
-0.23747598002858775 -0.9724228292823353
-0.2395375773820712 0.9719170484264221
-0.9000230179941782 -0.43813190602905344
-0.8481368661156254 0.5316623518132215
-0.7741583762741249 0.6345705701059658
-0.9408037576732025 0.3418907567454584
0.9809030390961925 -0.1995751184187385
0.7282801718323269 0.6867379349620031
0.6616221771946885 -0.7511704830756865
-0.9277478717099881 0.3758788189531136
-0.5247697189416521 -0.8524187598134495
-0.4293317369647519 -0.9042539796068519
0.7544731333964684 -0.6578535482787297
-0.8977344602266104 -0.44280225713249977
0.8718654708372339 0.49178409974476456
-0.9853315764743866 0.17641622488450384
0.3632205159563051 -0.9327764237953463
0.7765258303267725 0.6316713028429555
-0.6826460201070613 -0.7321170748124849
0.32074499705789333 -0.948221306901681
-0.9425322395744906 0.3370963917972053
0.6030136173082082 -0.7989840907933461
0.20749713689293386 0.9792578507120763
0.9888089602065703 -0.15574928640350583
0.9632826393935949 -0.27219029490947916
-0.8009266021044766 0.600431160118608
0.5076962997522828 0.8626966252500587
-0.7908074816913926 0.6136974229218481
0.41276911647765413 0.9119334715220495
0.5675725139828558 -0.824537713734903
-0.12782616641069489 -0.992804850502225
0.2631289073697745 -0.9657971723433387
-0.9977033037930493 -0.08117337987563673
-0.9995873974404492 0.053160463487721285
0.9139499795480212 -0.4082847473077726
-0.4156392790079339 0.9106288979303067
-1.0001565307523066 0.04108423047241454
0.14245099793646132 -0.9908121482838744
-0.37114348591746404 -0.9296523612948192
-0.7866523186905364 0.6190146440099803
0.4909765351853144 -0.8723204926501634
-0.1615929688799543 -0.9878707974267495
-0.9393330212799595 -0.3459110798067377
-0.571947865942801 0.8215087574965197
0.9810667063405987 0.1987690059088933
0.9979194397691591 -0.0784715982429807
-0.2976795199583545 -0.9557132956056243
0.22841167610240823 -0.974591763878645
0.3858114627837282 -0.923661472177269
-0.26383198324435564 -0.9656053462037946
-0.8069792408351034 0.5922714790205588
0.14075319464583275 0.9910547604431312
-0.519000457911961 0.855943645742624
-0.2987197439714442 -0.9553886719872886
-0.9651061351577509 -0.2656523063722001
-0.9439826400263386 0.3330131759088584
-0.8183409283656466 0.5764712698492889
-0.9908592891173582 0.1421227257332328
-0.6848275171903385 -0.7300768943740903
-0.3499545665708331 -0.9378341011800649
0.8960862440995653 0.44612828103084223
-0.8233565069929631 0.5692846936220458
0.4561262962360727 -0.8910386085248846
0.9279209113831832 -0.3754514378955055
-0.6943804926274435 0.7209970398402956
-0.6052857431393617 0.7972641777680914
-0.7917971605949771 -0.6124200000601974
0.8863781962024324 0.465117934826128
-0.9708038825729067 0.24400988008965924
0.9369985741531487 -0.3521855647736946
0.9804889040154438 -0.20159987376631447
0.1429902457559835 0.9907344697842321
0.9975915526618521 -0.08253541093200632
-0.8959476150097054 -0.4464066208720707
-0.056622685715449574 0.9993972540798627
-0.13448013800519543 -0.991925447038286
-0.8249981095691495 -0.5669030950765127
0.7102083024441103 -0.7054113460523974
0.4139695721106479 0.9113891558311011
-0.9071158533593278 -0.42325149566679443
-0.8218892559235104 -0.5714009546697472
0.2605205873565183 0.9665040214936587
0.6292861969132242 0.7784599426910103
0.08418607699801119 0.9974536101692574
-0.46000506925142937 -0.889042370341812
0.48297022099145454 -0.8767786297780447
0.13150488191037688 0.9923242746369444
-0.9680611856528293 -0.2546734003237055
-0.8512291435773172 0.526697204401758
0.32662054148131786 0.9462135181249793
-0.9833638494513703 -0.18707362078118506
-0.625138998531135 -0.7817942392442462
0.2569283240564208 -0.9674651602500003
-0.2352680609848542 0.9729593719577538
-0.289794790862213 -0.95813359151484
0.9978079875570052 0.07987627912865834
-0.7373065598738764 -0.6770376922793515
-0.7162963445900962 0.6992285368367528
0.9162536321140419 -0.4030884290547496
0.5911173090451723 0.8078250596182284
0.641024817356309 0.7688225956183329
0.5943440892535133 0.8054539735884427
-0.9015255541166844 -0.4350318094974264
0.4011532066481763 -0.917102559584197
0.23717050407315318 0.9724973789155867
-0.6380439291610547 -0.7712982201851131
-0.2661849692060628 -0.9649593577808173
-0.9961084342104027 0.09883818743228702
-0.9826141461766043 0.19097235332273338
-0.05790500949769027 0.9993237762982888
-0.6019199907955569 -0.7998083049585548
-0.2821908376264646 0.9604006097247514
-0.9982485884024764 -0.07416707997800077
0.8242021155896523 -0.5680597439156743
0.4854614151763755 0.8754017445578635
-0.8348495983501956 0.5522926290785685
0.8575486408285515 0.5163441958743258
-0.1183641260220568 0.9939773305619373
0.5610662685960264 -0.8289786741790959
-0.9036648469354737 -0.43057037103484846
0.018934158917243076 1.0008209118649034
-0.9136014007648046 0.40906415208447067
-1.0001444730214042 0.04137672153201129
-0.11202431779752531 -0.9947117935472561
-0.997925293942226 -0.07839711544643603
0.6479296997892268 0.7630125189871019
-1.000970147056678 0.007730763308510874
0.9055272596936805 -0.4266396394519075
0.3404098153688887 -0.941340617205334
0.14258736454644522 0.990792533011679
0.0023054941121090715 1.000997344999925
-0.9897308357267689 0.1497794138444648
0.8903818706606478 0.45740695709493256
-0.2783895611737209 -0.9615093614882297
0.17993954031207035 -0.98469424789235
-0.9484126168852478 0.32017886896682635
0.2932935574614775 0.9570683826935206
0.8060901645900947 0.5934809571933324
-0.6123500339535624 0.7918512713363988
-0.9991109824015918 0.06146742913548745
0.9990681102309947 0.062160366146516044
0.9895875705789384 0.15072305781025813
0.6588696454378145 -0.7535859541688982
0.9410717600088928 0.34115237433405726
1.0000976956802892 -0.04249234160381711
-0.04612575723409471 0.9999367052566784
-0.6528423519744544 0.7588134576221369
-0.4409999231948209 0.8986212037016276
-0.9999243764455952 -0.04639225571027512
-0.6822877967960875 -0.7324509282833497
-0.0824902351518766 0.9975952892353632
0.8398116268375869 0.5447177539133506
-0.8754061102745033 -0.4854535426733067
-0.6046022401831401 0.7977826340335622
-0.35848887838352084 -0.9346051166537263
-0.626495421972767 0.7807076829692178
-0.8712969174246303 0.4927907077921996
-0.6435888393970575 -0.766677510954605
0.9706514442376503 0.2446155632811692
-0.9249530362441366 0.38270469129964013
0.8330584847191598 0.5549905954495241
-0.11442699453421781 0.9944382650128997
0.8039207403090427 0.5964163338649947
0.21741613005150015 0.9771034880673741
0.1940276745943084 -0.9820154079705293
0.8374097429643483 -0.5484030656263548
0.4586503609832939 0.8897420111301333
-0.2951244902230118 -0.9565053764985367
-0.9999618831677778 0.04557666301465482
-0.9958128066546638 0.10177354323477744
0.18342824299105145 0.9840503440745376
-0.9879972315512012 -0.16081812847798607
0.5057201650090092 0.863856535949842
0.9982566086427777 0.07405905279586178
-0.2632467055883869 -0.9657650708101122
-0.7623014476097971 0.6487661388913633
0.4018920611765978 0.9167790198096953
0.12726709522463492 0.9928766723380521
-0.11358372952998273 -0.9945349347237932
-0.9988170093351172 0.06607254999508076
-0.8191694706428788 -0.5752932976896791
0.24478006155643184 0.9706099739155937
0.16371128872340257 -0.9875219561835183
-0.3020570119009731 0.9543388085797703
0.859678509699517 -0.5127902689802311
-0.21135838368150783 -0.9784317215051547
0.7621876671954789 0.648899807347108
0.8292556853332574 -0.560656765180328
-0.37895246297888746 0.9264966437080249
0.5493685376574081 -0.8367766785900292
-0.708362072054205 -0.7072652789972609
0.20722104201514185 0.979316312406854
-0.09362521298431141 -0.9966119202044708
-0.9633136176527334 -0.27208063886429595
0.15419633181043388 0.9890523197769704
-0.23991407088706782 -0.9718241809043419
0.18797029070863006 -0.9831928446703185
-0.5712932439639765 0.8219641290233513
-0.9720648375456807 -0.23893712898436137
-0.10793221434986715 0.995164125712706
0.14353055691658578 -0.9906563376021044
-0.7709523977992009 -0.6384617453909536
0.9936984808019171 -0.1206827628618185
-1.0001224236333381 0.041906297209103806
-0.17654383943780616 -0.9853087195171665
-0.19126009461968912 0.9825581795527772
-0.8136687955691458 0.58304724604191
0.916239319015351 -0.4031209623553281
0.20578959327062119 0.9796181109501357
-0.37891211248175094 0.9265131467036056
-0.48069949885128094 0.8780256213825012
-0.9861026500966791 -0.1720539551196271
-0.5257390155180942 -0.8518212767723432
1.0009273146546034 0.012062784849461682
-0.7578139160329226 -0.6540023460713627
-0.7549228594344409 -0.6573374143492271
-0.3157392258917212 -0.9498998585289382
0.9605987226561822 -0.2815157083207105
0.9844320797587699 -0.18136835540364526
-0.9761425767333797 0.22169048217800827
0.9947478399058693 0.11170378240062792
0.999875302094644 -0.0474381730375904
-0.5610735715533431 -0.8289737313717338
1.00034056603761 -0.03632839026923828
0.9856494476575507 0.17463151586230144
0.10124114885276894 0.995867074352281
0.13228846329359786 -0.9922201179574109
0.4560918236339348 -0.8910562543488889
-0.9962024656832009 -0.09788588951790078
0.991164889801694 -0.13997557367053587
0.0822726996283456 0.9976132531677113
0.17870105119175825 -0.9849197603373386
0.6620318810883116 0.7508094221722791
0.12679894312007137 -0.9929365679758365
-0.742104220473281 0.6717755026463409
0.4187649943170892 -0.9091957322461475
-0.3700369027259269 0.9300933773664894
-0.9484611576801806 0.32003504866181687
-0.9974668754078878 -0.08402875974346527
0.29934279384149554 0.9551936409834227
-0.9983459659427292 -0.07284457622828802
-0.07091997158410283 0.9984845304913392
-0.006893864443840027 1.0009762607739656
-0.3908789491451203 -0.9215284299006767
0.6585378798444207 -0.7538758921798835
0.3400857852338478 -0.9414577306931401
0.8823216209739535 -0.4727679739173279
-0.49633311908464933 0.8692838632458924
-0.96614719264052 0.2618407954327246
-0.9608526874879079 -0.2806476669193329
0.8637157870388573 0.5059605115222405
-0.6104204715983657 0.7933396799944076
0.8811414069598852 0.47496402068025534
-0.9516153259692104 -0.3105306287317138
-0.8487822550372452 0.5306314008178264
1.0004289704930258 0.033806434273144156
-0.47942709766661673 0.8787210353820855
-0.6186521611270316 0.78693742034094
0.9585026954773852 0.28857162501290223
-0.1864137515695967 -0.9834891525714703
-0.816959717510693 0.5784270221599687
-0.69116299588205 0.7240819795598765
0.9982939474175214 -0.07355402469982776
0.8041432066219819 -0.5961163504247441
-0.469124684019819 0.8842641182606614
-0.7531538934049167 0.6593634906855365
0.42848771956387954 -0.9046542290748141
-0.6874021098576295 0.7276533098689784
0.31858869807252566 -0.9489479656232227
0.9628680563640848 -0.27365325876672775
-0.5449400351278496 -0.8396674092251396
0.8044800388230247 -0.5956617052785119
-0.9948852750953869 0.11047302565955225
0.12746150332240289 0.9928517337300635
0.9215346952402019 0.39086417777605065
-0.6525021335230016 0.7591060306359917
-0.7081810729397735 0.7074465124162188
-0.2057399948838169 -0.9796285288338672
-0.5793206480837068 -0.8163262746622051
0.7882852723564879 -0.6169338128080334
-0.9096349621293205 -0.4178100473564389
-0.3386289889764279 0.9419827003850985
-0.9840932770057756 -0.18319776786858985
0.7341279449567817 0.6804830346404915
-0.3001115753220237 -0.9549523770103582
0.8987165603254432 0.4408055628015645
0.5564323165474148 0.8320961946203561
0.7808847429037552 0.6262747147220109
-0.9491655556096308 0.31793984972673806
-0.6646079193196002 0.7485301019849983
0.9970910726320213 0.08837642715976503
-0.12559518180992923 0.9930895479795016
0.21646126766103196 0.9773154657543177
-0.8227718021348963 0.5701294253164758
-0.9933980525300811 0.12313126828487694
-0.2946773325169525 -0.9566432301023686
-0.8479121069017674 0.5320207317101522
-0.9800485515020267 0.20372981298469614
-0.3655728632472418 -0.9318570070870387
0.37392213084176845 -0.9285382275742617
0.9355767658457748 -0.35594538234055006
-0.8989498309716218 0.44032965082548386
-0.9986768505510689 -0.06815825829199283
-0.658002009333313 -0.7543436588938245
-0.8146155145701403 -0.5817237861920599
-0.9070641061036828 0.4233623830931687
-0.4405499493154688 0.8988418894099995
-0.7673192191447302 -0.6428236273902209
0.49033306404541344 0.872682351319102
0.21923596957236607 0.9766967746673809
-0.1773339552267702 -0.9851668225857131
-0.7681397547070012 0.6418429069785442
-0.3808175621342787 0.9257315941298021
-0.49999990901218516 -0.8671799645908608
-0.3997039072401322 -0.9177351396437708
-0.3213230327095638 0.9480255843859534
-0.0814440566978351 -0.9976812445007673
0.9839092395777858 -0.1841836265075253
1.0002568705987085 0.038564139042363645
-0.17819316058834075 0.9850117753202434
-0.7555073388677335 -0.656665562457021
-0.22799659562723368 0.9746889516057888
0.9923590444078726 0.13124224541623025
0.6799820944953804 -0.734591962361198
-0.9276800993756389 -0.37604605199683316
-1.0008295143727242 0.01847385072087455
-0.9712988777355206 -0.24203200224292265
-0.8987264715860672 0.4407853550998012
0.6158782598631674 -0.7891102388309994
-0.7923688592430113 0.6116801377369784
-0.9734582258529175 -0.2331953741378462
0.3400814545464105 -0.941459295069945
-0.3767407059421757 -0.92739821031
-0.8202442753427616 0.5737598180139735
-0.7218856860656907 0.6934566001225073
-0.46360171088402735 0.887172166868079
0.6631120263091512 0.749855613144405
0.045992452566636345 0.9999428455201356
0.9436465383139822 -0.33396438541862233
0.017079022609788858 -1.0008542885888507
-0.08994649929860386 0.9969506644081874
-0.4607047188604321 -0.8886800110386922
-0.4571970495306028 -0.8904896731015535
0.15527472488789748 -0.9888835926493005
-0.116172496572334 0.9942358628817164
0.9142941532583511 0.40751343697796616
0.9977089603083381 -0.081103825559927
-0.06684990642912504 0.9987652827418548
-0.6446482318420141 0.7657869528680706
-0.8200826805450145 0.5739907639240405
-0.768349922852682 -0.6415912998570645
0.7801637942988491 -0.6271725871442589
0.418492660048634 -0.9093211168148568
0.2692293959883167 0.9641143772062348
-0.5721543940092149 0.8213649307195604
0.8333086804985596 0.5546148600657482
-0.018835830852452697 1.0008227672650627
-0.7851840548907502 -0.6208759940159705
0.6771291206418725 -0.7372225945932236
0.48987695816471843 -0.8729384662502179
-0.13165187344680201 -0.992304783933821
-0.9607593414276318 0.28096705831741803
-0.24012425627321207 0.971772268357786
0.9658686359322275 -0.26286646443093176
0.6784480820817791 0.7360089672820267
0.9520152259048635 0.30930245657820404
0.9848082486977414 0.17931456521121605
-0.9800268647383367 -0.20383410997952686
0.42895192979439173 -0.9044342109438736
0.6568000678675495 0.7553904095560007
-0.9724821081304311 -0.23723311186719379
0.5092865929855853 -0.8617587633468746
-0.32196009084073457 -0.94780942172244
0.6438696301495848 0.7664417129638997
0.99907232968711 -0.06209251205717504
-0.9733468675987504 -0.23365974265093375
0.8999919896238034 0.4381956396553801
-0.11137970166080527 -0.9947841786327072
-0.958159756913022 -0.28970826745603706
0.677756768632362 -0.736645615321926
0.4717007152868359 -0.8828926521372162
-0.628458662682042 -0.7791281725748975
0.6330389789951331 -0.7754112786597829
0.9241392479567446 -0.38466563452684793
0.9353660692283685 0.356498690791805
-0.28476370329049067 0.9596408876701146
0.8239120276667603 -0.5684804048215274
-0.8410164755399644 -0.542855678675591
-0.9765107485252885 -0.22006307735415448
0.8038642903556219 0.5964924162896393
-0.7221425099393773 -0.6931891483126783
0.16053280932663427 -0.988043631187256
-0.9443614614436302 -0.33193738888539065
0.7768866078270122 0.6312275331281408
0.22423344163767117 0.9755615632297765
0.9699440581771933 0.2474055860459853
0.8789364304282888 0.47903209836709043
-0.7080189742423058 -0.7076087422530005
-0.8499581249745984 0.5287458612506248
-0.6050608857627784 -0.7974348402972885
-0.04766059380255338 -0.9998647247494974
-0.8084567586513043 -0.590253055384745
0.2953101338634353 0.9564480774394185
-1.0006971930471515 -0.0246196634329548
-0.31836543254631716 -0.9490228929586454
0.30027947578862163 0.9548995949418507
-0.013465085049515206 1.0009094322088334
-0.9968990392329399 -0.0905168800635634
0.7761269342297313 -0.6321613575371072
-0.9720862102201184 -0.23885016202608642
-0.5510769451579776 0.8356525596893432
0.39994316681545733 -0.9176308971027639
-1.0000366251926753 -0.04390613024674769
0.6170764557425236 -0.7881736152449188
0.41531540973367176 0.9107766523345624
0.584771096238102 -0.8124307755153595
-0.7163329974241193 0.699190987357086
-0.9384035065336982 -0.34842482535729186
-0.6371279787145911 0.7720550101767745
0.37843785024516813 -0.9267069620445374
-0.06631393726633743 0.9988010120760973
0.9850088931809323 -0.1782090916717624
-0.1966786880633361 0.9814878978681729
0.7976813672755648 0.6047358400999444
-0.7617548245735977 0.6494078743277198
0.9990684171084085 -0.06215543368442622
-0.8001401074514017 0.6014788512056424
-0.391013615317081 0.9214712977823378
0.3122347152827956 0.9510575600731385
-0.6211946988795328 0.7849319372302077
-0.6954746757482834 0.7199416472137308
0.9451298767627898 -0.3297431061453047
-0.9528663055154756 0.3066705134395678
0.9076569508414627 -0.4220898714600702
0.4132558624227085 0.9117129987958181
-0.8521197619518887 -0.525255091637441
-0.8781585281384535 -0.48045665721030967
1.000995843430819 0.0028846896233454544
-0.6762283451158523 0.7380489314821043
0.9874959661217951 0.16386798617540402
0.6259006808284961 -0.7811845734129835
-0.2594630306852235 -0.9667884648192896
-0.39124841568854496 0.9213716281833316
0.7481483007028336 -0.6650376832597251
0.6057869500934084 -0.7968834112318604
0.46084489251478494 -0.8886073289383992
0.922685391294057 0.3881400117129549
-0.8855396343780125 -0.46671249816740057
-0.3756093676899694 -0.9278569948561801
-0.6044138363437878 -0.797925381496406
-0.23223989186117175 0.9736866193125544
-0.9957524730828893 -0.10236216268382455
-0.8594537308667366 -0.5131669168011976
1.0009999763409914 -0.00021763578469799719
-0.6955965023717036 0.7198239408968367
-0.9713757636062289 -0.24172324232149392
-0.8392556545858706 -0.5455739603808469
0.8531490349047227 0.5235816309240999
-0.8356162881659712 -0.5511319433236697
0.804151200164396 0.596105567222922
0.4675854156694346 0.8850790241855481
-0.9995433148821398 -0.05398297578333187
0.9503677917393685 -0.31432795043463185
0.860684878176398 0.5110993450186363
0.3686317760980633 0.9306511772145283
-0.214672809072359 -0.977709867519492
-0.9972556320004683 -0.08649973666634211
0.2553163491893584 0.9678918130848186
-0.04315547354631065 -1.0000693001502414
0.10142984996242078 0.9958478726876916
-0.7390989090473818 0.675080589740936
0.3751941423378143 -0.9280249757174599
-1.0004375542832373 -0.033551452722267935
0.4585938603884575 -0.8897711341766555
0.5233833331346323 0.8532706994833952
0.25366859998100966 0.9683249668286337
-0.8414538417188475 -0.5421774914698994
0.638751213082551 0.7707125844214362
0.46492574852267793 0.8864790174395711
-0.6894077143574664 0.7257534039771457
-0.3312052194404833 0.9446184958041957
-0.5134373378861038 -0.8592922087767529
0.5965832948600852 -0.8037968476511242
0.8527988978060583 -0.5241517336618969
0.9654258939734288 -0.26448788865580564
0.49729377068557457 0.8687346577852889
-0.9912575557990729 0.13931783113172483
-0.7187649896592337 0.6966906699821389
-0.23395342336943295 -0.9732763203190155
0.6382594783616428 0.7711198598671439
-0.9217982141935382 -0.3902422994878999
-0.8263033733172462 -0.5649988807462717
-0.6074398652097405 -0.795624163882654
-0.4336195049966987 -0.9022056998747114
-0.060202148012932555 -0.9991880210323926
-0.7612729905936705 0.6499726408031106
-0.20931595611173034 -0.9788706914179381
-0.2770379288621034 -0.9618996756272435
0.6930363538799046 -0.7222891472262668
0.5468803705085354 0.8384049501001571
0.26181140862425595 -0.9661551564392661
-0.872376763445399 -0.49087654517254176
-0.4769360233936593 0.8800755817482058
-0.13308921429014559 0.9921130283589827
0.9008083479753874 0.4365149713559125
0.03404568793313537 1.0004208570062698
0.8765344097248786 0.48341331029281637
0.4096087295453277 0.9133573718322213
0.9632817417249012 -0.27219347174287767
-0.7445847459091441 -0.6690250788717977
-0.7924018571034017 -0.611637390010683
-0.6169848353878085 0.7882453380144274
-0.9565742039419547 -0.29490132646838985
-0.7652479169969145 0.645288017502172
1.0009680830932344 -0.007993536680068266
-0.5326876188618241 0.8474933042280157
-0.23450241443198036 0.9731441915901116
0.722630982885265 -0.6926799135057086
0.3253904344960228 -0.9466372405195612
0.7767619122008831 0.6313809719606915
-0.2643937407503595 -0.9654516817801042
-0.6276374809893475 -0.7797898386471488
0.8493668846953546 0.5296950964308695
0.026706636838714444 -1.00064367061845
-0.5591904279630657 -0.8302451838309473
0.01715396869467254 1.000853006868652
0.8802612295599412 0.4765932938403774
1.0004611142442512 -0.03284142026696015
0.9384463418620835 0.3483094363431362
0.04355415058807414 1.0000520166304108
-0.11566551318678259 -0.9942949708508226
-0.9461936455435576 -0.3266781062957733
0.931384433712333 0.3667751854179296
1.0009806845041924 -0.0062184603816739575
0.7750916572934033 0.6334302825048432
0.48199436512343674 -0.8773154689102747
-0.998837140242346 -0.06576752445160226
0.9894073628816332 -0.15190151505370844
1.0009912346038823 -0.0041890626869778335
0.6390684476211028 0.7704495565935215
-0.53039160809527 0.84893211864207
-0.4049007441690713 0.9154541973093643
0.45877249477343984 0.889679042149108
0.9107684603132625 0.4153333741690031
1.0009913581000682 0.004159448158239856
0.8590527173084177 0.5138379402934584
0.5773300366629699 -0.8177353048308076
-0.6157412825556614 -0.7892171266240421
0.7713965309521624 0.6379250677273699
0.5016796369897079 0.8662092944721125
-0.5166189942120131 0.8573831202090277
0.6474783418403124 0.7633955703616047
0.18561110435743036 0.9836409497063525
0.9402687539827226 -0.34335938939219124
0.07802125186356668 0.9979547506062797
0.9891967081364117 -0.15326732401946178
0.14419718268828433 -0.9905595249679656
0.10709236914708749 -0.9952548540300942
-0.944046723894058 -0.33283146351403786
0.14336024389553403 -0.9906809983391288
0.3686626042484362 0.9306389655654662
-0.31078124465517587 0.9515335085905171
0.3489650045952641 -0.9382027635686367
-0.4662653574235091 0.8857751500616436
0.3091316524943741 -0.9520707019051146
0.3559846251421437 0.9355618347615552
-0.8152788768469132 0.5807937266941128
-0.7431210336744115 -0.6706505269592159
0.9146837663477679 0.4066381777205158
0.5679572874309541 0.82427272164865
-0.7255956322118106 -0.6895737658257766
0.6047767349549494 0.7976503625381429
-0.437234616779611 0.9004592660912468
0.16248721336840216 0.9877241039337712
-0.48127847294901505 0.8777083977471472
0.4880271095488202 0.8739739929456847
-0.9987990841008142 0.06634296947962759
0.7910280276702241 -0.6134131229768035
0.9800705394252833 -0.203624010741941
0.7003895092237667 -0.7151611953743653
0.01303638817414371 1.0009151075807443
0.5192090446944917 -0.8558171346189754
0.9890864319369057 0.1539773689810316
-0.874658913362459 -0.4867985058272082
0.9804812417012374 0.2016371361431216
-0.9147096761727229 0.40657989167689096
-0.9827883335787028 0.1900739103127949
0.7118297117234123 -0.703775149822558
0.6626431574146371 0.7502699820275103
-0.13200912989699679 0.9922573202671965
-0.7560830068449024 -0.6560026575863632
-0.1998537839170401 -0.9808463004232829
0.16647127124938227 0.9870604418416405
0.9535904689822375 -0.30441126369803767
0.2650994248575289 0.9652581493777752
0.4752174044288899 -0.8810047778121688
0.07568799195457564 0.998134423749569
-0.3700565502873 0.9300855603596171
-0.14448353951580448 0.9905177973206665
0.6645759959768021 0.7485584449937369
-0.9306711421820671 0.3685813683700338
0.7098038079881449 -0.7058183577702756
1.0004545141163963 0.03304187016688572
-0.9692582285610386 -0.2500789602639881
0.20864057043869957 -0.9790148683074297
-0.7178920822782712 0.69759010758623
0.7200983070660576 -0.6953124680031257
-0.7139717376184062 -0.7016019939268658
-0.8479909834112217 0.5318950009666091
-0.011090648030497266 1.0009385583172743
-0.568319990336602 0.8240226869351381
-0.028227656061519984 -1.0006019185636577
-0.9796468042997298 0.20565295724916452
-0.8352552306978567 -0.5516789823727837
-0.02309172276009074 1.0007336170729806
0.74122770668804 0.6727425115435988
-0.7007228841543298 0.7148345540210248
-0.8901565502035798 0.4578452971579613
0.21012743515979856 0.9786968177087144
-0.733105543878401 -0.6815843759467743
0.9089433151658127 -0.4193125920067057
-0.5574239932164292 -0.831432193138232
-0.010063229972933397 1.0009494150068283
-0.9154884632949519 0.404823262145158
-0.04172628347781045 1.0001299501900387
-0.973537033671309 -0.23286615054676507
0.42658532328517224 -0.9055528487933132
0.8753949852916764 0.48547360353183533
0.9607582059513474 0.2809709410190816
-0.058494690555189674 0.999289433135792
0.8048463141463005 0.5951667082466177
0.4096346082142296 -0.9133457657170009
0.751483943967103 -0.6612661203779064
-0.8912699970347071 -0.4556739979258781
-0.7614989011557751 -0.649707952497541
-0.02416673730707571 -1.0007082336065447
0.1464815359262461 -0.9902242976380088
-0.5264927159484517 -0.8513556366485294
-0.9642638737333519 0.26869347184617337
-0.5354810928201585 -0.8457310442641495
-0.2331403046817735 -0.9734714162896052
0.8381024415289611 -0.5473438567328535
-0.27921084067064533 -0.9612711929793754
-0.8308175490792473 0.5583396816830705
0.6596925439983183 0.7528656901420244
-0.07664185010191929 -0.9980616347766079
-0.7578710069083062 0.6539361871679759
-0.7055885857715314 0.7100322159092011
-0.8645777361499013 -0.5044862120553066
-0.9851333955714752 0.17751955647143614
-0.4098303470207685 0.9132579518738595
-0.9967208704841426 0.09245813291070286
-0.6825253786227691 0.7322295456589045
0.7029001211160608 -0.7126937769722891
-0.6180023976096934 0.7874477992531762
-0.12071230854841328 0.9936948920895753
-0.7241406739378125 0.6911015007572266
0.4365081999657576 -0.9008116292336895
-0.8802957893076859 0.4765294569354116
0.3523725726046746 0.9369282630361639
-0.5188255676302709 0.8560496658331964
-0.7281021039073788 0.6869267255578636
-0.7914609817053866 -0.6128543990524551
