1000
-0.18498173734361148 0.9837595015293825
-0.13438116553140061 -0.9919388601876742
-0.8037828479542836 -0.5966021566626298
-0.9700353233546589 0.24704750847604662
-0.45915076996886134 0.8894838786830269
0.17203200798232693 -0.9861064791540357
-0.37643516194562204 -0.927522274045736
0.9902663530286476 0.14619695639561656
0.4498961943634028 -0.8942004329552335
0.09266920323214223 0.9967012685716418
-0.9296116585184618 0.3712454233341532
-0.9984581702112315 0.07129012791712064
0.8218660044921048 0.5714343975122461
-0.46814244244824615 0.8847845238127702
0.9123593792446208 0.4118268605911591
-0.20317157360740398 0.980164430938958
-0.9821022522014808 -0.19358761897595314
0.8431191021833913 -0.5395842654613568
-0.9652379143631118 0.2651730919153566
-0.9337044757101934 -0.36082814751450976
0.8096007985036188 -0.5886828917696716
-0.8089816735470617 0.589533418785564
-0.9536226953168976 0.30431029390498054
-0.699868106022038 0.7156714568662952
-0.5232517951829332 0.8533513689201171
-0.9887750319101184 -0.15596453529935642
0.12928932981556096 0.9926153682045443
-0.12954097309087148 -0.9925825589293165
-0.3852096883187512 0.9239126019409901
0.9997208028179749 -0.05058968682432838
0.8237247052015655 0.5687518000328387
0.01652454243033752 1.0008635968489752
0.2300788879045043 0.9741995202937777
-1.0000160859576246 -0.04437147536416897
0.700671576292676 -0.7148848453950726
-0.500218898639415 0.8670536623785005
-0.9927855710075818 -0.12797581802492908
-1.000806048107448 -0.019704163812560332
-0.7576620906902688 -0.6541782297897498
-0.8064808332216262 0.5929499689233075
-0.9377496912262268 -0.3501806913653526
0.9728278377949348 -0.23581136107327857
0.6782359775811493 0.7362044272581785
0.7662029902511154 0.6441536910786502
-0.20317854570952762 -0.9801629857137849
-0.09807657125812512 0.996183711054467
-0.6738349066620758 0.7402347725983369
-0.18491471103251336 0.9837721024931344
-0.877410724308022 -0.48182094274665155
0.8034487989481955 0.5970519470437241
-0.44532942358241956 -0.8964835215952103
0.4885802946899314 0.8736648646023828
-0.8181845254794581 0.57669323063996
0.6590109382407897 -0.7534623967252739
-0.08563600431818265 -0.9973301733951581
-0.7971867398170651 -0.6053877285342335
-1.0009966824592083 -0.0025771506861061028
-0.985179431703093 -0.17726389183691846
0.4615101546395682 -0.8882619980414348
-0.6538060330936588 -0.7579832920918069
0.926972783646434 0.377786260177341
-0.03852044655014508 -1.0002585541736584
0.9191863728283655 0.396355158925216
0.011600475106380029 -1.000932779449902
-0.7308932617396527 -0.6839561681449854
0.06755649650861664 -0.998717737791555
0.2270960479237969 -0.9748991665897517
-0.8194552567252186 -0.5748861471851675
-0.1671883587373133 0.9869392345543485
-0.4422773431085133 -0.897993180248533
0.6494229878350646 0.761741939813857
-0.22053863502382587 0.9764034568055502
-0.9042226758303361 -0.42939766244616046
0.9791712539427422 0.20790540024780024
-0.2865121426666273 0.9591203220162621
0.280498360450087 -0.9608962846139083
0.19108100158219243 -0.9825930240106258
-0.22860826488042635 0.9745456691342693
-0.3306914230326226 -0.9447984878971065
-0.7356199561226009 0.6788698550931414
-0.9973853965832523 -0.08499041523882865
0.05617278360003033 -0.9994226425204825
-0.23998932919497082 0.9718055988069568
0.9979118864158573 0.07856759478274146
-0.021934459709883693 -1.000759651203642
0.09963621632768732 0.9960289274895093
-0.19531311157601516 0.9817605555564428
0.9930270633203903 0.12608826873774487
-0.39969388884219376 0.9177395029212833
-0.9928031381516423 0.12783946525330506
-0.9791927748628013 -0.20780401742143284
0.9212726923112907 0.3914813231835025
-0.30922176819841474 -0.9520414371613485
0.8374799984142769 -0.5482957707807189
-1.0009429170381536 -0.01069003419788679
-0.003809366009307405 -1.0009927515874464
0.9750085962445604 -0.22662576475152105
0.6132722645752522 -0.7911372380963633
0.7190199937052866 -0.6964274898738918
-0.5303337021048096 0.8489682941145724
0.6957830304416462 0.7196436441388468
0.6989496005814361 -0.7165685283676997
0.8210144530672987 0.5726571992515281
0.9399461593988933 -0.3442415103256293
0.8227140932984925 -0.5702126977611418
-0.2325097949204926 0.9736222035605138
1.0009433626036905 -0.010648232699216905
0.8123187910290555 0.5849266464618396
0.8401710410756057 -0.5441632307845992
0.9933070955304153 0.12386288374218654
0.4932783965519012 0.871020908758903
0.8968824812780603 -0.44452538147614234
-0.9008510020009594 0.43642693797916204
0.999889420065472 0.047139661020569226
-0.32149145464931267 -0.9479684829083027
0.8216801244594273 0.5717016469001469
-0.9413096273312791 0.3404954999606432
-0.5583137887171178 0.830834949510634
0.651517657672668 -0.759951144311738
-0.7990390148868423 -0.6029408368062862
-0.5430432778777701 -0.8408953551731435
-0.6819524591258154 0.7327631564784444
-0.9568679092395169 -0.2939469412455175
0.8830909717360581 -0.47132932821782336
-0.5143736740098361 0.8587320440542688
0.3763940658489612 -0.9275389518471383
-0.8758307588112189 0.48468699376006014
-0.49125726286421056 0.8721624284977907
-0.999835249576219 -0.0482749801124729
0.22603373551702496 -0.9751460149168532
-0.9728557868309217 -0.23569602887954733
-0.3405003169063304 0.9413078849062556
0.4308045036034428 -0.9035532522629705
0.7224918981019123 0.692824983078047
0.7301045909343717 -0.6847979894074995
1.0000888295183883 -0.04270050435932013
-0.755885911860986 0.6562297526400992
-0.12030063209547469 0.9937448152908417
0.9618877559884547 -0.2770793115328085
0.20685959383945898 -0.97939272431266
0.4765402498300331 -0.8802899467175174
-0.996499525618292 0.09481400446410218
0.7948157183604585 0.6084973080032058
-0.8429258102103706 -0.5398861717817842
0.9984495573734492 -0.07141065313217114
-0.9767395267312926 0.21904542204924224
-0.6374966305952113 -0.7717506371748277
-0.9993601110058198 -0.057274501573000756
-0.17393008130771928 0.985773466277263
1.0009999872836945 -0.0001595557686898196
-0.31488128763120865 0.9501846003275953
-0.844526151508445 -0.537379362665087
0.2521260175457547 -0.9687277591132185
-0.6879798822575753 0.7271070633743374
0.578160030362833 0.8171486886062096
0.9887440955551399 -0.1561605376042499
-0.9981264768603546 -0.07579271858388535
0.8948310149077795 -0.44864067443680733
0.9800317831389027 -0.20381046106022818
0.9958103477192884 0.10179760004631636
-0.9998845849909903 -0.04724210724973188
-0.9987744513320069 -0.06671278263158167
1.0000947953680939 0.04256054837111879
-0.9906331175587144 -0.1436907317675784
0.8666256980130372 0.5009599779856829
0.9237209048447347 0.38566914571018585
-0.7893669314916837 -0.6155492242440108
-0.4088997631914135 -0.9136749879809593
0.20988882186700306 -0.9787480178550971
0.9809859411561378 0.19916722434679526
0.897881168366923 0.442504697706193
-0.6792511526878792 0.7352678910248885
-1.0009128122427995 -0.013211445349032389
0.7822575526654328 -0.6245591415533741
-0.7714664673246596 0.6378404893024665
-0.8955589082775031 0.4471859141395298
-0.7435888955255253 0.6701317441004637
0.8771560775993863 0.4822843720570461
-0.5950599154720007 -0.8049252741705005
0.9075329963187272 0.4223563194658665
-0.3666899633424884 -0.9314179892958288
-0.8080505125618851 -0.590809080116813
-0.4948401832831843 -0.8701345832733374
-0.5763849956985403 0.8184016964386093
-0.776126161231365 -0.6321623065734505
-0.6749843397457003 -0.7391868106900049
-0.582127158442784 -0.8143273122051906
0.034728961256509816 1.0003973706732958
-0.16304877508748652 -0.9876315593086676
0.887053134195311 0.4638294267446554
-0.5348007666486507 -0.8461614148565364
0.8520375031842717 0.5253885164023974
-0.2088677605199402 0.978966423640456
0.8340824335582765 0.5534505344016782
-0.6490263171253385 -0.7620799431022441
-0.7621511646120983 -0.6489426802733985
0.5589679847832693 0.8303949614414401
-0.9042506597041811 -0.429338729238993
-0.26843221279075696 0.9643366357949167
0.23719019628341692 -0.9724925762117849
-0.9914093002661617 0.13823385745091343
-0.4872546362442951 -0.8744048944616216
0.08616490461168475 0.9972846179568093
0.9947791611313453 0.11142450618610292
-0.9811386423971766 0.19841361947967495
-0.8444786834383985 -0.537453954509732
0.09427260309800575 0.9965508899725722
0.9407587927413669 -0.34201446443068156
-1.00077601717345 -0.021174594457661438
0.8714722862828469 -0.4924805115341599
0.20221158377131873 0.9803629304439734
0.06405050428133728 0.9989487138493679
-0.13993865963210772 0.9911701022228068
0.8300997253657436 -0.5594063334890991
-0.7089344499853035 -0.7066915491386856
0.9311809268539671 -0.36729154831466887
-0.7358613633359966 -0.6786081740955441
0.9565147993291035 -0.2950939488779884
-0.9778143123262762 0.2141965700236388
-0.8709598205751944 -0.4933862492445702
-0.9665983988639618 -0.26017020450779
-0.2419487776202473 -0.9713196121813191
-0.19029377876480122 -0.9827457849125647
-0.11879904041340521 -0.9939254438824142
0.8032513045410088 0.5973176221686144
-0.29810850987660453 0.955579570909273
-0.6033202754536267 0.7987525556932886
-0.8644878936134415 -0.5046401507963818
-0.07089997127096968 -0.9984859508644955
0.999333841741083 -0.05773103802122456
0.36561514025998454 -0.9318404204651524
-0.9563485311757018 0.2956323509328397
-0.7019154519524383 -0.7136635750200541
0.34611430163957224 0.9392581595070395
0.9615406651941765 0.2782814208278025
0.9879271750650898 0.161247935701241
0.9832310676466591 0.18777025220841223
0.9988595192901594 0.06542675846648478
-0.9966332663427742 0.09339771099407633
0.9027376568315559 0.43251095123507804
0.9959896938532036 -0.10002764486981489
-0.7591547797204707 0.6524454156690531
-0.5479900897672466 0.8376800472238103
-1.0001008674428515 -0.04241762534673542
-0.47354908935796425 0.8819026363313826
-0.9455116360091456 0.3286468411095854
0.8630035854627109 0.5071743403194854
0.9971443281504488 0.08777350874489451
-0.999131933536801 -0.06112593056153292
-0.22267634274644715 0.9759181555750803
-0.9913191895841338 -0.13887859576715206
-0.5785453630359767 -0.8168759164705309
-0.41122145707781593 0.9126324086064432
-0.7387072600925848 -0.6755091293879796
-0.07438036866462201 -0.9982327187371265
-0.7877501425683054 -0.6176169629176439
0.997472561836056 -0.08396123143579604
-0.5545133905671379 -0.8333762053729016
-0.9731085357014455 -0.23465033080093586
0.08858886021921836 0.9970722209775277
0.34502934163052446 -0.939657253158835
0.5001927915868781 -0.8670687234842034
-0.8209164113560211 0.5727977353013468
0.8064263973795875 -0.5930240008712796
0.995164181199348 -0.10793170274683545
0.7174758415801609 -0.6980182066026931
0.9977290283831561 0.08085657624215412
-0.19369642081261332 -0.9820807994072499
-0.7726296652061783 0.6364309863947455
-0.8986485927059435 0.4409441085076738
-0.9583481226640679 -0.28908454781647636
-0.1298568060915149 -0.9925412887692435
0.6754837429101782 -0.7387304738969798
-0.9092343691135695 0.4186810982390406
-0.34581439332545977 -0.9393686206005308
0.11962126285908073 -0.993826822676868
-0.9668243182225384 -0.25932939997910714
0.8142119266164186 -0.5822885354835521
-0.5063946949965764 0.8634612978468256
0.7344213606002402 -0.6801663510451631
0.9567533303582749 0.2943196643929008
1.0006242022437979 -0.027426372052517033
0.9456670288804049 0.3281994370630571
0.203183497099999 0.9801619593241796
-0.7481719980584517 -0.6650110234584267
-0.5942698655839934 -0.8055087379158481
0.9993139765805418 0.05807388579029491
0.7510358591160554 -0.6617749907043998
-0.9753131897447823 -0.22531130000481206
0.7349867218804401 -0.6795553830700222
-0.030077234156850926 1.0005480298243927
-0.6740163357795527 -0.7400695772035932
-0.5672164735045662 0.8247826817926306
-0.8030604542856002 -0.5975741851541156
0.12398057199153106 -0.993292413022798
-0.7416494120486701 0.6722775837463733
-0.2921883036651265 -0.9574063897850775
0.2795500180169187 -0.9611726106307548
-0.7129679802169261 0.702621988828557
0.8581399996735086 -0.5153607871776341
0.3026721159262729 0.9541439043670052
0.1391062840945492 -0.9912872649869999
-0.16099590774125375 -0.9879682776742226
0.14734372297242765 0.9900963727337982
0.963559696349982 0.27120787519895234
-0.6389919174079449 -0.7705130300568046
0.0013054189814525607 -1.0009991487914875
0.18117247065885794 -0.9844681487358365
-0.900195529444578 0.4377773506795388
-0.5860633015042468 0.8114991106772343
0.5010073639693992 -0.8665983044343176
0.9615150065137472 0.27837006349258997
-0.14797392354980757 -0.9900023827997969
0.9404568323730627 0.34284390973564816
-0.9592700358682003 -0.2860104863207323
-0.23208654906323287 -0.9737231812706935
0.13360079143497872 -0.9920442674235598
0.974868898710781 -0.2272259455397401
0.9949555089630691 0.10983867799659687
0.33733055744961377 0.942448457482282
-1.0001819596547026 -0.04046044465003706
0.9855676570662006 -0.17509252795319338
0.8220393787191652 0.5711849611421933
-0.6725409392780399 0.7414106048573974
-0.8829559793361764 -0.47158216522096497
0.9827637579787942 0.19020093586362233
0.7485648578084423 0.6645687727046965
-0.7724430387382645 0.6366574839776848
0.88314300422182 0.4712318262745613
0.889414469385253 -0.4592852073038589
-0.9998347139578291 0.04828607216233222
0.5633289645998151 0.8274427337543669
-0.2841050618217289 0.9598360869686404
0.33124050346402856 -0.9446061236647245
-0.5431698174848693 -0.8408136234466315
0.9904331884371935 -0.14506239775398208
1.0007418170388858 0.02273357934223082
0.6187416582914224 0.786867053761168
-0.5101002352037474 -0.8612773943655329
-0.36170693949944865 -0.93336439289162
0.23908972303126852 0.972027316663905
-0.8772726240524467 0.48207234217297157
-0.005375674826776226 1.0009855653905089
-0.6101951426292902 0.7935130042485884
-0.7679431668086669 -0.6420781047130294
0.7689149872944127 -0.6409139897942885
0.27637533811997217 -0.9620902621267253
-0.9683010728416128 -0.2537597925869692
-0.9622677836326162 0.2757566183843509
0.9966157456305468 0.09358448354972781
0.9780049538391539 -0.2133244249167792
-0.42077473008979493 0.9082673761166699
0.4691091517005816 -0.8842723583776441
-0.7448294078667871 0.6687526846127881
0.960952115857029 0.28030702993307044
0.9977729130677647 -0.08031322399372823
-0.2674541463236142 -0.9646083555590356
-0.9932868742010366 -0.12402493918536776
-0.8561333935421538 0.5186873937758615
0.8444689323208087 -0.5374692757218346
0.12562180340249143 0.9930861808070364
-0.9263998852153962 0.37918894059940733
0.9334017841358037 -0.36161043869349035
-0.7692194124832298 -0.640548589459812
0.9939760566894864 0.11837482303268239
0.8564265526245278 0.5182032033475544
-0.15600977346951153 -0.9887678952018981
0.5271996794354475 -0.8509180324820725
-0.6832289254144153 0.7315731238072264
-0.45692589829697333 0.890628835972373
-0.9564926235585464 -0.2951658196304052
-0.9272754183398136 -0.3770428338302211
0.05799622921540098 0.9993184864680502
0.9988068314557973 -0.06622622922400583
0.4224444932661962 -0.9074919559473058
0.13041562576356108 -0.9924680168935918
0.8655171421207717 -0.5028728235797715
-0.5781738864085262 0.8171388848141182
0.1612334423634334 0.9879295405359825
0.9994955774826235 0.054859735623469665
-0.7472140707637213 0.6660871808199799
-0.9036773875534864 -0.4305440502718694
0.3728635861950308 -0.9289638023571106
-0.5699617835402163 0.822887942130431
0.47048705388511225 0.8835400002979534
0.39432311611126425 0.9200599328849738
-0.7192439563263727 -0.6961961873552502
-0.7732759758926734 0.6356455498996542
0.8474048803544703 -0.5328282732282755
-0.19796373971469222 0.9812295132934872
-0.9900469562547953 -0.14767540218538538
-0.5366610729242464 0.8449827766338179
-0.6714149076192613 -0.7424304828242297
0.18006293646671262 0.9846716909259576
0.9652598690841259 0.26509316312514786
-0.9807403068317535 -0.20037327804764304
-0.14246764533190281 0.9908097547125699
-0.9939676379827501 -0.11844549228650499
-0.9675733437640407 0.25652061210996935
-1.0009072099046221 -0.013629275877482016
-0.25599074807907096 -0.9677136647262544
-0.5269957224780785 -0.851044363408752
0.4523417361072146 -0.8929658189289841
-0.9185016849907542 0.3979392600248752
-0.46847362392361597 0.8846092152401954
0.3848739733114537 -0.9240525010341428
-0.975571283398371 -0.22419114837222145
0.8808553946081051 0.4754942415947847
-0.4408868291734299 0.898676695959898
0.41842949035196597 0.9093501864539282
0.8692869664314362 -0.4963276840882756
-0.815790241662746 0.5800752378854303
0.44989596767393564 -0.8942005470087419
-0.6446060201346991 -0.7658224851792377
-0.9736315695305466 -0.23247057193004977
-0.6664094441872134 -0.7469266715669547
-0.6653142467000221 0.7479023687206654
0.9400246155442906 -0.34402721138132186
-0.7364464950612685 -0.6779731262461464
0.09709017934971019 -0.9962803305665736
0.4010254384075432 0.9171584365582851
0.6250392790433584 -0.7818739666039269
-0.6906271934100154 0.7245930442135124
-0.18624522409353153 -0.9835210808632168
-0.047377718635351784 -0.9998781684669935
-0.800824938620279 0.6005667470679894
-0.9690061767304959 -0.2510538377682103
-0.6894895976721056 -0.7256756125859254
-0.3199136084183057 0.9485021260644485
0.04701676907052723 0.9998952062222165
0.5741430323554702 -0.8199760840400564
-0.7530350612022604 -0.6594992013642684
0.2349926223103994 -0.9730259336007865
0.7602549307631642 -0.6511631441123618
0.9456261158303203 -0.3283172993609411
0.4707627073693733 -0.8833931589899584
-0.9628572702999978 0.2736912074408623
-0.5445319445847994 0.8399321170944095
0.9090205239856239 0.4191451860309286
-0.5980895740794319 0.8026766854577774
0.7895090391244209 -0.6153669451155412
-0.46853809633145294 -0.8845750687681053
0.9107577165691259 -0.4153569329020425
0.8550428050071831 -0.52048323854419
-0.5747295173853559 0.8195651175141581
0.1588422327083591 -0.9883168242563837
0.9914138731024008 0.13820105723219547
-0.416760745818586 0.9101161907936458
-0.7899887979179697 0.6147509244922867
-0.5994194844443634 0.8016840285726375
0.9357392245140912 0.35551807788882855
0.8505874212872067 -0.5277329236915015
0.9974532571642121 0.08419025936831563
0.9585371116326659 0.28845728561245637
0.22135273979862413 0.9762192195319874
0.8558053606413446 0.5192284513559885
-0.545400425928932 -0.8393684384086284
-0.978575069853573 0.2106936939281165
-0.9971215642605398 0.0880317334068477
-0.6750809428913349 0.7390985864855555
0.9852068762415274 -0.17711129553591887
0.9998760208382017 -0.04742302133736394
-0.5982999114334544 0.8025199162505069
0.44157896886234255 0.8983368044661592
0.10947729755622655 -0.994995337335701
0.9792980215055495 -0.2073074650737796
-0.8853108309006498 0.4671463718043854
-0.6617185837158339 -0.7510855583521167
0.8587450543381665 0.5143519530921792
-0.15971167940029163 0.9881766944545588
0.8359009914418167 -0.5507000385932325
-0.28893622977275474 0.9583928501009937
-0.1800606434802021 -0.9846721102323838
-0.3135004608023007 -0.9506410789970866
0.9520601358181908 -0.3091641922762856
0.9449058331367143 -0.33038457364745694
-0.07881800392307846 -0.997892139591039
0.366108843282478 -0.9316465611326894
0.9343851762892366 -0.3590617528099203
-0.012118402905574333 1.0009266428220494
0.025276107969097416 -1.0006808274199794
0.9715297645728713 0.24110353906357587
0.716062213582897 0.6994683025547059
-0.23450758056779036 0.9731429466713724
0.36102357797395 0.9336289285079417
-0.6508376528333538 -0.7605335953489305
-0.8263932058349303 0.56486747945856
-0.9791938099290177 -0.20779914002876607
-0.9607532501896503 0.2809878863047714
-0.5757356710971631 -0.8188586184600485
-0.20282409077424146 -0.9802363940405407
-0.9906140881643463 0.14382186318609885
-0.4830028874353262 -0.8767606347967144
-0.8832879694139275 0.47096004404686037
-0.9544950581106968 0.30156290229777544
-0.3819783485996114 -0.9252532308514863
0.4607764155159012 0.8886428387740024
-0.9994792562190932 0.05515629055446171
0.7522288865326047 -0.6604185811028622
0.8473343296029417 -0.5329404599730942
0.6301992842132298 -0.777720941068924
0.007317651678653484 1.0009732523768604
0.6419449600569989 -0.7680544695901574
-0.5342105440927618 0.846534166221373
-0.9028144646416005 -0.43235060128777464
-0.9958043355960918 0.10185639502763771
-0.7334774611280802 0.6811841263690058
-0.4162428374978798 0.9103531733518117
-0.9648187628289322 0.2666941223447729
-0.06069493971057096 0.9991582078397445
-0.14097031247688252 0.9910239003173285
-0.971270211392926 -0.24214701414789502
-0.9999475616450747 -0.04588980235378593
-0.4483600568545746 -0.8949716528568727
-0.36174336193264456 -0.9333502772794722
0.20422737338988273 -0.9799449882305993
-0.27227741908334235 0.9632580168663607
0.9116556648511045 0.41338232756721777
-0.9983157913615853 -0.07325694996443376
-0.20099036220947197 0.9806140292178699
0.2598029104077662 -0.9666971851327871
-0.9826642531563391 0.19071435595857528
-0.1852192203501261 0.98371481660738
-0.6624064907081738 -0.7504789411220559
0.24919688664706927 -0.9694853849777251
-0.42114059056916253 0.9080977937287685
0.9522782180303943 -0.30849180777592283
0.4313336882837623 -0.9033007524360457
0.5746050150347701 0.819652412121682
0.9208729718599792 0.39242065401526716
-0.12971092018249544 0.9925603645045525
-0.3809095733353227 -0.9256937381993584
0.9040603913881057 0.4297392333999598
0.901923202226931 0.43420679092423065
-0.9593300735222007 0.285809044706232
-0.990237339382243 0.14639334579541707
0.9855658197645134 -0.1751028695136164
-0.9421409059897565 -0.3381885764788644
-0.9830755047306239 0.1885830108960747
0.8100191621038833 0.5881070965602463
0.8958519065864373 -0.44659865815455063
-0.578670177664977 -0.8167875032596813
-0.9999470003907122 0.04590203056093553
0.9548469000123566 -0.30044699621862175
0.9756997686682056 0.22363130688883887
-0.9025609448073383 0.4328795916978355
-0.22164427383804544 0.9761530698998008
-1.0007769119368335 -0.02113226287398596
0.9494911556671523 0.3169661579882871
0.03884575398274594 1.0002459734472875
0.6875138258994207 0.7275477573308442
-0.6463225612479959 0.7643743499240608
-0.31033908211698635 0.9516778100338299
0.9683679353526079 0.2535045202376627
-0.21889288118825972 -0.9767737233183039
0.46628766763707047 -0.8857634057746915
-0.9654245760882327 -0.26449269911446743
-0.721048996265954 0.694326540601654
0.9791152544904141 0.20816896604482532
0.491881123296492 -0.8718107366536508
-0.7531548810357339 -0.6593623625686027
0.30743805684984093 -0.9526189380861552
-0.27178937539051473 0.9633958352748022
0.5835093808670416 0.8133374468448884
0.9503703526831151 0.31432020733794924
0.7331479645099143 0.6815387458794764
0.19206676824716942 -0.982400812568418
0.9001584350150296 -0.4378536192282677
-0.6576551775721602 -0.7546460543940653
0.46976423925637134 0.8839245213907592
0.217887039846978 -0.9769985864200221
-0.18728618929407564 -0.9833233869382461
0.9896329867308655 0.1504245710452464
0.3022294894161413 -0.9542842007113282
0.72595714594124 0.6891931675929827
0.7817603821386286 0.6251813376281039
-0.9996063193077726 -0.05280346958266534
1.0004079599648037 -0.03442257455594886
-0.047575127754232525 0.9998687950022085
-0.8530858229821046 -0.523684617519882
-0.03703116822207889 -1.0003147967415598
-0.8896453768467126 0.45883777466035924
-0.8939196314048766 -0.4504538739859714
0.39080971571618794 0.9215577931425855
-0.07904920222145413 -0.9978738515604825
0.9009860028834331 -0.43614816588876554
0.16612246391822075 -0.9871192060646674
-0.6125906371338514 -0.7916651509924774
0.5606136317854693 -0.8292848460307871
0.9184113858377059 -0.398147618809487
0.91033592641591 -0.4162805557271284
-0.890053360178071 -0.4580458667379555
0.6988256932783321 0.7166893681463807
-0.6337798580326355 -0.7748058411964461
-0.9120907164771288 0.4124215378908305
-0.5720124964575132 0.8214637568976756
0.4384342086675453 -0.8998757940238549
-0.0350513505669895 1.0003861268647372
0.1565541047162569 -0.9886818559559446
-0.9500299074567232 0.3153477048240086
0.5829989109744363 -0.8137034286535981
0.9880398688007697 0.1605559642621779
-1.0006682100720772 0.025770784837589177
-0.36194392314782686 0.9332725199513592
0.04389029906301808 1.0000373201276835
0.7634558687789009 -0.6474072415621048
0.44125415725542577 -0.8984963932619896
0.0001332119844376327 1.0009999911361473
-0.9767822932021064 0.21885463597290816
-0.6768791793466142 -0.7374520842516171
-0.41956011170689705 -0.9088290888085042
-0.9887857845923828 0.1558963507848279
0.9967471118371279 0.09217480699379932
0.1860022247982488 -0.9835670655171928
-0.6357671114612953 -0.7731760342794912
0.8737981304011374 0.48834191639411506
0.7681345537111276 0.6418491313346203
0.8151740250907067 -0.5809408823773861
0.9507812731354761 -0.3130750240036455
0.606145972753582 -0.7966103562687432
0.42386584574526853 0.9068289501392466
0.9180240452430434 0.3990399132362558
0.11831447734807912 -0.9939832415337045
-0.9835548869566282 -0.18606661265185168
-0.3013622709389525 0.9545584223370078
0.7144192073274308 0.7011463443544759
-0.995745463591708 -0.10243032625416375
-0.9778068618475909 -0.21423057887184643
0.7051272200869384 0.7104903964815191
0.8992461788921996 0.43972412913982584
-0.7914213263641993 0.6129056078842252
0.976949336607557 -0.2181077570882205
-0.6317541224646763 -0.776458452686869
-0.2727854130332317 0.9631142810883292
-0.7826567221229321 0.6240588556504806
0.8436216109954108 -0.5387982715836306
-0.8933491204069068 0.4515842657447289
-0.4681063785570689 0.8848036043971488
0.6836899523521395 0.7311422905650645
0.23963670869504003 -0.9718926112723609
-0.9884740603795303 0.15786079930370497
0.5030087583790452 -0.8654381485663613
0.19007995077887335 0.982787165317039
0.1814098864790374 -0.9844244273115447
-0.984769051531653 -0.17952970546806082
-0.6561925717008534 -0.7559181892537182
0.018548737411565507 1.0008281292711734
-0.8233031426333481 -0.5693618667684486
-0.996906648055082 0.09043304187950799
-0.5316590755859397 0.8481389198398479
-0.8734894837181596 -0.4888937735682293
-0.8339933611727632 -0.553584748272346
0.16840642691270347 -0.9867321193588948
-0.8306567784667633 -0.5585788363223391
0.8495371116360177 -0.5294220395423034
-0.6904661656733401 0.7247464895122677
0.21346345993936644 -0.9779746168846687
0.9481649184262534 0.32091165056092347
-0.03379631322403986 -1.0004293124516408
-0.4774407695704138 0.8798018592569642
0.9714199997183348 -0.24154540804418181
-0.6549657536639839 0.7569814142549138
-0.9999437643140349 -0.0459724723011273
-0.7480519098694682 0.6651461043565098
0.02882630605444804 1.0005848510142732
-0.6164609371031463 0.7886551293346863
-0.850768765824333 -0.5274405247018294
-0.12439244386718558 -0.9932409173552755
0.9983569050056933 0.07269449929295271
0.9748552808567944 0.22728436238690153
0.9565261030525768 -0.2950573066017026
-0.6805241354713296 -0.734089845346603
-0.9212915145707369 0.3914370258163601
0.9280122289008267 0.3752256694450949
0.9994345178072955 0.0559610991251843
0.9577474177010885 -0.29106852094806934
-0.4968987799675784 -0.8689606449470149
-0.4323242061395246 0.9028271045919201
-0.29761248320521694 0.9557341732094885
0.9515152988165068 0.310836992840514
0.7612614422995903 0.6499861663665987
-0.8108999760312685 0.5868920078451301
0.3869131560962878 -0.9232005251512857
-0.22546745203453852 -0.9752771032240289
-0.07570733120392881 -0.9981329570763499
-0.8415859389886043 0.5419724230038547
0.6607974080367838 -0.7518961268232921
0.3642467811901655 0.9323761485541143
0.9375939330988522 -0.3505975137051389
-0.6134973843549077 -0.7909626788854748
0.9862653961740889 0.17111857967376726
0.5375861356940593 -0.8443945444574641
0.31415645942282383 0.9504244941092984
-0.02333477424722146 1.0007279791785735
-0.98971070677048 -0.14991236407940806
-0.031722481601317694 -1.0004972184674248
-0.9864028283577673 0.1703245731179068
-0.4200688630216661 0.9085940514441446
-0.9194042247799445 0.395849556595418
-0.8733415264227183 -0.48915802991020835
0.8057181820910163 0.5939858677173623
0.627265090717977 -0.7800894217758424
-0.8805813032519219 -0.4760016474374295
-0.4456164130441082 -0.8963409019037917
-0.11007410763265199 -0.9949294903805371
0.9977256711623118 -0.08089799196342658
0.9754029870976827 -0.22492223714190146
-0.8705732413159804 0.4940680433954293
-0.5701814200094607 -0.8227357706311273
0.4605674486631417 -0.8887511604672729
0.4609724455335302 -0.8885411664401579
-0.65914755572611 0.753342883274472
-0.8836769897948316 -0.47022970738474734
-0.0050338830440911616 -1.0009873425880562
-0.8451542856746468 -0.5363909333739503
-0.7124133829940413 0.7031843085073679
0.6410515605551415 0.7688002970276597
0.9845484339268732 -0.18073566679585276
-0.9499826449410188 0.31549005421861753
-0.672697494588131 0.7412685618416928
0.7992958751094134 0.6026002854571818
0.21492856167249963 0.9776536776268939
0.00533499252312541 -1.000985783043285
1.0004839229419904 0.03213907177572913
1.0006842925714803 0.02513854810279011
0.747481126107936 0.6657874781883568
-0.6949242523816468 0.7204729581683196
0.9590452467683792 0.2867633425857961
0.5472693809741792 0.8381510750742605
-0.5532971868965589 0.8341841661002408
-1.0009398463825319 0.010973783473058512
-0.5557486944804151 -0.832552934403161
0.8342366373338533 -0.5532180699596723
0.1776988274436737 0.9851010743701093
-0.9094258151193614 0.4182650915322542
-0.9286592965957221 0.37362134688256043
0.5603769207600315 0.8294448183450815
-0.8836219097002482 0.470333201781127
0.9290270725935915 -0.37270591407728104
-0.7901933811255978 -0.6144879335066684
-0.5726994474641995 -0.8209849833426922
0.1223164775893391 0.9934987062448228
0.3272283353908072 0.9460034970957356
0.35530065934555294 0.9358218000605754
-0.3993465832471598 0.9178906832781446
0.7190471597976716 -0.6963994414033526
-0.2906047904289564 -0.9578882271850627
0.7933902351454855 0.6103547614099453
0.32998506737237104 -0.9450454249988472
0.9493454084269258 0.31740241886084186
0.8418239312444924 -0.5416026853552962
-0.8446424294512037 -0.5371965807511887
-0.9753325351409327 -0.22522754248883808
-0.9612730035147584 -0.2792046072573217
-0.7488336018150747 -0.6642659383053312
-0.833181665735982 -0.5548056523517171
0.99900904638805 -0.06310249784944268
-0.8050416823368178 -0.5949024203180769
-0.687973422026507 -0.727113175912208
0.5610901993826952 -0.828962476929256
0.913116180983621 -0.4101461203350424
0.42512069783088824 -0.9062413543178102
1.0003650730038334 -0.035647169789970894
0.5082131258766667 -0.8623922649738153
-0.900026200473326 -0.43812536842957206
-0.9906255044817275 0.14374320808414862
-0.912689894280912 0.4110938540984256
-0.8810832520102171 -0.4750718924827066
0.4834497321508552 -0.8765143218928407
-0.04236362752761527 -1.0001031562107487
-0.7008623314477763 0.7146978329039394
0.5270326279707583 0.8510215091607475
-0.32221172222930855 -0.9477239081388751
0.2274794890204408 -0.9748097671212569
-0.9999337115468133 0.04619061064993865
-0.6282635637267014 0.7792855025556584
0.8890418707198544 0.4600060348592634
0.5226605866318834 -0.8537136002088848
0.976052562990542 -0.22208645676761593
-0.4238982607506476 0.9068137981595649
-0.9895633066615362 0.15088227897631418
-0.7213935543400506 -0.6939685437803563
0.38513681812138023 -0.9239429805606723
-0.5498017534671362 0.8364920991165801
-0.06945816197519578 -0.9985872839842431
-0.9816281236666713 -0.19597761817781767
0.4031055997935925 -0.916246077980718
0.41228562880015573 0.9121521585157052
0.2657205790158995 0.9650873400306602
0.6501629700602081 0.7611104468882878
-0.8706353176550242 -0.49395864568983405
-0.25955823402385114 0.9667629094821645
-0.3164515968396475 0.9496627753353488
-0.9651281458665352 0.2655723292367336
-0.6987644292851061 -0.7167491000104987
0.339389649481157 -0.9417089071603059
0.6273937522357182 0.7799859483706012
0.5233675825986628 -0.853280360423719
-0.5332623726621797 0.847131773635426
-0.6091119735644993 -0.7943447637269101
-0.9159459030288875 0.40378719980281175
-0.878225105576379 0.48033494973336877
-0.9176001536235008 0.40001369735313796
0.5732249714760435 -0.8206181402310634
-0.24432525048109702 0.9707245603039768
-0.2774938797382634 -0.9617682396023515
0.9993937898792163 -0.05668379619306479
0.9935566584560688 -0.12184484575726044
0.48825680979330743 -0.8738456887176717
0.09467897981633626 0.9965123635865928
-0.8705277262064381 0.4941482347492995
0.9900875363529167 -0.14740308802264548
0.9311076213739841 -0.367477342729156
1.000308100614493 0.037211609008820465
0.8418739489059969 -0.5415249340089734
0.24497104219470012 -0.9705617901432358
-0.9498812068746855 -0.31579533376269375
0.9925908702045023 0.12947727363004294
-0.996467269067421 -0.09515241288225885
0.21875772456793627 0.9768040018047934
0.9421983795618378 0.3380284212178718
0.5128685985139462 -0.8596317820196859
-0.5616810228815945 0.828562265937018
0.9319846576511164 -0.3652473106032836
-0.9956076096723373 0.10376168639018432
0.6223480893812826 -0.784017764877472
-0.918894785016405 -0.3970306966339691
0.06866716853258427 -0.9986419878844058
0.9172043143742079 0.4009204979710308
-0.34065544086699645 -0.9412517572932931
0.09375531974511048 0.996599688952135
-0.5154588179684794 0.8580811191131861
-0.35884246835014844 -0.9344694125054992
0.9910996563673682 -0.14043671581351022
0.3941850087942879 -0.9201191112251973
-0.9634177385806048 -0.27171172405369914
-0.613148372111209 0.7912332612936431
-0.5068858547739199 0.8631730592587518
-0.38096331780848813 -0.9256716213022569
0.9802528375682935 -0.20274460397087965
0.9757018466611963 0.2236222404456483
0.4552851724865482 -0.8914686824077972
0.9924995228461976 -0.13017563961844042
0.5729143135832234 -0.820835056080979
0.823403829613057 0.5692162448301628
-0.913589278239516 -0.40909122538353254
-0.25586951564801425 0.9677457263982366
0.6145611613975348 0.7901364305622879
0.5828988359692788 0.8137751206725724
-1.0002910525647057 -0.03766709650335637
0.9995725414581947 -0.05343907150021996
0.9674508656677286 0.256982144357857
-0.5922174764281407 0.807018872525968
0.8773758346592443 -0.48188447241636095
0.8180703731600563 -0.5768551504127931
-0.7877108922284373 0.6176670221605484
0.8510062089219229 0.5270573331017572
-0.9607841683256562 -0.28088214947692436
-0.4534009478908508 -0.8924284735773944
0.19429710912267728 0.9819621343955023
-0.15118559174836976 0.9895170119041387
0.9895291158390874 0.151106349657167
-0.6916416396127459 0.7236247939048195
-0.2944810087122536 0.9567036821857715
0.6544335566884788 -0.7574415620231488
0.9820022586057813 -0.19409421447622857
0.41709783286712265 -0.9099617562389916
0.8501928304749208 0.5283683857017211
0.9444933601652418 -0.3315618986008056
0.9695974798793747 -0.24876038071116854
0.6552576908447336 -0.756728721926707
-0.872870644376101 0.489997794062841
0.5363803484230711 -0.8451610034931478
-0.4516375779356087 0.8933221693188057
0.15419037322471088 0.9890532487206259
-0.9588347662371488 0.2874663302979188
0.5206610480104558 -0.8549345431579273
0.9859877639426973 0.17271111532058345
0.6740790621404996 -0.7400124444789996
-0.4008086208570699 -0.9172532090140942
0.6179094441898397 0.7875207418100194
-0.9934210645265925 -0.12294546984273834
-0.16156965976724014 0.9878746099797778
-0.5428465336393932 -0.841022378367957
-0.9111383407036774 -0.414521319234306
-0.005292046602644021 -1.0009860110125193
0.9601124030961542 0.28316986672477706
-0.4396913660966594 -0.8992621990165346
0.993884593448801 -0.11914031603580547
-0.22964162889747908 -0.9743026851432323
0.8729845794992915 -0.48979477738788224
-0.22878611374293936 0.9745039323463004
-0.6780350850558919 0.7363894509247463
0.36754196789265625 0.9310821133700259
-0.9405312772880915 0.34263963057829616
-0.12351389556014548 0.9933505512172214
-0.8921441394968068 -0.4539601682543328
-0.7417170479955657 0.6722029609520801
-0.8464404888288388 0.5343589606914031
0.49100866013835476 0.8723024106748402
-0.463127509078833 -0.8874198050158874
-0.9948915131715234 0.11041683304313976
-0.9132547661288428 -0.4098374459989627
0.794591112149918 0.60879057523286
0.8416308093108125 -0.5419027411065815
0.16495334923213525 -0.9873152447810686
-0.9106708418102679 -0.41554737139895115
0.6926172978846038 0.7226909980558979
0.9889716420467045 0.15471293167490893
-0.9980613535671095 0.07664551203944911
-1.000729207422252 0.023282040546983643
0.8791550838131048 0.47863069124908053
-0.38014945963021 -0.9260061491927898
0.7065455214078399 0.7090799857410472
0.9665227259835663 -0.2604511857475333
0.7598306654700885 -0.65165816177754
-0.7649403223967914 -0.6456526180319359
-0.12614495139260773 -0.9930198644730913
0.10262199606320462 0.9957257282625591
0.8721643321261648 0.4912538832079811
-0.9694924409968603 -0.24916943402020514
0.6825263709890996 0.7322286206537204
-0.08293691067948086 0.9975582533601454
0.004550015736317971 1.0009896589659653
-0.615595420245353 -0.7893309056238373
-0.29847564268298776 0.9554649604904292
0.4837384366354647 -0.8763550221921915
0.7042471910693917 -0.7113627020521048
-0.9609858312556233 -0.2801914205073715
0.3630575036993757 -0.9328398839069746
-0.09956986543359056 0.996035562566687
-0.28874440509001337 -0.9584506604563504
0.9034068973013435 0.43111132890282494
0.773626259768895 -0.6352191827991266
-0.7897423075769439 0.6150675472035927
-0.9868783112440294 -0.16754760158275225
-0.46454606480218746 -0.88667804398034
-0.18702243200986673 -0.9833735861436969
-0.04708844453760376 0.9998918333455019
-0.0646538431477057 -0.9989098460653153
0.34706376798161476 -0.9389077382546189
-0.9852601068502571 -0.1768149367260018
-0.9991297484151602 -0.06116163692919518
-0.17031196227690557 -0.9864050058193085
0.7521371477570276 -0.6605230586163692
0.9858354994350154 0.17357813241798034
-0.8967849818208402 -0.44472204395621695
-0.8312985357590792 0.5576232997685902
0.7506038685397335 -0.6622649262441628
-0.2323922530774106 -0.9736502661169485
0.009717125505101011 -1.0009528347888916
0.9952022432743763 0.10758017931593651
0.9962015625692444 -0.09789508023693468
0.13185210420362894 -0.9922781981969953
-0.27425147246965953 -0.9626978393287395
-1.0008061365917196 0.019699669041800347
-0.7868060895231496 -0.6188191799623616
-0.8830747161981523 -0.47135978361709324
0.9477634940059536 -0.322095264525306
0.21678581253981777 0.9772435272138931
0.8132774636236211 -0.5835929807339441
-0.8983750840490832 -0.44150108534385585
-0.7108265416194388 0.7047883566925238
0.4773372905772347 -0.879858006171669
0.9052182793029941 -0.4272948242323168
0.19907906816977558 0.9810038351691872
0.22563199240985093 -0.975239049669957
0.9727020062430483 -0.23632986914638812
0.5595860623081593 -0.829978577356337
0.5354209941514337 -0.8457690932056399
0.9959198996426661 0.10072017422414418
0.7975385979437966 -0.6049241149018967
0.9991778280107838 0.060371085890951796
-0.9774708128876459 -0.21575868453613778
-0.6323490867385227 -0.7759739895775865
0.8731756854288346 0.4894540043516702
0.33421649797081077 -0.9435572756775961
-1.0008324913779112 0.01831185960746182
-0.9721550463244113 0.23856983444262558
0.801318255343361 0.5999083710480061
-0.9525070234010592 -0.3077846168534973
-0.7755469646204619 0.6328727405000061
0.7241629146459407 0.6910781960469422
0.9897375876278516 -0.14973479100262863
0.747535329292438 -0.6657266191610834
0.6703920630917237 -0.7433542101472369
-0.6312735920857049 0.7768491822324403
0.2503072811848818 0.9691992906445157
0.9336499326947233 -0.3609692551715987
0.9791697150655594 0.20791264775965743
-0.9278589935573629 0.37560443031827717
-1.0006774098353803 -0.025411049666514005
-0.7186242512271871 -0.6968358383063867
-0.27572192939696066 -0.9622777237625412
-0.9973391516930694 -0.08553137728429644
0.25152133948658434 -0.9688849342325818
-0.9055357301254373 -0.42662166080286057
0.6662807803229168 0.7470414458196312
-0.22617264580023785 0.9751138058153623
0.2387464273293015 -0.9721116928817874
