1000
-0.9929140432838676 -0.1269752048617442
-0.8909868346029862 0.45622742197740684
0.8248513080000994 0.5671166720265991
-0.5875760842913291 0.8104044330881148
0.7591534524477853 0.6524469600179069
0.9865208674190337 0.16963955360350746
0.9986342552779405 -0.06877953318737534
0.3530006880280685 0.9366917925613046
0.9802359278623106 -0.20282634377199404
0.3994581922426391 -0.9178421174963823
-0.42529725563360793 -0.906158509506213
0.29242318707637155 -0.9573346748447469
-0.5112829080444989 -0.8605758467105387
-0.15240503246529044 0.9893299278194578
0.14656773875551904 0.9902115420232658
0.09944601536360521 0.9960479356076702
0.07695605333407107 -0.9980374571403839
0.3966340939540296 0.9190660452400938
0.7708896744007552 0.6385374772887632
-0.3734187201692791 -0.9287407923781197
0.5555399431379947 -0.8326922430155296
0.2705092142127787 0.9637560713302848
-0.5100493446253047 -0.8613075327937735
0.8713086219861904 -0.49277001253376396
-0.9057211279836115 0.4262279182832755
0.7995153209760448 -0.6023090996528044
-0.21432744836905435 -0.9777856333959967
-0.888310504590122 0.46141678278411463
-0.32063240975234175 0.9482593831944963
-0.8201710507910456 -0.573864485261383
-0.30582104364184093 -0.9531392811472075
0.9851890387427852 -0.17721049049383922
0.9162657944853282 -0.40306078183838534
0.8144551772160009 0.5819482488211923
0.4763692294015874 -0.8803825062320002
0.3445304717538659 0.9398402811292239
0.6320049017214071 0.7762543424677987
-0.9375557852723165 -0.35069951454544374
0.16389709489832896 -0.9874911352938254
0.07709203268550623 0.9980269628103324
-0.020784728319107246 -1.0007841900573275
0.9259054007952353 -0.3803947801668874
0.7621237899457639 0.6489748290948618
0.9955956355923014 -0.10387651510116017
-0.9757321957419446 0.22348978095788538
0.6987912450414329 0.7167229561367796
0.9980475729354207 -0.07682474964304246
0.9720107773814948 -0.23915695401602324
1.0009702361294375 -0.00771922165623622
0.9087943756036676 -0.4196352974561839
-0.78993039607044 0.6148259667287954
-0.9726482247925973 -0.23655111669110598
0.9930469601492121 -0.12593146921404968
3.917204099145383E-05 -1.000999999233542
0.9767698134006597 -0.21891032782680755
-0.9992109284078076 -0.05982073679258089
0.9913920530736962 0.1383574974561251
-0.07061921175237493 0.9985058472194708
0.5484070062661134 -0.8374071623041202
-0.5298001954004982 -0.849301332245272
-0.9570123735863487 -0.2934762627583751
-0.8276109167010244 0.563081850672964
0.9369070904309044 0.3524288636027094
0.09319849380206142 0.9966519155417437
-0.7101035945448404 0.7055167503429646
-0.582406045078551 0.8141278761079004
0.9773902832434058 -0.2161231922339087
-0.18621375695399747 -0.9835270391408045
-0.8388656105499027 -0.5461734957289112
0.9990731644315209 -0.06207907950982418
-0.3418960285930777 0.940801841852088
-0.5033207208010807 -0.8652567549648373
-0.6919272226630597 0.7233517253299286
-0.6751616404028007 0.7390248705751378
-1.0009991537356602 0.0013016222539815475
-0.8875177472609637 0.4629397890620597
-0.9967814535183925 -0.09180269016625017
0.828682506991389 -0.561503608720787
-0.5823524610050862 -0.8141662061037166
0.26445747604251263 0.9654342252920309
0.22689087637172092 0.9749469371300535
-0.7605936391149076 0.6507674823913236
1.0005682891449483 -0.02939555676545617
0.9955530004851573 0.10428433834953586
0.4743367308031574 -0.8814792486559017
0.2274050745376873 -0.974827129328328
0.8002441739540549 -0.601340387844183
-0.5823086882239448 0.8141975138864701
1.00086105475955 -0.016677801581774888
0.056103633972400424 -0.9994265266917278
0.4877972340432565 0.8741023157844557
0.8141139452090184 -0.5824255181705275
-0.3782471608733135 -0.9267848106714296
-0.9887191622654394 0.15631832320341657
0.16221398179502525 -0.9877690135402118
-0.8403219680420473 -0.5439301334049627
-0.9058020020535309 0.4260560210533531
0.6878013190794834 -0.7272759761414664
0.9866524881118471 0.1688723414378488
0.897857443934708 -0.4425528334233468
-0.7566555638241278 -0.6553421684387412
0.8600810689219764 -0.512114786822281
-0.798254227485156 -0.6039794601657219
0.549377480704976 -0.8367708071474851
0.48455420229085516 -0.8759042328030348
0.5366672176698757 0.84497887398353
-0.9023874767221338 0.43324108975841646
-0.9897850327598207 -0.14942084501380867
0.31425740934835616 -0.9503911198394372
0.937234308871491 -0.3515577481356066
-0.5984372561660762 0.8024175038173195
0.9824119219627425 -0.19200993616339315
0.8716294002796774 -0.4922023857805748
0.7091160174538284 -0.7065093586007349
0.0002500421509840257 1.0009999687706903
0.8896785026151913 0.45877354106834795
0.7441793950115168 -0.669475935370565
-0.4358343558806585 0.9011378441914929
-0.9500512748848472 0.3152833251056523
-0.19925917697084725 0.9809672677479614
-0.28074836266854936 -0.9608232703566919
-0.20024803053064014 0.980765887594282
0.8749631773520422 -0.4862514146797094
-0.6120372662823991 0.7920930404198535
-0.9696248481040709 0.24865368273797445
-0.963116394449029 0.2727779513514654
0.35869638789169195 -0.9345254952720407
0.42205787934941935 0.9076718275230706
0.3674967896349612 0.9310999460895683
0.254445444667632 -0.9681211265579793
0.6229795872743024 0.783516071206928
-0.8961755237568129 0.4459489103240437
0.6596476425404145 -0.7529050323187338
0.5770893507322162 -0.8179051786554901
-0.9915799893675052 0.13700410463171625
-0.6743565494413553 0.73975958542323
0.09965530307353906 -0.9960270179916412
0.6819918179828106 0.7327265248402713
0.13174335550565336 -0.9922926424599303
0.8040120560236828 0.5962932280083102
0.46842998859943474 0.8846323223694312
-0.9964346453826936 0.09549344208408124
0.9266614778491433 -0.37854921142493725
-0.7480444438260216 0.6651545008951062
0.5234123946817592 0.8532528728891021
0.934309902298236 0.3592575767711248
-0.42773649681227993 0.9050096625422064
1.0004016054590643 0.034606759382045556
-0.6496550757209711 0.7615440122474729
-0.27624988273737755 -0.9621262922753879
0.9261539688968624 0.37978918612381457
0.6830337455569051 0.7317553569537466
-0.9676668279667197 0.2561677381186533
0.6980824519166061 0.7174133329720737
-0.8200089903507494 -0.5740960335553142
-0.9881346407052753 0.15997165948459852
-1.000294185445527 0.03758380720296739
-0.3589797987536399 0.9344166651375586
0.9870547072678224 -0.1665052697677562
0.018842667122235524 1.000822638580743
-0.8126115221650189 0.5845199004693091
0.40962013403026887 0.9133522572354132
0.2755637218285812 0.9623230409857079
0.9776914791999043 0.2147565400631681
-0.2782487200797406 0.9615501285809213
0.6286627233985098 -0.7789635294474118
-0.9248136700326843 0.38304134988363514
-0.19205488899213885 0.982403134977804
-0.9284958430662735 0.3740273645184933
-0.8925403154101583 -0.4531807424941344
0.7507134347813283 -0.6621407243470382
0.9926554312219373 -0.1289813741033552
-0.933357315534033 -0.3617252016919799
-0.8406318077720166 0.5434511604200981
-0.7393117568077175 0.6748474836923424
-0.9893109312973726 -0.15252829644208757
0.973006536887252 0.23507292309978378
-0.8156388377301437 -0.5802881063628829
-0.4375304198258972 -0.9003155734113312
0.6938068426016869 0.7215490732854405
-0.7821146016659626 -0.6247381450342956
0.8237074191022727 0.5687768347215565
0.6892936993461654 -0.7258616920885674
-0.12324246473789585 0.9933842634576654
-0.9781205477494632 -0.2127937829690754
0.9847065016823844 0.17987247022387928
0.15709093287329687 0.9885967017995748
0.8093610356501041 -0.5890124905054144
0.5987240783106145 -0.802203514110419
-0.8331994177545087 -0.5547789922604746
0.9254928675502653 0.3813973677329029
-0.9970241178804836 -0.0891286057595623
0.9860105020019309 0.17258125605609817
-0.5077872072275503 0.8626431198218907
-0.2858321672565388 0.9593231844177592
0.9002128365151363 -0.4377417606002111
-0.5545491148080428 0.833352434007135
-0.9002329501711189 0.4377003945922414
0.292031945488407 -0.9574540943639315
0.9687258761538128 -0.25213325221007177
0.8847516114007901 0.4682046412880861
-0.9942540135238053 -0.11601705302154869
0.26792311665378715 -0.964478202741006
0.4770262870677749 -0.8800266595088656
-0.837738225145657 -0.5479011463118183
0.002644842934744488 1.00099650589093
-0.27085027562487934 -0.9636602763390877
-0.4587963535343775 -0.8896667387193693
0.8452110904357123 -0.5363014195435942
0.6526881952896766 -0.7589460585110809
0.8012480215869229 0.600002173248599
-0.9359104793585684 -0.3550670001940685
-0.9508677352406745 -0.31281232405113224
-0.9976701470330114 -0.08157988550573841
0.890814438257039 -0.4565639457872205
-0.3730877937886651 0.9288737794371776
-0.2132067993793974 0.9780306031502253
-0.965679390689151 -0.2635608362375375
-0.8883476911003363 0.46134518499351607
0.9442342784345532 0.33229900305173743
-0.9455382487732515 -0.3285702666201138
0.34616589463881053 -0.9392391460053781
-0.477787877769801 0.879613405909795
-0.9918025035479472 -0.1353838762778797
-0.9690889096352225 0.2507342920743299
-0.27345586578619774 -0.9629241348450671
-0.9640053612163318 -0.2696194791667872
-0.267883012099016 -0.9644893425169396
0.9683629161685791 -0.2535236923632298
0.9963793700741581 0.09606846980473858
-0.7790955758447968 -0.6284990721544976
0.4027286009206251 -0.916411847370229
0.9971249536610731 0.08799333376115907
-0.6651247673348304 0.7480708815866234
-0.9867349503032558 -0.16838983891562873
0.09546628994722742 -0.9964372471378776
0.09002309291118143 -0.9969437510425073
0.9091056434649999 -0.4189605339648217
-0.853074379464707 -0.5237032586311691
-0.1531253951215635 -0.9892186883439197
0.6518391960707023 -0.7596753664993361
0.2528207822851999 -0.9685466700395493
0.9990053928146861 -0.06316031291225871
0.9828106747926336 -0.18995835731456565
-0.6487266365021817 0.7623350648452203
-0.3863934771740527 0.9234181505674148
0.12011413913086046 0.993767373976854
-1.0000303622182618 -0.044048548689054424
0.44883123048050694 -0.8947354505916003
0.8905446415073148 -0.4570899708838602
-0.9935418743239683 -0.1219653391944445
0.7491481985387168 -0.6639111210291595
0.6807142277500672 -0.7339135781130022
-0.9945645043080034 0.11332451972355982
-0.08059621497301649 -0.9977500940275692
0.7159421125143838 0.6995912317406797
-0.5436722209862821 -0.8404888554453552
-0.8641442890406151 0.5052283124672347
0.5312282594314411 -0.8484088262043491
0.39324662182136116 0.9205205562213629
0.10416439241779882 0.9955655575361327
-0.4394701953038527 -0.8993703060695264
-0.9146541757566184 0.4067047316800987
-0.6425075391225944 0.7675839121364046
-0.9994444522568563 -0.05578339226860037
-0.9867727970117437 -0.16816791334145803
-0.4340290841568569 0.9020087328324267
-0.19429672380931817 -0.9819622106359112
-0.5742774900106968 -0.8198819210514486
-0.20307147023363512 0.9801851753506323
-0.9854336904808092 0.1758449364223281
0.9843909964965052 0.18159120577995366
0.9199864871266609 0.3944944403972585
0.9697373690039645 -0.2482144942529922
-0.4011333064548735 -0.9171112639437925
-0.968048798434153 -0.2547204818034712
0.7517498977685331 -0.6609637593733866
-0.6936290858813222 -0.7217199534580163
0.1648482880613428 -0.9873327918808553
-0.9208161563029067 0.3925539533510532
-0.8655994821648664 0.5027310776905632
-0.8873336843770329 0.46329249138085576
0.500909919859321 -0.8666546325881659
0.23915784765986445 -0.972010557505782
0.8736094662475463 0.48867934321257855
-0.9889180564625664 -0.15505507925347153
0.43489299167474843 0.9015925275822705
-0.978045799410833 -0.21313707855468153
0.6575617852775892 0.7547274332781004
-0.8683910187067696 0.49789360171568686
-0.35541345984401906 -0.9357789656546591
-0.38959849131961516 -0.9220705046586621
0.46227185639092405 0.8878658292720183
-0.9983914095914028 0.07221906433963124
-0.9542987408049578 -0.3021835754935599
-0.9419305765818526 -0.3387739495595532
0.8949505144677853 0.4484022487163132
0.05076908206418953 -0.9997117085972134
-0.27142000544064027 -0.9634999640096531
0.5361199438061662 -0.8453262126855365
0.9819242666833136 0.19448839168042106
0.8184732115740028 -0.5762834388872698
0.9229996130675421 0.38739219697506494
0.9040366482736142 0.42978917922419796
-0.5491615438550387 -0.8369125394871023
-0.21879053743034338 -0.9767966527025681
0.48919037204362653 0.8733234108277519
0.8304313776567618 -0.55891388156235
0.8982922526149013 0.44166959244671383
0.8660619655374093 -0.5019339317574368
-0.8224155197222622 -0.5706432448736789
-0.07863262282267405 0.9979067644965771
0.9531345856051382 -0.30583567764948805
0.4103635825514606 -0.9130184719465048
0.46407144311672976 -0.8869265446944047
0.9705152440580439 -0.24515538144400506
0.7332191533955066 -0.6814621582259551
0.18582410029924956 0.9836007339098393
0.9203365973191387 -0.3936769584761463
-0.38711822640382754 -0.9231145534471629
0.9517740312822094 -0.3100438571828379
0.4259232806535381 -0.905864426389141
-0.636588143535792 -0.7725001847958705
0.2519633072872967 -0.9687700923236882
0.5464021223557632 -0.8387167106270851
-0.692522374817388 -0.7227819590839863
0.2438712018820232 0.9708387285706198
0.5667448240115412 0.825106844266927
-0.4187279289901714 0.9092128031894414
-0.9480505644008492 -0.3212493227062609
-0.3601811427654906 -0.9339542517683322
0.8419315053145027 0.5414354443134061
-0.8242484015254979 0.5679925814503756
0.6206247901357642 0.7853826264114445
-0.998140480870984 0.07560807130618302
-0.9329865004642388 -0.3626805618605619
0.7498028447335806 0.6631716927232569
0.9258488070200249 0.38053250391996307
-0.37134754593174113 -0.9295708688047799
-0.3530309915769188 0.9366803718378097
0.7172057936543644 0.6982956748746286
-0.7754800588400778 0.6329547206091359
-0.9657140136593474 -0.26343394584212904
0.6610970699866315 0.7516326656386687
0.3240901222627942 -0.9470832026024362
-0.9923221303872909 0.1315210612169338
0.5468369932081169 0.8384332429353608
0.00759130975619748 1.0009712143794074
0.5394045939350675 0.8432340624297295
1.0002725562349808 -0.03815512079835718
-0.5584424244770121 -0.8307484929533346
-0.7742454967821036 -0.634464270635182
0.20835143703140496 -0.9790764416974542
-0.7746968686961733 0.6339130552625842
-0.4306373992808937 -0.9036329068491188
0.9047706817049195 -0.42824176994685526
0.8897274671219539 -0.458678574002266
0.48211290204581614 -0.8772503346713304
0.42943282809921873 0.904205975511502
0.38436956459055127 -0.9242624290841157
-0.9286603881763194 -0.3736186336790604
0.60849305704108 0.7948189728062616
0.5712395492271133 -0.8220014461050567
-0.9154787288721091 0.4048452753617204
-0.23119101648060822 0.97393619601012
-0.8485125345755211 -0.5310625939267659
0.5106144526331539 -0.8609726364769932
-0.9973299379836232 0.08563874591318014
1.0007778643169785 0.02108711201533369
0.6769523074735787 0.7373849560481943
-0.6440070874086528 -0.7663262173300768
0.6072317792756211 0.7957829894121659
-0.17842850610614497 0.9849691711971138
0.7278575829819568 -0.6871858110406994
-0.03533920160984239 1.0003759997268922
0.927268531314598 0.3770597709033256
0.969719178394115 -0.2482855514415659
0.8139139288653812 -0.5827049994627808
-0.8588501448758405 -0.5141764567215691
0.8273944639928255 -0.5633998588516197
0.39306636166802655 0.9205975425369439
0.5534163577653847 -0.8341051102575117
0.4020977526612533 0.9166888225045452
0.9121673219204225 0.41225207921916446
-0.24126556518284828 0.971489540374471
-0.025813713210841003 -1.0006671035915333
-1.000411863973094 -0.03430892627115512
-0.7481505520511081 -0.665035150548918
-0.9419626598386118 -0.3386847316750013
-1.000033275280683 0.04398236386768774
-1.0008387425309884 0.017966954360433555
-0.9943012891138125 -0.11561118659805693
-0.9019816424851108 -0.43408537941269315
0.8028714344739715 -0.5978281188650358
0.7091180025193631 -0.7065073662057236
-1.0006393996368295 0.026866184962620724
0.8708106120972503 0.4936495496390252
-0.5080954372137303 0.8624616088166408
0.9077796731902589 -0.42182587040458636
0.9988571169533124 0.06546342422847178
0.9950093089004711 -0.10935024097553148
-0.016288539700226295 -1.0008674654890297
0.6657719580627134 0.7474949497202912
0.9944816381699337 0.1140494250000623
-0.6369986774519271 0.7721616961003024
0.975934021809251 0.22260679476426623
0.5063231531044416 -0.8635032510826907
-0.3095412989343933 -0.9519375947266756
0.9786887667261167 -0.21016493019557939
0.8886593896630959 0.4607444944474259
-0.23524026263348255 0.9729660933640649
0.007860760512531616 1.0009691346111351
-0.9993567141015791 0.05733374207301181
-0.0421216316721773 1.0001133776453914
0.2944227110800921 0.9567216247165362
-0.8534906976392075 -0.5230245013795614
0.9496610502688945 0.3164567736708764
-0.8891949425205646 0.45971007623919863
0.37312384484103517 0.9288592985006088
0.8414293360541009 -0.5422155221197148
-0.9857445611641956 0.17409382566652748
0.8258062618119589 -0.5657252141739472
0.2032061428002596 0.9801572646918659
-0.053501062448929985 -0.9995692253750291
-0.278594045975528 -0.9614501326366258
0.9237874307564327 0.38550977001423625
0.984342604147922 0.18185334107265505
0.8008651417241177 0.600513134553449
0.02828325672704034 -1.0006003484853043
-0.18811960090318577 0.9831642872663887
0.8107996759454519 0.5870305660583188
0.8529694167928401 -0.5238741967458237
0.8915963538673686 -0.45503509949279075
-0.8966101328425158 0.44507445409069035
-0.3949647701616256 0.9197846651967917
-0.9452361948067894 -0.3294382127610294
-0.3476395504450419 0.9386947016822718
-0.37595941645853587 0.9277152134012664
-0.09418293345015474 -0.9965593685509778
0.778286268362195 0.6295009805225479
-0.04643541284175586 0.9999223732041481
1.000999937689395 0.00035319375333034436
0.139457489075843 -0.9912379173239193
0.9981570115667165 -0.07538952354406823
1.0009843663251352 -0.005594494853659604
0.9349655638261274 -0.3575477512994478
-0.48011722811847096 0.8783441508109655
-0.9801241144362034 0.20336597626114356
0.6065608957118896 0.796294468016192
-0.9169079727283331 -0.4015977708444337
0.9824262872601993 0.19193642202599392
0.9956736300466562 0.10312624510624985
-0.9535175078834927 -0.3046397251831309
0.9635823320058066 -0.27112744133755917
-0.7354630245299659 -0.6790398659498827
0.14725932611548087 -0.9901089287911783
0.918434823312771 -0.3980935509731839
0.14380604059946722 -0.9906163852304809
-0.9966320757267669 0.0934104150111535
-0.9411061118623127 -0.3410575995567319
-0.9995387276925222 0.054067844813844156
-0.2468678003284915 0.970081073499
-0.20074857251721354 -0.9806635562884454
-0.4175411630838137 0.9097584169056179
1.0009874156989018 -0.005019323902081107
-0.14636697618158956 0.9902412374181647
0.7463638154992535 -0.6670397701137438
0.5718073856529252 0.8216065443463597
0.8044180784584871 0.5957453776985225
0.9742535456466074 0.2298500136937431
0.30163953971884927 0.9544708419214286
-0.10852857719565985 -0.9950992653659663
-0.7845031194909655 0.6217361622979187
0.9775222555687627 -0.2155254970247342
0.762403035916563 -0.6486467534993202
-0.0361451497629855 1.0003472037990666
-0.9370164754769494 -0.3521379341746006
0.9598182827573024 0.28416520561958875
0.8368177735097667 -0.5493059383787479
-0.05977373121919413 0.9992137414267958
0.589516459562513 0.8089940320576413
0.08714771393677281 -0.9971992157816785
0.48723957041904875 0.874413289593577
0.9996237528824792 0.0524723991556336
0.9963592778077415 -0.09627663021957068
0.881704819383059 -0.47391730447060837
0.8717913715626714 0.49191544443011376
-0.9938125387621713 0.11973987555984694
0.6115760041923007 0.7924492356587765
-0.7565618536201083 0.6554503502530956
0.2807362339143603 0.9608268142425989
0.8074623809750425 -0.5916126294376373
0.16619344405447867 0.9871072581808478
0.8979258332905488 0.4424140570884629
-0.9783510426067126 -0.21173152205176868
0.06971656739941409 0.9985692766303412
-0.9325882029373479 0.36370351076403973
0.122265315757593 0.9935050037934867
-0.7491444204315685 0.6639153841689839
1.0008254222237647 -0.018694229875104076
-0.8064017684300665 0.5930574912037293
-0.9598926963810089 -0.2839137394251927
0.3025428776303449 -0.9541848915148207
0.3278615493124861 -0.9457842272328378
0.4616501350378237 0.8881892550687376
-0.6195779237926899 -0.7862087485831862
-0.4646910410877127 -0.8866020732734713
0.6218440373497086 0.7844176140377103
0.34086776936359603 -0.9411748848163589
0.9819814715834507 0.1941993549597957
-0.59901565960152 0.8019858100690784
-0.5926065553993972 0.8067332089964199
-0.04338094501723303 1.0000595450319005
-0.8834718123013618 -0.4706150835544343
0.9853376605218795 0.1763822404814878
0.6801312408705704 -0.7344538754692891
0.2040027365329471 -0.9799917772548241
-0.9854311429245196 -0.17585921231051577
1.0007508213854208 0.022333685240140164
1.0003201761155343 0.036885569755483245
-0.4382840027891204 -0.8999489612745526
0.4713912167337203 -0.8830579373893328
0.1605528363116225 0.9880403770860244
0.005522634062756076 1.0009847653750825
-0.4540535360760031 0.8920966239017374
0.8620584028721124 0.5087792350691828
0.7440725259562799 0.6695947103412938
0.9442858055525666 0.33215255144577843
0.7986396060769106 -0.6034697835064462
0.6417239720769525 0.7682391188046719
0.966053227397652 0.2621872648215022
-0.9723352013395541 -0.23783451439176978
0.3258160756358344 0.9464908266102023
0.2898581281479164 0.9581144323861248
0.07038537732229311 -0.9985223576160918
-0.9229849718519042 0.38742707924916586
-0.4365958551910919 0.9007691486890297
-0.8262145360634029 0.5651287821351305
-0.9983925806087374 0.07220287380309588
-0.8669128146967949 -0.5004629573849403
0.9309625797403983 -0.36784463449002847
-0.9201285950679682 0.39416287057287236
-0.1503168789907525 -0.9896493499671889
-0.46976274275242974 0.8839253167104756
0.6046271490189229 0.7977637561767577
0.4843532414347481 -0.8760153751571103
-0.998011436937195 0.07729276643098744
0.6937545815937693 -0.7215993213118025
0.9249788789607775 0.38264222646809803
0.9602556812859117 0.28268361565207434
-0.7213188707669665 0.6940461704205768
-1.0000259260905109 0.04414914661480925
-0.898531249907319 -0.441183173908515
0.08298719880719121 0.9975540711330568
-0.9564532426365021 0.29529340434578005
-0.13147325385476025 0.9923284655399348
-0.9911721395162348 0.1399242289484183
-0.3178607428324972 -0.9491920502016297
1.0009858628098776 -0.005320005147065126
-0.6050612205950775 0.7974345862401473
-0.5358496764418855 0.8454975601721902
0.9403380156209463 0.3431696612144799
-0.6386301780044662 0.7708128798495675
0.9611979206901256 -0.2794629801261325
0.21960942495389774 -0.9766128713422829
0.8959043471523964 -0.44649344984382294
-0.592136223896747 0.8070784920621423
0.7041962472175268 -0.7114131327187823
-0.2710480695342077 -0.9636046616749938
0.7587719491267421 0.6528905951370451
-0.7059994882880376 0.7096236485187265
0.7861947660324414 -0.6195956664335176
0.7388916228936582 0.6753074630252327
0.9983269887731447 -0.07310419609807213
-0.9873137210772819 0.1649624689816791
-0.14502447536589025 0.9904387419446234
0.26184336871791597 0.9661464952368526
-0.3378304439246316 0.942269383540443
0.217103769479903 -0.9771729392884441
1.0001736394920215 0.04066559805638609
0.9541733087555412 0.30257940587307425
-0.6891109945990246 0.7260351486827225
-0.4598127547604023 0.8891418506400709
-0.44779084531341085 -0.8952565882770709
0.9855545222811452 -0.1751664454488462
0.9386790081979814 -0.3476819229819893
-0.3616715512553451 0.9333781061352106
0.6273785783532652 -0.7799981534743758
-0.7728495219955741 -0.6361639854245229
0.958728858523906 -0.2878193458290257
0.8640959350484055 -0.5053110082244614
-0.8705886423439747 0.4940409050085578
0.2940815816918079 0.9568265377327515
0.6134066803238337 0.7910330236684775
-0.44985534115284503 -0.8942209861305299
-0.8597050041218258 0.512745849215663
0.3420450149585651 0.9407476854831985
-0.9971762754542204 0.08740981450185514
-0.8203608132074194 -0.5735931800097187
0.8365356320961495 0.5497355148009774
0.40763285004372785 0.9142409198702647
-0.09927367050950382 0.9960651275612306
0.7260480244946641 -0.6890974286176051
0.779050844893322 0.6285545171828784
-0.887019407827372 -0.4638939212121433
0.9993257600076986 0.05787076451054987
-0.9619359819604937 0.2769118390565867
-0.3663471439889301 -0.9315528809955741
-0.8838131357060907 -0.46997376645230665
-0.7002881416893975 -0.7152604550855656
-0.8182634795437114 -0.5765811981369304
0.8469062105866292 0.5336205304050773
0.36337640885582745 -0.9327157045354401
-0.09000211979801553 0.9969456446726992
-0.0903347008218016 0.9969155640411256
0.9916645808588522 -0.1363904654660183
-0.7228991051926422 0.6924000893354053
-0.645754240037943 0.7648545361524756
0.5721848087732506 -0.8213437432702086
0.5389775873048553 0.8435070600670967
0.960583671324419 0.2815670619673056
-0.08717125039257531 0.9971971585925197
-0.7398717801880308 0.6742334528050311
-0.7110825666071328 -0.7045300444036524
0.7673523504989993 -0.642784077419207
-0.19677498459167367 0.9814685962571327
-0.9195942240712289 0.395407970398719
-0.9038959417353387 0.4300850224250843
0.9709923715209672 -0.24325873971573542
-0.9274873137810972 0.3765212912640196
0.04384317499245094 1.0000393872276139
0.9619908761702398 -0.2767210764745149
0.9809107091823336 0.19953741656995416
-0.9190777708197833 -0.396606922764767
0.8130848713043084 -0.5838612780927129
0.8237065242508876 -0.568778130650715
0.6540393000084448 -0.7577820227773048
0.9903695801066446 0.14549603018429239
-0.8762872710863189 0.48386115625465564
-0.2563835268798405 0.9676096770623235
-0.79638522833955 0.6064417268646367
-0.4573170549380448 -0.8904280494586821
1.0005591045485283 -0.02970653640273563
-0.606132228476509 -0.7966208141908552
-0.959894670136604 0.283907066208892
0.8330550481165026 0.5549957538644881
-0.8025293346111598 0.5982872780601046
0.7432774699360765 0.6704771455354948
0.834087044482566 0.5534435854053582
-0.7242812144459928 -0.690954211507997
0.8986669980102127 0.440906596330008
-0.9289581187772907 0.3728777461283483
0.4317759410774222 -0.9030894400372017
-1.0008938334197877 -0.014578553503094624
0.8840756481880183 0.4694797634413387
0.9164873024636845 0.40255685862103885
-0.9959824455948163 0.10009979054408005
-0.7029466160887539 0.7126479179295834
0.82369142309726 -0.5687999995745522
-0.9510294080086108 -0.3123204525848272
-0.747024137175969 -0.6663001864599013
0.04451485518079431 1.0000097137869377
-0.5383034366085429 0.843937444444452
-0.7555633405277744 -0.656601125837072
-0.9738881665353332 0.23139325634608987
0.21227066240199974 0.9782342080930396
0.95598814494651 -0.2967956649308251
-0.9066358314289445 0.4242787635142094
0.8585398891345781 -0.5146943352755947
0.49348218283120215 0.8709054685946989
-0.7277778498869267 0.6872702534039735
-0.9732402272653956 -0.23410352417766178
0.6595025346362002 -0.7530321419490854
-0.7301167779482802 -0.6847849958625127
-0.9332634630646365 -0.36196727546644575
-0.632398514475614 0.7759337077927706
-0.19527074579775386 0.9817689829260186
-0.710797283322088 -0.7048178644316129
0.6547068966985047 -0.7572053086286529
-0.033583243092517624 -1.0004364876309684
-0.17573049948868 0.9854541042328958
0.2045685995275162 -0.9798738123285828
-0.3073577747747535 -0.9526448437300817
0.6735808661133081 -0.7404659457436551
-0.8742562589438304 -0.4875212751229817
-0.9110306120813911 -0.414758030483565
-0.8421048966693755 0.5411657260077178
-0.8519282274896379 -0.5255656906670789
-0.9122758736544677 -0.41201180850550584
-0.3007185187949552 -0.9547614217456465
-0.8962891736459345 -0.4457204473715422
0.8553365402747223 -0.5200003873756905
0.6665098063967989 -0.7468371160948696
-0.43003176063816095 -0.9039212824369406
-0.3467395987186917 0.9390275026219417
-1.000168432280086 -0.04079346847713989
0.9006656474073567 0.43680933092172736
-0.5633089965135106 0.8274563278185391
0.9738196371926041 0.23168149304177263
-0.9379484451853204 -0.34964798608663544
0.1590359673444339 -0.9882856677554421
-0.3576467145426754 0.9349277124873505
0.6696025004923748 -0.7440655154852691
0.22029756192068325 0.9764578763120315
0.5562317910808551 -0.8322302533499872
-0.23413814300530203 -0.9732318993898775
0.6149854201300714 -0.7898062629705083
-0.4716900352599441 -0.8828983580438197
0.210045993991018 0.9787142996852172
0.9364920748245721 0.35353018794831104
-0.7982748432773791 0.603952212174503
0.9865488645860068 0.16947665852282096
0.23247472355052415 -0.9736305782534294
-0.5763657030420472 -0.8184152835552662
-0.25863815243482385 0.9670094653647919
-0.7378179111076277 0.6764803988651679
-0.5795688263481777 0.8161500937483225
0.9642091762528939 0.2688896882175211
0.9807168068055064 0.20048826611353351
-0.9192429371174606 0.39622395505530006
0.8895731481831034 -0.4589777925255232
0.26194792385181 0.9661181528103726
1.0009877326551249 -0.004955711245842357
-0.7438139636044374 -0.6698819206002329
-0.35222270925146487 -0.9369846119801317
-0.5075969395411327 0.8627550909548293
-0.0720085930088391 0.9984066118235032
0.8730302732703411 -0.489713326297655
0.9750217393128016 -0.22656921209078504
-0.8997282594275704 -0.43873689061604393
-0.4308619600864343 0.9035258553857083
-0.7290690101413513 0.6859004143835389
0.19277786503568578 -0.9822615205495341
-0.49373540488222634 0.8707619364474909
0.9888458006959179 -0.15551521612385377
-1.0009744331791885 -0.007154307905183668
-0.9469227816460669 0.32455853955746555
0.010249973905278091 1.0009475201202815
-0.9965430916926404 -0.09435500198544705
-0.9263391349118658 -0.37933732630830863
0.8311121250027568 -0.5579010984694347
-0.6950234942224642 0.7203772223486777
0.5572563309686992 -0.8315445758318092
-0.4117836223337791 -0.9123788951842713
-0.7888858382975769 -0.6161656710118874
-0.5068814848003437 -0.8631756254474514
0.5705646190466294 0.8224700696634344
-0.02758143601941422 -1.0006199400307327
0.722377123285129 -0.692944652735196
0.4937315605618129 -0.8707641162250526
-0.965576102687451 0.26393898900865925
0.025455789187527778 1.00067627272602
-0.5465294637185143 -0.8386337372700631
-0.8252130856921635 -0.5665901192241338
0.916719086328947 -0.4020287511611829
-0.35665904999247244 -0.9353049353331068
-0.955844557312252 0.29725777072524917
0.8141180441372133 -0.5824197886492167
0.6676668763902851 0.7458028842604726
-0.8317671261376541 0.5569240952559941
-0.3040633122190242 -0.953701474342153
0.15650197376657432 0.9886901092896431
0.2058408677952406 -0.9796073382459434
0.11078021825981725 -0.9948511161185413
-0.33548179753001417 -0.943108139889605
-0.5399114952041795 0.8429095902565038
0.3737318317440251 0.9286148383163257
-0.965626239435944 -0.26375550366352
1.0009857081096478 -0.005349033578785906
0.8963446782948823 0.44560881689262377
0.7187479212497642 -0.6967082787646081
-0.9197228118081365 0.39510878178007497
-0.43398034354905013 0.9020321842445802
0.6119786334983223 -0.7921383415423888
0.005618992874501081 1.0009842291060715
0.9461555182333357 -0.3267885177245492
-0.6428086307166054 -0.7673317823967953
0.978733227394951 -0.20995778050137356
-0.6323326125154394 0.7759874142983242
0.9415482344646767 0.3398351397022535
0.13009290965795717 -0.9925103701507237
-0.061377552016556966 -0.9991165077749715
0.7974320218356982 0.6050646003122564
-0.552886657679555 0.8344563162682218
-0.8521040756123555 -0.5252805386884357
-0.5798667187756542 -0.8159384709991044
0.7734188937407522 0.6354716475223982
0.8703919810362241 -0.49438729691188205
-0.9976786398870467 -0.0814759566567497
-0.7798503821737433 -0.6275622530263165
0.9166096324440123 -0.4022782391714133
0.17429845435023622 -0.9857083994828889
0.23800699648798915 0.9722929957696734
-0.9937394604700427 0.12034485740865083
-0.8010497280283623 -0.6002668849984037
0.12089909079144866 -0.9936721842971157
-0.4905549607343968 -0.8725576373506075
-0.81668601162466 -0.5788134055259999
-0.3010245570551446 -0.9546649758159949
0.9938554332614168 0.11938332285860381
0.3298294538333389 -0.9450997467907826
-0.2889339635032609 0.9583935333328873
0.9555211973779155 -0.29829556041194244
-0.5309604242330381 -0.8485764714498465
0.9027705999183885 -0.4324421856421885
-0.9531524282694659 0.30578006554388193
-0.5317459097446318 -0.8480844813282777
0.8498126649638671 -0.52897961630578
0.9724096346746237 0.23753000314058215
0.9677648266733468 -0.2557972639687668
-0.545021439443455 -0.8396145726147113
0.6772322424514605 0.737127865288083
0.932132916375192 0.36486877943978613
-1.0009171559453107 0.01287815725756461
0.1409015155554001 -0.991033684046204
0.5606697727365171 -0.8292468908229818
-0.8809808545632112 0.47526175302992146
-0.17096372875720692 0.9862922505269076
-0.5023785225574839 -0.8658041464863515
-0.9430236197042633 -0.3357193063853626
-0.9555754560044012 0.2981216997837976
0.6045875209716192 -0.7977937888235229
-0.9963771109144403 0.09609189791961248
-0.9971231202822372 -0.08801410681598323
-0.9943072206540063 0.11556016162720285
0.9979481443509413 -0.07810570521103456
0.5532835790668719 -0.8341931917337568
0.11741155663465752 -0.9940903009126619
0.2159559104529325 0.977427258030205
0.592723890730904 0.8066470041826346
-0.5489825249499969 0.8370299799287515
0.9462734612707556 -0.326446835632793
0.9575092013083191 -0.2918512110817855
0.9531749269474993 -0.30570992564623956
-0.7834198057044709 0.623100640370373
-0.5997888824473266 0.8014076968014389
0.9891874853067065 0.15332683689620125
0.9881669551617632 -0.1597719272160472
0.9862515315782151 0.17119847096170257
0.1439107691443342 -0.9906011763188484
0.9969832547563794 0.08958453960017976
0.14839964329500463 0.9899386576298126
-0.2580286103160228 -0.9671722888184825
0.20610725021730086 -0.9795513265816462
-0.9991858029979079 -0.06023894991968206
0.9908670324609161 0.1420687297827985
-0.9175331660082353 0.4001673265958929
0.7892723297990255 0.6156705201758635
0.43708867055495304 0.9005301183594604
-0.7353321615965428 -0.679181575222529
0.7492903119531559 -0.6637507276177875
0.7215816831318473 -0.6937729272381635
-0.49926028210033346 0.8676059997009562
-0.7434838674245571 -0.6702482665993428
-0.5882802455532711 -0.8098934205756849
0.9126681883797391 -0.4111420410510765
-0.9842020750532371 -0.18261236393218883
-0.19226591729387155 0.9823618564699802
0.07272246341939186 0.9983548684281632
-0.8277356670595396 0.5628984504131265
1.0006107787384186 0.027911816001391115
-0.6811499901058837 0.7335091621641509
-0.9933197085094985 0.12376169313081097
-0.9326374102290076 0.36357731095508394
0.9958371117693422 0.10153544614022567
0.09783088810015349 -0.9962078685362484
0.6736691185359006 0.7403856554060612
-0.410339785105786 0.9130291675293497
0.5128909608429909 -0.8596184399403921
-0.7175391495130881 -0.6979531280222435
0.8960834503148966 0.44613389253872016
0.40295150932428114 -0.9163138551464143
0.9820867742025576 -0.1936661249067956
0.4673412674382538 -0.8852079641243669
0.9726650667701484 0.23648185529765878
0.9973714062653077 0.08515443596409095
1.000985139531816 -0.005454396068420347
-0.9121187715822905 0.4123594870100764
0.4570334220892308 -0.8905736640466115
0.08819629192332712 -0.9971070223857493
0.6853056986270623 -0.7296280555387615
-0.027794125688059383 1.000614054756996
0.9291292821599406 0.37245103977966476
0.8034625721692367 -0.5970334120660202
-0.9974266884686741 0.0845044444417844
-0.6803926049116472 -0.7342117563629332
0.46918890517722334 0.8842300443089448
0.5180128984393699 -0.8565416726875832
-0.8080484167162891 0.5908119465974756
0.11702592302351897 -0.9941357720857315
1.0009999992816356 -3.7923151068595204E-05
-0.884064417997788 -0.46950091036145214
0.18939059308434786 0.9829202425686222
-0.914387509845834 -0.40730391826980367
0.6106353350245822 0.7931743109931235
0.10367594863803442 -0.9956165414827154
0.8558396260386593 0.5191719700658036
-0.9904962334946235 -0.1446312947911498
-0.9939634986502137 0.11848022345955711
0.9865600700198272 0.16941141709599639
0.9911431999451151 -0.14012907336651273
0.1059766199515644 0.9953742793661295
0.2686099293439767 0.9642871490680687
-0.7861254413956867 -0.6196836212055606
0.6433871220111759 -0.7668467977570073
-0.9438180424715411 -0.3334793887261826
0.6880134403164556 -0.7270753096783819
0.9525292729047289 -0.3077157523747987
0.5834517549125131 0.8133787861073761
0.8052325080762804 -0.5946441019107
-0.9838209722709758 0.18465452748251762
0.56398660366768 -0.8269946256677823
-0.7727145923464572 0.63632787049983
-0.9864441741298481 0.17008495325948755
-0.40717369124112934 -0.9144455069390813
0.3870784240054996 0.9231312440110663
-0.7882825983081553 0.6169372295497683
-0.27003394870651665 0.9638893435171728
-0.9992567976651691 0.05904957510390256
0.9083763723481638 0.42053937527845114
-0.4759327415756265 -0.8806185470998825
0.16845787319638003 -0.9867233375967918
0.21862626850353098 -0.9768334324337092
0.5033183716943221 0.8652581214383233
-0.7516169526922373 -0.6611149343538045
-0.36856536268766005 -0.9306774808852494
0.4017535660625393 0.9168397199925583
-0.18338581734684128 0.9840582513225682
0.7621545341986585 -0.6489387228393956
0.8388619852075518 -0.5461790638368017
0.7301138472593746 0.6847881205454098
0.3422114139545277 -0.9406871680634551
-0.4305198038944523 -0.9036889389910016
0.9923503013849321 0.13130833690681834
-0.46253896624614477 0.8877267060891814
-0.9408244353848983 -0.34183385113631903
-0.5021054154089875 0.8659625579763643
-0.863410247422091 -0.506481731799404
0.20190695397001793 0.9804257146457089
0.9569002071645821 0.2938417831561399
-0.05924038732305833 -0.9992455036225152
-1.0009486058188435 0.010143397326014537
0.7352776697351667 0.6792405673903931
-0.6839962779940765 0.7308557256328022
-1.0003428665046545 -0.03626498908384001
-0.1604382833245741 -0.9880589846987191
-0.8641083147186778 -0.505289838047478
0.6629170195829278 -0.7500280162415854
0.027158136624879477 -1.0006315183997876
0.9852996005466622 -0.17659472574963278
0.1456813857751211 -0.9903423316402467
-0.987562931071411 0.16346393233262033
-0.3641063684699927 0.9324309907116954
-0.7921326029513821 0.6119860613947575
-0.5700344009743019 0.8228376399423333
0.9774932123922567 -0.21565718102364803
-0.983789401777298 -0.18482265269892129
0.25538719398644877 0.9678731224430855
0.20587960988496948 0.9795991967297711
-0.7115813730102303 0.7040262421137976
-0.8436964250933111 0.5386811137257059
-0.6693772096380514 -0.7442681984454099
0.3853079841682808 0.9238716130156699
-0.961319874222676 0.2790431855905075
-0.9493017077048695 0.317533097091655
-0.6732559042853921 0.7407614240393859
-0.989026964345462 -0.15435887987932612
0.9010355219993261 -0.43604585549618735
-0.48448100933151983 0.8759447194869731
0.24625729430005036 0.9702362315457088
0.21881381034450406 -0.9767914395624685
0.4638212427355697 -0.8870574134672635
-0.8581889195698197 -0.5152793206869314
-0.8463735504222334 -0.5344649784089347
-0.712129154399814 -0.703472151157248
-0.9097592975312906 0.41753924432964695
-0.523772719607898 -0.8530317334041837
-0.14353070894974354 -0.9906563155748739
-0.9863603255829235 0.1705705370688299
-0.029373785445934945 -1.0005689285244552
0.3109327345153363 0.9514840170001887
0.7753782850318449 0.6330793908358375
0.7095661167904129 -0.7060573106363066
-0.6016231865360001 -0.8000315877653015
-0.8525963008050356 -0.5244812178272633
-0.8716990861136471 -0.49207896040029225
0.1730686842106662 -0.9859250633519713
0.11256503977915422 -0.9946507486648354
0.8492142905109449 -0.5299397029776054
0.5438471800671874 -0.840375656913602
-0.46489556618924105 -0.8864948463119146
-0.1467561719083868 -0.9901836324676327
0.14977015896750417 0.9897322362552654
0.9966283638055767 -0.09345001047736125
0.13229493310480656 -0.992219255343694
0.8358836144692533 0.5507264139859434
-0.9898650999776373 -0.14888950213585284
-0.6465154086773125 -0.764211244580193
0.8962816310891331 0.4457356142066766
1.000387089732044 0.03502385897430184
